# id  x  y  V  eV  BV  eBV
148  1246.950359  1040.308982  21.675068  0.317676  1.482361  0.177661
195  1101.483909  1176.045691  21.788298  0.189421  1.603534  0.217615
1100  955.847782  1029.262438  21.313874  0.398710  1.369174  0.246095
1102  895.440568  1053.466849  20.703640  0.332567  1.592013  0.195125
1120  1028.842373  1064.070676  21.340013  0.152980  1.773752  0.225058
1126  995.767153  1119.040819  20.777047  0.324733  1.730003  0.210460
1127  1137.856205  880.686715  21.330676  0.123610  1.587667  0.181110
1132  929.908941  991.956275  21.048394  0.168158  1.793539  0.248214
1137  938.204201  1080.554066  20.871766  0.208741  1.494232  0.183695
1170  983.195935  989.014221  21.251735  0.174439  1.503966  0.257809
1172  1130.303980  929.484042  21.161487  0.174127  1.829152  0.213589
1175  1219.881288  949.957530  21.524231  0.214949  1.646645  0.251550
1177  1055.107400  954.902897  20.934877  0.229966  1.425146  0.190955
1181  1118.411960  1088.820941  21.266865  0.262938  1.739583  0.147127
1185  1027.232338  1104.174305  20.714435  0.178528  1.399260  0.319488
1186  959.200051  1120.641556  20.722710  0.193169  1.620227  0.121077
1187  938.558792  1025.813176  21.074217  0.108283  0.962066  0.197688
1192  1070.188401  910.374052  21.106658  0.214947  1.763393  0.337629
1199  1000.777933  1045.016822  21.117676  0.253568  1.157554  0.217452
1202  1005.231862  1165.838787  20.797670  0.250019  1.948414  0.369680
1203  1066.754703  1101.228708  21.078846  0.118503  1.296666  0.205017
1207  901.856297  1045.874606  21.086762  0.256436  1.696200  0.216278
1208  1018.566083  1167.323668  20.909858  0.124965  1.314449  0.242571
1209  882.356326  1032.002867  20.990628  0.199528  1.404759  0.189735
1210  988.772127  1083.093320  21.009709  0.154472  1.358157  0.190403
1211  985.092813  911.219692  20.807196  0.157505  1.555344  0.114944
1215  1150.494147  978.915103  21.123468  0.106974  1.476743  0.166657
1216  1159.853322  961.027195  21.061959  0.118181  1.399381  0.228507
1217  1022.394307  962.720850  21.011377  0.190267  1.716412  0.154630
1219  995.223327  1075.626619  20.863386  0.145767  1.408906  0.173073
1220  994.212434  1092.764078  20.875979  0.111090  1.503462  0.126395
1224  904.439828  1068.160430  20.766751  0.102412  1.420015  0.118816
1226  943.848714  963.651461  20.947909  0.131153  1.944711  0.301160
1227  1022.070989  1163.569869  20.586595  0.286986  1.471059  0.113205
1231  1129.504358  846.009344  21.146627  0.192829  1.738964  0.189342
1237  968.422318  1117.149553  20.350923  0.241296  1.112598  0.246606
1238  996.485673  1173.703885  20.959368  0.179955  1.241732  0.166378
1244  1131.985183  1027.114680  20.902246  0.112145  1.562440  0.135603
1245  917.829448  956.556390  20.860911  0.194388  1.084959  0.244673
1246  1087.539978  932.252631  20.727082  0.131292  1.354498  0.167233
1250  1154.999398  1172.068803  20.704906  0.143207  1.483135  0.128011
1251  881.522524  1062.201057  20.713358  0.208372  1.670170  0.123974
1252  835.128627  1123.072061  20.419989  0.196401  1.393162  0.118650
1253  952.578806  1090.693857  20.668650  0.211535  1.466395  0.107830
1254  1140.270449  1056.671252  20.527864  0.146910  1.078920  0.256760
1255  999.361597  1062.127657  20.757247  0.165444  1.407796  0.193970
1257  1018.215301  1016.207299  20.879799  0.197439  1.545746  0.171991
1258  861.716910  1055.440466  20.714210  0.212110  2.056531  0.278987
1259  912.940114  951.818383  20.555699  0.165227  1.532679  0.098528
1260  1071.511306  1091.706163  20.527629  0.306845  1.450076  0.233494
1261  961.298719  987.855729  20.734577  0.191088  1.645485  0.253625
1262  964.388024  1222.930145  20.549835  0.180980  1.695098  0.264910
1263  1132.059791  1074.451108  20.911653  0.152440  1.320535  0.200995
1264  941.982433  902.557942  20.356021  0.209110  1.497103  0.129425
1265  1157.252403  1095.845192  20.817157  0.147330  1.404745  0.177482
1266  1084.616151  1027.790930  20.976303  0.292536  1.395527  0.122144
1267  1052.248248  981.910999  21.047771  0.269538  1.506914  0.095323
1268  1168.212460  977.523139  20.224183  0.245610  1.433259  0.131638
1269  1160.835973  1039.900836  20.793933  0.123793  1.651202  0.246706
1270  871.585096  950.317732  20.588531  0.240413  1.819307  0.219749
1271  1044.507443  1106.055127  20.615145  0.176593  1.449402  0.132747
1273  1082.227159  1038.136955  20.580231  0.125476  1.530033  0.165586
1275  1019.594834  1020.354929  20.649504  0.150894  1.489445  0.180524
1276  996.077076  1191.266406  20.849110  0.155647  1.637681  0.137770
1277  1046.612541  835.089428  20.628868  0.166011  1.391332  0.105414
1280  970.198856  1092.450017  20.571981  0.248083  1.555066  0.163525
1281  946.992169  1009.481708  20.759520  0.103679  1.300777  0.116928
1284  1036.102697  1029.947146  20.634652  0.218479  1.551556  0.281423
1286  872.917750  1010.664448  20.675465  0.160910  1.557353  0.093649
1289  1137.963131  977.943962  20.865672  0.118014  1.561437  0.112876
1290  1031.318057  1184.908329  20.146734  0.248551  1.171996  0.149190
1291  924.633252  962.557112  20.346660  0.135201  1.592459  0.179408
1293  1200.103752  1131.721462  20.501875  0.113808  1.306503  0.095290
1294  1136.323092  1137.750938  20.378110  0.186518  1.472827  0.182979
1295  1178.249626  1077.670052  20.778672  0.162104  1.315580  0.138076
1296  1101.048156  984.517919  20.539515  0.139938  1.534270  0.096880
1297  958.783037  1000.505856  20.471786  0.156353  1.316611  0.116723
1298  956.805263  978.894828  20.693649  0.089172  1.793311  0.224371
1299  996.579471  1055.397601  20.500843  0.194872  1.290453  0.238201
1300  1030.104965  936.398479  20.452481  0.116770  0.991533  0.278700
1301  1064.023388  988.518502  20.378278  0.169644  1.399547  0.172916
1302  1172.076380  1054.587863  20.466974  0.112468  1.571478  0.135777
1303  906.497126  1004.086456  20.438242  0.118863  1.508156  0.272716
1304  1037.809930  949.366047  20.439813  0.134123  1.510260  0.171852
1305  1070.137590  960.788541  20.364988  0.100979  1.347097  0.088581
1306  1078.545121  1039.489843  20.402733  0.156977  1.317944  0.156587
1307  1192.368722  1027.497656  20.425520  0.107860  1.676107  0.172371
1308  1105.463337  1076.986020  20.213533  0.104564  1.393275  0.205732
1309  1047.980339  1107.241759  20.442217  0.242856  1.505345  0.097890
1310  1091.818414  1083.309445  20.478966  0.182552  1.525667  0.158514
1311  1132.850749  1092.884398  19.749913  0.284352  1.353335  0.196274
1312  858.112287  1005.007462  20.403799  0.147866  1.450994  0.125377
1313  1074.156175  950.035169  20.481424  0.146098  1.547022  0.101983
1314  1080.777503  1018.103480  20.402721  0.179008  1.483026  0.102106
1318  1132.588995  1098.633114  20.274973  0.118739  1.449503  0.114763
1319  1168.907837  1020.715418  20.444990  0.153133  1.402232  0.118659
1320  900.144927  1092.136346  20.284847  0.144626  1.416911  0.093118
1321  865.280410  1102.770360  20.359621  0.165882  1.383257  0.242963
1322  1045.420933  1091.205489  20.533918  0.148640  1.478619  0.135124
1323  939.561759  1109.492531  20.196928  0.166671  1.675169  0.123937
1324  1100.166164  1014.857155  20.611984  0.113397  1.327388  0.116322
1325  1025.784627  1035.744870  20.395787  0.085775  1.297905  0.339046
1326  1102.094397  1202.211123  20.476717  0.083243  1.470366  0.091872
1327  990.570844  931.577713  20.324734  0.095672  1.555901  0.119802
1328  1129.040323  1004.928082  20.080140  0.100099  1.123205  0.165791
1329  862.869545  1081.194353  20.317615  0.163470  1.415370  0.170794
1330  1097.967596  1117.351752  20.427610  0.140651  1.469942  0.124941
1331  958.082048  1091.278684  20.243434  0.120138  1.456836  0.120377
1332  931.967201  1043.255747  20.240850  0.083557  1.229364  0.134939
1333  1036.977541  1069.747220  20.419340  0.120852  1.361020  0.124736
1334  1045.635953  1079.950541  20.212050  0.231527  1.685058  0.170067
1335  1012.048978  918.885847  20.224949  0.169229  1.029436  0.222595
1336  983.396291  1066.443510  20.158724  0.103904  1.518714  0.261126
1337  1090.816184  974.286971  20.043676  0.252161  1.773718  0.183348
1338  937.363702  974.892462  20.052142  0.099369  1.256841  0.164094
1339  909.730734  1006.068060  20.101642  0.127162  1.213195  0.180475
1340  1050.428498  1097.573007  20.047188  0.125389  1.381533  0.080203
1341  976.682394  979.901235  20.389142  0.101019  1.360789  0.086784
1342  916.208845  1094.676275  20.104695  0.126995  1.507010  0.128092
1343  883.237069  934.731592  20.139582  0.125819  1.358398  0.093786
1344  854.949356  968.699945  20.176766  0.131835  1.492760  0.129704
1345  842.278707  986.965647  20.402894  0.156392  1.328844  0.104969
1346  1054.760509  1033.952932  20.169053  0.183208  1.558448  0.145737
1347  999.355617  1126.431048  20.315405  0.127242  1.719480  0.200398
1348  1145.219891  1089.805640  19.982952  0.114187  1.317994  0.080243
1349  1170.811453  856.929608  19.919579  0.170969  1.528233  0.109155
1350  986.429297  934.265631  20.036080  0.131692  1.364857  0.195037
1351  977.507758  1018.332856  20.253706  0.131105  1.236484  0.214186
1352  1085.817283  1060.051087  20.088096  0.130367  1.401182  0.103435
1353  1249.823314  990.643917  20.100973  0.108777  1.446786  0.088650
1355  1101.673144  944.363090  20.174844  0.129155  1.209706  0.176744
1356  1166.659277  1120.772690  20.225221  0.120376  1.391404  0.115631
1357  925.406085  949.050573  19.922161  0.134741  1.410613  0.129616
1358  926.135071  1192.369869  19.962375  0.125799  1.361025  0.123596
1359  1041.538867  1112.893194  19.991152  0.105132  1.559294  0.117780
1360  954.134159  1108.439736  19.991201  0.104815  1.492805  0.164581
1361  985.894728  1042.529157  19.916967  0.118514  1.317772  0.112225
1362  1014.318346  1095.051776  20.073226  0.108685  1.413370  0.107596
1363  1026.092052  1066.721915  20.069079  0.076398  1.413356  0.177525
1364  1084.400046  1067.238728  20.121627  0.126551  1.514446  0.118561
1365  987.378586  1053.190246  19.898714  0.200294  1.625919  0.148768
1366  989.483971  959.397028  20.050606  0.149472  1.427188  0.092455
1367  1062.863483  1016.858460  20.028461  0.074827  1.446266  0.209467
1368  1048.982282  1016.948920  20.018454  0.077489  1.484044  0.077535
1369  1140.812718  1096.554557  19.899428  0.142682  1.438423  0.119777
1370  1041.729044  1099.240612  20.038134  0.196893  1.350372  0.196345
1371  1147.443425  1048.327107  19.739911  0.119959  1.357616  0.093837
1372  1134.050550  1057.669960  19.888088  0.108224  1.538929  0.237354
1373  936.634532  1047.016079  19.965766  0.088672  1.479915  0.143556
1374  1118.078996  1084.204257  20.224718  0.219549  1.355472  0.192492
1375  1083.686236  956.795679  19.921163  0.104174  1.224382  0.147701
1376  979.067208  1024.837181  19.564843  0.118945  1.445542  0.097048
1377  896.838451  957.065216  19.917290  0.092858  1.420333  0.084231
1378  1044.806615  962.327081  19.912265  0.191412  1.424785  0.079929
1379  927.758705  1090.720891  19.852668  0.105130  1.380568  0.141457
1380  982.344991  996.351611  19.942194  0.128714  1.356185  0.076399
1381  1010.129408  1018.608660  19.726424  0.109867  1.561201  0.120148
1382  1070.977147  1027.277189  19.849557  0.088318  1.315859  0.088593
1383  999.577088  982.564844  19.808088  0.158329  1.440192  0.076292
1384  846.972293  1021.768376  19.917529  0.111938  1.178281  0.168326
1385  993.762140  994.051441  19.833859  0.075594  1.382393  0.118579
1386  1024.942572  1011.226747  19.691868  0.163658  1.147606  0.140105
1387  914.141327  1046.585098  19.500616  0.179083  1.748212  0.211834
1388  937.944269  947.083796  19.702171  0.102899  1.612553  0.158235
1389  1052.021105  901.141914  19.506864  0.112360  1.442986  0.100922
1390  1056.438292  1109.461606  19.812277  0.113184  1.553917  0.162235
1391  1053.793976  1009.216266  19.732365  0.187438  1.410881  0.081360
1392  965.783900  1013.361132  19.749073  0.120216  1.324167  0.135033
1393  997.833646  1025.347932  19.486107  0.211178  1.497540  0.070341
1394  1095.365816  1048.139100  19.835824  0.119324  1.478611  0.145155
1395  1007.751250  1034.957025  19.547575  0.081361  1.415766  0.076548
1396  865.925079  1045.869527  19.737599  0.233650  1.428630  0.085498
1397  1097.101947  997.473997  19.701341  0.131293  1.475387  0.123823
1398  1066.942935  873.215672  19.694859  0.113640  1.199911  0.121111
1399  1074.097725  974.787830  19.639561  0.121463  1.426712  0.184307
1400  966.190633  849.638646  19.741929  0.128540  1.313936  0.088328
1401  953.447731  1042.298593  19.601219  0.158786  1.400252  0.079436
1402  1010.941911  879.500411  19.612830  0.080834  1.308423  0.129613
1403  1084.870779  1152.821699  19.576069  0.119522  1.220744  0.126280
1404  1077.619241  1003.807703  19.530896  0.095007  1.264656  0.132481
1405  1023.834808  1033.053983  19.695946  0.145754  1.734296  0.118147
1406  1087.064822  1094.931149  19.328580  0.143647  1.546332  0.076947
1407  1050.839204  958.922670  19.598927  0.081112  1.267469  0.089585
1408  1114.571530  999.788257  19.783342  0.123650  1.502143  0.131057
1409  978.319647  965.948764  19.413513  0.127689  1.519212  0.081224
1410  1028.996321  1099.654820  19.470794  0.093577  1.311368  0.108191
1411  944.945070  991.095337  19.542303  0.087179  1.398702  0.065152
1412  920.750367  1106.616545  19.677607  0.134323  1.439450  0.101212
1413  1026.845164  999.884268  19.572758  0.090075  1.316602  0.095329
1414  970.724434  1063.538217  19.419075  0.114077  1.377906  0.074429
1415  1045.748695  1169.667052  19.302778  0.076977  1.476769  0.094833
1416  1015.687188  989.717606  19.290010  0.069950  1.416250  0.068386
1417  904.561009  1106.221773  19.377998  0.173383  1.331325  0.139655
1418  1094.287708  840.825836  19.435095  0.069233  1.362545  0.074780
1419  1172.184965  1086.749471  19.234982  0.077369  1.447997  0.130870
1420  1088.731300  1009.101087  19.458548  0.125165  1.369462  0.129525
1421  1022.496072  1170.369987  19.301469  0.096786  1.336131  0.129560
1422  925.457695  1110.417265  19.300060  0.138974  1.319151  0.153649
1423  1132.496404  1162.706125  19.363459  0.106277  1.396431  0.079208
1424  993.203118  990.740439  19.051037  0.147114  1.587691  0.127877
1425  998.537810  966.858588  19.373696  0.070923  0.963531  0.163977
1426  1150.732534  927.269970  19.123921  0.116458  1.463949  0.143585
1427  1034.627748  940.639683  19.581252  0.124932  1.432949  0.178194
1428  1146.549719  983.527014  19.315584  0.147552  1.393171  0.113073
1429  896.179323  915.359191  19.234937  0.108221  1.467209  0.080106
1430  1116.342395  886.124155  19.420132  0.127202  1.466970  0.066989
1431  1084.327690  895.762698  19.353222  0.059740  1.308813  0.098828
1432  885.474816  1165.769728  19.292998  0.108763  1.440715  0.104120
1433  1022.744474  1007.127695  19.193655  0.069887  1.352594  0.065830
1434  1091.322982  1087.522570  19.480815  0.167695  1.408913  0.112017
1435  1074.529423  948.469043  19.187808  0.062559  1.370398  0.102781
1436  985.655071  871.152845  19.108209  0.120686  1.258995  0.103965
1437  1052.407972  1177.550172  19.195594  0.109248  1.265324  0.106893
1438  1062.380216  1013.962732  18.964826  0.121477  1.423549  0.137852
1439  1041.412239  1056.308777  19.107149  0.069778  1.328520  0.073159
1440  1106.409636  913.408737  19.182388  0.109511  1.406857  0.068830
1441  997.494231  1190.968279  19.112450  0.122337  1.477190  0.119928
1442  1137.734922  874.311025  19.162913  0.063336  1.321044  0.063145
1443  1158.691185  964.027740  19.124101  0.076961  1.395126  0.100244
1444  953.558794  911.860593  19.055499  0.072248  1.313128  0.112310
1445  1006.624625  814.421873  19.037402  0.084422  1.434958  0.125059
1446  1041.522053  981.676687  18.917906  0.092369  1.366947  0.110295
1447  952.323379  983.763784  19.289044  0.145328  1.437153  0.105665
1448  1097.788334  1080.479007  18.956277  0.064866  1.388949  0.117254
1449  931.972792  1059.325809  19.114672  0.118218  1.129526  0.092400
1450  1042.496532  856.170414  18.930138  0.065191  1.383384  0.144330
1451  1034.145485  1003.490959  19.045502  0.067243  1.458115  0.108926
1452  1032.918241  1066.417439  19.197395  0.122445  1.475802  0.094361
1453  1027.872276  1024.530493  19.069031  0.070109  1.372286  0.078872
1454  1141.751583  1155.218862  19.280798  0.112122  1.371464  0.061755
1455  1014.461870  1151.713669  19.067230  0.099390  1.420966  0.110858
1456  1086.042173  1047.748403  18.934955  0.068883  1.255051  0.063759
1457  930.775040  970.668913  18.988433  0.060898  1.288968  0.060422
1458  1077.750989  1047.171727  19.121831  0.155271  1.355332  0.092062
1459  964.062372  1153.532559  18.972915  0.062511  1.342530  0.063864
1460  1081.766892  1162.150400  18.858574  0.131660  1.279178  0.072620
1461  972.403241  1061.033431  18.816597  0.086452  1.502073  0.075066
1462  957.682401  992.431145  18.993082  0.100569  1.418712  0.064513
1463  982.788936  1095.869891  18.910781  0.098712  1.248515  0.155396
1464  891.596124  1034.508288  18.884503  0.077750  1.316837  0.081431
1465  940.463923  1233.781146  19.068097  0.148306  1.461308  0.060913
1466  1179.229164  1029.407273  18.924888  0.115687  1.304111  0.098634
1467  1149.516411  1061.848965  18.864131  0.056201  1.409842  0.073592
1468  1003.515597  1019.274588  18.927088  0.062233  1.382727  0.075197
1469  1093.639004  984.240312  18.937157  0.067233  1.437718  0.065657
1470  1042.289398  830.532690  18.946793  0.146699  1.342046  0.059675
1471  927.576310  1088.423281  18.831784  0.089537  1.353204  0.081166
1472  1110.931599  1038.137836  18.651043  0.091866  1.283893  0.152141
1473  1160.563692  1011.215790  18.815150  0.096145  1.347005  0.108216
1474  978.400911  921.252106  18.832009  0.077996  1.324749  0.092826
1475  1032.364032  1022.782423  18.724878  0.069611  1.283576  0.095491
1476  1149.902070  1009.864172  18.876355  0.060321  1.283915  0.107365
1477  878.803476  1125.239992  18.860573  0.055554  1.214059  0.118658
1478  1022.208655  1011.213824  18.893991  0.144823  1.422796  0.055272
1479  998.509261  1047.400817  18.775454  0.052903  1.333654  0.144280
1480  1173.411574  1008.361923  18.749963  0.062243  1.573214  0.086085
1481  998.390804  909.188424  18.767591  0.061856  1.334035  0.078681
1482  932.054692  1116.567122  18.798181  0.155662  1.362851  0.053696
1483  1143.684035  1041.912443  18.548512  0.123812  1.157813  0.123848
1484  1179.673395  979.369615  18.360074  0.090340  1.225268  0.092530
1485  1009.079501  1009.637437  18.474265  0.121204  1.350666  0.103606
1486  994.892165  1209.990246  18.644662  0.107279  1.160726  0.082647
1487  966.976778  976.071660  18.547990  0.111160  1.340683  0.083675
1488  1082.971668  1108.122399  18.538421  0.098018  1.275998  0.153806
1489  998.583419  937.723208  18.766057  0.162389  1.240538  0.091598
1490  922.069647  1172.947005  18.476865  0.089673  1.308874  0.075755
1491  1101.791130  969.609830  18.469957  0.095675  1.389069  0.050259
1492  1068.111974  1063.720960  18.454018  0.063998  1.420866  0.080172
1493  990.809661  965.365146  18.295843  0.077351  1.324801  0.045988
1494  1043.780014  932.627927  18.393027  0.057536  1.328659  0.058305
1495  875.536200  1086.228992  18.445711  0.109939  1.305840  0.124841
1496  1035.430482  1195.120108  18.308798  0.066975  1.302002  0.070683
1497  1002.378035  924.889989  18.321462  0.088996  1.335531  0.059975
1498  1026.598687  1075.961938  18.280486  0.058424  1.271550  0.051725
1499  928.654213  912.374538  18.237398  0.053944  1.347195  0.049989
1500  1058.424791  940.224102  18.175455  0.119988  1.349362  0.051243
1501  1185.683497  934.305219  18.169697  0.064403  1.348249  0.054817
1502  919.212442  1084.739297  18.198832  0.057394  1.100007  0.118867
1503  928.921518  991.859466  18.193090  0.082007  1.287291  0.066987
1504  961.244836  1012.863857  18.368847  0.118217  1.325584  0.131351
1505  966.518354  902.720553  18.254685  0.059342  1.202777  0.073738
1506  939.710177  1108.537958  18.064362  0.113828  1.363353  0.107381
1507  1196.163564  951.338783  17.974131  0.089374  1.290645  0.052848
1508  863.986729  991.326781  18.136462  0.048969  1.245251  0.118402
1509  1056.289321  917.730140  18.092667  0.083093  1.310710  0.044490
1510  1073.370481  1127.006515  18.084949  0.146326  1.384567  0.074605
1511  1196.114637  1043.876577  18.055133  0.057156  1.318644  0.125832
1512  1022.438830  970.615132  18.120156  0.067021  1.451030  0.056412
1513  919.744696  894.809027  18.078048  0.081767  1.261796  0.053453
1514  1066.023076  1044.150682  18.162227  0.106992  1.290001  0.087347
1515  887.298458  1001.799537  18.022985  0.043733  1.251316  0.052508
1516  981.559337  928.246866  17.981981  0.047440  1.357222  0.089276
1517  1030.440448  1003.534254  17.924447  0.084078  1.394108  0.068101
1518  1063.560438  941.300101  17.949250  0.072708  1.211548  0.119123
1519  931.748844  1056.529080  17.992258  0.069590  1.335536  0.046351
1520  967.924900  1198.150533  17.822085  0.073377  1.320319  0.051411
1521  1067.780055  878.646395  17.937763  0.096212  1.212484  0.076333
1522  939.647549  1012.188836  17.994225  0.075327  1.284427  0.081806
1523  920.432148  1089.307402  17.698304  0.121339  1.374438  0.042027
1524  1011.492291  1037.479670  17.893146  0.093078  1.344004  0.040741
1525  996.072120  1183.008481  17.859970  0.050789  1.292965  0.052831
1526  858.158838  1016.361288  18.178156  0.132469  1.277331  0.043250
1527  1028.704891  1207.252623  17.862127  0.053585  1.160018  0.071384
1528  931.947049  981.830697  17.863746  0.094338  1.239974  0.056704
1529  1067.910124  923.293983  17.694186  0.069036  1.341082  0.047263
1530  883.687997  1025.318666  17.757253  0.042736  1.268331  0.075923
1531  1070.705848  990.533018  17.716993  0.092398  1.326477  0.075637
1532  1093.215621  850.175652  17.686109  0.071283  1.199925  0.072071
1533  1034.386473  1055.200358  17.652951  0.049736  1.158451  0.077404
1534  1074.091377  852.964762  17.603298  0.046063  1.246549  0.043196
1535  1136.002601  981.339853  17.500384  0.056798  1.247211  0.048570
1536  1066.321265  949.308621  17.523504  0.089677  1.240271  0.061969
1537  1069.909012  954.166866  17.478873  0.037063  1.317015  0.045343
1538  1028.921958  1107.262300  17.370412  0.037824  1.276232  0.079626
1539  1035.384791  926.981038  17.368778  0.035912  1.198564  0.040645
1540  1059.772785  1032.828764  17.379742  0.075170  1.233920  0.037135
1541  1168.783032  1029.078979  17.246510  0.046196  1.170884  0.058844
1542  986.182799  1130.699039  17.300457  0.057585  1.285894  0.048591
1543  1238.641971  904.353587  17.222871  0.065958  1.219052  0.049132
1544  1035.857101  919.274680  17.182760  0.062485  1.115060  0.055243
1545  1075.590738  1024.842424  17.121373  0.047506  1.085045  0.073498
1546  849.799967  962.710630  17.268061  0.071049  1.153550  0.043039
1547  1160.516628  929.989161  17.321251  0.066315  1.217812  0.048853
1548  971.818250  900.824822  17.320855  0.054772  1.218831  0.060457
1549  1047.407575  1006.879703  17.093769  0.105331  1.122086  0.061496
1550  1013.166694  1042.606531  17.125132  0.078939  1.125984  0.050241
1551  1020.615905  929.049784  17.208624  0.050659  1.232516  0.044374
1552  914.652672  919.660278  17.098970  0.051005  1.273099  0.037905
1553  945.933824  1123.051889  17.105452  0.087833  1.224454  0.098105
1554  1087.408169  1092.370944  17.105512  0.034172  1.174955  0.034647
1555  978.406666  1206.659645  17.119333  0.037919  1.225304  0.039485
1556  1087.106785  821.635809  17.039049  0.045698  1.173326  0.065301
1557  974.738432  1040.391660  17.036667  0.057900  1.207612  0.050456
1558  1169.486602  976.320614  17.001022  0.111073  1.150873  0.038534
1559  1095.001416  1028.970291  16.923423  0.070027  1.155571  0.033623
1560  1187.365253  944.679240  16.957088  0.068450  1.195411  0.044954
1561  1045.166776  956.156293  16.830612  0.067301  1.193617  0.061051
1562  1217.387766  1002.581258  16.766565  0.066552  1.196058  0.040579
1563  953.371116  930.052915  16.897417  0.043453  1.214656  0.052781
1564  958.005801  952.095334  16.783377  0.081062  1.123748  0.052251
1565  923.598725  965.312205  16.806813  0.114252  1.102752  0.033502
1566  980.526715  1110.917059  16.684425  0.040281  1.213871  0.037873
1567  1120.905728  1017.694351  16.653465  0.032862  1.134395  0.056121
1568  1047.231713  1058.971197  16.482338  0.041982  1.166851  0.063351
1569  1006.670438  983.554396  16.385449  0.069947  1.075845  0.033633
1570  1105.974395  975.416033  16.476493  0.071720  1.077837  0.097886
1571  1046.069862  973.687890  16.478737  0.036284  1.094578  0.033721
1572  954.960507  921.225318  16.443795  0.067357  1.007368  0.044441
1573  1120.400937  1063.280271  16.531514  0.054752  1.046042  0.086508
1574  918.491730  1180.123996  16.380636  0.079078  1.067149  0.037231
1575  970.108682  1033.370829  16.303554  0.053554  1.112352  0.048903
1576  970.228552  1055.603282  16.403445  0.042732  1.036510  0.054298
1577  1167.185469  1066.785362  16.193602  0.079762  0.984095  0.074314
1578  1011.713270  1088.566436  16.213377  0.067804  1.038855  0.035748
1579  978.840740  1001.783665  16.376271  0.065197  1.015878  0.041993
1580  1012.735734  944.092856  16.233442  0.065000  1.054656  0.028425
1581  1036.231229  938.268447  16.149465  0.066407  0.968027  0.064114
1582  864.482959  1046.227988  16.161465  0.039299  1.007195  0.027911
1583  1062.261883  1085.769810  16.122261  0.029420  1.000614  0.028326
1584  1032.092426  987.698381  16.065480  0.040453  1.015665  0.042577
1585  1066.734387  1094.606787  16.006985  0.044706  0.917462  0.062342
1586  1005.885420  1027.581747  15.920166  0.030335  1.012646  0.059702
1587  933.932093  1058.276495  16.101819  0.072756  1.012978  0.044389
1588  1020.622090  1078.016471  15.915061  0.027961  0.879557  0.062061
1589  908.520366  1166.366863  15.883064  0.035215  0.963480  0.040853
1590  941.798134  894.034698  15.896451  0.049804  1.003047  0.036971
1591  996.121477  1175.490171  15.857191  0.031974  0.982611  0.038611
1592  1111.190589  1042.161295  15.855822  0.058853  0.988087  0.038491
1593  974.529331  1078.877880  15.883512  0.049665  0.950384  0.042446
1594  1075.852390  1106.860483  15.778839  0.040627  1.080787  0.056211
1595  1095.339356  1054.369055  15.755909  0.030479  0.966310  0.038676
1596  1033.809121  1089.684951  15.717832  0.028793  1.036906  0.049372
1597  886.927278  1153.261097  15.690494  0.063712  0.894174  0.034723
1598  1065.825239  913.333350  15.472885  0.071747  0.908123  0.028227
1599  962.228204  1102.205850  15.646974  0.072718  0.927417  0.073512
1600  1108.951757  1028.648509  15.604793  0.052824  0.958421  0.039641
1601  964.799263  1099.476255  15.599121  0.028025  0.887316  0.055828
1602  930.559795  1083.732050  15.556276  0.058714  0.848382  0.046354
1603  900.008182  1052.563374  15.485619  0.057261  0.921499  0.036662
1604  1001.433887  1084.212470  15.482237  0.048758  0.893809  0.065872
1605  1072.638157  1020.625469  15.445439  0.026005  0.874373  0.026745
1606  1054.320435  1103.613542  15.358954  0.024988  0.804781  0.046417
1607  1081.624617  1005.062042  15.321869  0.042057  0.850929  0.031175
1608  977.459446  1109.941494  15.264744  0.024476  0.859960  0.080696
1609  970.255852  1029.044654  15.307020  0.040710  0.883649  0.037631
1610  1089.781207  889.531208  15.331056  0.068927  0.830487  0.065651
1611  1070.513684  1011.637309  15.208805  0.026846  0.844589  0.033220
1612  1048.261161  1071.615017  15.079791  0.045766  0.897990  0.045875
1613  961.916539  1004.580229  15.165119  0.041378  0.840758  0.037892
1614  943.489536  1114.417336  15.082690  0.036228  0.832438  0.029741
1615  1061.625016  998.294118  15.004359  0.033144  0.800230  0.049019
1616  1025.301422  1089.548861  15.063360  0.026571  0.782709  0.038257
1617  984.957563  891.433472  14.987341  0.037341  0.825107  0.041074
1618  1074.571366  989.005353  14.950811  0.037347  0.826037  0.047835
1619  1009.393644  1045.220864  14.929661  0.037840  0.862577  0.033521
1620  1042.815877  911.486833  14.889415  0.048791  0.762886  0.025463
1621  1115.998986  1093.407601  14.836737  0.037162  0.813336  0.040207
1622  906.459464  912.730665  14.758652  0.074018  0.831887  0.031940
1623  946.248991  949.851791  14.769989  0.024983  0.794461  0.024595
1624  951.747768  1170.404045  14.698992  0.032896  0.769983  0.035092
1625  1088.475935  1158.213304  14.643953  0.039305  0.729513  0.028721
1626  992.952443  1071.741030  14.635692  0.024634  0.734392  0.043364
1627  1099.359539  1075.073229  14.542518  0.042227  0.758143  0.030564
1628  1063.297475  1074.114089  14.556541  0.029216  0.723536  0.028665
1629  856.055214  1144.830566  14.523244  0.025376  0.721486  0.037260
1630  1123.868426  937.426575  14.459619  0.026485  0.758284  0.042992
1631  1029.103575  936.817316  14.442423  0.036206  0.694785  0.032967
1632  1120.883343  892.632494  14.397871  0.038128  0.734477  0.032017
1633  1027.713556  1006.906716  14.372302  0.044413  0.638309  0.067507
1634  1197.530173  1122.569667  14.382299  0.051396  0.696545  0.026873
1635  983.657984  951.729009  14.258473  0.038673  0.654962  0.037490
1636  1038.608568  1029.146665  14.232549  0.025304  0.677389  0.023539
1637  978.063094  1092.316692  14.169513  0.054735  0.632648  0.054156
1638  947.802890  858.104095  14.166402  0.030062  0.667054  0.029670
1639  1006.396764  933.159916  14.212493  0.035397  0.639692  0.037609
1640  917.756785  1150.769254  14.100884  0.040714  0.752619  0.037075
1641  911.710740  1200.031498  14.244847  0.066263  0.645519  0.035894
1642  999.173161  979.985326  14.004092  0.021250  0.684841  0.048610
1643  1034.195640  953.354322  14.004391  0.021016  0.682475  0.028672
1644  994.844815  961.124536  13.995093  0.054292  0.612924  0.031994
1645  1158.293361  1093.199258  13.943967  0.021578  0.596271  0.061752
1646  1051.690865  1034.905047  13.898755  0.073446  0.604507  0.022541
1647  987.776758  938.084188  13.915778  0.038978  0.586105  0.057078
1648  920.876196  975.540470  13.781966  0.041796  0.606832  0.031913
1649  1033.520108  1081.184420  13.718326  0.037435  0.677627  0.027557
1650  1031.833989  992.845947  13.716971  0.042053  0.626750  0.020353
1651  985.240453  1047.534858  13.619038  0.026639  0.581007  0.027035
1652  1089.738138  1059.485471  13.598490  0.030839  0.585638  0.043512
1653  1044.422308  993.957663  13.621116  0.033837  0.566373  0.037147
1654  881.305743  1075.136635  13.579434  0.047230  0.560241  0.026746
1655  1066.163261  1031.937065  13.499393  0.021365  0.514274  0.045576
1656  974.726779  1001.107476  13.375310  0.024031  0.526940  0.048891
1657  1017.083351  1103.596872  13.429141  0.043831  0.512906  0.045475
1658  1169.187451  1078.339973  13.300522  0.024383  0.550496  0.021309
1659  997.788590  949.466685  13.316770  0.025015  0.567703  0.030038
1660  1011.069010  1044.907397  13.251319  0.022352  0.578664  0.020142
1661  876.400947  980.971930  13.230606  0.035630  0.545166  0.019983
1662  1139.022356  961.303081  13.129719  0.033638  0.570639  0.044547
1663  1174.659011  1036.082258  13.005714  0.030665  0.554535  0.030711
1664  1101.667389  1044.702024  13.067909  0.025038  0.520133  0.021800
1665  1039.148278  845.056471  12.955102  0.042919  0.518002  0.063187
1666  1017.802772  906.678211  12.921493  0.045191  0.448562  0.048760
1667  1017.979269  1028.379935  12.880646  0.035547  0.534381  0.039968
1668  1005.690798  1037.237576  12.894580  0.048728  0.526410  0.043062
1669  1026.792366  936.710779  12.821546  0.036232  0.546771  0.032947
1670  1091.352207  933.945487  12.712406  0.036436  0.507352  0.031965
1671  1165.002854  937.848463  12.656570  0.021376  0.517997  0.022276
1672  1151.469548  940.006257  12.630964  0.040479  0.512844  0.025407
1673  939.685335  991.793398  12.593617  0.035966  0.463709  0.035131
1674  1023.479972  977.726423  12.423238  0.048451  0.541498  0.027117
1675  975.747953  1113.427763  12.503412  0.038042  0.478914  0.022437
1676  1049.046016  1094.444646  12.371219  0.034457  0.538211  0.028302
1677  1035.751977  841.519002  12.347870  0.019216  0.501103  0.018854
1678  1091.007427  1011.423027  12.272783  0.026681  0.501809  0.028746
1679  999.644918  1062.379827  12.266644  0.030202  0.506754  0.019065
1680  1006.429962  988.057969  12.134997  0.031951  0.491643  0.019492
1681  1136.628982  1044.630569  12.068744  0.035955  0.461525  0.033600
1682  982.019359  849.311109  12.090390  0.035202  0.496656  0.025754
1683  913.155502  941.694136  12.032971  0.043278  0.526494  0.020473
1684  946.092667  968.565637  11.904527  0.023844  0.532096  0.023162
1685  998.622843  1077.660856  11.941634  0.039523  0.529231  0.042587
1686  1082.850365  996.635156  11.753577  0.037787  0.611613  0.055577
1687  974.554685  837.624074  11.876005  0.042171  0.599750  0.033575
1688  1081.206948  1114.554511  11.699935  0.029988  1.263467  0.026932
1689  1023.099965  1126.164480  11.664552  0.022867  1.349923  0.047957
1690  985.800212  958.424678  11.653471  0.052015  1.223461  0.029268
1691  1009.885860  922.159985  11.544369  0.020012  1.296621  0.036447
1692  973.116785  1054.480712  11.425177  0.019645  1.224124  0.019351
1693  1130.870047  1045.866168  11.307548  0.026761  1.189149  0.032321
1694  1034.478633  1112.990065  11.161150  0.030622  1.270946  0.022436
1695  1101.893100  1075.710771  10.977441  0.026541  1.301405  0.020857
20  1061.336004  31.811808  6.644491  0.028771  -0.172056  0.022266
21  532.727714  813.608476  8.375354  0.030150  0.499550  0.016180
22  1210.342660  1330.811758  8.136374  0.025716  0.022122  0.028448
23  1374.179192  1249.832959  14.809650  0.039273  3.372616  0.046519
24  189.392447  1770.829844  8.813989  0.070377  -0.063675  0.026772
25  1771.793749  1191.110901  8.815065  0.027992  0.001975  0.031582
26  1568.203094  1415.257758  9.248265  0.022958  0.176842  0.020151
27  1698.805485  371.874837  9.429564  0.017435  0.198246  0.047248
28  785.625080  1891.818146  10.872529  0.025019  0.986870  0.025486
29  438.167655  565.916576  8.930905  0.019005  -0.075773  0.046746
210  776.861679  1371.662845  11.445352  0.025706  0.858050  0.046876
211  779.739266  41.824549  13.647101  0.022267  2.386441  0.051222
212  1614.597650  1248.675814  9.584233  0.024276  -0.231954  0.021687
213  609.723302  630.271271  11.085032  0.034897  0.645881  0.050473
214  1415.359809  1329.697884  10.847452  0.018686  0.002544  0.043174
215  1942.075765  457.997483  12.762895  0.027219  1.085152  0.049861
216  911.358463  1513.777654  10.893337  0.021449  0.238416  0.033278
217  529.783402  1148.744740  14.556590  0.031722  2.247750  0.034870
218  317.648011  1498.849335  11.276915  0.047559  0.108563  0.023066
219  1648.516932  1106.789980  13.718931  0.022258  1.557281  0.024039
220  1200.259139  334.810238  11.854983  0.053712  0.381050  0.028452
221  1835.505916  1292.166899  17.800605  0.041454  3.632211  0.045128
222  1683.627406  1604.155586  12.969305  0.020163  0.771937  0.053185
223  647.745307  1600.391556  11.014901  0.024998  -0.311481  0.026774
224  725.564734  90.178102  11.787169  0.018948  0.006491  0.031410
225  708.235519  23.504733  11.632071  0.026825  -0.120855  0.035595
226  697.394239  556.165566  14.435857  0.033309  1.514260  0.049659
227  1806.841786  985.307686  12.509703  0.022233  0.428391  0.027967
228  1889.143067  491.308139  12.101385  0.040868  0.178604  0.041115
229  1339.269765  1094.029047  12.005092  0.049273  0.002261  0.028477
230  271.190246  736.299621  16.749394  0.066877  2.492089  0.041839
231  171.312522  1158.591371  12.996923  0.026430  0.392107  0.023444
232  1231.456450  1151.230029  15.602201  0.060288  1.771223  0.050916
233  482.190103  539.412328  12.950373  0.040492  0.275890  0.036074
234  877.264570  337.860951  18.479886  0.093348  3.448764  0.104435
235  1466.183570  1639.416525  13.832419  0.032722  0.856444  0.024449
236  1865.744703  751.855422  13.658927  0.034430  0.642325  0.047516
237  53.593227  408.957095  13.398435  0.036779  0.610244  0.025918
238  336.285564  1294.327497  13.434298  0.033204  0.326582  0.030575
239  1328.430193  1684.744461  14.951883  0.032093  1.097790  0.040254
240  21.990540  1405.530482  16.255487  0.042395  2.072211  0.042129
241  355.012840  1317.295138  17.661274  0.071728  2.836067  0.078179
242  575.127213  1660.706325  13.792977  0.031130  0.593326  0.031717
243  197.606779  119.303001  13.388311  0.048249  0.280199  0.036191
244  848.412511  1077.372617  16.364609  0.064718  2.024113  0.075763
245  1931.460022  1228.424049  15.133874  0.032722  1.329058  0.062420
246  993.630152  1024.243402  13.617653  0.040384  0.483309  0.050823
247  801.886307  456.244767  14.960607  0.072395  1.080223  0.042025
248  1087.968400  1140.868572  14.283606  0.047751  0.844968  0.023028
249  1131.291262  1161.246195  16.268370  0.074601  1.917629  0.041598
250  612.113263  196.776816  14.487888  0.045077  0.752687  0.021821
251  1187.107201  615.216094  13.254304  0.035620  0.269631  0.034818
252  533.737670  1345.140101  13.993249  0.028912  0.367089  0.024989
253  390.145524  804.144785  14.040656  0.033912  0.824057  0.048720
254  140.853937  13.143600  14.188134  0.033419  0.409658  0.037789
255  880.694992  41.497333  14.564857  0.065434  0.741996  0.027996
256  1571.549333  371.445891  14.090731  0.070605  0.395465  0.029574
257  1722.996455  954.051341  13.594572  0.039858  -0.138262  0.058756
258  376.842094  1357.831670  14.039231  0.047108  0.571668  0.035570
259  577.207363  1500.879694  16.773274  0.055078  1.887032  0.078079
260  718.192080  1706.173281  15.247259  0.052519  1.166683  0.026148
261  1988.561444  680.984842  15.248557  0.075449  0.960184  0.026391
262  1863.692527  1756.443040  14.469959  0.036599  0.650578  0.035480
263  418.429569  1627.601504  15.167087  0.060311  1.028327  0.023547
264  1499.682157  1864.466622  14.543664  0.028388  0.535451  0.023579
265  1235.108042  1543.140757  19.614637  0.088656  3.562354  0.210080
266  778.226294  1936.101266  15.392773  0.058456  1.163101  0.035461
267  47.595901  1640.896243  15.986090  0.036104  1.368513  0.030965
268  271.667051  1112.622862  14.016326  0.029640  0.379822  0.024413
269  1100.566720  1932.857908  14.640881  0.029883  0.755922  0.050277
270  1201.657848  177.881133  13.508626  0.041653  0.045547  0.066050
271  1700.274061  235.250670  16.283699  0.081403  1.718975  0.056967
272  597.227732  1756.493201  14.933516  0.027850  0.577237  0.033226
273  1466.803586  957.414279  18.321043  0.105120  2.615169  0.122680
274  1602.883108  1147.434420  14.954090  0.038005  0.470006  0.028727
275  1113.709185  531.031389  19.646661  0.156689  2.963045  0.215192
276  530.080939  210.838459  13.367143  0.025734  -0.345825  0.065082
277  1201.618192  44.201660  19.091783  0.115533  2.999007  0.061902
278  673.938213  738.871614  16.260532  0.041192  1.297673  0.080909
279  552.958300  1299.479641  14.916747  0.029002  0.475340  0.036820
280  748.040408  1808.237296  14.822013  0.031352  0.711457  0.045143
281  957.968277  1551.062499  16.399324  0.058813  1.368503  0.054642
282  246.755850  819.477209  14.748773  0.024169  0.518034  0.042405
283  1013.939266  1348.742559  16.604816  0.034362  1.432182  0.064190
284  281.044305  433.312724  14.800721  0.022554  0.459334  0.064546
285  491.192534  1129.078978  14.665407  0.033155  0.366004  0.062014
286  1009.764623  387.280245  15.156445  0.061695  0.802749  0.055636
287  1305.186128  2.648589  15.036285  0.031165  0.587144  0.053381
288  1256.672523  2006.477561  20.678556  0.096302  3.833739  0.168173
289  7.520934  747.708595  19.890559  0.097254  3.457115  0.108834
290  1530.732528  107.420635  14.298999  0.043722  0.088044  0.023516
291  984.772076  532.305266  16.252644  0.059861  1.156321  0.041135
292  724.460239  1909.864027  14.378997  0.047911  0.330479  0.041642
293  571.858930  1363.131032  17.725330  0.057759  2.190286  0.063092
294  1850.339436  1877.097253  19.352901  0.118943  2.890758  0.165246
295  1901.782777  765.451167  15.610550  0.072171  1.027907  0.036027
296  827.544027  1949.852160  16.428348  0.053003  1.357571  0.045120
297  149.073964  1820.702851  14.714954  0.027580  0.426761  0.031576
298  301.764131  1853.911240  17.649370  0.045800  2.286009  0.101354
299  1029.506064  896.378124  18.158619  0.082700  2.377463  0.074311
2100  1422.920718  1085.330956  18.174590  0.052850  1.843871  0.147373
2101  172.903535  911.735325  14.577366  0.060746  -0.155380  0.033895
2102  191.933187  542.684916  15.932090  0.036631  1.299966  0.041515
2103  1625.273046  1174.267713  15.127881  0.045959  0.396329  0.034306
2104  1158.782993  283.715859  18.442992  0.056622  2.068556  0.111672
2105  417.585095  1870.208149  18.966305  0.059014  2.587207  0.146559
2106  525.266259  194.483061  14.718622  0.034075  0.153843  0.071229
2107  103.626519  2027.300647  17.199239  0.064178  1.294350  0.070911
2108  1752.186831  414.020640  16.918578  0.064996  1.217114  0.051181
2109  1700.358146  420.540689  16.575767  0.047892  0.907479  0.083304
2110  1335.773519  1935.725192  17.018445  0.042465  1.268820  0.057590
2111  909.193624  521.957501  17.538050  0.111853  1.572498  0.041061
2112  1584.085519  28.261975  15.805962  0.052416  0.652552  0.030213
2113  802.276385  1620.838498  16.774749  0.062959  1.053249  0.040191
2114  890.749375  1929.592010  15.927075  0.048981  0.664267  0.031398
2115  1021.155023  1189.005403  17.672267  0.038850  1.995944  0.088579
2116  1930.309525  626.407574  16.853503  0.049419  1.057312  0.078914
2117  712.932283  1646.316652  20.222150  0.123451  3.406160  0.085531
2118  464.548791  1535.466097  19.361836  0.155931  2.502923  0.066404
2119  765.710383  1675.611986  16.288833  0.053902  0.765403  0.051539
2120  1969.620680  1697.784206  15.674668  0.036369  0.611462  0.052248
2121  416.445318  953.301660  16.260473  0.034789  0.785335  0.033488
2122  410.535083  180.849298  17.231189  0.074501  1.555499  0.051700
2123  140.030844  1140.788477  17.644597  0.053375  1.839168  0.041828
2124  493.993554  138.110387  16.437091  0.037837  1.052587  0.049271
2125  141.785827  1771.557681  19.225421  0.114855  2.516670  0.117733
2126  420.991090  966.880203  15.777582  0.085501  0.680597  0.039282
2127  1670.516376  872.662615  16.760993  0.073486  1.165315  0.091922
2128  361.641162  1530.681506  16.243490  0.038875  0.817869  0.037838
2129  720.079852  1824.273512  16.123397  0.066304  0.920598  0.059984
2130  178.287848  1262.893585  18.583541  0.101756  2.167989  0.099064
2131  1277.713222  506.023001  17.462856  0.046804  1.625320  0.080024
2132  732.603968  738.502331  15.426633  0.031835  0.848732  0.027310
2133  1601.302306  256.376587  15.771077  0.035845  0.929379  0.034505
2134  512.939696  119.296242  16.308147  0.071868  0.993976  0.037389
2136  1518.165673  575.941915  15.328500  0.038159  0.330722  0.049126
2137  1913.785489  35.970484  18.963358  0.083273  2.271003  0.105308
2138  1016.296203  732.473648  16.508536  0.067495  0.815942  0.056211
2139  1727.012071  1104.897581  19.282276  0.094644  2.340496  0.098457
2140  557.197006  1922.152990  16.668665  0.034760  1.641730  0.053856
2141  1393.555738  245.442379  17.709935  0.068903  1.313533  0.066237
2142  1936.160370  1964.370421  17.015141  0.049660  1.148167  0.037561
2143  752.442118  1556.171460  16.589709  0.057403  0.864692  0.037201
2144  199.727651  504.152637  19.679789  0.095595  2.443519  0.102282
2145  257.393418  817.997834  17.775607  0.087200  1.293506  0.054074
2146  808.496735  1806.487507  19.727038  0.081968  2.688702  0.125874
2147  176.247134  368.847784  16.493138  0.030517  0.683961  0.059607
2148  733.364917  748.938341  16.714024  0.033524  1.006395  0.033874
2149  807.162229  417.252077  16.571359  0.048997  0.679371  0.055736
2150  261.023739  2025.951056  18.851091  0.063578  2.169248  0.118596
2151  149.392232  687.426460  14.802163  0.035721  -0.121330  0.034103
2152  711.014854  370.388302  16.125475  0.036910  0.410078  0.031098
2153  402.531521  1130.663351  16.703036  0.065272  0.814240  0.071111
2154  487.794518  718.448255  15.884179  0.037468  0.395855  0.038768
2155  840.512315  1551.087876  18.177954  0.044870  1.852766  0.059829
2156  1495.797449  368.274405  16.680128  0.050193  0.830395  0.035626
2157  1353.717688  1381.160452  17.951995  0.096082  1.393745  0.110658
2158  1939.499052  794.338037  16.075981  0.030107  1.074291  0.035787
2159  1535.122746  552.679103  17.583977  0.043239  1.213552  0.043408
2160  557.113351  1896.188373  16.958642  0.055826  1.347004  0.073835
2161  876.844507  1412.653483  18.341506  0.089155  1.824576  0.050519
2162  327.195662  1936.793973  17.270016  0.066699  1.257348  0.064178
2163  1357.709927  1490.147812  16.155694  0.028089  1.014676  0.048747
2164  322.007134  1018.989430  16.763252  0.052935  1.470705  0.049521
2165  1591.926275  1555.119823  20.238246  0.120561  2.629202  0.139057
2166  1897.546131  366.077494  16.526539  0.049762  0.691130  0.043949
2167  1910.087733  1566.950665  17.112180  0.066378  0.998340  0.061304
2168  1101.166928  521.200816  16.251926  0.064873  0.843911  0.044570
2169  1644.522176  1082.699332  18.281646  0.053114  1.579264  0.085144
2170  778.206915  1355.328732  16.367604  0.082414  0.651578  0.040087
2171  676.776827  1208.304165  18.436261  0.118588  1.673493  0.090639
2172  299.539028  415.364211  16.722223  0.041009  0.692924  0.105221
2173  1282.910062  650.546886  17.264350  0.075014  1.317063  0.066538
2174  569.655375  555.800189  16.028418  0.050253  0.852981  0.059145
2175  285.171056  1990.451115  20.389026  0.147849  3.173368  0.091235
2176  892.198530  1599.350089  16.489649  0.032651  1.033576  0.039110
2177  1656.578417  512.927567  14.780316  0.058264  -0.152816  0.031719
2178  861.511421  22.284825  16.466075  0.059546  0.561212  0.040956
2180  1338.157345  1665.552115  16.838790  0.075879  0.975796  0.071149
2181  716.506691  586.079087  16.264860  0.047285  0.875603  0.073969
2182  1245.534198  1891.895522  16.560656  0.068788  1.741566  0.042028
2184  1517.186248  603.994377  19.399144  0.163965  1.963327  0.134273
2185  1367.810074  501.070829  16.506814  0.069170  0.855446  0.032646
2186  1951.803604  863.753951  16.165529  0.047860  0.356946  0.069662
2187  1695.522913  1299.677420  16.188749  0.055407  0.690378  0.060337
2188  424.352133  768.868069  17.575772  0.055506  1.407726  0.051843
2189  1272.834205  1129.073603  19.800278  0.113899  2.624259  0.108961
2190  1333.341624  1295.077611  18.121994  0.051011  1.721278  0.124281
2191  1777.097097  1214.783169  19.425267  0.090390  1.795977  0.161983
2192  1656.582367  313.237803  17.521335  0.088637  1.194894  0.058889
2193  1743.442137  1985.990458  18.799064  0.090601  1.801936  0.083487
2194  1463.399757  1245.445330  19.498693  0.138955  2.289522  0.200090
2195  1163.410153  179.299591  17.253248  0.084001  0.714351  0.058412
2196  1913.897367  1687.338847  19.010691  0.081708  1.854206  0.101834
2197  1854.545693  119.749318  20.917216  0.111558  2.395927  0.129898
2198  617.464992  530.901130  17.372146  0.036902  0.593585  0.062380
2199  1154.322889  1794.814066  20.627920  0.127400  2.460001  0.096106
2200  456.641322  773.641548  17.782841  0.046946  1.030953  0.074719
2201  433.424185  1278.866922  18.581393  0.077691  1.491249  0.097713
2202  32.790654  1457.291634  17.178631  0.036361  0.775402  0.081659
2203  1947.428823  1343.994232  18.836501  0.090407  1.597251  0.098766
2204  1576.000179  950.031787  17.040058  0.087085  0.671118  0.038216
2205  1201.543792  807.600156  17.802188  0.063053  1.557188  0.052538
2206  910.851097  1111.813075  17.528132  0.064898  0.961493  0.040570
2207  1625.618563  1198.069154  17.530564  0.067352  0.931130  0.043668
2208  40.099435  174.575758  15.948059  0.083436  -0.072683  0.089928
2209  444.901347  876.661824  16.783656  0.055285  0.670535  0.045650
2210  387.035779  1984.832217  19.243983  0.120837  1.615163  0.109356
2211  1000.561352  21.555433  16.589189  0.043591  0.270245  0.056671
2212  1150.468811  1862.087318  17.635871  0.090253  1.098559  0.048599
2213  1274.235152  1566.614185  17.227128  0.094750  0.729354  0.049460
2214  531.484388  1569.641883  17.877587  0.067548  1.539197  0.132807
2215  679.084266  817.244836  20.419274  0.169558  2.901471  0.281582
2216  799.319644  297.962207  18.528652  0.049850  1.539219  0.083805
2217  292.185271  164.137964  17.555324  0.063387  0.995258  0.046097
2218  1754.909313  1596.755852  18.257354  0.099076  1.457125  0.101879
2219  1945.385718  1539.780148  17.244076  0.085096  1.442263  0.064074
2221  1288.043444  1180.320420  19.296602  0.095588  1.970424  0.194665
2222  1017.435551  1808.697516  19.152118  0.157059  1.985321  0.119113
2223  547.839220  1732.270142  15.985302  0.063851  -0.039083  0.030230
2225  864.178757  1405.154238  17.034671  0.060255  0.782589  0.044063
2227  1832.136764  792.026196  19.705433  0.127125  2.408835  0.110137
2228  1285.317731  1411.256671  17.596256  0.082653  1.096759  0.046371
2229  520.469820  886.785093  18.173377  0.092068  1.387899  0.116269
2230  211.154801  1838.227272  17.982424  0.050831  1.193896  0.051856
2231  594.337140  585.438797  17.379045  0.066047  0.855440  0.072683
2232  1159.540009  1759.404440  16.977517  0.063706  0.701325  0.039364
2233  1240.004275  1219.640796  16.693044  0.037239  0.495060  0.052064
2234  501.301067  428.809966  19.683560  0.168066  2.373503  0.126818
2235  1833.487833  1920.876930  17.284722  0.049122  0.858585  0.061089
2236  353.156769  1532.784142  16.845050  0.085190  0.772692  0.065768
2237  984.219156  131.339157  17.055501  0.076025  0.551724  0.067482
2238  1689.210045  1741.797563  16.960433  0.035834  0.879018  0.045015
2239  583.362733  192.393624  16.946961  0.032568  0.956438  0.033842
2240  1740.366376  2017.252213  17.581203  0.102007  1.109692  0.057641
2241  1378.536400  1462.713667  19.624444  0.076502  1.936796  0.124175
2242  113.286888  1439.161014  17.885338  0.084469  1.314083  0.089364
2243  1704.761025  1729.188329  19.902201  0.164100  2.333649  0.104584
2244  57.683984  1982.015367  17.385764  0.036328  0.989765  0.058373
2245  423.070243  1227.993059  15.358810  0.041634  -0.288228  0.045038
2246  1668.103484  165.828837  17.242534  0.057565  0.855596  0.082361
2247  467.102983  344.965095  19.452524  0.090419  2.160266  0.142296
2248  1727.840635  640.937679  16.617215  0.065265  0.610854  0.070141
2249  692.838552  782.221034  17.238820  0.036299  0.994436  0.059305
2250  1023.130429  756.924461  19.561288  0.065899  2.271894  0.109922
2251  650.442725  1713.881579  17.238444  0.069859  0.702462  0.053317
2252  1632.805737  1338.477906  20.693613  0.317730  2.590704  0.203681
2253  1197.506680  1047.372171  17.331440  0.046267  0.825003  0.044489
2254  1797.703716  283.440721  17.005954  0.070818  0.727962  0.042699
2255  990.275438  1495.762872  15.683906  0.049147  -0.089090  0.040508
2256  1747.211327  1879.398609  16.560755  0.054250  0.467992  0.067972
2257  746.383083  1648.753455  16.998691  0.046681  0.700949  0.111414
2258  924.779620  1479.381248  19.815853  0.125149  2.197751  0.164310
2259  1412.532816  1549.054343  19.935140  0.101839  2.245270  0.093319
2260  1775.989569  1555.899557  17.697418  0.041342  0.724268  0.091566
2261  2041.546522  950.647593  19.305613  0.118731  1.697456  0.166376
2262  357.947629  483.084817  17.126372  0.057012  1.411667  0.123307
2263  1679.355055  243.585154  17.785989  0.101816  0.839508  0.115420
2264  341.075139  295.062017  17.107314  0.118302  0.705217  0.048445
2265  273.240137  1575.787202  19.317192  0.122503  1.669647  0.096893
2266  107.063459  947.389235  18.409638  0.097205  1.399146  0.096067
2267  1352.935724  5.894608  18.728468  0.128054  1.232977  0.080072
2268  1573.398168  1299.889739  20.446863  0.156990  2.042432  0.080621
2269  949.797268  1890.677645  17.877691  0.094076  1.510930  0.089848
2270  1667.478191  17.548840  18.112714  0.078880  0.995739  0.070594
2271  154.051321  1960.290749  17.730326  0.083164  0.865023  0.063372
2272  264.460296  1075.777614  17.831930  0.059472  0.801893  0.059219
2273  1641.630190  648.721883  19.319794  0.098357  1.399715  0.060126
2274  106.754142  969.301002  20.394078  0.089486  2.189078  0.224317
2275  1853.119262  1432.961540  18.411028  0.063517  1.007472  0.066491
2276  1850.884185  267.446810  18.801279  0.068371  1.180861  0.089228
2277  240.388870  323.776432  17.246388  0.037940  0.594155  0.035385
2278  1456.483861  405.111393  16.396150  0.044539  -0.100900  0.046267
2279  545.299881  428.216338  18.874476  0.114899  1.188915  0.106829
2280  1231.196650  431.497037  17.801096  0.085667  1.074216  0.046571
2281  8.735154  330.006723  18.222646  0.085428  1.169535  0.053588
2282  92.562534  670.213762  20.290420  0.177714  2.217051  0.149067
2283  1518.591475  819.457946  18.508694  0.169567  1.279455  0.053613
2284  1660.612565  982.492521  19.804271  0.120205  1.886847  0.120646
2285  307.428457  631.438434  18.324089  0.067560  0.725574  0.110875
2286  1288.153279  1281.614612  19.107917  0.113707  1.156177  0.103671
2287  1403.335403  1617.715022  18.148673  0.045104  1.748793  0.098357
2289  382.519490  585.727376  17.234346  0.050122  0.469080  0.069241
2290  874.662559  102.904000  18.384949  0.082058  0.939181  0.054471
2291  1770.935720  4.654509  20.736319  0.173922  2.675905  0.301346
2292  1941.243052  1275.331990  17.686627  0.063447  0.732427  0.042782
2293  289.070825  1858.966445  17.987403  0.049626  1.078436  0.090182
2294  625.215391  1754.841197  17.717287  0.078483  1.379949  0.055207
2296  339.057336  1695.609327  19.964969  0.078894  1.815469  0.157259
2297  1143.035764  1964.430510  17.752960  0.070164  1.038406  0.073063
2298  464.379152  1090.897671  20.384689  0.190039  2.383365  0.147171
2299  335.514990  2014.585174  17.830751  0.048372  0.767246  0.046508
2300  478.557236  988.389899  18.463471  0.076712  1.217885  0.069094
2301  1720.305885  1036.985784  18.961371  0.101052  1.422830  0.064001
2304  373.918574  1428.138507  17.871360  0.095789  0.795827  0.121690
2305  1985.100930  1576.813845  19.039061  0.089962  1.602577  0.089533
2306  217.900221  647.401981  18.718251  0.149935  2.017725  0.063353
2307  529.953990  1290.136515  20.850021  0.176366  2.227371  0.161978
2308  1665.082146  1326.457243  20.335095  0.112333  1.945818  0.235495
2309  554.882959  698.739244  19.319257  0.067033  1.547777  0.168723
2310  413.547149  61.617030  17.894629  0.072706  0.813043  0.054977
2312  1498.219261  1789.142812  18.102126  0.076897  1.681470  0.084892
2313  1222.752033  708.250614  18.008482  0.082192  1.272294  0.063403
2314  277.121389  571.994535  18.152772  0.096718  0.994477  0.054359
2315  156.335121  1678.591512  17.868041  0.102407  0.864337  0.126642
2316  252.458145  273.669689  17.865725  0.102312  0.932692  0.066290
2317  1271.374073  1210.046611  17.266171  0.044993  0.628822  0.080999
2318  843.288584  932.603788  16.420371  0.039732  -0.027679  0.051919
2319  435.587901  1020.484153  20.682688  0.103980  2.368046  0.207112
2320  1531.582297  171.522380  18.247028  0.126070  1.198544  0.060705
2322  1400.032197  1145.691075  19.743675  0.075373  1.920132  0.087235
2323  1515.920665  565.825775  20.630172  0.329057  2.531947  0.145418
2324  1974.413707  1544.292994  16.890990  0.042922  0.346440  0.052247
2325  1251.949582  433.118291  18.563820  0.087504  1.297360  0.098657
2326  333.618693  1377.833627  17.546288  0.046625  0.860064  0.068470
2327  82.821499  1482.865364  17.522597  0.071421  0.727196  0.056383
2328  170.379695  830.206006  18.158526  0.105131  1.052964  0.088792
2329  1579.108765  89.843607  17.913384  0.133643  1.040870  0.053596
2330  635.692060  532.970107  17.738623  0.059362  0.769588  0.069883
2331  1503.132272  1686.884783  18.332228  0.115094  0.816805  0.087761
2332  686.397151  703.318389  19.441715  0.098651  1.694009  0.124576
2333  1534.843105  570.869256  18.808302  0.107509  1.295931  0.068578
2334  18.018761  916.015052  17.868031  0.049810  1.006337  0.056227
2335  1864.904532  879.610231  18.786824  0.109941  1.107514  0.047569
2336  1620.433298  1976.558423  18.218410  0.044644  1.340736  0.052410
2337  979.214434  671.646339  16.109499  0.066784  -0.115999  0.050085
2338  1443.050078  1535.809009  18.758435  0.091066  1.185345  0.085614
2339  1623.367331  236.982341  20.202144  0.161434  2.009396  0.094637
2340  412.389984  590.539192  18.236430  0.087210  1.639362  0.082957
2341  1891.138282  979.871894  18.379785  0.052461  1.097829  0.144428
2343  1310.144688  738.229212  19.374534  0.065106  1.430177  0.075157
2344  233.961468  1266.174255  18.474156  0.124342  1.350599  0.138540
2345  1951.242566  904.647903  18.374436  0.103908  1.886398  0.044672
2347  1690.850948  358.810245  17.727301  0.063948  0.890197  0.047751
2348  1738.800920  1849.312314  20.711226  0.255652  2.408485  0.149048
2349  1100.091609  1738.369599  16.631618  0.047297  0.211491  0.057086
2350  1574.994948  83.496462  18.317014  0.053566  0.994299  0.068953
2351  1389.116427  688.796313  18.239099  0.094011  1.097062  0.054918
2352  1478.496836  467.431277  19.103980  0.096297  1.516341  0.187723
2353  1022.725710  321.178276  21.011514  0.236306  2.242511  0.110374
2354  645.810956  1059.190191  20.327794  0.126943  1.786293  0.255060
2355  1707.710777  751.840848  18.845799  0.105608  1.155040  0.094901
2356  1576.953094  1459.091773  18.104236  0.082928  1.081759  0.062856
2357  1929.728177  343.473421  20.907790  0.356443  2.916575  0.156104
2358  1040.109164  1771.710826  18.752248  0.063124  1.101221  0.060003
2359  661.595445  1288.005128  15.861771  0.063771  -0.305706  0.034166
2360  1805.046771  1688.052922  18.254589  0.045669  1.083181  0.052254
2361  1312.661237  1685.802198  19.666869  0.111715  1.830883  0.080589
2362  668.559959  112.899504  18.028185  0.078191  0.796051  0.076462
2363  59.255378  1624.942517  17.936973  0.062694  0.875371  0.066282
2364  631.080935  1692.968652  19.534006  0.121595  1.491207  0.090940
2367  111.713235  1250.347094  18.049987  0.071734  0.721237  0.070577
2368  598.641797  1247.652372  18.580656  0.072434  0.681820  0.069691
2369  1296.131498  689.385837  19.369208  0.124444  1.445272  0.163387
2371  133.593575  1751.633555  19.936200  0.174957  1.614315  0.219246
2372  961.862018  459.348059  19.625494  0.161644  1.166727  0.200893
2374  723.533934  1271.840464  18.606728  0.113981  1.030180  0.057274
2376  431.708014  1825.824722  20.276909  0.132279  2.004615  0.102925
2377  1988.459972  1803.409713  19.741318  0.095673  1.590963  0.091245
2378  1790.112168  693.483846  19.222111  0.063526  1.337593  0.089668
2379  538.479527  535.078140  17.876587  0.090030  0.388659  0.062552
2381  1901.813055  35.836131  18.850810  0.105817  1.432614  0.082706
2382  858.256506  1444.259106  19.034069  0.099914  1.297117  0.067381
2383  147.602208  376.710141  18.624487  0.131384  0.928662  0.131328
2384  753.431199  1214.003566  19.029243  0.096307  1.451399  0.197547
2385  769.279143  1204.666852  19.014481  0.126715  1.295028  0.061736
2386  2046.352476  863.075807  19.463923  0.102183  1.514359  0.173914
2387  1810.740258  557.701315  19.234119  0.140465  1.426442  0.102994
2389  137.627767  1640.001516  19.047415  0.132934  1.036378  0.119115
2392  1283.500550  1309.545829  16.873771  0.083831  -0.216829  0.077769
2394  968.551455  312.097248  18.293793  0.095823  0.910524  0.148920
2395  176.570624  998.984517  18.649262  0.146411  0.819195  0.049360
2397  1459.963286  612.135841  19.053925  0.133258  1.158064  0.072257
2398  1098.454043  195.212915  19.398240  0.074684  1.168297  0.089213
2399  854.150103  1712.150889  19.561970  0.079363  1.396248  0.151450
2400  346.652971  847.536353  19.258059  0.084376  1.275641  0.063712
2401  82.320278  1492.376214  18.646366  0.106278  0.793983  0.091024
2402  29.929864  403.497596  18.651295  0.099685  1.027492  0.063871
2403  280.501376  1957.192496  20.527554  0.159544  2.118573  0.184059
2404  1969.633891  1824.826094  18.868832  0.105568  1.220521  0.081556
2406  329.820961  816.539577  18.958077  0.159344  0.982448  0.090796
2407  292.365024  947.686905  17.273144  0.057900  0.078704  0.101238
2408  1517.967822  91.524014  19.383772  0.112796  1.298755  0.059527
2409  1986.111782  1623.444137  19.040811  0.118341  1.067854  0.059444
2410  361.740401  1100.556959  18.918035  0.076595  0.976000  0.071768
2411  1866.907528  417.402833  17.490144  0.067063  0.241875  0.043600
2412  668.572326  1552.604826  19.338730  0.111092  1.816597  0.104040
2413  1960.684418  512.849964  19.960486  0.081146  1.427108  0.093972
2414  1510.150291  1128.639767  16.117743  0.040702  -0.379766  0.035405
2416  620.794531  869.241901  19.318551  0.113591  1.026955  0.098837
2418  1628.273434  1070.984859  20.056879  0.094680  1.661183  0.099798
2420  310.158714  2012.489964  20.514591  0.129133  1.717536  0.084640
2421  1838.696991  519.029057  18.589252  0.058483  1.351749  0.144204
2422  946.627741  1723.549251  18.841302  0.093816  1.549141  0.133038
2423  798.361405  1088.979553  20.231979  0.203027  2.139311  0.117895
2424  546.537033  1898.520261  19.115199  0.118272  1.337722  0.065995
2425  764.157839  165.331453  18.558209  0.083668  1.523482  0.102871
2426  945.838693  1757.725830  16.632102  0.098803  -0.155139  0.049668
2427  105.414962  1661.855953  18.803363  0.101253  1.304048  0.089742
2428  402.295387  1380.684233  18.837380  0.091431  2.152302  0.056240
2429  1061.858033  1963.838047  17.960946  0.058156  0.532621  0.093384
2430  1672.943002  320.471172  19.056262  0.071087  1.319151  0.068505
2431  1606.207090  203.476935  18.590820  0.063733  1.014935  0.118857
2433  614.693812  1222.197929  19.834744  0.154432  1.571750  0.087188
2434  1501.835320  1855.001301  20.143249  0.129016  1.692330  0.115529
2435  1987.996944  107.846510  19.996844  0.181396  1.644464  0.070256
2436  1903.352269  738.028019  17.991345  0.107749  0.516127  0.047433
2437  2041.546743  1037.979354  18.743090  0.118428  0.962478  0.054012
2438  781.170610  658.948028  19.301582  0.083096  1.069454  0.074785
2439  270.187222  146.732992  19.102236  0.089453  2.010289  0.076666
2440  1819.868497  953.543845  19.189718  0.090895  1.143153  0.104346
2441  875.097910  519.139782  21.291346  0.301162  2.415395  0.173103
2442  1276.935363  1374.212530  18.527357  0.057326  0.842644  0.078130
2443  1236.336715  1787.848528  20.106220  0.209755  1.448001  0.077713
2444  747.253919  678.809109  19.495747  0.079629  1.786590  0.200114
2445  459.698918  2026.856108  20.807202  0.122430  1.794489  0.118543
2446  1185.773371  1877.518433  18.805703  0.097434  1.152673  0.076926
2447  2036.497177  624.365081  18.903621  0.082358  1.539575  0.076141
2448  122.889044  748.873265  20.672376  0.122686  2.129507  0.293476
2449  1015.761416  1161.480144  18.957895  0.108933  1.115427  0.126723
2450  2026.106509  564.641365  17.198483  0.044793  0.050699  0.072196
2451  387.461522  1407.744389  20.246132  0.142336  1.842011  0.127136
2452  1079.698635  588.471767  18.989364  0.104067  1.149113  0.087607
2453  1230.357739  286.133399  20.339342  0.113340  1.755934  0.142533
2454  1065.170145  1273.880045  19.871194  0.104745  1.843165  0.072953
2456  1663.426238  1954.345097  20.672529  0.098597  1.520497  0.206057
2457  797.156926  1831.224254  20.367673  0.123807  1.753787  0.085936
2458  1847.223270  782.458604  18.390210  0.118801  0.893881  0.070524
2459  1898.624859  426.700336  18.881479  0.091339  1.009734  0.140299
2460  1296.774827  78.540527  21.008780  0.229654  2.075231  0.136572
2461  1799.121952  287.738529  21.127126  0.173232  1.869538  0.233264
2462  280.050138  486.167990  20.193309  0.149318  2.006312  0.118445
2463  1570.154287  921.658275  19.335070  0.135009  1.478115  0.174178
2466  1326.584831  1054.906028  19.154505  0.177881  1.098621  0.109204
2467  1022.083602  694.815836  18.605792  0.103487  1.068357  0.076950
2468  1722.188762  1785.386753  19.044930  0.143445  0.967513  0.065208
2469  833.182997  14.798003  19.584743  0.127841  1.081810  0.092241
2470  1218.744203  1790.850230  19.062422  0.079028  1.135592  0.112425
2471  1838.094632  1238.164242  18.272383  0.097204  0.751910  0.058084
2472  61.858796  397.505056  18.757658  0.077277  0.855393  0.092872
2473  1629.738698  960.243230  18.701507  0.104156  1.753764  0.152580
2474  947.338707  1100.809298  19.991026  0.220437  1.951153  0.171898
2475  283.696235  1252.626164  19.219615  0.076300  1.131280  0.058973
2476  975.258688  76.775752  19.911970  0.075036  1.594038  0.137896
2477  1744.095771  1987.988911  19.047019  0.078515  1.058284  0.070165
2478  843.102538  1008.498654  20.276753  0.086271  1.765978  0.119052
2480  1528.871627  797.975099  19.309881  0.069498  1.185248  0.109410
2481  418.983931  989.532907  17.986844  0.123062  0.669554  0.087975
2482  1258.999742  1573.521659  18.916053  0.058599  0.908268  0.070862
2483  202.975414  757.568428  20.395680  0.184826  1.896903  0.087949
2485  1926.602221  1872.647737  16.657088  0.051474  -0.110714  0.032265
2486  1398.415626  915.832414  19.706096  0.109691  1.475318  0.147369
2487  486.859551  1669.366071  20.462509  0.290114  2.040024  0.339761
2488  46.448664  1734.496224  19.049831  0.104882  1.283110  0.130951
2489  1337.640188  870.237273  18.908308  0.054481  1.324780  0.114725
2490  708.680095  108.822181  18.068530  0.111379  0.347206  0.100805
2491  1865.638424  619.239085  19.029274  0.058422  1.254626  0.067278
2492  1458.664309  429.921694  16.866148  0.050193  -0.218389  0.048975
2493  1925.272237  1904.183558  19.562919  0.141529  1.496228  0.098973
2495  798.466870  1921.522782  20.797190  0.145210  1.871087  0.105981
2497  527.780396  61.987245  20.348188  0.132181  1.495611  0.087044
2498  371.678944  538.967629  18.658321  0.144158  1.250894  0.134379
2499  1576.283779  73.539668  19.156048  0.134474  0.851013  0.110041
2500  1519.290357  1297.743391  19.736259  0.074232  1.312991  0.088986
2501  245.175800  212.590890  20.161598  0.180001  1.547395  0.253960
2502  716.735099  182.589338  19.880546  0.218701  1.157397  0.166125
2503  615.514434  1703.248786  19.610202  0.133948  1.095175  0.223342
2504  1824.280647  1707.150324  19.128386  0.115458  0.735210  0.073714
2505  93.686861  1076.752283  20.422349  0.170376  1.502274  0.207690
2507  1864.628551  888.534719  19.443078  0.073607  1.462141  0.135549
2508  1127.912211  1640.556128  20.204546  0.156966  1.420901  0.106636
2509  1464.103442  1706.642353  19.866605  0.084087  1.674484  0.098397
2510  193.275496  765.849010  19.899850  0.090922  1.237332  0.116213
2511  1239.094617  471.120317  20.041116  0.094375  1.715613  0.182830
2512  1238.888420  779.025707  19.455119  0.072836  1.582506  0.082419
2514  1790.324155  1276.412081  19.981167  0.155969  1.910767  0.109028
2516  443.272606  1634.013455  19.574605  0.129154  1.278679  0.106721
2517  506.144137  360.060832  19.498353  0.169291  1.397397  0.104461
2518  1410.241328  1564.706093  20.325131  0.091064  2.288009  0.185115
2519  1879.139271  1209.469366  19.151047  0.092724  0.819789  0.112956
2520  948.517108  1805.760506  20.002940  0.107478  1.531859  0.145659
2521  507.511269  25.882563  20.078490  0.135251  1.808611  0.182024
2522  207.192451  454.129922  19.449862  0.090753  1.219933  0.123378
2523  989.522253  775.431734  19.193807  0.167530  0.836183  0.106017
2524  341.063817  552.214195  19.752359  0.123518  2.390171  0.122535
2526  1591.149667  583.898046  18.644330  0.126020  0.601881  0.123748
2527  1693.185596  863.979199  19.721054  0.076053  1.516485  0.215744
2529  1976.165797  533.086099  20.669774  0.157931  1.925749  0.140415
2530  828.500698  396.154572  19.801276  0.124299  1.433925  0.166974
2532  58.853703  32.488561  18.400441  0.073089  0.545200  0.058304
2533  255.228173  1009.528794  17.596962  0.086221  -0.153835  0.056525
2534  740.318312  260.520787  20.591007  0.095957  1.680690  0.187333
2535  586.333115  186.874771  20.457862  0.122652  1.519685  0.189927
2536  774.310827  1612.447284  19.786846  0.076304  1.196611  0.162308
2537  585.148643  1553.049956  20.497024  0.154593  1.542378  0.141774
2538  1826.913155  1676.751296  19.934338  0.096807  1.437807  0.081160
2539  321.192970  1535.200508  19.623618  0.129094  1.351872  0.154921
2541  1934.282647  1617.329155  19.318955  0.087368  1.287302  0.089550
2542  493.531083  948.642897  19.617871  0.182648  1.001906  0.073789
2543  440.898823  194.518788  20.121147  0.114653  1.574880  0.226995
2545  1248.824539  1613.114499  18.981445  0.094258  0.924702  0.067416
2546  1985.135878  1638.169074  19.598928  0.164159  1.387178  0.128805
2548  1162.058857  837.245144  19.719955  0.080083  2.014575  0.070669
2549  1320.920662  1627.582481  20.079991  0.132087  1.484386  0.172872
2550  1994.176501  1407.655095  21.255962  0.164646  1.922790  0.181058
2551  532.925171  1331.322506  20.391041  0.170493  1.426731  0.130794
2552  262.692870  737.243841  21.435054  0.203082  1.731621  0.295885
2553  426.747108  1189.303414  19.264964  0.110965  1.194767  0.094172
2555  1151.869876  313.256829  19.966458  0.078423  1.896495  0.100939
2556  1089.669418  734.600613  20.226515  0.133276  1.434454  0.111729
2557  710.528413  648.995356  20.032004  0.119740  1.703498  0.181189
2558  845.598763  1453.328076  19.977904  0.201173  1.595982  0.128347
2560  136.705034  746.476509  20.560478  0.168658  1.000783  0.346482
2561  1584.027649  343.512701  18.682337  0.050869  0.730764  0.088027
2563  1937.013527  475.936357  20.204047  0.135258  1.341215  0.191649
2564  1972.943012  752.731322  19.920285  0.073846  1.518659  0.110682
2565  1878.689216  1920.944891  19.970271  0.149417  1.215576  0.188390
2567  1961.068932  1198.689532  19.539227  0.094264  1.071887  0.224687
2568  52.797198  611.795036  20.027610  0.131940  1.243586  0.127728
2569  1315.139878  1479.560327  21.030877  0.220189  1.665949  0.138978
2571  1883.958568  636.767789  20.551477  0.093394  2.404356  0.149449
2572  327.201082  73.846143  20.196570  0.146553  1.283674  0.138055
2573  747.884295  1741.308538  20.099268  0.146125  1.205463  0.199637
2574  994.577591  1211.285601  18.440330  0.090634  0.655364  0.165217
2575  196.474418  1026.357652  19.725885  0.102267  1.153846  0.135766
2576  1351.123448  21.841685  19.405600  0.148891  1.309334  0.201057
2577  1341.756366  2038.315324  19.849503  0.084566  1.539847  0.151392
2578  1253.153264  1564.996636  19.767770  0.080403  1.396935  0.148140
2579  1202.276331  1161.144029  20.269925  0.119405  1.478414  0.084448
2580  961.455902  1955.940999  20.707919  0.249082  1.878789  0.100779
2581  2018.385054  652.122965  20.249886  0.198931  1.491933  0.091374
2582  1008.466903  1579.013119  19.188822  0.206428  1.153380  0.133141
2584  155.630606  977.403044  18.179822  0.131482  0.207891  0.080654
2585  60.478453  523.746603  19.498406  0.142792  1.463893  0.181313
2586  738.947920  1937.083066  19.025733  0.074666  0.690146  0.195151
2587  499.460116  1343.697461  19.714605  0.091953  0.841436  0.184087
2588  1849.367230  1262.290686  20.697940  0.231764  1.602316  0.162130
2589  1456.012813  97.788072  19.940777  0.162457  1.421209  0.089920
2590  1282.730725  562.270335  18.267272  0.048543  0.463269  0.136538
2591  31.307817  646.766456  20.112937  0.108794  1.166115  0.144928
2592  1669.261703  1035.340995  20.612782  0.128312  1.469292  0.200764
2593  598.227513  1085.189503  19.271495  0.072004  0.639505  0.140156
2594  147.333709  773.993470  19.853942  0.160848  1.361385  0.124166
2595  1906.390926  1536.191818  18.210426  0.069093  0.218526  0.072558
2596  367.960620  1488.024097  20.047157  0.128256  1.209438  0.184858
2598  557.835948  1264.789156  19.235827  0.064224  0.751964  0.100096
2599  627.820760  1932.347654  20.604093  0.161395  1.848501  0.162817
2602  1166.876627  778.079963  19.422475  0.169204  1.454719  0.174306
2603  891.063080  1956.583773  20.044896  0.075174  1.931784  0.097666
2604  1569.338343  686.484504  18.590916  0.081513  0.293050  0.097612
2605  1085.691598  512.813006  20.361756  0.208710  1.322008  0.075108
2606  651.606748  1386.759784  19.287148  0.088574  1.077347  0.089897
2607  1479.342581  1938.241014  20.138723  0.102084  1.157049  0.084699
2608  351.002610  775.355828  20.308165  0.167036  1.201130  0.197209
2609  730.671661  301.395874  20.553576  0.209231  2.060998  0.123728
2610  727.222209  501.115736  20.727778  0.170735  1.520038  0.103882
2611  246.791747  1739.958053  20.296019  0.147259  1.284120  0.157347
2613  1091.144316  589.025716  19.735340  0.120858  1.272239  0.141673
2614  893.142131  1490.319095  19.514254  0.151613  0.987610  0.105636
2615  1256.987561  1948.086906  20.209687  0.177329  1.121907  0.140432
2616  1178.214834  327.123824  19.975458  0.090268  1.664154  0.147444
2617  1865.770102  119.323400  19.521943  0.197868  1.529426  0.137732
2618  659.749809  2030.825376  20.215565  0.087826  1.408786  0.136036
2621  1119.135283  1173.503855  19.932471  0.074663  1.241072  0.079143
2623  32.196190  309.959037  20.062614  0.111012  1.147607  0.107916
2625  1947.990489  416.503919  18.932620  0.104947  0.617114  0.082151
2626  1411.775276  1322.902630  19.596794  0.170252  1.033145  0.141492
2628  1914.171745  1902.048429  18.703711  0.052729  0.530439  0.082181
2630  854.259293  2009.388179  19.328180  0.193387  1.391306  0.125072
2631  979.947369  34.088418  20.570908  0.163411  2.022919  0.147403
2632  1878.775632  513.651339  19.438745  0.067393  1.486236  0.096425
2633  861.240244  843.879489  19.027955  0.183056  0.616357  0.115437
2634  106.656310  1944.614890  19.843989  0.093548  1.162424  0.118377
2635  838.072123  478.550264  20.042301  0.176183  1.826139  0.128115
2636  1438.270544  943.708195  19.577452  0.148596  0.730749  0.183265
2637  1576.749073  1319.504982  19.856107  0.139624  1.272169  0.086326
2638  189.163661  426.695752  19.947858  0.167986  1.665833  0.126324
2639  574.404121  1516.185908  19.976933  0.112887  1.451380  0.176305
2640  448.414476  688.819806  19.338414  0.090149  1.466553  0.126039
2641  1102.250846  901.450502  19.707796  0.084977  1.783222  0.215770
2642  433.537395  548.538658  18.630307  0.072395  0.562198  0.073221
2643  1484.671522  955.038547  17.492110  0.068373  0.149484  0.058928
2646  1790.742400  158.813392  18.242500  0.116705  0.298384  0.141211
2647  1867.611774  1763.628943  19.769117  0.231735  1.188084  0.120249
2648  542.728080  1303.081984  20.727015  0.275916  1.889848  0.127716
2649  434.223624  700.506143  19.770309  0.069874  1.203406  0.098706
2650  710.532509  1117.637776  18.727629  0.088590  0.206895  0.075958
2652  527.853802  1133.905228  19.859272  0.112729  1.310488  0.144907
2654  259.212250  1033.414365  19.018133  0.092357  0.865809  0.093935
2655  1288.990981  1807.440600  20.353600  0.195533  1.626645  0.230431
2656  1461.846844  824.400042  20.655861  0.101273  1.397750  0.169659
2657  1779.515436  608.771335  20.158864  0.105809  1.369950  0.150363
2658  619.888631  654.755240  19.439754  0.120704  0.976074  0.142464
2659  204.403660  752.780869  20.066719  0.171506  1.679400  0.182613
2661  1951.517001  414.999143  19.902391  0.129444  1.334624  0.079105
2663  727.571315  465.816426  20.754886  0.116949  1.490883  0.096980
2664  1181.424842  1953.057920  19.706257  0.126154  1.266017  0.076683
2665  1853.078604  903.859618  20.884763  0.239465  1.213604  0.261461
2666  907.615061  1981.710006  17.886434  0.055962  -0.065338  0.061623
2667  1273.445161  895.286755  20.128362  0.127625  1.227067  0.122817
2669  1759.103149  753.082418  20.103080  0.115139  1.191577  0.143116
2670  1228.365461  402.361251  20.446962  0.160873  1.716113  0.111887
2671  1361.965081  1336.898326  20.341805  0.108255  1.298671  0.124689
2674  1049.643747  1999.076945  20.142962  0.142384  1.565916  0.101130
2675  393.937258  1657.688511  20.411549  0.126654  1.271893  0.274482
2676  523.162734  915.266247  19.299978  0.132189  1.131115  0.083573
2680  1102.854920  1897.877300  17.063255  0.046063  -0.324629  0.091599
2682  532.232098  1857.329368  20.170853  0.087710  1.137008  0.080416
2683  16.718933  150.947535  19.357372  0.119445  0.721777  0.092456
2687  1052.934619  668.153275  20.460779  0.197093  1.230198  0.097046
2689  422.915828  377.101357  19.432993  0.184791  0.911634  0.070819
2690  851.659913  1123.808732  20.797394  0.169547  1.599515  0.107687
2691  97.837119  1406.555155  20.750658  0.194066  1.382509  0.151982
2692  954.401004  1923.358905  20.214314  0.108178  1.252755  0.140302
2693  221.570861  12.104601  20.443401  0.197472  1.396141  0.105537
2696  1198.127943  1383.121140  20.554924  0.115731  1.265726  0.101021
2697  1653.697163  1265.211284  19.344334  0.098861  0.647450  0.111567
2698  1737.909949  1633.823157  20.348392  0.131990  1.185088  0.101931
2701  1820.609353  1725.862659  20.795455  0.165208  1.292986  0.117574
2702  1902.515800  1267.359618  18.636472  0.093691  0.225274  0.117611
2703  1220.880721  1893.467076  20.810011  0.124682  1.504309  0.181184
2704  155.807993  104.591408  20.111962  0.192627  2.019130  0.169019
2705  1453.435479  1366.416782  20.561123  0.183388  1.289864  0.104952
2706  1281.083465  399.371646  20.785548  0.450820  1.726892  0.161328
2707  1382.993381  1255.449359  20.424062  0.093721  1.310206  0.113996
2710  381.286551  1940.853275  19.746218  0.119425  0.758199  0.207095
2711  85.522320  2002.107202  19.758363  0.119928  1.122804  0.186390
2712  1476.468851  582.213831  19.933666  0.184839  1.278138  0.140694
2714  486.612537  1004.997329  20.704742  0.112295  2.334249  0.234495
2715  836.198820  724.421404  20.988185  0.245088  1.579165  0.155967
2716  1781.919986  650.137757  20.695207  0.165832  2.329759  0.309890
2717  356.637219  1499.016790  20.314376  0.093931  1.188252  0.194460
2718  840.359412  1935.840749  19.110282  0.112654  0.468426  0.083985
2719  1849.821166  620.569899  19.838602  0.135549  1.063568  0.194778
2723  604.188513  636.826605  19.554331  0.153235  0.644266  0.169944
2724  563.850505  2007.671931  20.537318  0.118478  1.796874  0.124555
2726  796.824165  435.812289  20.718610  0.097647  1.654031  0.253233
2727  285.138613  589.556452  20.668246  0.189937  1.122630  0.236086
2728  1966.986848  1805.481740  20.794209  0.169615  1.782784  0.094696
2730  1981.925407  1922.183821  20.999396  0.104126  1.763126  0.144794
2731  1091.015541  1620.593058  20.215660  0.130432  0.939506  0.164383
2733  903.799680  1128.680098  20.671596  0.113893  2.355570  0.155049
2734  1636.824568  1205.840585  20.591024  0.203033  1.684255  0.298650
2737  1477.587818  1772.364451  20.612062  0.103053  1.039329  0.160778
2738  1915.390445  1610.039632  20.592190  0.235528  1.362806  0.187338
2740  1027.847178  1016.906775  20.565060  0.157104  1.381801  0.089276
2742  1679.491312  1508.687089  20.086164  0.203394  1.164363  0.133102
2743  1932.245370  368.968122  20.686161  0.270753  1.536110  0.236238
2744  1573.391795  222.444796  19.941207  0.185701  0.690195  0.122753
2747  1274.474154  1941.891248  19.942950  0.100371  0.486510  0.167276
2748  1813.739018  817.356879  21.335845  0.221627  1.942297  0.190540
2749  210.811092  502.030655  20.619220  0.163154  1.367825  0.198431
2750  1877.158629  1620.421264  19.284891  0.082496  0.618090  0.065578
2751  1159.032334  1594.244902  20.930929  0.207546  1.727834  0.289551
2752  1619.659760  131.910807  20.474513  0.296211  1.480816  0.094351
2753  701.047214  772.582711  20.236076  0.131592  0.876185  0.171634
2754  181.245106  715.364674  18.353252  0.094514  -0.046492  0.096584
2755  101.857149  1467.343369  19.585383  0.153357  0.781359  0.149667
2756  2017.436097  375.035907  20.557772  0.161138  1.557490  0.165033
2757  1799.987612  749.666348  20.244247  0.114766  1.481728  0.096866
2758  174.434949  1457.820094  19.705248  0.108155  1.159097  0.103833
2759  1472.222414  1102.360221  20.769534  0.110802  1.350093  0.224399
2760  1141.854724  1293.924481  20.679442  0.286470  2.365257  0.248715
2761  773.283277  1444.249422  20.356272  0.089599  1.211275  0.202999
2765  500.251733  1486.182619  19.969669  0.112093  0.932833  0.086320
2768  1660.750711  54.112197  20.520803  0.172802  1.496911  0.088017
2770  1178.005687  197.724017  20.064986  0.177884  0.730570  0.099944
2771  1189.033470  1490.299919  20.711369  0.154237  1.416039  0.121308
2772  1872.912897  952.272595  18.806215  0.152066  0.266024  0.135508
2774  837.607172  221.628953  20.764162  0.101132  1.769329  0.248337
2777  820.768474  707.535529  21.314923  0.221312  1.603530  0.230734
2778  747.698930  1682.174048  20.142875  0.175617  0.977052  0.166887
2783  1322.436481  1469.451456  20.857281  0.355194  1.206169  0.160845
2784  778.083477  627.495623  20.668801  0.284775  1.600723  0.233048
2786  577.630739  1243.049986  18.197476  0.047887  -0.096020  0.063579
2788  1699.000834  2035.715389  19.726960  0.068998  0.714041  0.136292
2789  1633.990247  1345.094522  19.959288  0.168021  0.983679  0.161720
2790  953.637891  22.999908  19.575603  0.106909  0.870046  0.122500
2792  245.105521  1246.207564  20.616087  0.192149  1.483251  0.109711
2794  1475.393800  923.349439  19.160809  0.103831  0.528417  0.116879
2795  1048.054512  1448.054697  19.309972  0.118339  0.419730  0.076898
2796  691.630848  702.578996  20.821182  0.210226  1.287735  0.105566
2798  1387.623814  1080.764661  19.899560  0.099019  1.143914  0.150040
2799  1943.200686  1078.107199  20.906274  0.123715  1.576964  0.119265
2800  1424.545055  289.238784  20.529123  0.192417  1.265715  0.178240
2801  761.980839  238.291421  19.841380  0.087305  1.041549  0.099258
2804  1450.321851  990.780047  20.412740  0.212563  1.031453  0.161720
2805  1335.454937  910.689391  20.450763  0.124400  1.358047  0.170697
2806  1784.409616  144.826632  18.882993  0.096757  0.558791  0.124824
2811  1091.067139  862.792015  19.963433  0.174263  0.804446  0.074695
2814  64.018482  712.555808  19.135240  0.064165  0.678578  0.080401
2815  300.047396  724.968129  20.224267  0.103840  1.719885  0.126817
2819  253.736333  39.844480  18.791397  0.116042  0.273793  0.081337
2820  660.908256  77.868807  19.255767  0.067649  0.696984  0.111649
2823  1040.112347  404.528965  20.419515  0.105879  1.922700  0.209199
2824  672.280189  1029.466814  20.360725  0.168616  1.207229  0.129706
2825  351.182883  171.454202  20.137008  0.166980  0.760772  0.210198
2826  113.218464  863.949043  20.924576  0.181549  2.058825  0.114535
2828  1978.481065  1470.863652  20.780921  0.125763  1.714383  0.199590
2829  1073.585505  1707.641795  20.836369  0.199442  1.545222  0.154416
2831  925.370844  797.726621  20.745667  0.139820  1.202410  0.145413
2834  874.851448  652.623796  21.020523  0.133596  2.901458  0.209283
2835  712.022255  627.302639  20.942770  0.225160  1.360156  0.151633
2836  2044.189571  1871.308342  20.123041  0.126724  1.041873  0.106760
2839  648.371666  1511.836938  20.213376  0.135381  0.934683  0.113230
2841  1910.151113  468.820874  20.503231  0.193139  1.544653  0.120637
2846  1627.327609  603.973688  20.860087  0.119397  1.415927  0.110197
2848  1801.667562  168.588426  21.069026  0.166327  1.304082  0.115168
2849  2044.544806  1814.891783  18.969733  0.114335  0.580760  0.096900
2850  1581.869867  598.159772  20.300718  0.085659  1.397632  0.095038
2853  454.422900  1052.129903  20.496201  0.246248  1.450914  0.119213
2854  488.850865  1503.910322  20.684960  0.125934  2.232179  0.119972
2856  1498.042674  1258.242620  20.923296  0.159541  2.103822  0.142084
2857  67.329804  1156.043305  19.899213  0.126053  0.904042  0.139236
2858  744.143216  1710.495954  19.871532  0.089258  1.044542  0.119122
2859  425.735179  1334.051393  18.847540  0.076311  0.379615  0.072239
2861  716.715780  1496.903546  20.250609  0.159912  1.206514  0.132618
2863  455.568884  1727.801971  20.263645  0.106065  1.719722  0.203728
2864  210.838465  403.860068  20.589935  0.154654  1.280209  0.133359
2865  297.485758  276.093005  20.885147  0.167156  1.367994  0.162533
2866  845.676946  1944.311517  18.400066  0.077980  -0.103412  0.126581
2869  1342.974072  1567.215020  20.581171  0.096149  1.550919  0.171647
2870  1861.308331  552.573505  20.340794  0.134634  1.519414  0.236942
2871  1994.892296  1324.037860  20.290786  0.124341  1.298183  0.142237
2872  469.424122  421.684072  19.239451  0.096415  0.323148  0.148737
2875  380.506710  214.780750  20.361917  0.173733  1.788589  0.325237
2877  509.094664  1910.446248  19.764452  0.081109  0.525035  0.109539
2879  1495.050035  1980.314178  20.142228  0.105812  1.290386  0.219955
2881  202.557870  1783.049747  20.440750  0.228706  1.973509  0.145126
2888  556.858356  1345.840555  19.307339  0.065882  -0.049142  0.061777
2889  935.248260  683.561788  21.118049  0.350293  1.720502  0.114817
2894  1099.017781  1880.504626  20.042709  0.102693  0.436911  0.153857
2905  962.903100  1710.807760  21.128841  0.261628  1.338551  0.138120
2910  1495.983704  1762.021192  20.335551  0.114549  0.390747  0.161738
2911  524.496775  212.190310  20.709376  0.095784  1.030298  0.153915
2914  768.995696  964.298628  19.828182  0.106845  0.863714  0.208835
2931  177.032209  1910.970224  20.104244  0.124327  0.695631  0.122108
2935  757.609329  1205.752892  21.065516  0.156265  1.092700  0.212449
2936  1288.333133  184.671724  19.591481  0.133233  0.400008  0.109526
2938  1038.491966  726.153974  20.401086  0.135594  0.905073  0.144210
2939  1945.421708  126.139972  21.453071  0.137698  1.891604  0.172092
2941  1430.553797  4.667851  20.356649  0.379804  0.969832  0.239819
2947  853.936626  994.609917  19.990254  0.184619  0.234712  0.258821
2950  1118.224830  286.676627  20.856595  0.144434  1.265959  0.196808
2951  1936.645779  711.013566  20.466610  0.164774  0.930478  0.112487
2952  609.579659  1678.666062  21.213529  0.180273  1.273514  0.133855
2953  478.315857  1151.648201  20.080038  0.144040  0.714355  0.097962
2970  365.104217  895.115300  21.344030  0.215793  2.145672  0.127154
2972  868.435575  2029.398007  20.848582  0.276320  1.373937  0.326157
2975  214.199056  1654.722783  21.154649  0.378635  2.213291  0.131754
2986  325.109819  1666.092748  20.041616  0.079089  0.826208  0.105543
2997  556.633431  1644.513630  20.379282  0.120996  0.820522  0.146247
21009  1003.614372  1696.586558  21.521952  0.243478  1.685203  0.496277
21022  1812.826679  81.097396  20.869402  0.180377  1.084024  0.221650
21026  1501.048606  413.132612  19.992646  0.141058  1.011201  0.200061
21036  200.692762  1434.579804  20.933137  0.425915  1.627779  0.179034
21038  202.826774  180.848943  19.564519  0.079242  0.307680  0.076751
21044  1365.021642  1890.060433  19.178480  0.170485  0.216157  0.156940
21047  1796.427641  1196.665265  19.383431  0.116106  0.462489  0.084882
21048  1625.424257  1924.411574  20.322394  0.131335  0.594935  0.196353
21054  1952.129693  727.079195  19.771903  0.108067  0.414513  0.116560
21055  1557.014050  1151.349947  18.945804  0.077469  0.127466  0.101797
21057  441.380052  744.662440  20.402237  0.138874  0.679065  0.083704
21059  2.880280  424.983569  20.190162  0.172670  0.621357  0.140640
21063  283.866447  1245.206866  20.718900  0.192468  0.871629  0.234152
21064  555.503090  1499.830823  20.340191  0.182230  0.599610  0.091236
21069  1290.330723  1993.403544  20.331087  0.199153  0.618803  0.136868
21073  1912.487685  431.716393  20.121874  0.145607  0.251831  0.087434
21083  143.910276  579.171700  18.693660  0.072519  -0.173713  0.053741
21094  1962.309426  896.613182  20.548976  0.124972  0.687770  0.098609
21095  1393.396133  929.531287  20.479631  0.246206  0.518174  0.130854
21098  593.613057  1881.723007  20.403865  0.128199  0.295401  0.180254
21104  1919.320791  67.929759  20.443175  0.151072  0.503380  0.159320
21106  708.168127  1341.877096  21.333202  0.175865  0.695646  0.152259
21112  1138.880955  316.207292  19.897199  0.098762  0.109423  0.108233
21114  811.057325  469.110544  20.259449  0.156727  0.480780  0.206279
21116  104.542376  552.137097  21.094782  0.237782  0.912868  0.190619
21119  1030.193589  1871.381248  20.160526  0.113075  0.140539  0.082759
21121  1046.409060  766.079553  21.041232  0.127868  1.037511  0.197394
21123  1070.094935  1909.148239  20.193311  0.193261  0.342723  0.257153
21125  59.872522  1688.440781  20.480375  0.107599  0.284995  0.131219
21128  107.686436  468.137629  21.026711  0.143526  1.082307  0.188341
21135  161.210032  1262.393090  19.625594  0.240410  0.466550  0.152899
21136  1732.015189  749.436208  20.267615  0.135634  0.365172  0.140066
21138  1836.020615  1877.274765  20.547979  0.123456  0.880844  0.226249
21139  1865.289546  1659.104474  20.743132  0.117650  0.790199  0.165684
21141  861.669435  269.330866  21.621240  0.228477  1.494497  0.373058
21142  1431.178053  644.935457  20.707619  0.151806  0.540083  0.184284
21144  189.874028  1021.463972  21.521200  0.220652  0.905154  0.134673
21145  1867.287775  1012.594481  20.884495  0.276801  0.908549  0.174693
21146  1805.211553  10.908267  20.420415  0.106346  0.561686  0.213825
21147  1773.292750  573.743234  20.369675  0.220324  1.104766  0.142667
21149  1943.424791  1041.380289  20.180403  0.139069  0.336523  0.205467
21152  135.935493  1186.888594  21.041569  0.178871  0.448679  0.263553
21153  1816.464461  1264.673332  20.240329  0.214119  0.492564  0.192514
21154  1512.234409  703.833975  21.162682  0.178430  1.208761  0.154206
21156  796.212824  909.969317  20.829261  0.161631  0.544389  0.101892
21159  349.203779  238.339971  20.056667  0.123983  0.288698  0.166131
21167  1676.713002  450.903533  20.628869  0.195573  0.341809  0.161228
21173  1946.344857  1202.414125  20.896229  0.215238  0.249022  0.113000
