# id  x  y  V  eV  BV  eBV
177  955.555041  1090.353684  21.394837  0.176532  1.567009  0.220282
1105  1186.826588  992.569160  21.488673  0.196215  1.513885  0.197897
1132  921.037312  1094.579077  21.112249  0.319465  1.416400  0.250372
1134  1036.943462  1189.061263  21.009644  0.296296  1.450896  0.137456
1153  1054.283448  1070.698660  21.122463  0.135412  1.132317  0.208123
1160  1062.524682  1016.996475  20.833255  0.177368  1.640684  0.129340
1165  1007.945503  972.282511  21.031721  0.267280  1.337912  0.138303
1169  923.044782  972.120617  20.746239  0.194226  2.043336  0.150315
1170  1130.303980  929.484042  20.940026  0.112815  1.521288  0.119402
1174  968.492851  1089.128940  21.130088  0.152449  0.997852  0.206556
1179  1118.411960  1088.820941  20.939377  0.220590  1.447852  0.158898
1183  1027.232338  1104.174305  21.331660  0.238337  1.638288  0.131042
1185  938.558792  1025.813176  20.874563  0.265700  1.261409  0.277856
1188  998.658560  1045.798789  20.824472  0.222805  1.408251  0.198578
1195  890.957926  896.201626  21.003900  0.202318  1.350515  0.260162
1198  1064.247808  908.046541  20.794554  0.160606  1.692832  0.153844
1201  1066.754703  1101.228708  20.816868  0.280287  1.307034  0.203939
1202  1087.375995  966.611415  20.996503  0.123808  1.507450  0.309472
1214  1159.853322  961.027195  20.655243  0.196701  1.518284  0.115058
1218  994.212434  1092.764078  20.628857  0.182978  1.607803  0.196722
1219  972.493701  1133.749637  20.891721  0.197885  1.339861  0.222174
1221  1054.161900  875.246797  20.834597  0.135028  1.661824  0.153432
1222  904.439828  1068.160430  20.703240  0.161669  1.794380  0.255686
1226  1070.160712  1053.711565  20.538533  0.252540  1.397950  0.112916
1230  970.870067  1186.926490  20.772035  0.117624  1.434023  0.105714
1233  1030.518190  1007.426765  20.860514  0.224806  1.530623  0.129939
1234  878.605394  951.240315  20.635630  0.151144  1.593713  0.125722
1235  968.422318  1117.149553  20.763204  0.147593  1.404185  0.128591
1236  996.485673  1173.703885  21.026362  0.121975  1.421134  0.192753
1237  1115.698545  1160.013701  20.621578  0.130653  1.232508  0.144146
1238  1061.830124  963.111977  20.441836  0.222245  1.451011  0.264622
1239  1180.481556  969.708503  20.750491  0.181176  1.657289  0.223472
1242  1131.985183  1027.114680  20.708138  0.122644  1.242583  0.140272
1243  917.829448  956.556390  20.509049  0.153005  1.431490  0.145622
1245  1059.268485  1048.110490  20.781244  0.099277  1.312943  0.183063
1246  949.272064  973.001175  20.578714  0.177502  1.406785  0.213117
1247  946.616259  1077.176238  20.317042  0.209358  1.853468  0.280056
1250  835.128627  1123.072061  20.804928  0.138640  1.583007  0.105106
1253  999.361597  1062.127657  20.538633  0.202308  1.290906  0.153605
1255  1018.215301  1016.207299  20.655073  0.189594  1.576976  0.097695
1256  861.716910  1055.440466  20.824618  0.103032  1.463925  0.240092
1257  912.940114  951.818383  20.632435  0.148733  1.379069  0.153181
1258  1071.511306  1091.706163  20.137770  0.207407  1.497405  0.170450
1259  961.298719  987.855729  20.834468  0.146100  1.492828  0.147797
1260  964.388024  1222.930145  20.637540  0.113470  1.364963  0.147803
1261  1132.059791  1074.451108  20.270675  0.304996  1.437449  0.112934
1263  1157.252403  1095.845192  20.024229  0.273828  1.933426  0.225591
1265  1052.248248  981.910999  20.610162  0.131856  1.565325  0.240519
1266  1168.212460  977.523139  20.521507  0.122874  1.555429  0.243111
1267  1160.835973  1039.900836  20.201621  0.284225  1.349179  0.139687
1268  871.585096  950.317732  20.584010  0.226391  1.509112  0.109544
1269  1044.507443  1106.055127  20.595338  0.245672  1.313463  0.190394
1270  869.620040  965.663744  20.624763  0.125170  1.635109  0.179156
1272  973.088174  1212.765573  20.557138  0.134779  1.611882  0.236707
1273  1019.594834  1020.354929  20.759160  0.109457  1.276411  0.217748
1274  996.077076  1191.266406  20.414843  0.193600  1.261264  0.104520
1276  1001.439724  1106.055844  20.622207  0.102001  1.560695  0.102299
1279  946.992169  1009.481708  20.465658  0.094483  1.383877  0.126154
1282  1036.102697  1029.947146  20.597752  0.176871  1.323190  0.143229
1283  883.417252  941.800919  20.785006  0.094729  1.115583  0.286293
1284  872.917750  1010.664448  20.468319  0.103833  0.851443  0.299662
1285  1185.347154  1017.613619  20.675101  0.127704  1.479613  0.102089
1286  864.034980  1026.577654  20.537578  0.142188  1.547181  0.097320
1288  1031.318057  1184.908329  20.419708  0.090594  1.369565  0.142676
1289  924.633252  962.557112  20.529612  0.121770  1.413205  0.204483
1290  1069.857935  977.092690  20.557520  0.177385  1.313830  0.203015
1291  1200.103752  1131.721462  20.011317  0.230707  1.444221  0.091437
1292  1136.323092  1137.750938  20.413228  0.210163  1.390427  0.151324
1293  1178.249626  1077.670052  20.445678  0.159316  1.265613  0.194937
1294  1101.048156  984.517919  20.353026  0.137159  1.380041  0.142403
1295  958.783037  1000.505856  20.166247  0.140338  1.582585  0.094361
1297  996.579471  1055.397601  20.452564  0.116640  1.512005  0.120330
1298  1030.104965  936.398479  20.447275  0.121005  1.483796  0.091073
1301  906.497126  1004.086456  20.631689  0.102049  1.520502  0.111513
1302  1037.809930  949.366047  20.418468  0.183892  1.283128  0.155767
1303  1070.137590  960.788541  20.448373  0.163079  1.387946  0.156480
1305  1192.368722  1027.497656  20.140914  0.181470  1.342939  0.108140
1307  1047.980339  1107.241759  20.190419  0.127181  1.283531  0.125504
1308  1091.818414  1083.309445  20.169887  0.116621  1.225446  0.221387
1309  1132.850749  1092.884398  20.434806  0.094531  0.913559  0.290972
1310  858.112287  1005.007462  20.258255  0.190406  1.432950  0.086332
1311  1074.156175  950.035169  20.659726  0.135200  1.612520  0.131852
1312  1080.777503  1018.103480  20.577643  0.133755  1.523244  0.102026
1313  982.315500  1018.876314  20.418339  0.104421  1.546213  0.088067
1314  1129.662546  964.286403  20.380210  0.166664  1.344169  0.148624
1316  1132.588995  1098.633114  20.544068  0.130900  1.363914  0.102560
1317  1168.907837  1020.715418  20.235613  0.216528  1.464925  0.130032
1318  900.144927  1092.136346  20.373171  0.160749  1.440109  0.135901
1319  865.280410  1102.770360  20.332555  0.097382  1.560762  0.088602
1320  1045.420933  1091.205489  19.770472  0.174272  1.424206  0.085115
1321  939.561759  1109.492531  20.366722  0.089122  1.710346  0.266969
1322  1100.166164  1014.857155  20.306872  0.087175  1.346332  0.145192
1323  1025.784627  1035.744870  20.407508  0.132183  1.477624  0.087195
1324  1102.094397  1202.211123  20.369868  0.149163  1.374220  0.087648
1325  990.570844  931.577713  20.450711  0.095377  1.186782  0.217599
1327  862.869545  1081.194353  20.386352  0.179102  1.107544  0.188935
1328  1097.967596  1117.351752  20.069722  0.167836  1.439747  0.089919
1329  958.082048  1091.278684  20.450766  0.195371  1.287798  0.130283
1330  931.967201  1043.255747  20.093511  0.212733  1.532528  0.130869
1331  1036.977541  1069.747220  20.303729  0.099680  1.357933  0.122047
1332  1045.635953  1079.950541  20.242611  0.081723  1.576535  0.113544
1335  1090.816184  974.286971  20.075767  0.133045  1.706822  0.186521
1336  937.363702  974.892462  20.386963  0.093198  1.238017  0.136873
1337  909.730734  1006.068060  20.380798  0.214366  1.453841  0.169508
1338  1050.428498  1097.573007  20.068707  0.108260  1.628444  0.155966
1339  976.682394  979.901235  20.159555  0.137928  1.527260  0.226961
1340  916.208845  1094.676275  20.557414  0.292864  1.483122  0.158767
1341  883.237069  934.731592  19.951914  0.204997  1.691858  0.160396
1343  842.278707  986.965647  20.032619  0.205760  1.540345  0.146959
1344  1054.760509  1033.952932  20.218104  0.095028  1.604411  0.182000
1345  999.355617  1126.431048  20.184026  0.124611  1.354386  0.140778
1346  1145.219891  1089.805640  20.100613  0.089627  1.640381  0.140194
1347  1170.811453  856.929608  20.602951  0.242315  1.453924  0.140646
1348  986.429297  934.265631  20.073538  0.113873  1.531054  0.148730
1349  977.507758  1018.332856  20.187612  0.165545  1.459693  0.143322
1350  1085.817283  1060.051087  20.115157  0.172740  1.342370  0.076998
1351  1249.823314  990.643917  20.133921  0.147643  1.497322  0.099984
1352  1027.997757  1097.116221  20.168843  0.097491  1.455292  0.170960
1353  1101.673144  944.363090  20.095157  0.125377  1.482742  0.121179
1354  1166.659277  1120.772690  20.036710  0.129338  1.438576  0.132319
1355  925.406085  949.050573  19.937001  0.116608  1.382627  0.080725
1356  926.135071  1192.369869  19.830657  0.085915  1.340986  0.104971
1357  1041.538867  1112.893194  19.721835  0.203379  1.380269  0.088944
1358  954.134159  1108.439736  20.053253  0.175247  1.436491  0.125605
1359  985.894728  1042.529157  19.972461  0.076630  1.615045  0.103726
1360  1014.318346  1095.051776  19.911108  0.138320  1.410350  0.091813
1361  1026.092052  1066.721915  19.903910  0.151200  1.375170  0.145892
1362  1084.400046  1067.238728  20.116656  0.175803  1.301175  0.078761
1363  987.378586  1053.190246  20.035731  0.243221  1.387233  0.182268
1364  989.483971  959.397028  19.895918  0.097474  1.459535  0.133506
1365  1062.863483  1016.858460  20.042289  0.108590  1.242172  0.215405
1366  1048.982282  1016.948920  19.985653  0.167347  1.370751  0.119000
1367  1140.812718  1096.554557  20.030028  0.110940  1.349473  0.118566
1368  1041.729044  1099.240612  19.968773  0.124459  1.407094  0.085002
1369  1147.443425  1048.327107  20.010630  0.145289  1.427676  0.114876
1370  1134.050550  1057.669960  19.974150  0.127433  1.168550  0.130589
1371  936.634532  1047.016079  20.062420  0.113907  1.302298  0.140156
1372  1118.078996  1084.204257  19.988317  0.176258  1.378435  0.101032
1373  1083.686236  956.795679  19.921248  0.132995  1.482888  0.156683
1374  979.067208  1024.837181  19.874444  0.250703  1.339577  0.079592
1375  896.838451  957.065216  19.878769  0.115826  1.448864  0.155345
1376  1044.806615  962.327081  19.957917  0.078018  1.520523  0.168416
1377  927.758705  1090.720891  19.826096  0.115609  1.086138  0.144920
1378  982.344991  996.351611  19.905254  0.120999  1.436428  0.122700
1379  1010.129408  1018.608660  19.953975  0.193583  1.493928  0.110636
1380  1070.977147  1027.277189  19.878611  0.076432  1.214585  0.098948
1381  999.577088  982.564844  20.099558  0.117311  1.346653  0.165334
1382  846.972293  1021.768376  19.711527  0.113112  1.433141  0.103435
1383  993.762140  994.051441  19.675363  0.101055  1.344138  0.098696
1384  1024.942572  1011.226747  19.586575  0.187671  1.362428  0.150718
1385  914.141327  1046.585098  20.010045  0.083703  1.769435  0.165605
1386  937.944269  947.083796  19.857512  0.077505  1.600856  0.143683
1387  1052.021105  901.141914  19.787171  0.098814  1.603759  0.095794
1388  1056.438292  1109.461606  19.845781  0.114165  1.546065  0.093051
1389  1053.793976  1009.216266  19.764415  0.244811  1.405010  0.101241
1390  965.783900  1013.361132  19.789938  0.121804  1.469897  0.102510
1391  997.833646  1025.347932  19.871399  0.164839  1.601003  0.166970
1392  1095.365816  1048.139100  19.687123  0.124869  1.581493  0.073876
1393  1007.751250  1034.957025  19.828340  0.110124  1.394954  0.072502
1394  865.925079  1045.869527  19.563924  0.072236  1.265976  0.085468
1395  1097.101947  997.473997  19.827347  0.124339  1.521357  0.091058
1396  1066.942935  873.215672  19.703592  0.120725  1.198119  0.111418
1397  1074.097725  974.787830  19.599580  0.099940  1.480424  0.122140
1398  966.190633  849.638646  19.724332  0.193773  1.599543  0.141891
1399  953.447731  1042.298593  19.633109  0.120502  1.459277  0.136051
1400  1010.941911  879.500411  19.428556  0.097144  1.386881  0.088623
1401  1084.870779  1152.821699  19.697655  0.112426  1.419198  0.113596
1402  1077.619241  1003.807703  19.682810  0.070081  1.385891  0.102715
1403  1023.834808  1033.053983  19.592649  0.146364  1.460919  0.079478
1404  1087.064822  1094.931149  19.345716  0.095282  1.352976  0.094426
1405  1050.839204  958.922670  19.403245  0.170105  1.142283  0.163020
1406  1114.571530  999.788257  19.318244  0.099039  1.501494  0.112377
1407  978.319647  965.948764  19.499730  0.067527  1.376638  0.082157
1408  1028.996321  1099.654820  19.413523  0.110579  1.465675  0.087866
1409  944.945070  991.095337  19.520273  0.177462  1.227383  0.108396
1410  920.750367  1106.616545  19.379462  0.105004  1.591011  0.109937
1411  1026.845164  999.884268  19.490209  0.127390  1.321241  0.099687
1412  970.724434  1063.538217  19.411020  0.149745  1.420192  0.112948
1413  1045.748695  1169.667052  19.571874  0.084161  1.460859  0.091822
1414  1015.687188  989.717606  19.250550  0.136090  1.227757  0.101500
1415  904.561009  1106.221773  19.501535  0.145788  1.532584  0.127353
1416  1094.287708  840.825836  19.366194  0.068436  1.404546  0.106732
1417  1172.184965  1086.749471  19.683274  0.288958  0.998798  0.272181
1418  1088.731300  1009.101087  19.453428  0.113921  1.578319  0.130150
1419  1022.496072  1170.369987  19.439706  0.143123  1.512449  0.111044
1420  925.457695  1110.417265  19.361040  0.090332  1.245035  0.094561
1421  1132.496404  1162.706125  19.329067  0.139091  1.350874  0.211287
1422  993.203118  990.740439  19.438040  0.071547  1.250489  0.127087
1423  998.537810  966.858588  19.355775  0.071614  1.357739  0.076875
1424  1150.732534  927.269970  19.278606  0.062141  1.378702  0.118049
1425  1034.627748  940.639683  19.495436  0.118054  1.308012  0.109853
1426  1146.549719  983.527014  19.429353  0.071434  1.353915  0.066223
1427  896.179323  915.359191  19.220459  0.094377  1.705830  0.190824
1428  1116.342395  886.124155  19.327992  0.079980  1.319511  0.088864
1429  1084.327690  895.762698  19.330255  0.096434  1.315575  0.071423
1430  885.474816  1165.769728  19.391962  0.196623  1.355294  0.075925
1431  1022.744474  1007.127695  19.214207  0.082794  1.495583  0.076859
1432  1091.322982  1087.522570  19.220375  0.073052  1.414634  0.099506
1433  1074.529423  948.469043  19.164809  0.119760  1.328413  0.126731
1434  985.655071  871.152845  19.231748  0.062453  1.456390  0.072423
1435  1052.407972  1177.550172  19.228657  0.103225  1.413142  0.070528
1436  1062.380216  1013.962732  19.220759  0.086129  1.327767  0.070232
1437  1041.412239  1056.308777  19.172140  0.071582  1.368646  0.109295
1438  1106.409636  913.408737  19.123255  0.092519  1.356835  0.060541
1439  997.494231  1190.968279  19.208309  0.114609  1.129881  0.161213
1440  1137.734922  874.311025  18.998941  0.146500  1.375490  0.126453
1441  1158.691185  964.027740  19.197022  0.094341  1.501546  0.058679
1442  953.558794  911.860593  19.031982  0.063689  1.498043  0.109136
1443  1006.624625  814.421873  19.051989  0.107412  1.207508  0.109014
1444  1041.522053  981.676687  19.014072  0.064410  1.341010  0.098582
1445  952.323379  983.763784  19.072874  0.120052  1.314648  0.091409
1446  1097.788334  1080.479007  19.112123  0.081351  1.325927  0.115449
1447  931.972792  1059.325809  19.070206  0.119664  1.259055  0.087657
1448  1042.496532  856.170414  19.071502  0.075707  1.381307  0.126134
1449  1034.145485  1003.490959  19.166256  0.071902  1.396078  0.125240
1450  1032.918241  1066.417439  19.046102  0.082612  1.600979  0.181136
1451  1027.872276  1024.530493  19.023706  0.056026  1.469875  0.095401
1452  1141.751583  1155.218862  18.945026  0.070842  1.443770  0.108982
1453  1014.461870  1151.713669  18.952213  0.063588  1.415971  0.090745
1454  1086.042173  1047.748403  18.608860  0.155708  1.435618  0.055533
1455  930.775040  970.668913  19.066479  0.082836  1.529772  0.089626
1456  1077.750989  1047.171727  19.050953  0.090756  1.378451  0.065748
1457  964.062372  1153.532559  18.961583  0.067369  1.346128  0.106162
1458  1081.766892  1162.150400  19.056342  0.062268  1.276206  0.084747
1459  972.403241  1061.033431  18.951316  0.075590  1.339629  0.065401
1460  957.682401  992.431145  18.906801  0.086932  1.321498  0.087182
1461  982.788936  1095.869891  18.932528  0.063513  1.285611  0.137909
1462  891.596124  1034.508288  19.011884  0.088566  1.408092  0.066528
1463  940.463923  1233.781146  19.034151  0.095300  1.385285  0.152282
1464  1179.229164  1029.407273  18.521653  0.142835  1.341558  0.078618
1465  1149.516411  1061.848965  19.048095  0.053934  1.439146  0.070194
1466  1003.515597  1019.274588  18.757909  0.110662  1.304703  0.141354
1467  1093.639004  984.240312  18.912507  0.115705  1.401009  0.072244
1468  1042.289398  830.532690  18.889498  0.082822  1.363899  0.055279
1469  927.576310  1088.423281  18.823498  0.068821  1.326521  0.070784
1470  1110.931599  1038.137836  18.871854  0.058568  1.434008  0.066570
1471  1160.563692  1011.215790  18.785204  0.067931  1.329499  0.087028
1472  978.400911  921.252106  18.830952  0.071468  1.268900  0.074658
1473  1032.364032  1022.782423  18.865886  0.097560  1.354937  0.056773
1474  1149.902070  1009.864172  18.932865  0.111899  1.209809  0.115206
1475  878.803476  1125.239992  18.802003  0.097212  1.372637  0.071327
1476  1022.208655  1011.213824  18.842920  0.118779  1.439164  0.122420
1477  998.509261  1047.400817  18.507488  0.133398  1.445010  0.058155
1478  1173.411574  1008.361923  18.684324  0.114985  1.373322  0.146572
1479  998.390804  909.188424  18.752891  0.086473  1.359116  0.054470
1480  932.054692  1116.567122  18.827784  0.080116  1.302488  0.066066
1481  1143.684035  1041.912443  18.758462  0.064503  1.298216  0.107325
1482  1179.673395  979.369615  18.885423  0.112523  1.456421  0.063528
1483  1009.079501  1009.637437  18.734120  0.071238  1.345960  0.109906
1484  994.892165  1209.990246  18.739181  0.078736  1.440173  0.066753
1485  966.976778  976.071660  18.715740  0.173926  1.096555  0.139075
1486  1082.971668  1108.122399  18.682627  0.120110  1.359170  0.077377
1487  998.583419  937.723208  18.489818  0.073082  1.357392  0.139771
1488  922.069647  1172.947005  18.528279  0.049387  1.424307  0.121901
1489  1101.791130  969.609830  18.527656  0.084377  1.495293  0.097002
1490  1068.111974  1063.720960  18.443083  0.070753  1.361910  0.056678
1491  990.809661  965.365146  18.391697  0.052037  1.333729  0.084654
1492  1043.780014  932.627927  18.438156  0.060442  1.386866  0.061121
1493  875.536200  1086.228992  18.221154  0.121699  1.342226  0.089388
1494  1035.430482  1195.120108  18.519343  0.061557  1.429666  0.098292
1495  1002.378035  924.889989  18.107639  0.117628  1.527849  0.120573
1496  1026.598687  1075.961938  18.330732  0.072076  1.346742  0.065651
1497  928.654213  912.374538  18.278067  0.055841  1.356248  0.085815
1498  1058.424791  940.224102  18.221212  0.052255  1.317743  0.044700
1499  1185.683497  934.305219  18.260151  0.093541  1.428923  0.082350
1500  919.212442  1084.739297  18.184827  0.058078  1.445061  0.103073
1501  928.921518  991.859466  18.192056  0.055010  1.236407  0.074686
1502  961.244836  1012.863857  18.250854  0.068724  1.511707  0.079762
1503  966.518354  902.720553  18.177475  0.087925  1.312910  0.050653
1504  939.710177  1108.537958  18.276165  0.068668  1.380225  0.059135
1505  1196.163564  951.338783  18.117871  0.056058  1.283728  0.089312
1506  863.986729  991.326781  18.113639  0.060889  1.344146  0.056015
1507  1056.289321  917.730140  18.119408  0.098505  1.253725  0.079798
1508  1073.370481  1127.006515  18.034672  0.057132  1.359418  0.091171
1509  1196.114637  1043.876577  18.235977  0.072013  1.290584  0.043888
1510  1022.438830  970.615132  18.110636  0.076146  1.467806  0.091878
1511  919.744696  894.809027  18.084861  0.063058  1.193330  0.096930
1512  1066.023076  1044.150682  18.119346  0.061416  1.354342  0.056182
1513  887.298458  1001.799537  18.077899  0.043855  1.360105  0.099964
1514  981.559337  928.246866  18.168438  0.083284  1.213999  0.081343
1515  1030.440448  1003.534254  18.057200  0.098243  1.260445  0.083139
1516  1063.560438  941.300101  18.145812  0.091653  1.289709  0.059334
1517  931.748844  1056.529080  18.094295  0.114881  1.338706  0.082187
1518  967.924900  1198.150533  17.983292  0.078168  1.328173  0.110416
1519  1067.780055  878.646395  17.823927  0.101143  1.318055  0.045642
1520  939.647549  1012.188836  17.973988  0.094086  1.191707  0.122772
1521  920.432148  1089.307402  17.870713  0.100281  1.280135  0.044022
1522  1011.492291  1037.479670  17.859206  0.053929  1.376891  0.041326
1523  996.072120  1183.008481  17.936053  0.094078  1.369973  0.064196
1524  858.158838  1016.361288  17.996890  0.096214  1.223752  0.066561
1525  1028.704891  1207.252623  17.923971  0.061101  1.340214  0.065921
1526  931.947049  981.830697  17.839938  0.044081  1.335954  0.049570
1527  1067.910124  923.293983  17.887646  0.061824  1.256003  0.077801
1528  883.687997  1025.318666  17.661547  0.107398  1.289094  0.067395
1529  1070.705848  990.533018  17.690072  0.070857  1.254970  0.052205
1530  1093.215621  850.175652  17.697682  0.042364  1.341732  0.089163
1531  1034.386473  1055.200358  17.659992  0.098418  1.234379  0.096637
1532  1074.091377  852.964762  17.640895  0.075459  1.273318  0.076869
1533  1136.002601  981.339853  17.579805  0.044277  1.105430  0.089937
1534  1066.321265  949.308621  17.619502  0.048263  1.260227  0.041747
1535  1069.909012  954.166866  17.600845  0.074638  1.207064  0.043157
1536  1028.921958  1107.262300  17.352441  0.068259  1.275356  0.072340
1537  1035.384791  926.981038  17.402086  0.043850  1.155255  0.139033
1538  1059.772785  1032.828764  17.315039  0.044230  1.147842  0.092146
1539  1168.783032  1029.078979  17.439167  0.076976  1.203435  0.075559
1540  986.182799  1130.699039  17.238753  0.068957  1.187755  0.041784
1541  1238.641971  904.353587  17.344637  0.036023  1.260212  0.045829
1542  1035.857101  919.274680  17.262946  0.065625  1.256516  0.052670
1543  1075.590738  1024.842424  17.364647  0.048059  1.182775  0.043228
1544  849.799967  962.710630  17.313619  0.067306  1.189169  0.063645
1545  1160.516628  929.989161  17.177774  0.101113  1.121492  0.055558
1546  971.818250  900.824822  17.213690  0.035095  1.221273  0.055579
1547  1047.407575  1006.879703  17.177999  0.058872  1.252920  0.036671
1548  1013.166694  1042.606531  17.173168  0.062932  1.163418  0.063914
1549  1020.615905  929.049784  17.244250  0.099520  1.227613  0.052670
1550  914.652672  919.660278  17.204185  0.050054  1.204751  0.042155
1551  945.933824  1123.051889  17.122981  0.038612  1.213218  0.036887
1552  1087.408169  1092.370944  17.096610  0.075513  1.215774  0.084420
1553  978.406666  1206.659645  17.063452  0.037357  1.212065  0.050319
1554  1087.106785  821.635809  17.184964  0.060349  1.212054  0.060468
1555  974.738432  1040.391660  17.181731  0.048451  1.185957  0.035537
1556  1169.486602  976.320614  17.015114  0.045782  1.227575  0.037544
1557  1095.001416  1028.970291  17.110617  0.105049  1.177389  0.050903
1558  1187.365253  944.679240  17.010641  0.037160  1.218383  0.066900
1559  1045.166776  956.156293  16.890428  0.074613  1.268727  0.077837
1560  1217.387766  1002.581258  16.951149  0.052735  1.180108  0.040677
1561  953.371116  930.052915  16.925615  0.075837  1.151216  0.051679
1562  958.005801  952.095334  16.916645  0.043449  1.229753  0.051916
1563  923.598725  965.312205  16.857755  0.051866  1.146531  0.039197
1564  980.526715  1110.917059  16.697359  0.057445  1.134202  0.087344
1565  1120.905728  1017.694351  16.658495  0.055405  1.079191  0.053307
1566  1047.231713  1058.971197  16.585773  0.086641  1.079979  0.039555
1567  1006.670438  983.554396  16.562198  0.033849  1.115482  0.033650
1568  1105.974395  975.416033  16.507225  0.099785  1.110112  0.034014
1569  1046.069862  973.687890  16.474197  0.057770  1.057669  0.042827
1570  954.960507  921.225318  16.530899  0.043291  0.998276  0.039180
1571  1120.400937  1063.280271  16.499960  0.060684  1.088001  0.074303
1572  918.491730  1180.123996  16.559441  0.032412  1.069566  0.040139
1573  970.108682  1033.370829  16.408296  0.055293  1.018391  0.062230
1574  970.228552  1055.603282  16.458486  0.045271  1.085562  0.050508
1575  1167.185469  1066.785362  16.432786  0.053488  1.022626  0.034361
1576  1011.713270  1088.566436  16.444718  0.040544  1.169589  0.088433
1577  978.840740  1001.783665  16.355333  0.036610  1.058013  0.081368
1578  1012.735734  944.092856  16.331751  0.040904  1.029770  0.049123
1579  1036.231229  938.268447  16.425111  0.070398  1.090131  0.041078
1580  864.482959  1046.227988  16.340522  0.034782  1.040086  0.055823
1581  1062.261883  1085.769810  16.316541  0.051546  1.057377  0.037523
1582  1032.092426  987.698381  16.300695  0.034134  1.031531  0.051585
1583  1066.734387  1094.606787  16.307016  0.066517  1.011186  0.071162
1584  1005.885420  1027.581747  16.188270  0.028142  1.059297  0.058381
1585  933.932093  1058.276495  16.137120  0.050337  1.099762  0.036599
1586  1020.622090  1078.016471  16.192042  0.056371  1.136402  0.091664
1587  908.520366  1166.366863  16.064546  0.032059  0.952489  0.030674
1588  941.798134  894.034698  16.066672  0.030199  0.973741  0.085685
1589  996.121477  1175.490171  15.924250  0.029944  0.998544  0.037775
1590  1111.190589  1042.161295  15.888974  0.058155  0.881677  0.048872
1591  974.529331  1078.877880  15.813606  0.084211  1.004558  0.048380
1592  1075.852390  1106.860483  15.917468  0.046793  1.056622  0.050541
1593  1095.339356  1054.369055  15.787300  0.107202  0.955711  0.063114
1594  1033.809121  1089.684951  15.852664  0.044501  0.932544  0.073081
1595  886.927278  1153.261097  15.805509  0.034040  1.007407  0.048440
1596  1065.825239  913.333350  15.684179  0.047136  0.950609  0.042739
1597  962.228204  1102.205850  15.740407  0.030247  0.834863  0.049189
1598  1108.951757  1028.648509  15.707939  0.032862  0.921046  0.056785
1599  964.799263  1099.476255  15.734372  0.046917  0.903752  0.060592
1600  930.559795  1083.732050  15.688337  0.068369  1.027476  0.067713
1601  900.008182  1052.563374  15.638108  0.047490  0.870628  0.027340
1602  1001.433887  1084.212470  15.633211  0.025638  0.968499  0.049719
1603  1072.638157  1020.625469  15.551993  0.043261  0.931741  0.027925
1604  1054.320435  1103.613542  15.507011  0.045331  0.934154  0.043773
1605  1081.624617  1005.062042  15.554345  0.068271  0.910840  0.041871
1606  977.459446  1109.941494  15.389917  0.028785  0.908267  0.055466
1607  970.255852  1029.044654  15.445866  0.060571  0.853306  0.048040
1608  1089.781207  889.531208  15.367740  0.063847  0.885003  0.027187
1609  1070.513684  1011.637309  15.298869  0.035460  0.878841  0.038485
1610  1048.261161  1071.615017  15.245812  0.042051  0.934392  0.047789
1611  961.916539  1004.580229  15.196432  0.054614  0.905629  0.038125
1612  943.489536  1114.417336  15.292018  0.042352  0.806911  0.082252
1613  1061.625016  998.294118  15.138174  0.053455  0.787353  0.054309
1614  1025.301422  1089.548861  15.152936  0.058472  0.835901  0.065511
1615  984.957563  891.433472  15.147000  0.023957  0.804423  0.054317
1616  1074.571366  989.005353  15.199301  0.026979  0.788432  0.059419
1617  1009.393644  1045.220864  15.026443  0.075459  0.910326  0.050826
1618  1042.815877  911.486833  15.029578  0.025362  0.725082  0.040684
1619  1115.998986  1093.407601  15.037709  0.060973  0.746892  0.035518
1620  906.459464  912.730665  14.954238  0.041740  0.699876  0.061119
1621  946.248991  949.851791  14.838207  0.059169  0.770383  0.098735
1622  951.747768  1170.404045  14.865420  0.028612  0.821168  0.061807
1623  1088.475935  1158.213304  14.874256  0.053604  0.804666  0.043884
1624  992.952443  1071.741030  14.712963  0.050532  0.654376  0.066143
1625  1099.359539  1075.073229  14.792290  0.035399  0.828610  0.027346
1626  1063.297475  1074.114089  14.735692  0.038512  0.777708  0.039294
1627  856.055214  1144.830566  14.691914  0.052034  0.746664  0.041159
1628  1123.868426  937.426575  14.717233  0.051128  0.773918  0.022813
1629  1029.103575  936.817316  14.777711  0.054221  0.785998  0.034065
1630  1120.883343  892.632494  14.553603  0.029762  0.701900  0.039105
1631  1027.713556  1006.906716  14.554434  0.028148  0.772878  0.049182
1632  1197.530173  1122.569667  14.518008  0.030141  0.726432  0.023400
1633  983.657984  951.729009  14.514992  0.037291  0.667999  0.064912
1634  1038.608568  1029.146665  14.439858  0.033322  0.751911  0.026636
1635  978.063094  1092.316692  14.346891  0.044454  0.663671  0.055437
1636  947.802890  858.104095  14.340863  0.060370  0.624916  0.069119
1637  1006.396764  933.159916  14.294486  0.022423  0.707642  0.041808
1638  917.756785  1150.769254  14.219988  0.029632  0.590592  0.048141
1639  911.710740  1200.031498  14.231992  0.045306  0.773128  0.092909
1640  999.173161  979.985326  14.162650  0.050773  0.661410  0.045101
1641  1034.195640  953.354322  14.183696  0.035956  0.609972  0.024799
1642  994.844815  961.124536  14.083808  0.048833  0.619649  0.038516
1643  1158.293361  1093.199258  14.046157  0.032689  0.592118  0.030069
1644  1051.690865  1034.905047  14.015387  0.028579  0.672162  0.028938
1645  987.776758  938.084188  13.956361  0.054643  0.638410  0.020933
1646  920.876196  975.540470  13.906605  0.027257  0.630336  0.020864
1647  1033.520108  1081.184420  13.852483  0.021983  0.616975  0.043972
1648  1031.833989  992.845947  13.901768  0.035384  0.544721  0.036006
1649  985.240453  1047.534858  13.822581  0.023167  0.634221  0.036524
1650  1089.738138  1059.485471  13.778847  0.038986  0.585071  0.025695
1651  1044.422308  993.957663  13.628002  0.063501  0.575718  0.047679
1652  881.305743  1075.136635  13.770575  0.040536  0.609204  0.034607
1653  1066.163261  1031.937065  13.624967  0.024574  0.464858  0.036708
1654  974.726779  1001.107476  13.619563  0.054877  0.492967  0.048580
1655  1017.083351  1103.596872  13.574238  0.035740  0.543413  0.019791
1656  1169.187451  1078.339973  13.591072  0.038136  0.510430  0.039571
1657  997.788590  949.466685  13.489958  0.035460  0.479106  0.031604
1658  1011.069010  1044.907397  13.486252  0.021441  0.510652  0.021104
1659  876.400947  980.971930  13.399142  0.026179  0.537390  0.023593
1660  1139.022356  961.303081  13.261058  0.022121  0.475013  0.019411
1661  1174.659011  1036.082258  13.248605  0.020415  0.448739  0.026777
1662  1101.667389  1044.702024  13.299058  0.032535  0.535254  0.043002
1663  1039.148278  845.056471  13.230692  0.036793  0.440876  0.036034
1664  1017.802772  906.678211  13.091032  0.045601  0.494390  0.032820
1665  1017.979269  1028.379935  13.107639  0.027147  0.426266  0.028150
1666  1005.690798  1037.237576  13.079330  0.035987  0.523166  0.039152
1667  1026.792366  936.710779  13.082537  0.036749  0.460487  0.043371
1668  1091.352207  933.945487  12.984000  0.020260  0.402094  0.022524
1669  1165.002854  937.848463  12.884717  0.062323  0.404792  0.039628
1670  1151.469548  940.006257  12.850213  0.026056  0.385332  0.027750
1671  939.685335  991.793398  12.743222  0.058359  0.379304  0.019457
1672  1023.479972  977.726423  12.771344  0.028929  0.327104  0.021946
1673  975.747953  1113.427763  12.682120  0.029908  0.351082  0.031150
1674  1049.046016  1094.444646  12.663683  0.025343  0.364585  0.018961
1675  1035.751977  841.519002  12.600554  0.027574  0.317854  0.047346
1676  1091.007427  1011.423027  12.610132  0.034695  0.306348  0.018572
1677  999.644918  1062.379827  12.442306  0.052813  0.375963  0.054743
1678  1006.429962  988.057969  12.509686  0.020304  0.249129  0.022141
1679  1136.628982  1044.630569  12.507583  0.049266  0.342783  0.034804
1680  982.019359  849.311109  12.377930  0.063851  0.312797  0.040695
1681  913.155502  941.694136  12.373005  0.040388  0.271792  0.025287
1682  946.092667  968.565637  12.331266  0.024674  0.261496  0.031666
1683  998.622843  1077.660856  12.310480  0.027759  0.255128  0.018715
1684  1082.850365  996.635156  12.241628  0.040586  0.283926  0.055443
1685  974.554685  837.624074  12.218628  0.022790  0.267648  0.032828
1686  1081.206948  1114.554511  12.165710  0.044171  0.256944  0.033370
1687  1023.099965  1126.164480  12.077120  0.025362  0.204467  0.033543
1688  985.800212  958.424678  12.059409  0.027135  0.214087  0.026707
1689  1009.885860  922.159985  12.021007  0.041094  0.219762  0.022963
1690  973.116785  1054.480712  11.949322  0.028975  0.119195  0.040276
1691  1130.870047  1045.866168  11.896234  0.039754  0.180717  0.019301
1692  1034.478633  1112.990065  11.928692  0.033713  0.192065  0.040526
1693  1038.666015  884.638700  11.824176  0.027206  0.183785  0.026250
1694  1143.972741  1088.569467  11.781186  0.037917  0.088575  0.032598
1695  1062.591324  1167.067750  11.737267  0.034053  0.155267  0.031310
1696  947.726029  992.616796  11.722517  0.017543  0.106277  0.037189
1697  973.534986  1109.310751  11.632999  0.034259  0.124483  0.033000
1698  1103.064842  1181.859840  11.559943  0.042316  0.098159  0.022322
1699  1059.601592  1090.893988  11.616168  0.031226  0.110628  0.017269
1700  1124.253184  1165.677793  11.544936  0.028267  0.115703  0.022919
1701  1213.851116  1005.287281  11.534749  0.017472  0.131179  0.030348
1702  869.643530  1010.828493  11.472207  0.029220  0.034041  0.034202
1703  888.073032  1151.681516  11.473501  0.055642  0.115522  0.018304
1704  911.619133  1196.530012  11.417511  0.024806  0.059365  0.020953
1705  983.394243  919.875052  11.322797  0.018692  0.093710  0.025583
1706  917.004308  862.562816  11.212338  0.028072  0.059969  0.033969
1707  994.093773  946.553344  11.147045  0.020127  0.037643  0.042887
1708  906.730639  1187.797422  11.109530  0.021155  0.037089  0.040140
1709  1006.788403  922.413814  11.094524  0.025652  0.061892  0.043276
1710  1086.477189  970.409677  10.999822  0.034641  0.052248  0.040644
1711  1172.992594  923.852145  10.993831  0.024334  0.054347  0.026733
1712  1041.975747  1143.881871  10.866397  0.021827  0.029559  0.018913
1713  1015.047270  1006.342144  10.846531  0.019642  0.102411  0.025831
1714  961.584538  1095.971205  10.697908  0.017174  0.000298  0.040333
1715  898.922168  965.073674  10.625292  0.047141  0.089328  0.047002
1716  1029.063311  945.783869  10.605404  0.027350  0.168258  0.053658
1717  1046.048686  1097.533379  10.435057  0.023620  0.019866  0.030753
1718  1163.621315  939.083981  10.416049  0.026784  0.015117  0.018124
1719  938.003558  886.717194  10.356505  0.027666  0.010547  0.026019
1720  1170.868736  1042.576896  10.255834  0.017419  -0.000370  0.025960
1721  835.338465  956.075336  10.141911  0.016723  0.006244  0.034790
1722  1021.101158  972.873994  10.097265  0.020373  0.005132  0.020487
1723  1083.445617  922.144911  10.014174  0.019537  -0.046088  0.035220
1724  980.597658  1183.880950  9.893531  0.033160  0.003167  0.022999
1725  1046.587679  1139.661046  9.714514  0.024346  0.059716  0.035489
1726  1077.806490  898.792858  9.656865  0.030457  -0.001608  0.045856
1727  899.095921  1019.213865  9.639527  0.022931  -0.008070  0.032778
1728  928.631788  967.784714  9.467485  0.035805  -0.012071  0.020748
1729  1044.274668  1036.002079  9.191351  0.024412  -0.033433  0.033428
1730  974.961971  955.275653  8.973671  0.019949  -0.066006  0.045174
1731  1150.449746  1024.939295  9.054945  0.041549  -0.097434  0.047784
1732  994.126193  941.942764  8.714620  0.034582  -0.082424  0.038666
1733  1001.673277  1042.841068  8.616896  0.023542  -0.099858  0.033309
1734  863.385805  944.404767  8.244409  0.033060  0.001550  0.038873
1735  950.386422  1069.398159  8.126336  0.029163  -0.056927  0.019859
1736  1108.033475  993.251881  7.622410  0.031532  -0.109008  0.018127
1737  1047.508296  959.379005  6.542182  0.030328  -0.067395  0.022733
1738  939.995443  931.522990  5.144932  0.018635  -0.068957  0.019552
1739  1101.893100  1075.710771  11.815351  0.022146  0.181597  0.076249
1740  989.262316  1107.823370  8.308480  0.019607  -0.088326  0.015647
20  1061.336004  31.811808  6.569541  0.025341  -0.143718  0.021955
21  532.727714  813.608476  8.394566  0.018817  0.488445  0.028667
22  1210.342660  1330.811758  8.062006  0.041539  0.005514  0.028959
23  1374.179192  1249.832959  14.904375  0.036349  3.415299  0.033020
24  189.392447  1770.829844  8.726789  0.034103  0.004793  0.033690
25  1771.793749  1191.110901  8.767945  0.043143  0.015718  0.046305
26  1568.203094  1415.257758  9.192390  0.033940  0.177342  0.025659
27  1698.805485  371.874837  9.411278  0.030638  0.135756  0.031332
28  785.625080  1891.818146  10.932226  0.029201  0.955296  0.019871
29  438.167655  565.916576  8.938362  0.024955  -0.071912  0.046376
210  776.861679  1371.662845  11.473534  0.037422  0.895220  0.019051
211  779.739266  41.824549  13.685941  0.032715  2.347607  0.031958
212  1614.597650  1248.675814  9.623100  0.026254  -0.205785  0.020271
213  609.723302  630.271271  11.173345  0.044023  0.691839  0.021411
214  1415.359809  1329.697884  10.898684  0.039292  0.021522  0.045909
215  1942.075765  457.997483  12.696169  0.028905  0.943557  0.045284
216  911.358463  1513.777654  10.907936  0.038408  0.241450  0.021090
217  529.783402  1148.744740  14.575147  0.026919  2.223824  0.027398
218  317.648011  1498.849335  11.316598  0.020858  0.094637  0.026772
219  1648.516932  1106.789980  13.760761  0.019983  1.518181  0.022509
220  1200.259139  334.810238  11.705066  0.049170  0.403461  0.034351
221  1835.505916  1292.166899  17.964824  0.103507  3.696008  0.066202
222  1683.627406  1604.155586  12.926018  0.038101  0.767246  0.033586
223  647.745307  1600.391556  11.052352  0.035726  -0.295958  0.027910
224  725.564734  90.178102  11.771499  0.025276  -0.013749  0.023273
225  708.235519  23.504733  11.680528  0.049048  -0.101137  0.034601
226  697.394239  556.165566  14.417241  0.032387  1.570922  0.041702
227  1806.841786  985.307686  12.468946  0.024893  0.408963  0.031970
228  1889.143067  491.308139  12.042153  0.025797  0.179474  0.019402
229  1339.269765  1094.029047  12.097248  0.050795  -0.023307  0.044419
230  271.190246  736.299621  16.824257  0.051938  2.564128  0.046417
231  171.312522  1158.591371  12.973308  0.038716  0.586299  0.059662
232  1231.456450  1151.230029  15.728365  0.037754  1.773640  0.037983
233  482.190103  539.412328  12.937830  0.026051  0.147051  0.053353
234  877.264570  337.860951  18.500543  0.089529  3.762251  0.127741
235  1466.183570  1639.416525  13.902187  0.038444  0.773852  0.070828
236  1865.744703  751.855422  13.600530  0.030882  0.652234  0.044342
237  53.593227  408.957095  13.346978  0.025265  0.522746  0.040737
238  336.285564  1294.327497  13.431256  0.025297  0.355877  0.029329
239  1328.430193  1684.744461  15.019491  0.058878  1.098045  0.040768
240  21.990540  1405.530482  16.273705  0.053511  1.991408  0.037004
241  355.012840  1317.295138  17.808990  0.040816  2.765232  0.076199
242  575.127213  1660.706325  13.791228  0.031327  0.707496  0.033042
243  197.606779  119.303001  13.386771  0.023761  0.341396  0.021006
244  848.412511  1077.372617  16.343403  0.046099  1.948496  0.047249
245  1931.460022  1228.424049  15.145605  0.081953  1.201214  0.039029
246  993.630152  1024.243402  13.653805  0.053220  0.381563  0.031390
247  801.886307  456.244767  14.892001  0.033674  1.199860  0.059350
248  1087.968400  1140.868572  14.280661  0.058486  0.795726  0.032444
249  1131.291262  1161.246195  16.499955  0.094675  1.851276  0.049570
250  612.113263  196.776816  14.430229  0.022507  0.691194  0.053637
251  1187.107201  615.216094  13.183419  0.019198  0.286566  0.020758
252  533.737670  1345.140101  13.946922  0.035931  0.367670  0.024392
253  390.145524  804.144785  14.074206  0.033857  0.788056  0.029894
254  140.853937  13.143600  14.153203  0.023434  0.352794  0.040705
255  880.694992  41.497333  14.496188  0.044933  0.770189  0.047661
256  1571.549333  371.445891  14.209512  0.034030  0.325765  0.027367
257  1722.996455  954.051341  13.618155  0.031550  -0.157674  0.062177
258  376.842094  1357.831670  14.128079  0.022764  0.614575  0.025695
259  577.207363  1500.879694  16.960278  0.086714  2.101143  0.128338
260  718.192080  1706.173281  15.249371  0.037871  1.178115  0.048530
261  1988.561444  680.984842  15.152136  0.049336  0.988700  0.050512
262  1863.692527  1756.443040  14.542961  0.050176  0.717983  0.041216
263  418.429569  1627.601504  15.303345  0.064183  1.069460  0.025145
264  1499.682157  1864.466622  14.556098  0.026186  0.532342  0.022286
265  1235.108042  1543.140757  19.620192  0.104008  3.501590  0.071873
266  778.226294  1936.101266  15.426064  0.047435  1.102215  0.046080
267  47.595901  1640.896243  15.981399  0.033607  1.429120  0.052842
268  271.667051  1112.622862  14.100670  0.022235  0.432417  0.032527
269  1100.566720  1932.857908  14.616423  0.040752  0.617291  0.049445
270  1201.657848  177.881133  13.533397  0.034892  -0.082896  0.032444
271  1700.274061  235.250670  16.223970  0.049729  1.764536  0.040638
272  597.227732  1756.493201  14.964772  0.071844  0.563722  0.061207
273  1466.803586  957.414279  18.282886  0.078254  2.456894  0.063793
274  1602.883108  1147.434420  14.972440  0.041336  0.401733  0.028871
275  1113.709185  531.031389  19.775358  0.115856  3.153978  0.091921
276  530.080939  210.838459  13.350642  0.023027  -0.346729  0.021817
277  1201.618192  44.201660  19.262514  0.082737  3.055889  0.179607
278  673.938213  738.871614  16.253503  0.050647  1.346521  0.029706
279  552.958300  1299.479641  14.944727  0.026285  0.409223  0.045498
280  748.040408  1808.237296  14.800715  0.054953  0.768776  0.058102
281  957.968277  1551.062499  16.422501  0.060602  1.442255  0.069866
282  246.755850  819.477209  14.799231  0.033996  0.488575  0.025228
283  1013.939266  1348.742559  16.643942  0.055309  1.404124  0.058608
284  281.044305  433.312724  14.829635  0.076881  0.468845  0.035057
285  491.192534  1129.078978  14.690436  0.027912  0.393611  0.034592
286  1009.764623  387.280245  15.197301  0.037543  0.757174  0.045634
287  1305.186128  2.648589  15.113578  0.042135  0.602367  0.057570
288  1256.672523  2006.477561  20.424081  0.219122  3.591134  0.223053
289  7.520934  747.708595  19.917143  0.079919  3.960084  0.143567
290  1530.732528  107.420635  14.318852  0.051070  0.161638  0.047809
291  984.772076  532.305266  16.343779  0.045221  1.215031  0.037198
292  724.460239  1909.864027  14.433880  0.035508  0.315787  0.041380
293  571.858930  1363.131032  17.813550  0.069437  2.093240  0.058797
294  1850.339436  1877.097253  19.289498  0.169701  2.802902  0.086886
295  1901.782777  765.451167  15.655223  0.028597  1.044688  0.034456
296  827.544027  1949.852160  16.506929  0.109051  1.341612  0.041029
297  149.073964  1820.702851  14.715981  0.031403  0.366280  0.042647
298  301.764131  1853.911240  17.806638  0.096655  2.243529  0.049445
299  1029.506064  896.378124  18.011781  0.071603  2.568888  0.080716
2100  1422.920718  1085.330956  18.287133  0.059340  1.995233  0.093229
2101  172.903535  911.735325  14.544152  0.022620  -0.124779  0.025845
2102  191.933187  542.684916  15.940282  0.044648  1.195989  0.035975
2103  1625.273046  1174.267713  15.152583  0.033922  0.344775  0.046910
2104  1158.782993  283.715859  18.559262  0.093319  2.081002  0.075094
2105  417.585095  1870.208149  19.096031  0.117147  2.611320  0.087309
2106  525.266259  194.483061  14.714798  0.026427  0.233757  0.058859
2107  103.626519  2027.300647  17.208458  0.042257  1.284030  0.082068
2108  1752.186831  414.020640  16.915302  0.032856  1.329236  0.038785
2109  1700.358146  420.540689  16.590776  0.040021  1.102290  0.071239
2110  1335.773519  1935.725192  17.035213  0.048558  1.271018  0.034749
2111  909.193624  521.957501  17.628544  0.077735  1.534528  0.070126
2112  1584.085519  28.261975  15.757659  0.081794  0.607809  0.045225
2113  802.276385  1620.838498  16.837846  0.075920  1.071496  0.054744
2114  890.749375  1929.592010  15.978003  0.042039  0.661637  0.053292
2115  1021.155023  1189.005403  17.724993  0.088613  1.864009  0.052347
2116  1930.309525  626.407574  16.890539  0.061248  1.049869  0.055585
2117  712.932283  1646.316652  20.237747  0.132949  3.341279  0.229951
2118  464.548791  1535.466097  19.077194  0.147107  2.603774  0.071795
2119  765.710383  1675.611986  16.230997  0.063891  0.790963  0.039943
2120  1969.620680  1697.784206  15.651899  0.037870  0.578258  0.038717
2121  416.445318  953.301660  16.268841  0.059410  0.775304  0.046390
2122  410.535083  180.849298  17.192658  0.075262  1.522146  0.039447
2123  140.030844  1140.788477  17.740403  0.084306  1.932510  0.056951
2124  493.993554  138.110387  16.421530  0.040278  1.000943  0.042056
2125  141.785827  1771.557681  19.348615  0.089655  2.510753  0.078003
2126  420.991090  966.880203  15.817513  0.039078  0.748279  0.051776
2127  1670.516376  872.662615  16.898367  0.037815  1.198855  0.034474
2128  361.641162  1530.681506  16.236328  0.028224  0.801909  0.057516
2129  720.079852  1824.273512  16.055544  0.101703  0.912215  0.061151
2130  178.287848  1262.893585  18.804724  0.102961  2.298577  0.050574
2131  1277.713222  506.023001  17.545550  0.067559  1.523839  0.070386
2132  732.603968  738.502331  15.333138  0.029619  0.935914  0.078014
2133  1601.302306  256.376587  15.772839  0.027616  0.836320  0.056897
2134  512.939696  119.296242  16.386016  0.049740  0.967250  0.038664
2136  1518.165673  575.941915  15.327518  0.047288  0.325346  0.045275
2137  1913.785489  35.970484  18.881617  0.096996  2.381264  0.079292
2138  1016.296203  732.473648  16.490582  0.108324  0.778083  0.060118
2139  1727.012071  1104.897581  19.108282  0.143667  2.283916  0.122350
2140  557.197006  1922.152990  16.570205  0.074544  1.797877  0.061895
2141  1393.555738  245.442379  17.705959  0.053035  1.132277  0.076926
2142  1936.160370  1964.370421  17.105679  0.039170  1.222503  0.059851
2143  752.442118  1556.171460  16.601997  0.076210  0.801466  0.031973
2144  199.727651  504.152637  19.533889  0.085100  2.415503  0.091029
2145  257.393418  817.997834  17.471156  0.090127  1.302528  0.044200
2146  808.496735  1806.487507  20.143043  0.093733  2.492604  0.093283
2147  176.247134  368.847784  16.501629  0.090910  0.724931  0.076973
2148  733.364917  748.938341  16.736005  0.077802  0.907022  0.064908
2149  807.162229  417.252077  16.589596  0.030751  0.785922  0.072463
2150  261.023739  2025.951056  18.836158  0.082232  2.105097  0.093817
2151  149.392232  687.426460  14.936907  0.031780  -0.111898  0.046754
2152  711.014854  370.388302  16.088364  0.073152  0.350999  0.037075
2153  402.531521  1130.663351  16.706471  0.039624  0.827640  0.068128
2154  487.794518  718.448255  15.839533  0.040489  0.430175  0.049883
2155  840.512315  1551.087876  18.066121  0.045522  1.817565  0.066243
2156  1495.797449  368.274405  16.623182  0.036155  0.777659  0.050367
2157  1353.717688  1381.160452  17.821328  0.046779  1.444296  0.071188
2158  1939.499052  794.338037  16.016483  0.058381  1.026666  0.038037
2159  1535.122746  552.679103  17.506256  0.071787  1.250901  0.052877
2160  557.113351  1896.188373  16.916491  0.033260  1.325980  0.036098
2161  876.844507  1412.653483  18.336874  0.060440  1.871572  0.055688
2162  327.195662  1936.793973  17.327073  0.049701  1.385609  0.054093
2163  1357.709927  1490.147812  16.134480  0.038742  1.140503  0.062313
2164  322.007134  1018.989430  16.777796  0.038692  1.405079  0.038502
2165  1591.926275  1555.119823  20.121117  0.262734  2.824799  0.095473
2166  1897.546131  366.077494  16.386875  0.045475  0.694373  0.042649
2167  1910.087733  1566.950665  17.092276  0.062959  0.919469  0.111306
2168  1101.166928  521.200816  16.121745  0.038439  0.827666  0.057491
2169  1644.522176  1082.699332  18.176029  0.050081  1.635835  0.095328
2170  778.206915  1355.328732  16.282257  0.038702  0.665317  0.029498
2171  676.776827  1208.304165  18.276971  0.104701  1.665356  0.055380
2172  299.539028  415.364211  16.746048  0.040028  0.799184  0.035313
2173  1282.910062  650.546886  17.366781  0.048589  1.215150  0.047032
2174  569.655375  555.800189  16.023553  0.031746  0.812978  0.048334
2175  285.171056  1990.451115  20.385992  0.190517  3.012315  0.088469
2176  892.198530  1599.350089  16.397264  0.044128  0.971534  0.029910
2177  1656.578417  512.927567  14.814872  0.030742  -0.086784  0.036487
2178  861.511421  22.284825  16.415119  0.036511  0.487996  0.052003
2180  1338.157345  1665.552115  16.931950  0.041372  0.963117  0.089635
2181  716.506691  586.079087  16.311851  0.045846  0.894910  0.041469
2182  1245.534198  1891.895522  16.675824  0.032441  1.810661  0.048091
2184  1517.186248  603.994377  19.293538  0.141514  2.044496  0.133937
2185  1367.810074  501.070829  16.481523  0.049381  0.875703  0.068999
2186  1951.803604  863.753951  16.228254  0.049496  0.353494  0.075998
2187  1695.522913  1299.677420  16.100811  0.059930  0.539866  0.033789
2188  424.352133  768.868069  17.516012  0.055528  1.428121  0.097852
2189  1272.834205  1129.073603  19.690655  0.098970  2.527227  0.085608
2190  1333.341624  1295.077611  17.988051  0.067332  1.589770  0.059764
2191  1777.097097  1214.783169  19.443532  0.128102  2.233852  0.180757
2192  1656.582367  313.237803  17.895645  0.117335  1.194794  0.069656
2193  1743.442137  1985.990458  18.831082  0.119947  1.852463  0.148277
2194  1463.399757  1245.445330  19.563617  0.080188  1.953610  0.087801
2195  1163.410153  179.299591  17.316228  0.037443  0.718569  0.036145
2196  1913.897367  1687.338847  19.110835  0.082005  1.711030  0.074055
2197  1854.545693  119.749318  20.723645  0.123209  2.686283  0.204995
2198  617.464992  530.901130  17.360592  0.052651  0.905272  0.075206
2200  456.641322  773.641548  17.823699  0.069269  0.924976  0.058914
2201  433.424185  1278.866922  18.510439  0.079447  1.518169  0.062647
2202  32.790654  1457.291634  17.355546  0.071015  0.846648  0.066707
2203  1947.428823  1343.994232  18.724588  0.067122  1.595347  0.103807
2204  1576.000179  950.031787  16.964406  0.093549  0.619822  0.063175
2205  1201.543792  807.600156  17.727184  0.059421  1.590688  0.047579
2206  910.851097  1111.813075  17.579103  0.054679  1.080831  0.049656
2207  1625.618563  1198.069154  17.408229  0.130532  0.819906  0.044372
2208  40.099435  174.575758  16.012772  0.030308  0.224151  0.039541
2209  444.901347  876.661824  16.739542  0.061801  0.731631  0.037586
2210  387.035779  1984.832217  19.313641  0.151364  1.816511  0.105168
2211  1000.561352  21.555433  16.525039  0.060711  0.186102  0.036850
2212  1150.468811  1862.087318  17.787635  0.060463  0.939518  0.107927
2213  1274.235152  1566.614185  16.962097  0.075571  0.853722  0.074626
2214  531.484388  1569.641883  17.912980  0.048716  1.280753  0.044308
2215  679.084266  817.244836  20.548340  0.121224  3.119772  0.219085
2216  799.319644  297.962207  18.521819  0.073121  1.662465  0.087522
2217  292.185271  164.137964  17.464823  0.127150  1.020135  0.106262
2218  1754.909313  1596.755852  18.327570  0.126173  1.300845  0.087599
2219  1945.385718  1539.780148  17.245491  0.058741  1.421013  0.068692
2221  1288.043444  1180.320420  19.754279  0.240615  2.270245  0.108374
2222  1017.435551  1808.697516  19.091168  0.079424  1.752059  0.132268
2223  547.839220  1732.270142  15.975875  0.029685  -0.132039  0.043876
2225  864.178757  1405.154238  17.207725  0.053480  0.866510  0.040383
2227  1832.136764  792.026196  19.887492  0.088951  2.458283  0.080895
2228  1285.317731  1411.256671  17.571703  0.057873  1.046684  0.082953
2229  520.469820  886.785093  18.165186  0.115499  1.446543  0.074572
2230  211.154801  1838.227272  17.920373  0.053828  1.152273  0.056501
2231  594.337140  585.438797  17.516637  0.076232  0.847448  0.103356
2232  1159.540009  1759.404440  16.948993  0.048315  0.706425  0.042660
2233  1240.004275  1219.640796  16.667686  0.046455  0.435934  0.054997
2234  501.301067  428.809966  19.676928  0.091538  2.127394  0.116075
2235  1833.487833  1920.876930  17.347548  0.058074  0.819236  0.076480
2236  353.156769  1532.784142  16.855557  0.034773  0.653410  0.096481
2237  984.219156  131.339157  17.058489  0.046136  0.639101  0.073072
2238  1689.210045  1741.797563  16.937379  0.073728  0.889348  0.067299
2239  583.362733  192.393624  16.891717  0.036298  0.833626  0.068617
2240  1740.366376  2017.252213  17.721471  0.041394  1.137054  0.109186
2241  1378.536400  1462.713667  19.658909  0.077168  2.000767  0.139542
2242  113.286888  1439.161014  17.950163  0.076491  1.094055  0.125429
2243  1704.761025  1729.188329  19.775420  0.146633  2.073212  0.203805
2244  57.683984  1982.015367  17.374434  0.064823  0.993777  0.059568
2245  423.070243  1227.993059  15.441370  0.034449  -0.317098  0.065802
2246  1668.103484  165.828837  17.411179  0.091676  0.822453  0.096820
2247  467.102983  344.965095  19.227801  0.151254  2.040518  0.110378
2248  1727.840635  640.937679  16.729911  0.055366  0.514513  0.053169
2249  692.838552  782.221034  17.331227  0.079052  0.849313  0.094911
2250  1023.130429  756.924461  19.577870  0.116077  2.359166  0.140169
2251  650.442725  1713.881579  17.326404  0.076005  0.786983  0.043674
2253  1197.506680  1047.372171  17.293923  0.057044  0.827653  0.064160
2254  1797.703716  283.440721  17.002243  0.053787  0.819056  0.043906
2255  990.275438  1495.762872  15.753448  0.051922  -0.131877  0.064685
2256  1747.211327  1879.398609  16.573804  0.038926  0.542501  0.055916
2257  746.383083  1648.753455  17.102474  0.056618  0.765300  0.038298
2258  924.779620  1479.381248  19.656469  0.101641  1.812761  0.155913
2259  1412.532816  1549.054343  19.885175  0.134256  2.476789  0.148371
2260  1775.989569  1555.899557  17.708897  0.066268  0.999822  0.055203
2261  2041.546522  950.647593  19.257671  0.090423  1.628737  0.070693
2262  357.947629  483.084817  17.027555  0.085604  1.454398  0.044838
2263  1679.355055  243.585154  17.633825  0.042080  0.889570  0.077671
2264  341.075139  295.062017  16.865924  0.049310  0.724521  0.043771
2265  273.240137  1575.787202  19.669416  0.093192  1.800304  0.079876
2266  107.063459  947.389235  18.444819  0.080561  1.190898  0.071663
2267  1352.935724  5.894608  18.638625  0.116194  1.218375  0.064947
2268  1573.398168  1299.889739  20.054186  0.086225  2.069385  0.115427
2269  949.797268  1890.677645  17.969529  0.061135  1.469446  0.101745
2270  1667.478191  17.548840  18.086911  0.099090  1.008063  0.068517
2271  154.051321  1960.290749  17.803095  0.048969  0.840016  0.045541
2272  264.460296  1075.777614  17.807847  0.044021  0.932727  0.060907
2273  1641.630190  648.721883  19.187894  0.127036  1.671620  0.098102
2274  106.754142  969.301002  20.270982  0.148119  2.094762  0.185759
2275  1853.119262  1432.961540  18.288893  0.085556  0.913789  0.047252
2276  1850.884185  267.446810  18.858497  0.069296  1.182417  0.108033
2277  240.388870  323.776432  17.182911  0.080893  0.699105  0.056693
2278  1456.483861  405.111393  16.480337  0.046250  -0.113853  0.034657
2279  545.299881  428.216338  18.774993  0.110104  1.142158  0.085586
2280  1231.196650  431.497037  17.866966  0.052445  1.000970  0.062363
2281  8.735154  330.006723  18.070751  0.112011  1.113265  0.092539
2282  92.562534  670.213762  20.052086  0.166271  1.912969  0.222966
2283  1518.591475  819.457946  18.588665  0.085431  1.215048  0.125555
2284  1660.612565  982.492521  19.721009  0.214624  2.121859  0.118933
2285  307.428457  631.438434  18.376903  0.103590  0.847156  0.076607
2286  1288.153279  1281.614612  18.974652  0.173853  1.307288  0.056109
2287  1403.335403  1617.715022  18.192976  0.054324  1.574610  0.100221
2289  382.519490  585.727376  17.164768  0.046833  0.521988  0.034751
2290  874.662559  102.904000  18.467044  0.077730  0.977917  0.096220
2292  1941.243052  1275.331990  17.757972  0.051990  0.858068  0.047603
2293  289.070825  1858.966445  18.045384  0.067747  0.948170  0.100761
2294  625.215391  1754.841197  17.879326  0.103427  1.438184  0.048885
2296  339.057336  1695.609327  19.641782  0.169482  2.057852  0.082874
2297  1143.035764  1964.430510  17.802711  0.102556  1.060069  0.066471
2298  464.379152  1090.897671  20.327266  0.115551  2.206683  0.192374
2299  335.514990  2014.585174  17.825186  0.084660  0.841340  0.104458
2300  478.557236  988.389899  18.441121  0.075352  1.189681  0.088944
2301  1720.305885  1036.985784  19.019916  0.159284  1.475908  0.079236
2303  228.001447  158.830718  20.708371  0.165746  2.365513  0.109112
2304  373.918574  1428.138507  17.766303  0.054483  0.929781  0.111191
2305  1985.100930  1576.813845  19.156499  0.128141  1.534744  0.075491
2306  217.900221  647.401981  18.597783  0.097343  1.982960  0.049702
2307  529.953990  1290.136515  20.935315  0.243135  2.515918  0.129420
2308  1665.082146  1326.457243  20.226444  0.216931  2.192619  0.100676
2309  554.882959  698.739244  19.319003  0.109347  1.612363  0.123767
2310  413.547149  61.617030  17.909622  0.046210  0.935337  0.059706
2311  722.608731  1213.692327  20.304244  0.126968  2.051352  0.198311
2312  1498.219261  1789.142812  18.212175  0.043817  1.650744  0.064530
2313  1222.752033  708.250614  18.169866  0.108653  1.246537  0.056188
2314  277.121389  571.994535  18.124436  0.075290  0.964121  0.103129
2315  156.335121  1678.591512  17.919917  0.060206  0.837675  0.040436
2316  252.458145  273.669689  18.037908  0.105569  0.839256  0.080272
2317  1271.374073  1210.046611  17.250370  0.043941  0.825313  0.103730
2318  843.288584  932.603788  16.507852  0.046932  -0.043644  0.029523
2320  1531.582297  171.522380  18.405123  0.141705  1.165311  0.063588
2322  1400.032197  1145.691075  19.733425  0.075378  1.951539  0.125749
2324  1974.413707  1544.292994  16.876570  0.034792  0.419373  0.045457
2325  1251.949582  433.118291  18.565782  0.070578  1.360679  0.092322
2326  333.618693  1377.833627  17.636183  0.066759  0.911250  0.069781
2327  82.821499  1482.865364  17.532778  0.078280  0.708655  0.066900
2328  170.379695  830.206006  18.360043  0.071752  1.068967  0.066838
2329  1579.108765  89.843607  18.108435  0.060127  0.892011  0.047627
2330  635.692060  532.970107  17.731633  0.051037  0.918372  0.097815
2331  1503.132272  1686.884783  18.322632  0.046790  0.892356  0.093328
2332  686.397151  703.318389  19.340636  0.080750  1.822150  0.132905
2333  1534.843105  570.869256  18.800258  0.070860  1.123314  0.120131
2334  18.018761  916.015052  17.752217  0.097340  1.003749  0.139248
2335  1864.904532  879.610231  18.399986  0.070749  0.995947  0.093803
2336  1620.433298  1976.558423  18.200071  0.052713  1.289409  0.135513
2337  979.214434  671.646339  16.219439  0.034593  -0.148430  0.043557
2338  1443.050078  1535.809009  18.533668  0.116228  1.297065  0.084318
2339  1623.367331  236.982341  20.308090  0.097809  1.907909  0.093132
2340  412.389984  590.539192  18.206436  0.071071  1.290387  0.181354
2341  1891.138282  979.871894  18.374675  0.085328  1.098398  0.097434
2343  1310.144688  738.229212  19.247072  0.058856  1.434766  0.093050
2344  233.961468  1266.174255  18.585980  0.094750  1.490381  0.084202
2345  1951.242566  904.647903  18.233361  0.062851  1.941709  0.046552
2346  647.368192  834.646818  20.291929  0.153791  2.221208  0.154981
2347  1690.850948  358.810245  17.737407  0.051416  0.906088  0.047073
2348  1738.800920  1849.312314  20.378631  0.082218  1.881395  0.251644
2349  1100.091609  1738.369599  16.789284  0.058404  0.187490  0.031376
2350  1574.994948  83.496462  18.207174  0.063902  1.060900  0.059968
2351  1389.116427  688.796313  18.225703  0.073826  0.915782  0.083957
2352  1478.496836  467.431277  19.100424  0.082052  1.058684  0.164110
2354  645.810956  1059.190191  20.831069  0.169205  2.627002  0.210667
2355  1707.710777  751.840848  18.877743  0.104081  1.404443  0.082647
2356  1576.953094  1459.091773  17.879590  0.044108  1.111945  0.067126
2358  1040.109164  1771.710826  18.869029  0.056341  1.173486  0.080264
2359  661.595445  1288.005128  15.996778  0.048831  -0.296045  0.036990
2360  1805.046771  1688.052922  18.260080  0.119532  1.111247  0.062228
2361  1312.661237  1685.802198  19.633963  0.141470  2.178236  0.093460
2362  668.559959  112.899504  18.041665  0.076525  0.937568  0.057642
2363  59.255378  1624.942517  17.935117  0.071709  0.995961  0.062043
2364  631.080935  1692.968652  19.720717  0.107877  1.480941  0.147037
2365  1775.204771  1646.013746  21.038724  0.186317  2.138172  0.195114
2367  111.713235  1250.347094  17.946870  0.061876  0.625328  0.093199
2368  598.641797  1247.652372  18.530011  0.054380  0.661374  0.164997
2369  1296.131498  689.385837  19.482902  0.087972  1.389985  0.065099
2370  850.553488  1111.136395  21.127688  0.144319  2.193459  0.211192
2371  133.593575  1751.633555  20.267904  0.227803  2.068840  0.109477
2372  961.862018  459.348059  19.171956  0.148207  0.888380  0.213477
2374  723.533934  1271.840464  18.774026  0.128463  1.120501  0.063796
2376  431.708014  1825.824722  20.111026  0.172482  2.082695  0.144997
2377  1988.459972  1803.409713  19.851926  0.132195  1.477675  0.101579
2378  1790.112168  693.483846  19.090236  0.080740  1.125199  0.119615
2379  538.479527  535.078140  17.988135  0.085605  0.204361  0.088937
2380  42.101414  1249.389640  20.729164  0.157405  2.090796  0.149219
2381  1901.813055  35.836131  18.983622  0.171576  1.293215  0.157037
2382  858.256506  1444.259106  19.067223  0.133479  1.391757  0.117442
2383  147.602208  376.710141  18.732921  0.112653  1.084977  0.185576
2384  753.431199  1214.003566  19.233333  0.220150  1.311031  0.097747
2385  769.279143  1204.666852  19.019143  0.138754  1.343655  0.136796
2386  2046.352476  863.075807  19.583803  0.070752  1.400665  0.129939
2387  1810.740258  557.701315  19.424461  0.095435  1.430992  0.163033
2389  137.627767  1640.001516  19.203513  0.088153  1.131550  0.181305
2391  836.062576  1222.011676  20.791951  0.104738  2.435966  0.263923
2392  1283.500550  1309.545829  16.663742  0.046223  -0.281519  0.038352
2394  968.551455  312.097248  17.727036  0.178976  0.845610  0.084159
2395  176.570624  998.984517  18.563356  0.119749  0.846132  0.052603
2397  1459.963286  612.135841  18.992303  0.062259  1.096778  0.068508
2398  1098.454043  195.212915  19.524114  0.201647  1.091967  0.111844
2399  854.150103  1712.150889  19.449338  0.189184  1.550671  0.122793
2400  346.652971  847.536353  19.239551  0.075157  1.271802  0.083046
2401  82.320278  1492.376214  18.583377  0.103539  1.210479  0.079869
2402  29.929864  403.497596  18.804662  0.098304  1.099321  0.137285
2403  280.501376  1957.192496  20.910055  0.136653  1.969707  0.152658
2404  1969.633891  1824.826094  18.886181  0.115253  1.162708  0.131569
2406  329.820961  816.539577  18.598342  0.115965  0.859265  0.095917
2407  292.365024  947.686905  17.262373  0.060978  0.002417  0.050687
2408  1517.967822  91.524014  19.208628  0.096752  1.528133  0.103211
2409  1986.111782  1623.444137  19.257931  0.075634  1.054136  0.094110
2410  361.740401  1100.556959  18.791909  0.132706  1.046716  0.085564
2411  1866.907528  417.402833  17.448639  0.039557  0.188014  0.048187
2412  668.572326  1552.604826  19.444100  0.102937  1.932416  0.148194
2413  1960.684418  512.849964  20.046380  0.163019  1.501423  0.119118
2414  1510.150291  1128.639767  16.114294  0.038674  -0.430933  0.064764
2416  620.794531  869.241901  19.279640  0.131031  1.193435  0.078348
2418  1628.273434  1070.984859  19.848569  0.263794  1.127671  0.172405
2420  310.158714  2012.489964  20.312922  0.088420  1.707834  0.120779
2421  1838.696991  519.029057  18.677723  0.058620  1.364352  0.139226
2422  946.627741  1723.549251  18.871222  0.076803  1.488734  0.073254
2423  798.361405  1088.979553  20.477355  0.111476  2.067139  0.103603
2424  546.537033  1898.520261  18.809353  0.087052  1.137591  0.125400
2425  764.157839  165.331453  18.682269  0.062819  1.418785  0.077811
2426  945.838693  1757.725830  16.647457  0.043013  -0.233460  0.046293
2427  105.414962  1661.855953  18.823082  0.104610  1.374742  0.058574
2428  402.295387  1380.684233  18.878788  0.095272  2.310466  0.089848
2429  1061.858033  1963.838047  17.983669  0.105496  0.506917  0.050739
2430  1672.943002  320.471172  19.020136  0.071689  1.276432  0.079112
2431  1606.207090  203.476935  18.653311  0.109727  0.929205  0.059629
2433  614.693812  1222.197929  19.696919  0.185015  1.602377  0.150044
2434  1501.835320  1855.001301  20.395602  0.290337  1.832032  0.155683
2435  1987.996944  107.846510  19.309739  0.196934  1.821662  0.087086
2436  1903.352269  738.028019  17.903902  0.079328  0.536486  0.050704
2437  2041.546743  1037.979354  18.779457  0.058798  0.834922  0.058303
2438  781.170610  658.948028  19.265194  0.068193  1.099023  0.069573
2439  270.187222  146.732992  18.902486  0.111216  1.977488  0.086721
2440  1819.868497  953.543845  19.212723  0.095124  1.105680  0.095852
2442  1276.935363  1374.212530  18.596536  0.070910  0.755165  0.051343
2443  1236.336715  1787.848528  19.858784  0.082402  1.615089  0.092716
2444  747.253919  678.809109  19.467010  0.070144  2.070753  0.090315
2446  1185.773371  1877.518433  18.746122  0.051137  1.293177  0.115621
2447  2036.497177  624.365081  18.903624  0.063547  1.611481  0.108879
2448  122.889044  748.873265  20.447118  0.157504  1.911895  0.102305
2449  1015.761416  1161.480144  18.888853  0.097719  1.007500  0.102794
2450  2026.106509  564.641365  17.219465  0.065010  0.010630  0.051587
2451  387.461522  1407.744389  20.074443  0.104150  1.902295  0.090495
2452  1079.698635  588.471767  19.213977  0.069584  1.172572  0.106643
2453  1230.357739  286.133399  20.721173  0.212501  2.086952  0.136756
2454  1065.170145  1273.880045  19.775044  0.103900  1.768752  0.097481
2456  1663.426238  1954.345097  20.820831  0.155388  1.887431  0.115212
2457  797.156926  1831.224254  20.294528  0.219531  1.817262  0.114797
2458  1847.223270  782.458604  18.190783  0.062909  0.899992  0.072853
2459  1898.624859  426.700336  18.848201  0.090511  0.977958  0.057077
2462  280.050138  486.167990  20.381660  0.141991  1.844728  0.079476
2463  1570.154287  921.658275  19.391795  0.123036  1.170181  0.089880
2466  1326.584831  1054.906028  19.289078  0.073913  0.923269  0.126342
2467  1022.083602  694.815836  18.741992  0.121925  1.136246  0.085813
2468  1722.188762  1785.386753  19.241804  0.099203  1.179305  0.096247
2469  833.182997  14.798003  19.169130  0.089642  1.161141  0.065452
2470  1218.744203  1790.850230  18.881793  0.096332  1.327674  0.085277
2471  1838.094632  1238.164242  18.226858  0.049433  0.663247  0.072158
2472  61.858796  397.505056  18.666548  0.059836  0.939575  0.057765
2473  1629.738698  960.243230  18.747300  0.069920  1.501872  0.084564
2474  947.338707  1100.809298  20.009368  0.154389  1.887607  0.253731
2475  283.696235  1252.626164  19.001697  0.092588  1.036912  0.072866
2476  975.258688  76.775752  19.629015  0.125009  1.465750  0.102132
2477  1744.095771  1987.988911  19.152590  0.059409  1.027154  0.057380
2478  843.102538  1008.498654  20.177662  0.109008  1.902856  0.093534
2480  1528.871627  797.975099  19.431609  0.101008  1.438247  0.134014
2481  418.983931  989.532907  18.036631  0.111979  0.529813  0.073595
2482  1258.999742  1573.521659  19.190949  0.113713  0.857070  0.087057
2483  202.975414  757.568428  20.651564  0.113955  1.930495  0.120109
2485  1926.602221  1872.647737  16.550215  0.070678  -0.166423  0.040559
2486  1398.415626  915.832414  19.639747  0.162824  1.633602  0.102982
2487  486.859551  1669.366071  21.014229  0.322663  2.163823  0.126310
2488  46.448664  1734.496224  18.813790  0.104465  1.122928  0.067716
2489  1337.640188  870.237273  18.893206  0.112138  1.364725  0.103041
2490  708.680095  108.822181  18.003227  0.050699  0.448661  0.049702
2491  1865.638424  619.239085  19.086792  0.078151  1.499121  0.078380
2492  1458.664309  429.921694  16.908066  0.037071  -0.204268  0.064038
2493  1925.272237  1904.183558  19.450922  0.073368  1.442826  0.065153
2495  798.466870  1921.522782  20.394201  0.192295  1.994585  0.122432
2497  527.780396  61.987245  20.177405  0.092885  1.756606  0.082352
2498  371.678944  538.967629  18.687847  0.078251  1.077317  0.088561
2499  1576.283779  73.539668  18.880501  0.068479  0.964990  0.086177
2500  1519.290357  1297.743391  19.754530  0.149245  1.447181  0.093688
2501  245.175800  212.590890  20.061755  0.125058  1.312723  0.096620
2502  716.735099  182.589338  19.866852  0.086035  1.224792  0.072217
2503  615.514434  1703.248786  19.557089  0.173923  1.052386  0.154259
2504  1824.280647  1707.150324  19.308514  0.076680  0.727362  0.118241
2505  93.686861  1076.752283  20.081412  0.175751  1.552273  0.113350
2507  1864.628551  888.534719  19.333627  0.212197  1.738103  0.119727
2508  1127.912211  1640.556128  20.327921  0.095233  1.508955  0.107895
2509  1464.103442  1706.642353  19.794583  0.079961  1.589366  0.102410
2510  193.275496  765.849010  19.907321  0.172717  1.436273  0.076672
2511  1239.094617  471.120317  20.054648  0.169834  1.141309  0.079531
2512  1238.888420  779.025707  19.138846  0.159945  1.730892  0.078497
2514  1790.324155  1276.412081  19.722519  0.112511  1.719318  0.165924
2515  1957.687116  1589.747466  20.706285  0.194716  2.018588  0.241080
2516  443.272606  1634.013455  19.645044  0.138257  1.151042  0.070714
2517  506.144137  360.060832  19.466752  0.068359  1.108805  0.106624
2518  1410.241328  1564.706093  19.892236  0.198438  2.327763  0.211223
2519  1879.139271  1209.469366  19.167369  0.092679  0.803183  0.065163
2520  948.517108  1805.760506  19.756913  0.109443  1.685765  0.093078
2521  507.511269  25.882563  19.918876  0.153138  1.288927  0.209392
2522  207.192451  454.129922  19.510443  0.100874  0.926945  0.091520
2523  989.522253  775.431734  19.491502  0.081797  0.999365  0.113174
2524  341.063817  552.214195  19.659051  0.069157  1.912015  0.121331
2526  1591.149667  583.898046  18.547227  0.079956  0.495726  0.135994
2527  1693.185596  863.979199  19.847257  0.175657  1.367615  0.120882
2530  828.500698  396.154572  19.786181  0.162227  1.455899  0.088021
2532  58.853703  32.488561  18.468233  0.159403  0.321172  0.170165
2533  255.228173  1009.528794  17.559200  0.107514  -0.121230  0.052627
2534  740.318312  260.520787  20.691877  0.154220  1.501830  0.113112
2535  586.333115  186.874771  20.805553  0.242446  1.473663  0.120264
2536  774.310827  1612.447284  19.897315  0.155473  1.162520  0.135789
2537  585.148643  1553.049956  20.337844  0.088628  0.875960  0.243174
2538  1826.913155  1676.751296  19.656822  0.135879  1.165239  0.112990
2539  321.192970  1535.200508  19.534834  0.127962  1.025803  0.151730
2541  1934.282647  1617.329155  19.492676  0.086486  1.423968  0.138171
2542  493.531083  948.642897  19.399871  0.132712  0.883121  0.078343
2543  440.898823  194.518788  20.361185  0.223714  1.366139  0.083499
2545  1248.824539  1613.114499  19.112328  0.099394  0.771959  0.112410
2546  1985.135878  1638.169074  19.505949  0.107202  1.443883  0.101389
2547  1231.826939  1610.356347  21.040499  0.120515  1.624465  0.117148
2548  1162.058857  837.245144  19.523402  0.135486  1.934031  0.078514
2549  1320.920662  1627.582481  20.208536  0.109336  1.642997  0.146142
2551  532.925171  1331.322506  20.602902  0.263453  1.689655  0.121123
2553  426.747108  1189.303414  19.824582  0.206292  1.165781  0.082894
2555  1151.869876  313.256829  19.842994  0.099322  1.957126  0.147910
2556  1089.669418  734.600613  19.884832  0.083200  1.189129  0.123523
2557  710.528413  648.995356  20.198676  0.246030  1.281656  0.114440
2558  845.598763  1453.328076  20.191964  0.098240  1.582647  0.133448
2560  136.705034  746.476509  20.398310  0.289323  1.802064  0.138937
2561  1584.027649  343.512701  18.728522  0.064046  0.548382  0.168129
2563  1937.013527  475.936357  20.069702  0.162151  1.871940  0.264058
2564  1972.943012  752.731322  19.705634  0.085828  1.199472  0.086224
2565  1878.689216  1920.944891  20.073997  0.108175  1.179735  0.096789
2567  1961.068932  1198.689532  19.597904  0.146986  1.149482  0.160764
2568  52.797198  611.795036  20.082276  0.096562  1.183372  0.148861
2569  1315.139878  1479.560327  20.553985  0.119084  1.650300  0.183069
2571  1883.958568  636.767789  20.530702  0.129582  2.335620  0.185815
2572  327.201082  73.846143  20.198218  0.097517  1.383855  0.101610
2573  747.884295  1741.308538  19.873843  0.152423  1.278755  0.112760
2574  994.577591  1211.285601  18.782149  0.118148  0.650462  0.061740
2575  196.474418  1026.357652  19.756445  0.086416  0.985646  0.104829
2576  1351.123448  21.841685  19.508117  0.125418  1.150806  0.171830
2577  1341.756366  2038.315324  19.748439  0.094206  1.279669  0.197490
2578  1253.153264  1564.996636  19.796051  0.145018  1.134381  0.117873
2579  1202.276331  1161.144029  20.955543  0.206966  1.576211  0.113365
2581  2018.385054  652.122965  20.473120  0.090501  1.434580  0.098213
2582  1008.466903  1579.013119  19.638332  0.141149  1.004597  0.128617
2584  155.630606  977.403044  17.747752  0.068545  0.230809  0.044242
2585  60.478453  523.746603  19.394144  0.091554  1.257830  0.069081
2586  738.947920  1937.083066  18.996162  0.081099  1.153584  0.153362
2587  499.460116  1343.697461  19.622070  0.115450  0.866036  0.076801
2588  1849.367230  1262.290686  20.503569  0.229773  1.642798  0.185299
2589  1456.012813  97.788072  20.226640  0.143308  1.157290  0.228040
2590  1282.730725  562.270335  18.440234  0.072114  0.469760  0.054871
2591  31.307817  646.766456  19.925422  0.179148  1.332612  0.083221
2593  598.227513  1085.189503  19.394864  0.105934  0.744157  0.175219
2594  147.333709  773.993470  19.938113  0.133954  1.462657  0.113664
2595  1906.390926  1536.191818  18.300340  0.058797  0.280589  0.049182
2596  367.960620  1488.024097  20.406431  0.132478  1.434686  0.217496
2597  518.415034  2013.027386  21.298768  0.226260  1.545755  0.217475
2598  557.835948  1264.789156  19.135580  0.068539  0.884877  0.089438
2599  627.820760  1932.347654  20.282087  0.264878  1.539742  0.191351
2602  1166.876627  778.079963  19.672605  0.110924  1.305654  0.149003
2603  891.063080  1956.583773  19.936540  0.091312  1.999779  0.124358
2604  1569.338343  686.484504  18.550500  0.106378  0.257635  0.056492
2605  1085.691598  512.813006  19.814071  0.087819  1.159851  0.136033
2606  651.606748  1386.759784  19.422892  0.086711  1.335123  0.108789
2607  1479.342581  1938.241014  19.847476  0.147618  1.226525  0.105565
2608  351.002610  775.355828  20.001971  0.128607  1.223948  0.081213
2610  727.222209  501.115736  20.785935  0.139370  1.815460  0.216442
2611  246.791747  1739.958053  20.335756  0.085300  1.628446  0.177465
2613  1091.144316  589.025716  19.590752  0.092630  1.195444  0.173081
2614  893.142131  1490.319095  19.443276  0.169463  0.584481  0.158672
2615  1256.987561  1948.086906  20.382449  0.106202  1.279858  0.095868
2616  1178.214834  327.123824  19.811703  0.075703  1.683870  0.202851
2617  1865.770102  119.323400  19.517230  0.097821  1.449745  0.109605
2618  659.749809  2030.825376  20.365599  0.134385  1.127291  0.250808
2621  1119.135283  1173.503855  19.880298  0.104918  1.044037  0.103745
2623  32.196190  309.959037  20.001761  0.257414  1.455546  0.128325
2625  1947.990489  416.503919  18.961912  0.079583  0.453590  0.101381
2626  1411.775276  1322.902630  19.715536  0.123914  1.223623  0.139776
2628  1914.171745  1902.048429  18.749632  0.065798  0.647445  0.089284
2630  854.259293  2009.388179  19.235186  0.064879  1.334282  0.095529
2631  979.947369  34.088418  20.413480  0.163197  2.366895  0.142027
2632  1878.775632  513.651339  19.408178  0.075028  1.308987  0.086324
2633  861.240244  843.879489  19.072964  0.079669  0.813392  0.195088
2634  106.656310  1944.614890  19.510401  0.129202  1.159942  0.165015
2635  838.072123  478.550264  19.984605  0.138670  1.927975  0.081380
2636  1438.270544  943.708195  19.408694  0.131322  0.767317  0.119841
2637  1576.749073  1319.504982  19.649541  0.112972  1.396978  0.083550
2638  189.163661  426.695752  19.980658  0.083543  1.690015  0.094162
2639  574.404121  1516.185908  20.020604  0.091626  1.149162  0.269279
2640  448.414476  688.819806  19.287692  0.152752  1.014760  0.142088
2641  1102.250846  901.450502  19.686458  0.112133  1.872491  0.131736
2642  433.537395  548.538658  18.566074  0.073349  0.690480  0.055097
2643  1484.671522  955.038547  17.615089  0.042229  0.057904  0.059892
2645  714.143388  927.167942  21.412331  0.160319  1.839629  0.197780
2646  1790.742400  158.813392  18.156649  0.122336  0.254980  0.053431
2647  1867.611774  1763.628943  19.898754  0.091124  1.383047  0.112662
2649  434.223624  700.506143  19.504145  0.207757  1.082795  0.095919
2650  710.532509  1117.637776  18.476090  0.060602  0.411355  0.088441
2652  527.853802  1133.905228  20.089725  0.080813  1.292152  0.167541
2654  259.212250  1033.414365  19.335393  0.181897  0.932750  0.183850
2656  1461.846844  824.400042  20.622521  0.128489  1.754815  0.298696
2657  1779.515436  608.771335  20.025706  0.180989  1.499031  0.119658
2658  619.888631  654.755240  19.664791  0.172517  1.233095  0.069047
2659  204.403660  752.780869  19.782962  0.146961  2.084789  0.185762
2661  1951.517001  414.999143  20.231492  0.171629  1.321004  0.078002
2664  1181.424842  1953.057920  19.623984  0.113839  1.151818  0.092412
2666  907.615061  1981.710006  17.781565  0.055824  0.067137  0.051202
2667  1273.445161  895.286755  20.118744  0.148730  1.113862  0.113626
2669  1759.103149  753.082418  20.278888  0.194804  1.149854  0.087829
2670  1228.365461  402.361251  20.278928  0.089932  1.804919  0.096778
2671  1361.965081  1336.898326  20.390419  0.100279  1.417799  0.099142
2674  1049.643747  1999.076945  19.950185  0.128465  1.302258  0.191958
2675  393.937258  1657.688511  20.056201  0.269110  1.158413  0.101010
2676  523.162734  915.266247  19.456522  0.113758  1.214130  0.077094
2680  1102.854920  1897.877300  16.976270  0.032884  -0.260730  0.041302
2681  1509.539652  1622.833069  20.463395  0.109464  1.957866  0.109234
2682  532.232098  1857.329368  20.149691  0.082267  1.251975  0.087771
2683  16.718933  150.947535  19.334024  0.090055  0.632222  0.098020
2685  2005.555867  1343.021528  20.582705  0.149441  1.437383  0.103477
2686  201.069865  1190.508297  20.434574  0.096555  1.274148  0.226033
2687  1052.934619  668.153275  20.994998  0.163039  1.239398  0.106784
2689  422.915828  377.101357  19.583747  0.094202  0.854471  0.170081
2691  97.837119  1406.555155  20.603923  0.256704  1.556331  0.122723
2692  954.401004  1923.358905  20.074415  0.136123  1.151994  0.142453
2693  221.570861  12.104601  20.379015  0.153103  1.890265  0.175933
2697  1653.697163  1265.211284  19.384244  0.118360  1.007827  0.127817
2698  1737.909949  1633.823157  20.252451  0.277466  1.282056  0.141353
2699  661.028214  971.365228  21.024300  0.102369  1.715515  0.127120
2701  1820.609353  1725.862659  20.384069  0.176124  1.448022  0.158217
2702  1902.515800  1267.359618  18.717748  0.068011  0.065229  0.101136
2704  155.807993  104.591408  20.750383  0.104994  1.808123  0.106811
2705  1453.435479  1366.416782  20.393876  0.105197  1.103193  0.148562
2707  1382.993381  1255.449359  20.407893  0.134412  1.175040  0.150487
2710  381.286551  1940.853275  19.835842  0.075769  0.682308  0.076164
2711  85.522320  2002.107202  19.947870  0.151559  1.120153  0.125799
2712  1476.468851  582.213831  20.129323  0.150580  0.921664  0.248915
2713  1754.931129  228.695550  20.493527  0.159868  1.388140  0.109794
2714  486.612537  1004.997329  20.884700  0.115376  2.059383  0.212712
2717  356.637219  1499.016790  20.412295  0.153553  1.434114  0.119006
2718  840.359412  1935.840749  19.228605  0.125757  0.500933  0.113346
2719  1849.821166  620.569899  19.750012  0.071065  0.722486  0.219844
2723  604.188513  636.826605  19.781539  0.143662  0.662251  0.092929
2726  796.824165  435.812289  20.502429  0.182769  1.208224  0.262217
2728  1966.986848  1805.481740  20.616914  0.196934  1.503222  0.168207
2731  1091.015541  1620.593058  20.357093  0.089134  0.844227  0.258311
2733  903.799680  1128.680098  20.386913  0.237609  2.141796  0.197876
2734  1636.824568  1205.840585  20.653368  0.119317  1.320288  0.146900
2737  1477.587818  1772.364451  20.441600  0.126674  1.231877  0.131448
2738  1915.390445  1610.039632  20.623943  0.093436  1.454843  0.209237
2740  1027.847178  1016.906775  20.545683  0.103469  1.241149  0.175678
2742  1679.491312  1508.687089  20.501690  0.153966  1.448767  0.088874
2744  1573.391795  222.444796  19.928655  0.135349  0.848763  0.085724
2747  1274.474154  1941.891248  20.000332  0.097107  0.770002  0.143502
2750  1877.158629  1620.421264  19.295223  0.116253  0.799963  0.106188
2751  1159.032334  1594.244902  20.770669  0.176850  0.873640  0.338478
2752  1619.659760  131.910807  20.214827  0.195594  1.676938  0.134169
2753  701.047214  772.582711  20.091087  0.100935  1.229487  0.209397
2754  181.245106  715.364674  18.401277  0.109373  -0.009331  0.080305
2755  101.857149  1467.343369  19.649526  0.147022  0.669350  0.214746
2757  1799.987612  749.666348  20.305130  0.123947  1.171268  0.088611
2758  174.434949  1457.820094  19.859601  0.072251  0.963595  0.098660
2761  773.283277  1444.249422  20.380536  0.110829  1.656027  0.094599
2763  1093.957258  1734.678192  21.019825  0.118442  2.069000  0.213216
2765  500.251733  1486.182619  19.826791  0.094923  0.746767  0.100179
2768  1660.750711  54.112197  20.325327  0.097044  1.438416  0.229434
2769  431.367920  1044.163516  21.081147  0.114380  1.536395  0.317037
2770  1178.005687  197.724017  19.868858  0.125786  0.968078  0.094610
2772  1872.912897  952.272595  18.988891  0.068750  0.170210  0.123705
2774  837.607172  221.628953  21.061737  0.313231  1.592147  0.118589
2776  107.787313  695.334584  21.157635  0.117626  1.708304  0.193672
2778  747.698930  1682.174048  19.784740  0.165541  1.002263  0.151902
2786  577.630739  1243.049986  18.110315  0.053653  -0.046588  0.055902
2788  1699.000834  2035.715389  19.708166  0.123494  0.651754  0.160897
2789  1633.990247  1345.094522  19.772096  0.080259  0.821055  0.318413
2790  953.637891  22.999908  19.591763  0.067871  0.850993  0.072328
2791  1263.755157  410.276349  21.136005  0.113137  1.874990  0.211498
2793  60.658558  209.535935  20.295394  0.203607  1.434319  0.190263
2794  1475.393800  923.349439  19.305053  0.197581  0.285180  0.157378
2795  1048.054512  1448.054697  19.200280  0.112521  0.541862  0.075944
2798  1387.623814  1080.764661  19.730340  0.116128  0.656991  0.123788
2799  1943.200686  1078.107199  20.584763  0.268039  1.513169  0.150222
2800  1424.545055  289.238784  20.409477  0.119630  1.486111  0.158254
2801  761.980839  238.291421  19.881876  0.106118  0.907879  0.120737
2802  1461.782262  1975.768986  20.888849  0.250620  2.125861  0.290646
2803  1444.111481  914.431803  20.553151  0.216407  1.061131  0.098083
2804  1450.321851  990.780047  20.563667  0.140238  1.380048  0.293271
2805  1335.454937  910.689391  20.261564  0.128521  1.495762  0.148315
2806  1784.409616  144.826632  18.984019  0.066379  0.430035  0.197386
2811  1091.067139  862.792015  19.577963  0.160119  0.712859  0.140853
2813  1273.250542  233.395096  21.051767  0.241580  1.477027  0.117282
2814  64.018482  712.555808  19.201031  0.061172  0.652733  0.157372
2815  300.047396  724.968129  20.350026  0.139002  1.689981  0.129336
2819  253.736333  39.844480  18.825954  0.072581  0.242103  0.126980
2820  660.908256  77.868807  19.357926  0.106200  0.647359  0.077697
2823  1040.112347  404.528965  20.394147  0.101835  1.699968  0.113253
2824  672.280189  1029.466814  20.674883  0.147489  1.321680  0.157272
2825  351.182883  171.454202  19.944875  0.157579  0.873659  0.115665
2828  1978.481065  1470.863652  20.505778  0.155500  1.953915  0.150504
2831  925.370844  797.726621  20.502373  0.145273  1.461861  0.105332
2836  2044.189571  1871.308342  20.306447  0.154946  0.743164  0.195349
2839  648.371666  1511.836938  20.086252  0.149610  1.131555  0.117032
2841  1910.151113  468.820874  20.549704  0.117401  1.433872  0.194153
2842  1.462757  1409.099195  20.695852  0.245070  1.167714  0.138532
2843  77.986666  585.458462  20.301382  0.140736  1.453869  0.255243
2847  458.685966  1623.427537  20.923457  0.178704  1.764118  0.138300
2849  2044.544806  1814.891783  19.374280  0.070826  0.285837  0.149292
2850  1581.869867  598.159772  20.234339  0.166163  1.430279  0.089266
2851  907.586242  1844.881351  20.767974  0.253523  2.035828  0.247468
2854  488.850865  1503.910322  20.799432  0.095254  1.703120  0.165177
2856  1498.042674  1258.242620  20.876662  0.239542  1.815596  0.118595
2857  67.329804  1156.043305  19.775756  0.131505  0.857933  0.222188
2858  744.143216  1710.495954  19.775517  0.146147  0.769384  0.109929
2859  425.735179  1334.051393  18.864063  0.093768  0.311378  0.072497
2861  716.715780  1496.903546  20.295350  0.092556  1.363439  0.092563
2863  455.568884  1727.801971  20.187886  0.096465  1.646171  0.101941
2864  210.838465  403.860068  20.389779  0.133293  1.198587  0.146746
2866  845.676946  1944.311517  18.525368  0.052122  -0.284572  0.147822
2869  1342.974072  1567.215020  20.478707  0.130038  1.646809  0.264017
2870  1861.308331  552.573505  20.011377  0.260658  1.417531  0.084080
2871  1994.892296  1324.037860  20.491694  0.095549  1.229772  0.130096
2872  469.424122  421.684072  19.273094  0.069572  0.330585  0.073452
2875  380.506710  214.780750  20.814217  0.231352  1.587172  0.101518
2877  509.094664  1910.446248  19.603236  0.113512  0.752714  0.077797
2888  556.858356  1345.840555  19.161828  0.159944  -0.030454  0.130735
2894  1099.017781  1880.504626  19.922070  0.084766  0.487493  0.167151
2899  142.340864  484.198016  20.596301  0.165175  0.699836  0.259748
2900  481.641932  1172.579164  21.678678  0.162334  1.804765  0.158691
2910  1495.983704  1762.021192  20.335991  0.100492  0.642309  0.213601
2914  768.995696  964.298628  19.845675  0.075290  0.495037  0.157037
2918  1519.525229  508.635276  21.098654  0.163245  1.550309  0.187869
2931  177.032209  1910.970224  20.369148  0.087423  0.589358  0.259259
2936  1288.333133  184.671724  19.562419  0.072832  0.558487  0.116237
2938  1038.491966  726.153974  20.311560  0.153916  1.130183  0.117980
2941  1430.553797  4.667851  20.762558  0.253606  1.045152  0.208214
2947  853.936626  994.609917  19.899434  0.097112  0.609562  0.081394
2949  1193.196149  1820.472322  21.273269  0.432855  1.066282  0.267900
2950  1118.224830  286.676627  20.929905  0.173051  1.173410  0.269005
2953  478.315857  1151.648201  20.192434  0.136609  0.207625  0.213810
2965  296.405661  591.420068  20.748648  0.213074  1.126676  0.190385
2982  118.919754  71.115773  20.946898  0.291209  1.625078  0.183643
2986  325.109819  1666.092748  20.139240  0.101325  0.717082  0.082221
2997  556.633431  1644.513630  20.453979  0.137168  0.861658  0.251127
21005  270.223686  226.969974  21.036502  0.335555  1.681736  0.259790
21022  1812.826679  81.097396  20.674290  0.112492  0.956152  0.095002
21026  1501.048606  413.132612  20.038658  0.143284  0.691205  0.086622
21028  1913.779874  597.514426  21.554694  0.191769  2.103530  0.157568
21037  477.798977  702.938605  20.655897  0.353273  1.351159  0.213841
21038  202.826774  180.848943  19.291829  0.189034  0.432879  0.073102
21041  417.056466  880.852208  21.210281  0.119187  1.369759  0.331654
21044  1365.021642  1890.060433  19.370906  0.156747  0.221964  0.084221
21047  1796.427641  1196.665265  19.601757  0.082272  0.612055  0.120194
21048  1625.424257  1924.411574  20.217832  0.145852  0.800533  0.085845
21051  149.918061  1008.284149  20.849288  0.105237  0.999193  0.141146
21054  1952.129693  727.079195  19.968533  0.151467  0.422267  0.089857
21055  1557.014050  1151.349947  18.841725  0.084524  0.182449  0.172609
21056  1883.834883  1299.060660  20.496272  0.108832  1.013898  0.106283
21057  441.380052  744.662440  20.464109  0.135424  0.762499  0.128731
21059  2.880280  424.983569  19.976980  0.178618  0.631702  0.111739
21063  283.866447  1245.206866  20.398510  0.192946  0.978316  0.120385
21064  555.503090  1499.830823  19.855399  0.154346  0.746498  0.122854
21069  1290.330723  1993.403544  20.413630  0.189631  0.978846  0.261083
21073  1912.487685  431.716393  20.154585  0.169718  0.293783  0.099450
21083  143.910276  579.171700  18.604251  0.090567  -0.016488  0.085128
21090  1249.583344  1004.898140  20.808288  0.249248  1.344357  0.114041
21093  1293.035778  498.952851  20.616304  0.121679  0.376350  0.163680
21094  1962.309426  896.613182  20.337961  0.139874  0.383883  0.310940
21095  1393.396133  929.531287  20.346984  0.153776  0.474909  0.231955
21098  593.613057  1881.723007  20.421190  0.313028  0.462781  0.177702
21103  1459.841136  1612.151343  20.893297  0.180375  0.552353  0.178673
21112  1138.880955  316.207292  19.937651  0.194322  0.159327  0.117383
21114  811.057325  469.110544  20.223740  0.141168  0.580649  0.105690
21119  1030.193589  1871.381248  20.300322  0.154094  0.128988  0.113047
21123  1070.094935  1909.148239  20.771576  0.134795  0.666415  0.133185
21125  59.872522  1688.440781  20.403077  0.124159  0.350931  0.137340
21135  161.210032  1262.393090  20.091546  0.172553  0.091555  0.100224
21136  1732.015189  749.436208  20.253615  0.098800  0.190491  0.084935
21138  1836.020615  1877.274765  20.585520  0.125920  0.679279  0.123978
21142  1431.178053  644.935457  20.498069  0.165271  0.787304  0.232260
21146  1805.211553  10.908267  20.524262  0.155309  0.164764  0.154039
21147  1773.292750  573.743234  20.715918  0.282756  0.945299  0.135396
21149  1943.424791  1041.380289  20.390308  0.213486  1.004586  0.277442
21151  1118.966888  1360.273718  21.127524  0.157843  0.967397  0.150833
21152  135.935493  1186.888594  20.771428  0.219507  0.539455  0.124560
21153  1816.464461  1264.673332  20.441837  0.085848  0.457810  0.089949
21158  1678.900605  839.049367  20.802325  0.192748  0.953874  0.202001
21159  349.203779  238.339971  19.985416  0.127246  0.124813  0.123583
21167  1676.713002  450.903533  20.560278  0.149191  0.278210  0.189940
21170  381.666100  1608.489514  20.761858  0.181192  0.178342  0.125474
21184  797.435309  1347.635616  20.943667  0.181173  0.529089  0.108600
