# id  x  y  V  eV  BV  eBV
112  911.436145  1101.773271  20.870998  0.309362  1.714077  0.186483
122  1011.971113  950.347878  21.292650  0.185828  2.186860  0.307257
123  1165.991936  1089.148948  20.871010  0.282194  1.484873  0.150186
126  1125.255332  1148.226765  20.956053  0.159292  1.585322  0.132401
127  1059.847516  839.989289  21.032648  0.152554  1.625724  0.195229
128  941.067223  1013.425910  20.578964  0.165307  1.547215  0.126389
129  826.648044  1127.253340  20.572056  0.149579  1.468925  0.152282
130  880.200765  871.305339  20.994583  0.223535  1.498227  0.257078
131  989.340078  982.810644  20.463286  0.120287  1.476031  0.105190
133  1036.220764  1097.089987  20.546706  0.103562  1.265301  0.174400
134  1107.149169  935.006638  20.321148  0.104043  1.758756  0.216199
135  1101.034557  1045.000335  20.625778  0.098092  1.429950  0.090070
136  956.388495  995.798180  20.406349  0.140813  1.483603  0.157098
137  1124.529029  960.404541  20.306051  0.130794  1.343007  0.086822
138  1120.456479  861.130465  20.372099  0.087252  1.558852  0.085370
139  1004.492513  994.449695  20.412693  0.140313  1.374130  0.102587
140  1051.089490  948.655227  20.079115  0.172003  1.428486  0.149276
141  1061.256520  1090.426266  20.405438  0.151580  1.487816  0.161393
142  922.043208  966.158459  20.044579  0.155516  1.502437  0.096470
143  953.350758  1123.790909  20.161075  0.216759  1.410124  0.166925
144  1004.071240  1031.195300  20.122956  0.111165  1.499419  0.200234
145  1123.752428  991.437230  20.004447  0.110164  1.464837  0.100965
146  930.618245  1119.701565  19.885580  0.121248  1.371303  0.178665
147  1153.764004  1029.267149  20.084065  0.118467  1.479368  0.153116
148  976.954573  1198.570660  19.823070  0.148887  1.354725  0.109318
149  995.295089  1065.517773  19.758871  0.140564  1.485978  0.169182
150  1258.648515  1010.512753  19.723755  0.078055  1.500567  0.102482
151  903.098122  905.861591  19.716985  0.144158  1.336973  0.068813
152  862.386156  1082.757468  19.568015  0.097977  1.278289  0.154036
153  1054.146232  1140.809544  19.514197  0.109877  1.195229  0.086275
154  954.168852  1150.316524  19.564799  0.071246  1.213009  0.205974
155  1188.158648  1042.631332  19.395187  0.080710  1.242926  0.073871
156  1062.928425  1152.320819  19.225656  0.139269  1.462523  0.123997
157  942.234255  1087.527567  19.421217  0.174757  1.300805  0.066077
158  946.740122  1040.834437  19.286498  0.068915  1.089673  0.119551
159  1052.011807  854.926602  19.111384  0.098240  1.286061  0.083074
160  1027.386081  959.745802  19.126150  0.083776  1.147576  0.099791
161  1211.159532  1028.060160  19.174351  0.091355  1.257787  0.095409
162  1008.824013  1139.902792  19.038817  0.087449  1.348321  0.115147
163  915.994132  1012.000850  19.115744  0.106230  1.137041  0.060668
164  1042.970849  1039.394263  18.941309  0.129492  0.907843  0.089999
165  999.996109  1063.338701  18.931736  0.086686  1.129510  0.152012
166  895.842775  1048.201257  18.789210  0.068548  1.248838  0.077223
167  961.237197  949.231268  18.711764  0.063330  1.097048  0.060385
168  1076.364349  1006.763663  18.647580  0.053778  1.091267  0.097959
169  1043.184292  1158.655037  18.639856  0.054729  1.073573  0.067809
170  1017.510789  992.143667  18.605325  0.097211  1.078584  0.141368
171  831.919084  1029.373051  18.465953  0.063208  1.004982  0.079325
172  916.830433  983.161426  18.482218  0.053383  1.077090  0.070254
173  1119.116964  1070.423593  18.371309  0.062519  1.126884  0.065572
174  923.401011  974.961193  18.347779  0.075484  1.059545  0.060376
175  969.560863  841.865196  18.140920  0.057837  0.991684  0.134027
176  994.888172  899.009004  18.230624  0.057268  0.902685  0.093974
177  1016.987075  1016.625336  18.113152  0.050886  1.049117  0.059201
178  1112.704655  946.454835  18.064304  0.061773  0.925090  0.053717
179  921.315430  1091.418173  18.044588  0.050936  0.973886  0.046019
180  935.233618  1033.370870  17.961160  0.045245  0.992573  0.058118
181  1020.523233  1069.443768  17.805194  0.069416  0.924490  0.087369
182  1062.172897  1189.633065  17.816366  0.063015  0.928116  0.068655
183  995.223286  961.631764  17.773587  0.075286  1.071409  0.125280
184  1163.772129  1057.840128  17.744949  0.086542  1.049650  0.070679
185  1125.887693  977.377403  17.616318  0.055349  0.938878  0.084778
186  1120.044974  918.879191  17.613100  0.043805  0.975419  0.073914
187  938.294702  1060.571197  17.612072  0.059241  0.923591  0.039207
188  1168.670863  1000.155566  17.401840  0.042243  0.982458  0.070574
189  1038.010061  997.149860  17.418020  0.049705  0.807358  0.079747
190  894.115656  1021.707182  17.408446  0.036752  1.021781  0.074512
191  1026.426778  942.302577  17.334951  0.062975  0.884719  0.039341
192  1183.994941  1109.692252  17.281069  0.052423  1.008740  0.052822
193  1050.499052  983.774925  17.106063  0.050796  0.915214  0.047125
194  972.217405  979.492884  16.981397  0.034015  0.840142  0.082956
195  1109.409546  978.811310  16.871958  0.065532  0.782309  0.057120
196  1098.171535  1082.339226  16.816086  0.032532  0.681709  0.091056
197  948.376904  1251.964436  16.792815  0.043865  0.679978  0.095848
198  982.894653  1043.932692  16.645339  0.061165  0.820633  0.048329
199  979.072020  1036.726129  16.396903  0.065258  0.851268  0.053406
1100  1082.202214  1093.233050  16.385933  0.046410  0.744626  0.040404
1101  985.611612  887.669412  16.363871  0.047745  0.805594  0.049459
1102  1007.873167  891.939369  16.114346  0.045537  0.916619  0.046819
1103  1130.751652  948.481208  16.044909  0.034608  0.803025  0.057165
1104  1091.924808  1039.326433  15.913658  0.073887  0.775485  0.041864
1105  968.704737  1161.758597  15.701601  0.038749  0.723894  0.044084
1106  955.842376  1223.125729  15.444149  0.058891  0.779147  0.043665
1107  1215.682191  982.995026  15.266744  0.064964  0.735058  0.039717
1108  992.270090  1067.224658  14.955700  0.044732  0.719524  0.068814
1109  951.106068  952.202015  14.400096  0.041319  0.752742  0.046141
1110  876.781404  989.728010  17.522320  0.133591  0.861791  0.040284
20  1031.981280  1015.031137  8.666799  0.026727  0.792819  0.050764
21  1770.021166  1631.539270  12.858382  0.056474  2.779109  0.048900
22  1056.161271  746.158099  9.597814  0.018496  0.516457  0.038593
23  1971.704325  1166.948771  10.128038  0.020128  0.637543  0.026925
24  162.737278  924.453420  10.115787  0.027765  0.521732  0.023607
25  961.109152  671.708750  9.846068  0.023348  0.523405  0.022919
26  1599.278049  1248.626452  10.699331  0.021961  0.600496  0.033426
27  1707.335675  311.978416  10.398845  0.043080  0.506493  0.027236
28  481.246795  1862.465360  10.358070  0.028837  0.554902  0.033508
29  387.702951  855.302331  12.784365  0.046703  1.902844  0.020613
210  494.958138  1798.059830  15.728505  0.027625  3.301000  0.042800
211  1691.199990  1953.720893  10.863972  0.036789  0.569586  0.021341
212  1066.288624  898.467522  12.111618  0.025428  0.816498  0.031026
213  954.621158  504.358626  11.434450  0.019416  0.586592  0.017715
214  1757.491817  748.860783  16.725844  0.063288  3.164046  0.073743
215  812.286250  1254.517266  16.251203  0.076205  2.987246  0.028187
216  357.988614  167.955964  12.132345  0.020134  0.653281  0.025756
217  248.894983  1547.121072  14.018614  0.042281  1.761399  0.021145
218  490.046768  661.043653  15.552073  0.041796  2.326316  0.030791
219  1689.959432  1551.767736  15.068870  0.049782  1.989526  0.030585
220  952.382051  980.448283  12.815370  0.020930  0.763271  0.048331
221  968.820293  573.520869  12.511378  0.033714  0.831576  0.033473
222  1700.120564  1497.653689  12.993563  0.034902  0.728138  0.049700
223  1902.816225  1605.969856  16.764737  0.036785  2.608227  0.044157
224  1995.387871  423.262883  16.517059  0.057956  2.474427  0.040274
225  1350.772140  1971.001624  14.614794  0.028192  1.336136  0.027847
226  1669.746988  1343.861973  12.418223  0.025674  0.160893  0.041112
227  1405.246185  1943.325933  13.639420  0.049463  0.721410  0.055347
228  807.171291  1318.203727  13.095394  0.027217  0.715762  0.018781
229  1310.769852  1763.667562  16.514480  0.062859  2.233090  0.065010
230  1237.965652  1673.353520  15.867992  0.044182  1.729651  0.053435
231  1563.875020  706.809937  13.437258  0.031663  0.784138  0.056925
232  233.522786  362.474313  15.370728  0.034525  1.616668  0.026950
233  117.220628  632.166676  19.756039  0.172546  4.173058  0.085984
234  1938.040413  456.404063  14.218301  0.042469  0.870576  0.020968
235  990.473472  899.847557  13.781996  0.021958  1.072537  0.045053
236  714.594565  2012.256493  16.800301  0.034227  2.502571  0.055350
237  1039.974328  1378.391141  14.226075  0.024841  1.024847  0.025963
238  1180.157519  916.944122  13.668536  0.027449  0.451756  0.056477
239  435.110760  505.374157  14.101506  0.023977  0.896725  0.033530
240  204.570838  1230.742866  16.182078  0.040240  1.816286  0.041744
241  627.244769  316.516052  20.354719  0.122514  4.340785  0.157580
242  205.156434  1940.862974  14.206950  0.034046  0.596627  0.037857
243  815.964865  598.961416  16.631218  0.055352  1.975670  0.065671
244  175.313628  1314.167691  17.060082  0.034576  2.364315  0.053710
245  690.898473  21.481762  14.058223  0.046703  0.420721  0.039564
246  1450.841127  1203.328112  15.869313  0.073215  1.703623  0.089624
247  705.816532  1.665354  19.441809  0.176562  3.764569  0.151804
248  1686.824331  1030.896942  14.124190  0.049526  1.186180  0.030207
249  1791.057215  670.414556  14.429761  0.030597  0.923130  0.043764
250  190.814629  926.225929  15.291388  0.026090  1.366829  0.035801
251  194.441422  1532.700034  15.958157  0.052967  1.875704  0.072207
252  1305.176460  1622.621912  15.754705  0.035105  1.173891  0.027924
253  278.864123  732.092085  15.045177  0.064911  0.981069  0.043332
254  223.081776  1637.652763  13.832926  0.024717  0.134863  0.023258
255  354.910104  1051.874605  14.693945  0.022908  0.955129  0.036475
256  377.377661  778.568189  15.105332  0.029971  0.768875  0.033093
257  1812.809079  1165.145791  18.364328  0.052519  2.686825  0.070287
258  228.487236  796.382999  14.498433  0.040855  0.665839  0.030992
259  760.187853  1190.113794  19.659297  0.092114  3.416008  0.107172
260  759.126466  1331.907640  20.643320  0.172015  4.179286  0.145313
261  330.584526  1861.601585  14.968159  0.035204  0.933897  0.039083
262  1660.917250  1299.284017  19.931861  0.161627  3.714389  0.138624
263  1353.204425  1084.690742  15.151243  0.032207  1.121964  0.035483
264  1106.492830  205.895933  18.210100  0.050736  2.612924  0.069155
265  721.894613  1957.391397  19.841300  0.153036  3.239728  0.130939
266  1468.087363  144.978322  17.927177  0.083240  2.564244  0.060579
267  480.224628  371.965055  19.152705  0.146243  3.072790  0.060107
268  217.591911  1291.468862  18.413995  0.092182  2.563577  0.082485
269  605.817685  1055.712462  18.641031  0.090892  2.838706  0.075291
270  1171.294132  2025.296316  17.995076  0.049633  2.615122  0.049256
271  1813.890825  1348.358336  18.368088  0.053731  2.906339  0.167565
272  1309.485004  1287.712191  18.188657  0.049274  2.484809  0.081456
273  1473.592476  1185.344627  16.931779  0.036173  1.384636  0.056493
274  1929.890118  535.035346  19.002183  0.120240  2.571261  0.129600
275  93.138326  186.170402  20.352841  0.141469  3.692296  0.088827
276  272.965035  1657.211547  15.851697  0.058484  1.150864  0.044452
277  1327.234391  616.732956  19.778505  0.096899  3.266673  0.136061
278  1173.874237  1216.887991  15.896731  0.041667  0.994455  0.030673
279  1554.770097  1386.145605  14.505199  0.039288  0.124037  0.049800
280  1437.715407  123.988594  15.135718  0.027060  0.704320  0.057362
281  1613.316555  1004.557512  16.399098  0.071868  1.106398  0.044209
282  1338.957745  1325.083572  18.347008  0.100539  2.138528  0.062438
283  1467.818192  563.789299  18.675721  0.097083  2.353914  0.102309
284  1567.631454  1180.596470  18.496718  0.053864  2.432476  0.102200
285  428.269193  340.959133  19.362909  0.138486  2.952058  0.123951
286  1419.193971  303.659821  17.444390  0.047140  1.968468  0.055594
287  1354.185294  1889.413080  15.676619  0.039812  0.787579  0.049642
288  1994.978266  811.147327  15.877669  0.055040  0.953649  0.059243
289  1739.233110  79.045761  17.939962  0.140857  2.374921  0.107979
290  294.226727  1231.247151  15.746194  0.038288  0.976195  0.047069
291  1728.540991  1670.431125  14.990491  0.024883  0.668646  0.029904
292  1188.914515  1823.356865  19.707956  0.116547  3.068353  0.076673
293  1590.717995  367.240018  15.824548  0.040771  0.910707  0.054060
294  724.835310  408.832516  15.376133  0.042969  0.755137  0.035242
295  1150.500267  526.188563  19.902469  0.116584  2.943201  0.123117
296  1669.380982  634.865810  15.575831  0.046385  1.058397  0.032446
297  790.164350  1801.255472  14.811950  0.050489  0.253734  0.035721
298  982.265558  1634.293037  18.485691  0.062628  2.355590  0.091975
299  1733.421087  974.808902  15.701480  0.035344  0.664995  0.058006
2100  1367.379874  1596.975621  15.012002  0.054936  0.094813  0.036119
2101  128.053820  843.847441  20.285291  0.204105  3.040960  0.155960
2102  1006.961138  1101.784919  15.776407  0.030550  0.853649  0.048306
2103  1073.536733  1998.556089  15.994592  0.054316  0.826439  0.033299
2104  1096.891359  46.141390  17.663029  0.047049  1.636584  0.093534
2105  1471.095771  685.089852  19.101594  0.059882  2.388727  0.073505
2106  608.233643  1889.090877  16.669224  0.052124  1.779990  0.054929
2107  757.375844  1683.576055  17.457930  0.106861  1.736628  0.040823
2108  1672.811564  530.386868  18.621313  0.072646  2.497161  0.131875
2109  171.478633  1375.311188  15.987662  0.064141  0.779530  0.056445
2110  255.214742  1707.104053  20.022109  0.139608  2.946921  0.173406
2111  1167.403386  1097.819725  15.648213  0.049796  0.593443  0.049856
2112  1921.617669  91.930364  15.800008  0.066876  0.805206  0.051003
2113  1066.830835  843.486838  15.526864  0.042928  0.619251  0.056014
2114  1813.634466  1911.512505  16.231129  0.043430  1.029454  0.050301
2115  699.052874  349.646314  16.440058  0.029296  1.025297  0.051416
2116  1849.603774  1693.434337  15.917646  0.027110  0.904294  0.059522
2117  669.706452  2025.561942  18.655956  0.062031  2.359576  0.054404
2118  1994.149705  143.733519  16.607712  0.037199  1.123173  0.031009
2119  1384.249627  897.696939  16.186434  0.050413  1.407152  0.096581
2120  1193.824877  1557.153581  20.988213  0.154614  3.583308  0.111280
2122  824.371656  1340.340585  20.800538  0.185676  3.225762  0.248007
2123  1342.719117  758.997347  15.971150  0.044625  0.827086  0.067926
2124  92.892303  1574.535011  16.017878  0.050324  0.936169  0.045661
2125  1458.915348  1208.197016  15.182636  0.056446  0.255489  0.056398
2126  968.615823  1773.301957  16.215923  0.076499  0.940773  0.047834
2127  1148.569541  1000.115391  15.252508  0.034230  0.324918  0.037876
2129  53.267980  1044.282412  15.976488  0.090556  1.356776  0.038941
2130  392.947444  812.565063  16.772145  0.048360  1.353727  0.053684
2131  1340.676867  5.595224  15.321124  0.077733  0.490399  0.029746
2132  612.100563  1860.268391  15.966134  0.041154  0.740242  0.046254
2133  1911.772738  1995.330269  16.239665  0.031166  0.893811  0.057110
2134  999.583980  377.552313  16.869864  0.050963  1.332773  0.032898
2135  962.639444  1195.447534  19.505782  0.139244  2.565478  0.073756
2136  1096.113750  153.377235  19.552665  0.094686  2.673309  0.089308
2137  1379.503144  944.084133  16.787840  0.080585  1.012372  0.054390
2138  2040.771415  993.807239  18.993594  0.096526  1.818871  0.106582
2139  805.345792  805.235235  20.968570  0.292539  3.502899  0.201696
2140  76.248993  850.196683  17.135549  0.038550  1.866114  0.078237
2141  885.774111  1353.606371  16.914961  0.066171  0.903351  0.066955
2142  775.099561  395.871817  16.754816  0.097461  1.145349  0.055332
2143  594.303034  1410.733188  18.654754  0.051908  1.745026  0.078761
2144  914.305396  263.039476  18.356262  0.130215  1.728434  0.063500
2145  1604.656525  1411.166158  16.909764  0.072777  0.919615  0.089335
2146  960.964144  1378.347149  19.019038  0.138146  2.168712  0.088477
2147  1631.328733  1662.308490  16.494393  0.051002  0.962265  0.038925
2148  458.599532  1124.988509  16.546303  0.075107  1.138751  0.054072
2149  560.191493  1256.669350  19.577844  0.144854  2.633552  0.145792
2150  951.050496  710.247567  16.496094  0.049939  1.111042  0.045428
2151  597.537737  240.618077  17.124940  0.057860  1.370743  0.071871
2152  1132.689040  374.687027  16.666379  0.117643  0.897623  0.065438
2153  1070.429641  1988.775867  16.728261  0.052556  1.056119  0.037460
2155  607.026371  1780.126986  19.819796  0.070281  2.639148  0.070857
2156  1525.312150  1808.650994  17.345597  0.123567  1.360331  0.041938
2157  1505.160795  1817.078586  16.514744  0.050381  0.590562  0.074479
2158  64.702605  251.378869  17.246396  0.150957  1.136692  0.049625
2159  205.968637  1456.831935  15.788558  0.049420  0.294739  0.074229
2160  634.235126  755.970708  16.821475  0.055468  0.968130  0.068198
2161  1628.632423  2007.263424  18.073064  0.058151  1.537091  0.053101
2162  1399.902942  140.568235  16.385304  0.067952  0.587833  0.041634
2163  584.099371  819.398576  15.722416  0.034883  0.377148  0.040840
2164  1932.262802  1286.874302  16.695630  0.044904  1.755157  0.038878
2165  1992.352538  531.752678  20.125517  0.143234  2.604539  0.103476
2166  250.953076  155.061390  19.159564  0.098142  2.333074  0.100703
2168  1721.890021  94.708417  16.558160  0.038544  0.991298  0.047512
2169  884.738181  1205.199792  18.431500  0.055494  1.955574  0.055956
2170  229.182443  1850.938125  17.926898  0.051699  1.401435  0.093374
2171  746.111992  592.318096  19.891246  0.124046  2.927581  0.184768
2172  1143.530988  90.734157  16.798697  0.041680  1.263883  0.096684
2173  30.448982  1522.036130  20.454947  0.138296  2.704330  0.279426
2174  1038.304428  1298.661469  19.709346  0.072376  2.757127  0.140576
2175  982.336994  1266.918386  18.393351  0.079499  1.803626  0.088501
2176  1306.045597  1591.257948  19.459644  0.154404  2.627849  0.134486
2177  416.222916  1553.980544  17.597787  0.058478  1.421453  0.050634
2178  611.414382  353.053871  19.489646  0.175176  2.313066  0.123012
2179  901.536620  1161.653704  16.741478  0.041162  0.900428  0.050246
2180  1248.171097  1939.818878  18.000162  0.047017  1.619642  0.053426
2181  166.356503  1343.776106  17.478930  0.067270  1.295447  0.062606
2182  556.313853  1092.185117  17.364729  0.059519  1.178738  0.048035
2183  1153.227711  1897.666713  16.648231  0.057897  1.427655  0.063167
2184  178.611708  1288.503048  15.631732  0.062642  0.296673  0.034520
2185  189.470818  1411.079401  19.449103  0.102038  2.337684  0.071372
2186  1207.408318  1280.473196  17.064239  0.110756  1.033002  0.039527
2187  874.844216  426.920399  16.664508  0.053371  0.820571  0.069501
2188  1897.933659  1870.274091  16.870981  0.048853  1.191060  0.068853
2189  31.942363  8.199626  19.677704  0.139120  2.043311  0.103155
2190  1433.420008  446.446445  17.030965  0.080136  0.649235  0.086738
2191  1302.005371  732.530007  19.296651  0.097271  1.886828  0.066064
2192  1766.696565  33.491130  16.559865  0.044724  0.395348  0.032142
2193  957.419723  15.824218  16.767800  0.056266  0.827310  0.055725
2194  773.620476  1685.602720  18.081657  0.069011  1.221835  0.058501
2195  1854.642368  1219.166224  18.473372  0.077619  1.503410  0.101141
2196  1015.316575  532.155623  17.371458  0.082661  1.033252  0.062993
2197  884.826287  1968.192229  17.595093  0.114226  0.978828  0.091704
2198  1696.509877  446.786618  17.655216  0.076281  1.480768  0.073361
2199  581.783175  724.977475  16.941693  0.066766  0.577698  0.035322
2200  552.663500  969.512895  18.786075  0.136080  1.848908  0.070602
2201  1666.931781  994.944628  17.323637  0.041281  0.964911  0.067072
2202  242.738438  684.533003  19.137866  0.176752  2.319143  0.115705
2203  16.023807  1035.550312  17.598971  0.042731  1.065751  0.044968
2204  1894.454349  1161.698475  19.049782  0.173467  2.050329  0.081320
2205  711.259103  781.216983  18.024667  0.125438  1.271627  0.103269
2206  857.418743  1340.819537  17.710908  0.049139  1.888000  0.067987
2207  1479.310709  1654.042694  17.277130  0.082813  1.113067  0.052456
2208  1310.669684  1077.084654  18.777649  0.091913  1.434855  0.093277
2209  1539.049605  351.955131  17.092349  0.057233  1.163639  0.083147
2210  627.015670  1079.874050  18.542374  0.178956  1.560487  0.092128
2211  1262.835732  654.320532  19.990837  0.107622  2.851779  0.081212
2212  189.423769  1849.465807  19.555764  0.091068  2.242702  0.086485
2213  483.243455  176.933534  17.013735  0.057760  0.811432  0.034950
2214  532.742427  1488.752954  17.707705  0.042649  0.986341  0.038912
2215  234.003567  773.119877  17.191267  0.051525  1.312262  0.086178
2216  1047.153669  449.612638  18.104318  0.135211  1.087772  0.072782
2217  1098.834991  1107.026031  18.839152  0.061693  1.605748  0.118891
2218  1213.420790  1950.621737  18.575326  0.068037  1.481970  0.102551
2220  45.076649  562.860016  19.973739  0.146374  2.603713  0.101371
2221  1832.957970  323.407522  19.958226  0.158708  2.164527  0.122868
2222  1926.992727  1314.917627  18.701013  0.061283  1.672244  0.067503
2223  1867.964328  852.436674  18.693262  0.071759  1.691789  0.084984
2224  1210.778495  186.849533  17.433882  0.037643  1.747469  0.109091
2225  504.353050  625.044677  18.083134  0.053648  1.535122  0.069426
2226  99.365562  1868.975667  19.038971  0.129236  1.907113  0.098323
2227  142.951737  75.554053  20.111900  0.187257  2.728822  0.295196
2228  118.148969  1391.569477  19.383911  0.126080  2.145996  0.066202
2229  1016.958678  1509.374886  17.336432  0.042133  0.897622  0.037182
2230  295.052783  585.688625  20.349338  0.247746  2.813237  0.106193
2231  1703.759831  1920.438274  19.868095  0.120386  2.445196  0.104922
2232  1013.017713  629.842899  17.379998  0.044560  1.134555  0.063087
2233  1374.459229  1449.117733  17.971181  0.066302  1.245119  0.056063
2234  1651.899082  102.951571  19.032013  0.097933  1.757612  0.153136
2235  2041.064609  1294.777322  16.752332  0.049182  0.751730  0.040847
2236  1637.897997  35.878023  15.238107  0.044663  -0.342045  0.027735
2237  2033.657299  1694.558405  20.525286  0.141886  2.536820  0.183242
2238  1525.841526  582.929864  16.591539  0.046729  0.583896  0.047887
2239  532.710598  1864.868660  17.012836  0.055560  0.641715  0.077530
2240  1366.318914  1694.236271  18.564806  0.054896  1.660842  0.077857
2241  1206.602992  1017.526384  17.532499  0.063683  1.078684  0.095386
2242  1519.637249  418.689170  18.859192  0.059804  1.838240  0.082911
2243  199.327884  969.240044  17.023596  0.056316  0.710811  0.093378
2244  1310.782722  419.076459  18.033027  0.064246  1.309329  0.072740
2245  652.307766  735.576762  17.598552  0.049401  1.051632  0.042722
2246  433.489572  1348.012168  18.073355  0.056725  1.360233  0.056841
2247  1243.803249  713.023150  18.916821  0.097624  1.732289  0.129697
2248  807.729330  797.358226  17.654068  0.038856  1.601986  0.044354
2249  664.218399  1074.803551  17.122135  0.044390  0.964265  0.039843
2250  2015.874085  115.545197  17.508951  0.099825  0.850253  0.051147
2251  784.223298  467.565673  19.440711  0.079422  2.375789  0.109994
2252  454.101375  104.443132  18.080546  0.050377  1.126265  0.044020
2253  1610.242844  1656.990739  17.330116  0.047287  1.721657  0.043245
2254  2004.132442  415.353971  17.508885  0.063058  0.850443  0.043475
2255  809.451472  324.411198  17.797982  0.039823  1.207023  0.112421
2256  1937.618319  156.609734  18.413234  0.091306  1.482102  0.075341
2257  910.867455  1180.538994  17.461164  0.039049  1.297921  0.064963
2258  809.248356  1359.583444  17.329466  0.062503  1.397457  0.058360
2259  989.122085  32.800529  18.825672  0.073467  1.641549  0.057812
2260  981.374538  1599.411492  20.157047  0.122902  2.407587  0.077171
2261  630.644817  1481.550654  18.488298  0.082253  1.300836  0.062676
2263  269.199847  1789.911486  18.034690  0.130960  1.050170  0.064387
2264  896.190786  618.269163  19.335257  0.091943  1.679335  0.096019
2265  942.136735  2034.292815  17.013728  0.077078  0.508213  0.050921
2266  1400.294131  1027.326359  17.890204  0.048188  0.700618  0.094142
2267  1151.400149  463.950727  17.552076  0.069127  0.646329  0.052291
2268  1586.394311  1239.438063  21.302522  0.182945  2.861232  0.277939
2269  45.838633  666.609528  18.431519  0.047286  2.197701  0.061316
2270  6.635614  1341.558805  20.864211  0.214149  2.510086  0.155607
2271  1797.272649  111.677750  17.641621  0.101886  0.970244  0.063011
2272  1215.967551  1036.809809  16.333081  0.029231  -0.036658  0.062018
2273  1650.687713  207.048512  17.863601  0.058661  0.961384  0.095217
2274  1899.469651  165.459649  17.375915  0.042762  0.547929  0.036271
2275  1829.917168  1085.369081  17.327911  0.038885  0.701931  0.107040
2276  1330.263015  801.969739  16.721794  0.037310  0.138567  0.040426
2277  1962.172993  846.535760  20.930476  0.350441  2.709754  0.269451
2278  284.812174  861.099380  18.462453  0.058860  1.194286  0.053063
2279  280.364507  260.876745  20.364892  0.097524  2.247448  0.169535
2280  1795.465915  1504.216681  18.417647  0.059123  1.091133  0.064240
2281  1227.192760  586.748333  18.862149  0.107802  1.603980  0.095011
2282  506.594203  875.565712  21.256642  0.138533  2.406286  0.131694
2283  793.866749  613.851653  17.459500  0.076506  0.850305  0.042311
2284  872.797813  766.327765  19.703022  0.181853  2.134812  0.139126
2285  1204.489974  1216.438321  18.347764  0.113596  1.152023  0.104757
2287  989.703139  1013.659077  18.035841  0.046208  1.078824  0.066958
2288  51.222376  1366.023540  16.451546  0.055832  0.091378  0.038040
2289  647.667143  1849.189628  18.084176  0.107953  0.823082  0.110742
2290  497.083972  481.235764  20.870681  0.266396  2.379779  0.137224
2291  1397.196023  1634.861749  18.024348  0.058670  1.931607  0.069803
2293  1017.113832  378.688169  18.381833  0.095125  1.218462  0.066853
2294  1854.118273  121.167920  17.523844  0.082917  0.864823  0.041810
2295  1966.676229  1326.566515  18.059701  0.101710  1.115463  0.166115
2296  179.248314  1684.014426  16.720249  0.032190  0.180805  0.062900
2297  152.980694  1171.234039  18.077806  0.061758  1.062026  0.066681
2298  1939.252778  1710.184347  17.885111  0.050748  1.472337  0.101259
2299  1961.288815  1570.707318  17.728888  0.122205  0.780126  0.049367
2300  987.999505  1720.669290  18.663812  0.134812  1.179541  0.070838
2301  1469.857999  169.582590  18.482993  0.068388  1.185585  0.084177
2302  83.778106  1048.894201  19.124539  0.098632  1.601135  0.074675
2303  1532.474607  1517.567202  19.687742  0.117916  1.825834  0.102731
2304  1702.895075  1407.966054  20.309749  0.124316  1.805699  0.176596
2305  537.104342  506.869689  19.627625  0.104283  1.970720  0.124087
2306  1157.127674  1330.864130  17.902275  0.069871  0.937950  0.078326
2307  541.863136  1861.997075  18.589128  0.053512  2.062079  0.056418
2308  1229.826218  740.743089  20.403596  0.109205  2.174084  0.091732
2309  1673.024138  1371.134164  17.944572  0.078302  1.454475  0.093932
2310  657.124976  575.201393  17.918268  0.051382  1.051818  0.072962
2311  1760.659892  1505.184027  18.394364  0.125425  0.897814  0.084672
2312  1093.071043  983.625358  18.943379  0.107344  1.517194  0.086413
2313  1602.753991  1060.402799  19.840475  0.105578  1.833165  0.125397
2314  153.022219  1683.944146  20.440700  0.165356  2.090653  0.107440
2315  1595.566977  1912.865368  17.432179  0.090494  0.715890  0.085945
2316  417.224084  1635.834822  21.134906  0.156453  2.818827  0.161552
2317  1204.015413  1796.477331  15.948233  0.069882  -0.220374  0.028268
2318  1421.536706  1566.859547  17.907204  0.043722  1.009870  0.045699
2319  1877.899146  960.851620  19.225718  0.093116  1.864337  0.130331
2320  700.505478  122.290215  17.821133  0.045659  0.771839  0.048475
2321  544.225472  741.610737  19.809445  0.241098  2.175486  0.282710
2322  190.840937  1071.580930  19.942729  0.103781  2.002938  0.120186
2323  68.686461  1222.849463  18.005570  0.067756  0.956433  0.053524
2324  1263.363023  1954.567670  20.116555  0.084848  2.106912  0.157073
2325  1382.788393  1823.616378  17.833157  0.046184  0.962852  0.113672
2326  721.555532  1366.911160  17.887206  0.042482  0.965642  0.074772
2328  1120.518703  1788.186973  18.526190  0.095260  1.323491  0.093233
2331  168.558728  92.531487  18.318841  0.049934  1.263663  0.091226
2332  1355.864180  1639.222156  16.622427  0.066576  0.077579  0.071675
2333  2001.654265  1509.660269  17.004241  0.061811  0.208969  0.053242
2334  537.114266  1460.556932  19.758956  0.087928  1.919885  0.104033
2335  873.051807  755.238749  19.512772  0.085002  1.963656  0.103976
2336  919.132317  1996.567548  17.953621  0.077866  0.988879  0.051615
2337  300.595349  814.869148  17.556777  0.055082  0.580885  0.041300
2338  1209.565312  1972.583032  19.318760  0.157561  1.578236  0.078213
2339  1327.096832  802.526717  18.333735  0.078656  1.224210  0.109787
2340  1278.403214  1361.360744  20.417137  0.152276  2.032398  0.161961
2341  861.150304  2021.012355  17.802808  0.041969  1.353586  0.050043
2343  963.594638  227.183169  21.289208  0.189071  3.011507  0.296771
2344  798.001694  573.270511  18.212485  0.054023  1.002244  0.079810
2345  1215.928811  391.023606  19.350306  0.069395  1.560001  0.103539
2346  1990.999451  1737.165102  18.713025  0.127498  1.445668  0.069008
2347  1668.285468  1893.094866  18.157661  0.088505  1.033416  0.057152
2349  69.500112  39.078252  18.297085  0.127801  1.077860  0.072351
2350  1318.711768  976.425314  16.701919  0.062553  0.045040  0.030726
2351  1653.417679  968.691565  20.521880  0.102270  2.152688  0.123421
2352  1694.103537  74.909937  19.818195  0.109259  2.040144  0.088626
2353  483.304884  1240.840074  17.481977  0.036929  0.655252  0.089252
2354  530.795388  1209.579764  16.191684  0.035410  0.079194  0.064209
2355  1233.563560  319.753642  18.543315  0.057156  1.352588  0.061665
2356  1022.705205  1495.565091  19.783937  0.117524  1.979055  0.209798
2357  756.163232  513.360289  18.310468  0.057835  1.238630  0.078607
2358  1064.987882  806.712041  18.076985  0.053499  1.050430  0.058505
2359  62.731051  1904.793312  19.552737  0.139957  1.878745  0.094998
2360  1050.926538  854.456340  18.134194  0.101365  1.540123  0.062669
2361  1494.798638  1096.703736  18.150890  0.072536  1.307004  0.097335
2362  1850.392869  205.704354  18.688275  0.105919  1.239661  0.163776
2363  822.338008  1562.369942  19.051783  0.067982  0.920024  0.160320
2364  1404.183319  2028.002791  20.047117  0.223072  2.171583  0.161104
2365  644.400858  1953.050531  19.218385  0.063479  1.283575  0.088764
2366  1354.420568  794.350073  20.612655  0.248192  2.260874  0.100993
2367  1963.444959  870.033124  17.463413  0.068735  0.340895  0.050606
2368  178.333582  2034.383672  18.981064  0.085253  1.490203  0.137027
2370  1851.635658  1573.226575  17.462145  0.070322  0.342485  0.068919
2371  72.808935  1197.652649  17.550924  0.051743  0.306016  0.052415
2372  617.098396  1855.046292  18.975050  0.078209  1.421290  0.098133
2373  1175.869671  204.236822  18.104089  0.087233  0.780073  0.067759
2375  27.081875  55.754771  19.605707  0.073808  1.850468  0.100420
2376  925.269881  312.901565  18.980335  0.140829  1.679933  0.109577
2377  1902.250244  1134.113161  18.937526  0.095534  1.213156  0.078897
2378  1404.672116  95.390458  18.564412  0.147398  1.558453  0.065570
2379  467.624180  1484.155730  18.412293  0.083027  0.788793  0.049643
2380  971.427814  1537.296456  19.094315  0.122110  2.155671  0.080986
2381  1045.264565  1514.367210  20.034373  0.099837  1.964455  0.217428
2382  148.055560  146.403977  20.729514  0.177108  2.064129  0.247692
2383  1543.199314  1609.283407  18.254475  0.071823  0.883809  0.065627
2384  62.680733  680.289821  21.052227  0.112638  2.375656  0.207478
2385  1528.432200  1811.981205  17.584754  0.069355  0.511055  0.056165
2386  431.384811  867.268269  17.660374  0.063383  0.460750  0.081485
2387  1155.851199  476.741539  19.590238  0.148698  1.407365  0.076406
2388  1517.757202  1787.562157  19.331025  0.097578  1.558915  0.091329
2389  533.186401  74.023186  18.683419  0.112608  1.178826  0.202657
2390  725.483885  202.349267  18.752617  0.067464  1.089836  0.079855
2392  665.483032  1636.894803  18.723736  0.077407  1.241608  0.054783
2393  1821.075250  1480.333424  19.021229  0.098254  1.321008  0.155719
2394  496.362206  2026.208284  19.587380  0.132860  1.474798  0.088888
2395  1335.758804  1786.946433  18.785550  0.051723  1.209407  0.067176
2396  1245.328691  1884.960960  20.913046  0.189441  2.743505  0.135529
2397  609.489952  1337.604431  20.171783  0.090593  2.062699  0.114627
2398  191.724639  984.690543  20.071197  0.110120  1.750983  0.148536
2399  1382.705817  1273.909774  20.781345  0.195206  2.488714  0.294373
2400  1255.013852  1010.523911  19.028863  0.134872  1.284516  0.097202
2401  1636.522269  1479.923121  18.968039  0.121703  0.880063  0.137136
2402  1513.550976  452.588250  19.199925  0.075705  2.692265  0.112910
2403  1182.780452  1670.497789  20.425217  0.176897  1.981594  0.157453
2404  376.813030  180.780888  19.065339  0.083272  1.489120  0.127393
2405  2006.381597  66.854196  19.454198  0.141912  1.631797  0.076855
2406  307.760550  203.845188  18.945106  0.085832  1.225695  0.058549
2407  1737.954818  207.846045  19.622285  0.099615  1.455750  0.203727
2408  1356.238408  92.130677  19.730702  0.109096  1.609617  0.110847
2409  1732.037739  1696.286804  18.700733  0.098719  1.096035  0.088791
2410  941.751878  1009.400652  18.479805  0.050820  1.174719  0.126293
2411  796.899442  1809.861652  20.368860  0.187358  2.188232  0.155676
2412  1740.812878  951.207708  19.037495  0.085637  1.239528  0.124428
2414  685.706058  190.880800  18.450715  0.119234  1.565946  0.139469
2415  198.599885  873.610845  19.824065  0.123755  1.903603  0.149799
2417  935.976192  1358.897157  20.262621  0.183620  1.864196  0.187658
2418  1833.421988  182.548109  18.810747  0.079118  1.098907  0.061397
2419  683.261159  1279.385407  18.705494  0.113867  1.893888  0.112372
2420  1359.476615  648.593341  16.901447  0.076143  -0.023438  0.051511
2421  1764.041126  1136.778426  19.523371  0.165779  1.489313  0.086210
2422  1463.457654  1259.711270  17.908380  0.050061  0.706315  0.045941
2423  1900.631542  1268.673536  19.062409  0.145712  1.303718  0.070794
2424  1517.957654  1657.183150  18.363609  0.060764  1.089024  0.114494
2425  875.129054  1725.625355  18.965374  0.148338  1.219695  0.092088
2426  349.442342  1307.733609  18.426372  0.111951  0.933060  0.060935
2427  1576.427750  1660.712583  18.860166  0.135222  1.358661  0.075883
2428  1931.850879  16.258526  20.291142  0.098862  2.152876  0.178434
2430  1882.655315  444.423250  18.465235  0.063053  1.351666  0.078711
2431  1986.214258  984.895189  17.865809  0.043805  0.531273  0.056868
2432  1442.514801  162.286044  19.155277  0.071251  1.451005  0.120008
2433  221.729147  1467.295628  20.030540  0.237941  2.026934  0.118247
2434  110.101681  1594.559315  20.727114  0.174913  2.233120  0.150639
2435  1312.591304  456.002541  20.692052  0.236380  1.975538  0.104589
2436  163.893922  760.731932  19.216125  0.070694  1.443805  0.072366
2438  2035.176258  1472.718901  19.029712  0.074547  1.307564  0.092500
2441  165.245675  1339.270864  18.428896  0.059712  1.149485  0.083849
2442  1040.448604  1186.809780  17.450661  0.059277  0.487933  0.075713
2443  714.533752  1785.083625  19.041679  0.102365  1.143973  0.098880
2444  282.059184  1650.606750  18.172798  0.058392  0.924457  0.049632
2445  747.563441  863.294786  18.604631  0.245960  1.389565  0.068746
2446  1159.207598  1602.948560  19.034183  0.143754  1.319060  0.123793
2447  1389.605784  1804.656004  18.507642  0.098226  0.899429  0.114506
2449  182.176596  649.965049  19.020738  0.088668  1.874255  0.087893
2450  1953.554267  183.711277  18.673646  0.127788  0.828979  0.159557
2451  1456.001770  1507.129541  21.177750  0.146778  2.275514  0.152069
2452  1902.800597  378.678086  18.689775  0.114031  1.243834  0.091047
2453  2040.406417  14.093344  19.312403  0.136741  1.358776  0.119574
2454  218.307921  1609.952775  18.409316  0.055928  0.856808  0.094000
2455  1781.826842  244.754988  18.767787  0.062278  1.204185  0.081752
2456  295.325226  557.148266  18.571321  0.064165  0.797873  0.130611
2457  1539.310553  1738.298092  19.062863  0.188851  1.426848  0.064089
2458  196.523441  1524.331505  19.376620  0.074146  1.446544  0.112665
2459  60.351528  452.835220  17.995711  0.055294  0.808449  0.059600
2460  900.178664  485.676208  19.477520  0.062991  1.510086  0.067620
2461  38.717100  1657.033444  20.127460  0.079967  1.873522  0.099021
2462  292.471569  759.482102  18.098602  0.127486  0.525655  0.068457
2463  1199.800114  943.413570  20.821980  0.207044  2.410162  0.156753
2464  1734.184717  61.149177  18.989399  0.112043  1.316196  0.070308
2465  1707.091911  1395.647055  19.662884  0.099917  2.013093  0.203658
2466  1420.348114  158.431159  20.234602  0.130174  2.277776  0.131788
2467  851.030012  562.422398  19.071416  0.089325  1.249494  0.106502
2468  202.281328  1453.252341  19.772189  0.092316  1.914430  0.100951
2469  1033.875093  1271.391889  19.196444  0.256087  1.139897  0.092505
2471  192.305355  1772.179598  17.717224  0.077111  0.338949  0.092545
2472  68.575673  1970.426085  19.285929  0.078060  1.360700  0.070592
2473  129.518437  1625.732340  19.447378  0.116883  1.592786  0.120705
2474  6.455542  804.177626  19.293329  0.099477  1.283978  0.116686
2476  1380.538609  1293.873562  20.732532  0.241691  2.143356  0.139468
2477  1660.589500  1390.190739  16.995608  0.038380  0.032195  0.050644
2478  1379.255805  365.147885  17.958198  0.058211  0.769428  0.065784
2479  398.980457  354.287341  19.198487  0.154303  1.584363  0.094823
2480  1078.003061  1387.422177  18.001333  0.051740  0.617442  0.064247
2481  1562.812918  1883.307612  18.809933  0.061760  1.121954  0.096154
2482  1341.847867  38.234880  16.751291  0.035297  0.018437  0.061032
2483  1588.693253  91.949168  18.567548  0.053666  1.089770  0.120595
2484  567.349375  723.700367  18.592268  0.051022  1.565308  0.073714
2485  397.033156  1372.082041  18.884909  0.054792  1.176928  0.060677
2486  520.752753  884.020349  18.687625  0.104006  1.774820  0.072930
2487  272.009785  705.838472  18.285061  0.055659  0.950748  0.053910
2488  1662.307194  253.475440  18.802808  0.063532  1.331505  0.094554
2489  1430.226544  636.550991  21.224947  0.254511  3.146191  0.233944
2490  925.195379  1854.280344  18.825293  0.066422  1.216870  0.060584
2491  1617.172680  822.680133  18.585485  0.048645  1.173085  0.056546
2492  1569.831650  65.642053  20.172859  0.111419  1.842106  0.146614
2493  1059.273434  199.205056  18.731952  0.091721  1.139997  0.098864
2494  1352.683928  1615.735620  20.715980  0.098578  2.175440  0.298262
2495  1324.468646  1704.667325  18.599688  0.051088  0.842052  0.072330
2497  447.327283  817.653746  18.903869  0.068640  1.020737  0.147601
2498  1058.180188  538.545377  20.292157  0.143817  1.946895  0.106993
2500  350.929869  1683.389016  19.816012  0.257624  1.731323  0.142218
2501  213.942245  1797.155128  18.711441  0.098489  1.943371  0.066732
2504  1109.895175  1015.059869  17.969284  0.060514  0.604482  0.075232
2506  1225.677114  1045.774375  19.680382  0.074546  1.932728  0.106646
2508  1698.327789  1929.271600  20.424909  0.254072  1.831869  0.088481
2509  1007.416985  1197.013670  19.824426  0.120757  1.488397  0.084164
2510  1475.012186  223.093786  20.569086  0.091768  1.533231  0.169433
2511  636.733559  26.920801  19.819394  0.107390  1.280357  0.188045
2512  644.240374  965.452127  21.004456  0.150373  1.883437  0.095552
2513  1700.064631  1742.505854  19.409864  0.075963  0.995605  0.186277
2514  1322.077869  1232.054532  19.463827  0.166199  1.791535  0.112448
2515  993.952405  1360.963518  19.914607  0.082438  1.798897  0.096564
2516  1637.414432  1828.384211  19.691591  0.135711  1.423173  0.135016
2517  1936.117312  2011.725842  19.491716  0.077149  2.098837  0.099759
2518  1668.307126  244.724667  20.191734  0.140627  1.012730  0.171212
2519  1367.699311  194.021229  19.819071  0.109224  1.230270  0.106004
2521  872.443103  71.124136  19.284668  0.146586  1.924707  0.100108
2522  363.562734  999.692538  19.782439  0.123965  2.229017  0.092316
2523  1975.942560  42.836306  20.921682  0.169141  1.997811  0.119795
2524  1931.368711  420.460983  19.549361  0.151199  1.188746  0.127513
2525  1623.349981  1109.577399  19.214172  0.059484  1.255775  0.075246
2526  1133.992824  257.968138  19.260697  0.099132  1.019685  0.105082
2527  1335.758609  633.715294  20.005341  0.137619  2.633173  0.129886
2528  1835.836139  120.464867  19.427859  0.069794  1.286613  0.130153
2529  1155.255149  581.328973  20.223610  0.137625  1.282952  0.107977
2530  1926.309261  430.681900  21.305801  0.231294  2.257194  0.232623
2531  1084.802612  2023.580722  19.301124  0.080895  1.720378  0.063082
2533  1026.497171  1898.110383  19.312048  0.078945  1.087127  0.147104
2534  1799.956377  1805.359952  17.404737  0.050793  0.050087  0.097643
2535  1891.777521  360.805303  20.839744  0.131917  2.020700  0.175166
2536  255.962136  1320.485863  20.093521  0.114801  1.473449  0.113194
2537  503.573467  1435.113553  20.309246  0.149608  1.773194  0.180769
2539  2007.768195  1985.779137  20.457938  0.090132  1.633550  0.108678
2540  1085.868604  1814.241382  19.050242  0.067702  0.882622  0.091993
2541  785.098883  1665.494081  18.101190  0.076837  0.196589  0.054909
2543  1489.468292  1438.351623  20.446090  0.090644  1.696695  0.105280
2544  705.950786  955.279757  19.130709  0.076713  1.068466  0.067705
2545  1928.967366  375.941445  19.778186  0.113125  1.331168  0.084982
2546  759.234268  529.968094  19.365677  0.082597  1.572983  0.120880
2547  144.868510  1256.731528  20.146596  0.120003  2.745821  0.113250
2548  364.067645  1881.505357  19.957488  0.084820  1.464942  0.088373
2549  1933.352492  1738.515046  19.523859  0.101036  1.150361  0.126746
2550  1290.475993  430.203258  21.029878  0.175449  1.936479  0.228505
2551  701.644884  1607.460584  18.654855  0.064725  0.475280  0.083142
2552  1928.868092  1739.688970  19.323527  0.128029  1.422077  0.098399
2553  2047.421632  1326.170327  20.190845  0.224063  1.543489  0.124683
2554  2037.314359  1934.902225  19.655555  0.091167  1.216852  0.085767
2555  318.182570  1208.795238  19.073992  0.132200  1.085307  0.202549
2558  1243.249245  523.048379  20.271455  0.213170  1.328094  0.260420
2559  1682.937390  1145.697092  20.099978  0.107586  1.577720  0.144598
2560  472.545713  2030.300756  20.353053  0.092600  1.716083  0.090621
2562  1975.652303  767.607246  18.529699  0.064932  0.814670  0.073448
2563  1456.110324  133.372558  20.724661  0.207415  1.722625  0.177056
2564  1145.362234  834.084143  20.339938  0.135643  1.268530  0.119791
2566  1812.743538  838.255063  19.569685  0.152354  1.047833  0.066500
2567  1338.994463  1909.419844  19.597414  0.126626  1.859557  0.138820
2568  609.341119  1067.578419  19.738149  0.073141  1.254808  0.105427
2569  483.810991  367.292046  18.796695  0.113218  0.804597  0.070632
2570  131.562557  1084.247623  20.399184  0.103252  1.578463  0.145810
2571  695.585838  1108.705234  19.865244  0.183075  1.279788  0.144637
2572  1.503703  1332.815803  20.475170  0.132277  1.626540  0.207817
2573  1073.695952  1660.135082  19.579202  0.125820  1.140152  0.079191
2574  1226.825150  1429.300880  19.377408  0.062231  1.127269  0.068336
2575  1138.986639  1169.803788  19.067317  0.078545  1.243635  0.058098
2576  566.581591  863.774703  18.094441  0.086115  0.295328  0.044441
2577  62.066936  108.465094  19.616378  0.087530  1.789012  0.072483
2578  1504.162643  719.016944  19.018092  0.104551  1.244694  0.073518
2579  1560.303447  1205.059905  19.689436  0.118905  1.176291  0.180394
2580  622.884501  2039.676138  19.676289  0.124724  1.131623  0.084480
2581  1896.591900  1687.569282  19.601634  0.092360  1.263231  0.098455
2582  601.229267  1381.583565  20.462739  0.169921  1.861982  0.149767
2583  191.301769  117.149258  18.405935  0.065074  0.690007  0.077652
2584  529.394114  1797.770626  19.300123  0.062593  1.079583  0.087390
2585  1296.554220  1314.321056  18.965182  0.136544  1.255272  0.175664
2586  841.615033  1753.175434  20.535967  0.175060  1.451477  0.107037
2587  244.443284  240.343871  19.965901  0.112761  1.315033  0.197282
2589  1150.121787  1771.530027  18.401228  0.072958  0.585104  0.120359
2590  761.930887  1462.584881  19.140359  0.071707  0.997954  0.188594
2591  863.112646  813.248607  19.170381  0.142659  1.412470  0.075774
2592  626.499159  1657.930119  20.748047  0.129726  1.901871  0.166624
2593  153.630988  56.832522  19.274856  0.082413  1.254514  0.073974
2594  1145.483100  764.603877  20.210150  0.094022  1.622578  0.107977
2595  1511.253511  635.725782  19.769939  0.154232  1.409740  0.077970
2596  552.787288  930.415293  17.851896  0.056227  0.034060  0.061369
2597  2011.442015  1676.799863  19.586632  0.096578  2.679329  0.082274
2599  605.662220  1033.307520  19.880884  0.164890  1.039295  0.139795
2600  311.629155  982.778811  19.512168  0.137915  1.513252  0.084120
2601  455.769320  1370.240810  19.730441  0.103033  1.373257  0.116261
2602  2018.694424  374.123881  19.524794  0.075071  1.318245  0.077881
2603  1706.419132  153.564755  19.990843  0.078462  2.688330  0.122547
2604  24.561193  1704.686103  19.123806  0.091904  1.654058  0.169838
2605  1417.267969  1269.247739  19.624295  0.091174  1.349340  0.081937
2606  372.144447  1670.368767  19.416212  0.103199  1.849303  0.096791
2607  876.616080  1204.075544  19.239622  0.087724  1.792838  0.076220
2608  1576.516289  913.863814  20.732952  0.108905  1.907613  0.231207
2609  1637.889368  1454.166960  19.489726  0.180930  1.836666  0.088199
2610  394.989991  1657.604457  19.879999  0.082801  1.407918  0.092464
2611  1136.049143  1471.203273  18.027968  0.045918  0.326086  0.055710
2612  1652.762867  1046.304981  18.753237  0.120147  0.667154  0.117504
2613  414.794516  7.198203  20.068246  0.124319  1.496869  0.100733
2615  1928.417741  970.179516  19.797019  0.072888  1.276811  0.135014
2616  1156.830059  1036.017822  19.730500  0.089807  1.652602  0.102143
2617  640.839540  745.505197  19.352277  0.102241  1.329218  0.084640
2618  513.694697  1798.015423  19.681658  0.131438  1.761065  0.118653
2619  1318.161995  1804.230024  19.238548  0.110398  1.206729  0.069151
2620  1299.712195  217.206365  19.348077  0.096032  1.263479  0.102822
2621  1580.028814  1941.539772  18.577647  0.098762  0.727772  0.061445
2622  1656.583195  1781.443442  19.577475  0.198216  2.291681  0.072647
2623  443.184101  2041.761403  17.518571  0.081696  0.229866  0.038311
2624  522.263332  1152.735680  20.923051  0.122592  2.419410  0.112144
2625  42.473705  410.038982  19.321220  0.079105  1.524147  0.102545
2626  776.824787  1635.689610  18.756270  0.143151  0.714075  0.122429
2627  812.532293  683.222946  19.680591  0.124872  1.614742  0.135734
2628  1057.183940  147.184400  19.179319  0.123722  1.280684  0.141919
2630  997.075126  1958.990131  19.408374  0.075553  1.161859  0.081299
2633  549.304998  383.739359  19.022335  0.133239  1.119661  0.084182
2634  1093.432415  807.156174  19.545294  0.133898  1.358317  0.078940
2635  394.927918  762.483708  20.167597  0.105797  1.511245  0.131730
2636  1200.934042  81.266368  17.854273  0.050980  0.399868  0.044620
2637  494.313429  1716.864120  20.027697  0.125778  1.326912  0.110855
2638  2044.376952  1630.688803  19.225125  0.138674  1.372459  0.109693
2639  1031.963527  828.618822  19.197960  0.072482  1.008052  0.083772
2640  650.074789  1818.173290  20.279851  0.146793  1.887074  0.195223
2641  302.393229  1485.949422  20.555309  0.140588  2.074452  0.224300
2642  863.984850  1111.256527  19.983077  0.174868  2.393193  0.116415
2643  1319.736786  841.445547  20.369742  0.212943  2.039306  0.096136
2644  1846.480847  1165.566045  19.816994  0.090231  2.616830  0.120942
2646  1904.363582  1144.030724  17.681993  0.048329  0.262065  0.048400
2647  38.154475  124.414986  20.385813  0.186285  1.769480  0.124985
2648  856.494484  996.148895  18.096538  0.046111  0.552334  0.078947
2649  381.284039  606.310863  18.937797  0.091049  1.087132  0.100210
2651  28.309180  1801.613852  20.283800  0.116856  1.672817  0.119830
2652  1470.551987  450.411421  18.713779  0.050815  0.834817  0.120961
2653  1600.958466  1400.976547  19.577150  0.135904  1.810523  0.119554
2654  1503.967526  1095.967114  19.027471  0.056409  1.107466  0.072109
2655  1086.317544  63.039655  19.775662  0.147518  1.147290  0.203322
2656  806.377861  731.678148  19.186338  0.079567  1.054826  0.109244
2657  1785.077862  2029.265919  19.233241  0.094407  1.165487  0.128430
2658  201.332651  1610.675546  21.182529  0.256148  2.330935  0.283704
2660  1483.262301  280.270255  20.706458  0.156401  1.749455  0.168342
2662  1181.149298  297.779400  19.441716  0.110511  1.279827  0.075717
2663  1410.846399  960.071256  21.017891  0.108359  2.061702  0.199386
2664  435.047837  1948.152394  19.536541  0.115670  1.260695  0.159420
2665  617.813313  1018.075495  21.700032  0.180365  2.616729  0.414163
2666  1031.654281  406.621396  18.537404  0.055353  0.661893  0.060662
2668  793.734363  1900.756783  18.426703  0.056018  0.487575  0.130446
2669  258.616899  161.114818  19.140697  0.094212  0.850714  0.070301
2670  1980.893788  986.066714  20.180858  0.086549  1.449404  0.185658
2671  1984.622489  1915.879871  19.439239  0.156128  2.132088  0.130622
2672  1880.467236  536.281918  19.994845  0.110306  1.533236  0.138384
2673  1398.063181  398.287229  19.699708  0.106796  1.107235  0.174094
2674  604.721536  1298.670586  21.182060  0.174563  1.721478  0.167269
2675  1968.554315  2037.976856  19.038435  0.071973  1.088913  0.124951
2677  1859.648990  1575.300933  19.706665  0.077929  1.675797  0.100664
2678  1831.487186  1728.249614  19.614799  0.113844  1.522264  0.129875
2679  262.007915  103.854186  17.932081  0.089063  0.232297  0.060979
2680  959.198894  1989.762273  18.639181  0.064443  0.756623  0.158953
2681  574.054982  1483.036259  20.571886  0.151862  1.806342  0.151776
2682  248.238373  1093.474698  19.396851  0.089726  1.154823  0.083841
2684  1523.743062  1071.938984  18.933492  0.125942  0.659580  0.091707
2685  573.644000  621.122229  21.596373  0.496310  2.919963  0.476537
2686  134.812142  1889.376999  19.374967  0.169569  0.677305  0.111337
2687  823.330207  1766.849957  20.974714  0.122659  1.520001  0.124573
2688  1164.337432  1494.979038  19.396205  0.156769  0.728688  0.128895
2689  1213.867099  1466.833384  20.233447  0.132974  1.284835  0.199357
2690  773.349742  88.981320  20.175659  0.274368  1.694292  0.153023
2691  435.628782  1526.572596  20.013933  0.113926  0.973309  0.096881
2692  1056.818218  1630.491634  20.202031  0.112670  1.208641  0.188629
2693  173.132556  1446.775711  19.940738  0.200160  1.874486  0.156427
2696  1860.632913  456.685810  19.953211  0.106348  1.244160  0.116048
2697  1995.305221  788.232630  20.769750  0.272528  1.576075  0.328246
2698  1170.055559  1240.572989  18.889664  0.058357  0.706333  0.105395
2701  1794.177821  151.296809  20.559496  0.240664  2.437468  0.200927
2702  1530.606831  2027.382100  19.917757  0.136346  1.067048  0.109219
2705  741.437124  1415.099124  19.861568  0.152314  1.809094  0.123883
2706  1904.123821  1271.105457  18.480478  0.074101  0.188949  0.084808
2707  315.640059  390.932899  20.306962  0.097156  1.687828  0.110329
2708  758.100115  900.960989  20.505616  0.138269  1.613629  0.101830
2709  1856.484262  488.148302  19.781718  0.072312  1.206775  0.107220
2710  1315.567100  1467.188751  18.901131  0.099971  0.417654  0.125145
2711  945.968123  602.086054  19.689024  0.186277  1.155839  0.140355
2712  813.578021  1107.031372  20.863204  0.223289  1.520728  0.151488
2713  1165.969963  1126.854359  20.397509  0.084685  1.528616  0.215777
2714  299.833244  142.646616  20.383579  0.179735  1.074754  0.100263
2715  1115.248148  1080.504440  19.988161  0.111071  1.428754  0.137233
2718  53.990999  1881.557016  21.083807  0.208485  1.505740  0.266712
2721  652.621109  1559.806961  20.480175  0.182699  1.727315  0.181092
2722  894.235960  553.869853  20.164186  0.103268  1.231886  0.094883
2723  1644.115522  1836.917772  20.682828  0.104399  1.805845  0.277418
2724  53.189465  51.509292  20.118432  0.125851  1.669620  0.129694
2725  1901.783258  618.894289  20.526110  0.100234  1.366996  0.173389
2726  901.947660  1951.846807  19.895217  0.119041  1.025494  0.090272
2727  945.139615  1637.098372  19.736640  0.222445  0.895320  0.090432
2728  574.106458  443.480648  21.603562  0.271172  2.266174  0.183974
2730  377.863209  276.397815  20.766427  0.193681  1.747729  0.101049
2731  1262.317158  122.243073  21.847057  0.154752  2.061202  0.291367
2732  1053.471710  363.406271  19.901721  0.157673  1.763273  0.131160
2733  636.119622  1602.029997  19.915912  0.095686  2.030800  0.132898
2734  1176.667362  858.050590  19.927638  0.214483  1.018907  0.085077
2735  211.397505  1455.127769  20.884000  0.257872  2.101586  0.203438
2736  2008.457463  469.527189  20.313883  0.240788  1.510974  0.142491
2737  444.470772  1498.080797  20.356397  0.101315  1.392302  0.086340
2738  1332.512539  729.440974  20.075974  0.137856  1.392659  0.103703
2739  830.126859  1348.210572  20.493516  0.172315  1.548345  0.198195
2740  799.350495  1004.441568  18.380707  0.058312  0.256313  0.091703
2742  1909.579141  915.091096  20.261107  0.107180  1.501944  0.150134
2743  1515.923239  1878.268764  20.012161  0.281229  1.206289  0.127214
2744  1617.080603  87.212160  20.618010  0.304304  1.717781  0.111301
2745  328.669132  690.439157  20.923468  0.174707  1.776574  0.109772
2746  1024.158969  910.485560  19.749328  0.070773  1.093624  0.090926
2748  1063.752725  1641.847895  20.357378  0.106711  1.163733  0.245784
2749  966.756538  530.537648  20.488898  0.102384  1.406971  0.163038
2750  1672.993441  424.914337  19.403136  0.084528  0.983587  0.118030
2751  1864.571338  604.525970  19.868030  0.182088  1.239340  0.132969
2753  154.663372  1411.075563  19.987158  0.184146  1.424913  0.129088
2754  556.871997  1122.119286  20.136113  0.164233  1.640827  0.118535
2755  775.232043  1939.265722  20.367763  0.250685  1.382103  0.091296
2758  2044.520427  1786.072162  18.493649  0.127294  0.025790  0.109134
2759  1438.700583  1544.168223  20.258799  0.184719  1.521735  0.193438
2760  2026.028649  618.679066  19.985369  0.140971  1.745152  0.212488
2764  406.689451  1906.215759  19.670031  0.145050  1.223571  0.083219
2765  1736.595988  1700.729639  20.556034  0.209058  1.489839  0.188186
2766  699.716105  1807.135846  19.874993  0.136737  1.085425  0.073789
2767  1031.752429  1017.716629  19.915656  0.210169  1.299768  0.147761
2768  1839.328998  1705.086983  19.788676  0.122058  1.069649  0.136875
2769  619.968095  1543.250308  19.368455  0.215544  1.455515  0.153408
2770  541.643412  766.614958  21.066135  0.177721  1.810444  0.161155
2771  922.150773  111.316751  20.120542  0.131252  1.271877  0.127763
2772  1724.731420  1341.298592  20.256683  0.131349  1.396028  0.109343
2774  541.825355  1279.758091  20.125419  0.091490  1.387258  0.085721
2775  1408.862940  266.370372  20.558360  0.272369  1.664244  0.188278
2776  2026.761918  1697.230380  20.669111  0.125525  2.118284  0.130005
2778  2026.504836  1101.684137  20.252067  0.096692  1.263258  0.130476
2780  1958.252081  992.009750  20.231187  0.167504  1.768129  0.098527
2781  2045.477156  1304.597050  20.462469  0.112102  1.616177  0.111035
2783  961.102039  325.474672  18.204490  0.062088  0.232568  0.068118
2785  1446.252418  1779.781112  18.743100  0.067399  0.671939  0.086030
2786  1474.767155  1494.578458  19.722148  0.196949  1.066428  0.081292
2787  793.426201  1776.479412  19.897640  0.170549  1.798512  0.116610
2790  1937.506502  972.471042  20.429281  0.131901  2.501963  0.206270
2791  1758.532577  1569.104358  20.249065  0.083828  2.043370  0.125449
2792  1215.229852  1903.146631  20.859789  0.166020  2.419072  0.361466
2793  1608.206816  1132.552794  19.518828  0.255762  1.269214  0.075830
2794  2000.960673  436.624016  21.233372  0.256523  2.177359  0.178741
2797  2019.304430  1175.161757  20.118812  0.133368  1.268845  0.083011
2798  869.332658  1025.542100  20.378051  0.264855  1.261668  0.111851
2799  924.043717  923.934449  19.747403  0.172138  1.156646  0.132069
2800  1559.159886  1736.217094  20.465403  0.213354  2.311902  0.154421
2802  1477.679918  1078.196629  19.830247  0.091311  1.052618  0.106321
2803  1735.559974  689.003527  20.581941  0.134388  1.704257  0.116816
2804  919.511690  1494.068075  20.265413  0.091521  1.192167  0.144882
2805  6.578940  488.151496  19.290268  0.113876  0.904047  0.060233
2806  1432.433210  1138.297608  19.801788  0.180558  1.980224  0.124898
2808  1395.358322  906.651100  20.441217  0.102237  1.463094  0.125942
2809  302.199774  333.374938  18.522078  0.107072  0.435886  0.093045
2811  745.777210  798.263449  19.882002  0.099027  1.124538  0.074266
2812  389.644781  75.047244  19.667922  0.129220  0.336757  0.236717
2813  1509.717577  608.975908  20.472910  0.153517  1.136634  0.160817
2814  82.749733  1224.020856  20.325665  0.109395  1.323921  0.207798
2815  946.214181  1097.362852  20.048684  0.088273  1.072592  0.135557
2816  655.358257  127.301568  20.172101  0.106746  2.110039  0.120875
2817  307.743654  1830.904532  18.865637  0.128886  0.917772  0.091957
2818  666.888654  1048.099640  20.694072  0.099315  1.651448  0.188851
2819  451.404075  1964.646762  19.349453  0.139746  0.790578  0.133410
2820  1431.681867  519.630287  20.709234  0.100660  1.550551  0.222609
2821  77.777842  769.268514  18.150595  0.118212  0.270647  0.061585
2822  354.673637  500.702352  17.860450  0.047969  -0.058812  0.049833
2823  195.567124  1823.317597  19.949810  0.075660  1.156746  0.104823
2824  58.378171  440.935521  20.788994  0.155413  1.660332  0.186149
2825  801.782986  694.132092  22.049736  0.224728  1.995160  0.314458
2826  171.447933  399.715062  20.413016  0.109490  1.376909  0.324502
2827  583.118156  1548.242709  19.982156  0.080970  1.228366  0.074248
2828  1217.908360  1155.338299  20.035671  0.102763  1.291152  0.097544
2829  1232.900956  1593.509297  20.438943  0.175976  1.789273  0.220131
2830  165.536734  1384.350408  20.152200  0.097201  1.521508  0.107529
2831  597.647187  37.981009  19.864381  0.087299  1.281559  0.136857
2832  272.863008  1054.785761  18.471789  0.048757  0.476597  0.068781
2833  1312.272217  1194.603680  20.292279  0.266249  1.648997  0.234633
2835  1508.944047  1162.908129  20.230841  0.150753  2.202145  0.094276
2837  462.324695  1189.445135  19.798689  0.137748  0.958492  0.094268
2838  1820.560607  1232.467691  20.350478  0.172043  2.323050  0.184403
2839  980.819019  141.055470  19.857312  0.097739  1.117207  0.145798
2840  1262.337027  939.127747  19.963460  0.171154  1.285691  0.087247
2843  45.059442  1664.238064  20.046269  0.134608  1.618245  0.131898
2844  1540.481512  1033.963191  20.415419  0.163907  1.338514  0.103234
2845  1349.089725  625.791318  20.405007  0.279670  1.311140  0.161575
2846  1683.667473  1276.286544  20.327322  0.133499  1.889587  0.155862
2847  227.996784  604.795991  20.622187  0.148139  1.938256  0.234564
2849  473.491512  1193.764870  20.084629  0.091850  1.852971  0.098825
2850  283.437896  1095.064817  20.107579  0.079117  1.195720  0.144821
2851  1034.481946  671.128685  20.294656  0.128467  1.218440  0.131015
2853  290.186444  959.846450  19.884057  0.119962  1.405199  0.128196
2854  180.802697  1181.058002  20.364648  0.132601  1.229683  0.133247
2855  1659.215123  201.690756  18.205401  0.107149  0.307663  0.051218
2856  862.948061  1054.318880  18.332758  0.076022  0.209210  0.072655
2858  592.329584  494.729301  20.189582  0.083851  1.406741  0.085797
2859  285.372702  215.519478  20.274136  0.124872  2.317983  0.125909
2860  50.171867  556.679755  20.252284  0.099350  1.222730  0.131652
2862  287.213829  239.874228  20.846010  0.288095  1.990536  0.224047
2863  1096.707868  776.904948  21.152408  0.213798  1.796886  0.119505
2865  609.678787  1898.028120  19.929219  0.134092  1.502831  0.196117
2866  1403.923020  1514.937400  17.523209  0.039717  -0.121906  0.084065
2868  410.617530  649.241173  20.157988  0.127520  1.426771  0.087378
2870  361.044118  753.803585  20.008365  0.114685  1.182397  0.166111
2871  327.068519  2016.498104  20.628062  0.128679  1.293012  0.099820
2872  1606.221004  531.760816  20.133879  0.118837  1.416306  0.102778
2873  1476.546821  617.525070  20.495688  0.275827  1.490652  0.287980
2874  1204.796884  183.391251  20.658538  0.110093  1.982344  0.126989
2875  659.342011  1355.457028  21.222368  0.212116  1.371254  0.372543
2876  1384.281064  1924.031772  20.089963  0.127864  1.567012  0.188654
2877  603.381357  1526.345012  21.017017  0.300382  2.240416  0.295578
2879  1658.622182  1349.833955  20.420215  0.132728  1.307469  0.110900
2880  1862.187274  708.366426  20.033131  0.120860  1.379371  0.158742
2881  282.709743  2019.274411  20.415834  0.089104  1.868456  0.132329
2882  1323.426094  1244.012419  19.525975  0.076619  1.148202  0.092206
2883  1566.213879  1030.033211  20.347117  0.250047  1.200961  0.094303
2884  1588.626402  1371.041121  20.121809  0.158466  2.010379  0.133912
2885  1099.539581  1996.018206  20.469175  0.089137  1.515580  0.102281
2886  318.659739  1627.068464  19.742380  0.075163  1.235162  0.082733
2887  2005.151957  699.468702  19.210349  0.202692  0.915712  0.118134
2890  1700.063411  1647.035201  19.873710  0.126488  1.158367  0.241533
2891  1745.868644  590.718438  19.792173  0.084740  1.296695  0.131173
2892  471.068530  386.710805  21.077457  0.136889  1.340578  0.352371
2893  1535.452110  283.182263  20.723811  0.244622  1.713357  0.116953
2894  1178.083839  191.308619  17.983163  0.115982  0.074912  0.106062
2895  523.529453  501.719000  20.132647  0.240170  2.094044  0.094672
2896  1263.790956  1795.083886  21.289764  0.127306  1.703084  0.183584
2897  1652.164041  167.682016  20.645217  0.122482  1.366433  0.107937
2899  585.600624  1937.842040  20.064415  0.088525  1.505555  0.083073
2901  2022.945622  1711.881525  20.196087  0.138526  1.172935  0.196200
2902  472.074495  683.874757  19.608205  0.093470  1.089636  0.127062
2903  1701.392162  452.545303  18.510638  0.057752  0.354604  0.081934
2904  920.906066  251.064594  19.837141  0.107490  0.995420  0.099897
2905  918.486946  1184.149117  20.142762  0.160768  1.172714  0.099761
2906  175.390841  645.425939  19.887771  0.147581  0.702928  0.102852
2907  1520.974316  42.696554  20.943451  0.144357  1.502718  0.235489
2908  681.761003  1468.385599  19.598948  0.147042  1.043567  0.166666
2910  174.390908  1139.915265  20.504189  0.166015  1.664099  0.314780
2913  2015.974820  142.595980  19.110775  0.058201  0.377681  0.133031
2915  1077.890700  297.333618  19.249891  0.070791  0.431075  0.128650
2916  1829.866343  1958.817611  20.658694  0.106224  1.533244  0.355821
2917  1744.124622  1903.104455  20.815782  0.118997  2.231614  0.157263
2918  315.852037  295.406573  18.875697  0.107554  0.335649  0.086339
2919  1033.653378  1260.141886  20.229297  0.108301  0.550128  0.220758
2922  1291.249827  907.069740  20.866635  0.115212  1.640914  0.155523
2923  719.063334  25.754366  21.156356  0.159952  1.637739  0.121216
2924  613.042933  2004.640899  20.669583  0.150433  1.180827  0.127868
2925  564.037686  1539.945583  20.664880  0.289952  1.360284  0.167751
2926  750.866652  1023.597011  21.160093  0.137552  1.618494  0.192966
2928  1401.505793  542.099301  20.275480  0.087752  1.260715  0.172590
2929  338.094744  818.773890  21.217977  0.147153  1.634742  0.279004
2931  1687.567055  817.565286  20.820216  0.144032  1.599593  0.137150
2932  1081.377322  1035.072518  20.340386  0.189798  1.237113  0.190015
2935  911.982589  1464.112378  20.789017  0.198700  1.428862  0.186039
2937  1753.135290  1027.763086  20.264072  0.195886  1.114358  0.136756
2938  56.093125  481.769225  20.799952  0.132940  1.250277  0.186596
2941  1552.727410  189.290105  20.764646  0.192948  1.841586  0.285121
2945  681.133395  1447.592402  18.366723  0.135851  0.031547  0.080818
2946  522.622556  1675.521117  20.341817  0.139936  0.823821  0.136844
2948  927.052571  610.423322  20.957364  0.313337  1.366045  0.155111
2950  301.786343  2021.516886  20.733336  0.240974  2.450028  0.308107
2951  2034.823548  1081.006257  20.857438  0.158247  1.741054  0.201719
2953  1931.761189  1181.723518  20.241054  0.108520  1.041593  0.088068
2955  1232.592340  1325.086011  19.742037  0.223324  0.654797  0.122313
2956  1867.948184  223.264600  20.915914  0.230202  1.059771  0.198334
2957  1766.857524  1696.053206  20.318947  0.128408  1.341918  0.251892
2958  1752.717669  469.820711  21.050785  0.170034  1.638840  0.137267
2960  1816.510387  130.103941  21.216403  0.114683  1.137883  0.160604
2961  1137.018713  6.333171  20.155525  0.209004  0.804165  0.111223
2962  1640.971569  721.804278  20.558558  0.149143  1.635949  0.143849
2964  499.697049  658.152596  19.397855  0.168928  0.433981  0.124128
2965  1747.315994  1416.457078  20.520449  0.202232  1.190198  0.165282
2967  128.826708  419.683726  20.556758  0.149846  1.504643  0.173548
2970  1493.225360  1010.057067  20.067966  0.098189  1.004655  0.207999
2971  1554.458709  447.159698  20.445072  0.321992  1.342932  0.195811
2978  287.431159  785.218391  20.792111  0.144991  1.471926  0.207693
2979  1271.727136  305.858409  20.700143  0.322813  2.556670  0.178551
2981  34.634731  982.570821  20.464935  0.112571  0.978225  0.325719
2982  534.623552  204.334376  20.807409  0.103811  1.578690  0.161284
2983  1682.706513  33.453861  19.020693  0.086129  0.318878  0.090388
2984  1890.896835  1715.257571  20.676018  0.105755  1.374040  0.223068
2985  397.425280  1772.344825  18.892168  0.092179  0.322555  0.104815
2986  1900.463891  647.282641  20.983047  0.172989  1.348804  0.151113
2988  840.083699  1804.064067  20.284164  0.174745  0.806019  0.093692
2989  1462.552382  1578.842860  20.802855  0.111954  1.197214  0.140995
2991  875.677444  761.991455  20.691840  0.153965  1.513859  0.151542
2994  741.513948  261.902955  18.318211  0.074921  -0.107732  0.083547
2995  1145.016397  1827.427263  21.028404  0.212306  2.206680  0.211583
2998  601.726724  1882.694387  20.657986  0.272809  1.313214  0.148284
21000  1568.418732  1389.881337  20.371319  0.140117  1.076283  0.141766
21001  1604.151121  105.440114  20.312388  0.135936  1.078996  0.138563
21002  122.795791  262.638721  20.922963  0.170653  1.248470  0.201935
21003  723.422892  616.559361  20.517921  0.141615  1.166919  0.105871
21004  778.067147  1063.005978  20.850707  0.238448  2.572186  0.178505
21005  1744.326946  1885.675817  20.799941  0.324978  2.161301  0.130518
21006  698.630624  1126.844128  20.394865  0.180904  1.584415  0.123828
21008  365.281198  107.086241  19.795302  0.219037  0.816393  0.093491
21009  34.769359  837.810576  21.055138  0.293963  2.163617  0.143143
21010  1260.070679  1924.179986  19.580134  0.096443  0.621075  0.070526
21011  1811.053031  641.050832  20.390305  0.191948  1.798731  0.096461
21013  79.382211  1308.494042  21.278068  0.225782  1.532789  0.298824
21016  1008.440428  671.753408  21.156396  0.211725  1.814725  0.114363
21018  1581.737186  1739.901831  20.567894  0.128580  1.627031  0.285738
21022  322.925427  1530.623397  18.853075  0.074336  0.368344  0.132527
21023  939.787909  1357.792983  20.395380  0.211134  1.066446  0.096246
21025  557.891871  1205.718670  20.906635  0.224883  1.312528  0.182923
21026  865.364227  70.488373  18.445558  0.077870  -0.000040  0.081521
21028  1323.266223  1056.151382  20.961758  0.148356  1.580891  0.235236
21029  1214.019106  1096.648549  19.970864  0.125393  1.014291  0.086210
21030  379.079007  292.480699  20.342442  0.116701  1.161098  0.198982
21031  756.528003  840.404548  20.996383  0.191578  1.501206  0.201423
21032  1926.863500  542.637650  20.824277  0.311769  1.823312  0.275474
21033  1963.477556  1146.467106  20.838395  0.122354  2.333744  0.108391
21034  404.136217  1921.183753  20.522099  0.359564  1.252902  0.137449
21035  1099.965907  1176.698041  20.975519  0.113517  2.329172  0.234693
21037  1887.135098  858.305857  20.003370  0.113708  1.012524  0.130100
21039  1849.820294  46.079843  18.181527  0.116243  -0.421361  0.092946
21041  406.495910  1136.524976  20.864194  0.097173  1.580290  0.094412
21042  274.404614  1175.844577  20.623160  0.154253  1.351804  0.173163
21043  38.371635  1792.681907  20.962914  0.174719  1.915415  0.296191
21044  662.447434  48.633521  20.124322  0.090377  0.789771  0.209032
21045  1814.701246  395.992186  20.619865  0.150540  1.167417  0.168024
21047  698.737999  2028.645638  20.856707  0.307167  1.369304  0.194036
21048  1580.915009  39.204057  20.581236  0.205943  2.011384  0.179751
21049  974.384929  1259.905445  20.956204  0.171148  1.587731  0.224300
21052  983.574803  1139.589534  20.228469  0.260388  1.216319  0.129718
21053  415.338952  1305.932888  19.724495  0.248706  0.720567  0.111004
21054  926.630200  587.188972  20.622489  0.166571  1.299857  0.108896
21056  538.850697  990.950834  20.466107  0.095850  1.660105  0.152696
21058  970.031044  969.390329  20.894508  0.148711  1.327174  0.318659
21059  836.816156  1277.789304  20.609979  0.227316  1.470217  0.125067
21060  812.302238  231.362743  20.900705  0.167810  1.552284  0.329434
21063  1429.664297  108.017478  20.723262  0.243613  1.078236  0.153741
21065  1861.775581  186.236219  20.443747  0.148615  0.838432  0.191179
21068  208.661359  1986.727131  20.750463  0.171586  1.443025  0.118693
21071  918.467764  946.077416  21.051078  0.170817  2.522441  0.147697
21072  365.389224  1359.398376  20.551737  0.173975  1.575441  0.197741
21073  1221.316798  1490.016365  20.922785  0.198844  1.351628  0.102507
21075  1144.701715  550.217946  19.854824  0.152283  0.605014  0.195957
21076  1670.477429  1696.345903  20.204730  0.134576  1.028941  0.140591
21077  626.935922  330.882929  20.810502  0.161340  2.171149  0.170221
21078  1400.282112  1361.379718  18.324071  0.048671  -0.229070  0.059737
21080  1697.377864  480.341571  20.379293  0.143309  1.094312  0.201163
21081  1635.790855  1484.484363  20.620244  0.110611  1.269083  0.094721
21084  1140.845273  811.951124  19.714394  0.139671  0.628045  0.087703
21087  1100.504106  1729.715519  21.186992  0.307549  1.298823  0.222852
21088  476.375681  666.134429  20.739504  0.132160  1.006547  0.200150
21089  191.008767  1025.694339  20.722921  0.158130  1.203612  0.117477
21090  356.228149  471.363952  18.218677  0.096956  0.010154  0.074035
21091  1083.056941  1898.892952  18.264887  0.062661  -0.060446  0.102268
21093  754.117524  1232.135124  20.578971  0.250141  1.391602  0.218182
21094  1115.597162  247.452593  19.474928  0.083633  0.337528  0.110399
21095  1881.139385  1429.020781  19.229648  0.126317  0.613149  0.094930
21096  1631.570589  17.494038  19.719168  0.135147  0.753686  0.087736
21097  441.145340  1768.330345  20.564108  0.093837  2.070162  0.117461
21098  526.803155  1646.460945  20.454468  0.237947  1.162771  0.172101
21101  1030.325869  1191.028706  20.541725  0.208924  1.570541  0.111984
21102  341.428781  1416.711473  21.049882  0.198991  1.224219  0.188487
21104  145.519265  1308.267654  20.542588  0.116107  0.577018  0.283292
21107  981.456103  828.131529  20.924715  0.280285  1.377205  0.263531
21110  225.950047  331.696631  20.916549  0.199025  1.599086  0.168650
21112  717.985637  1342.380715  21.122547  0.263023  1.278328  0.211597
21113  1611.201577  1323.874792  20.488924  0.166643  2.113619  0.376833
21117  872.510566  368.607307  20.736206  0.215737  1.411877  0.162342
21121  598.365830  1869.304116  20.920303  0.276930  1.334427  0.124365
21123  156.805921  829.694486  20.107746  0.200433  1.173512  0.238459
21128  637.710367  1112.997376  21.406776  0.237031  1.944471  0.141610
21129  358.376127  1720.868740  21.382477  0.169596  1.685766  0.157301
21133  286.464191  1549.317414  19.401253  0.063076  0.185819  0.150126
21134  2022.213202  418.070700  20.723337  0.133962  1.599124  0.191577
21137  578.297279  536.209014  20.229803  0.143302  1.733913  0.271042
21140  848.948673  234.311733  18.994949  0.148365  0.245431  0.084370
21142  880.333051  554.504254  19.243236  0.153692  0.584114  0.152976
21143  475.347959  999.346995  20.530225  0.130938  1.765407  0.172626
21144  202.976608  426.471881  20.728036  0.187170  1.402581  0.188055
21151  417.097022  20.530370  20.484966  0.133553  1.257469  0.142261
21153  990.969267  1123.094171  18.760827  0.134672  -0.013905  0.093447
21154  707.888167  659.866795  19.639012  0.084434  0.917897  0.070973
21157  1100.836437  252.030646  18.893976  0.110861  0.417839  0.106935
21162  1185.945309  1870.766157  20.975508  0.125841  1.326715  0.176546
21164  1385.744891  680.902970  19.906459  0.084556  0.790445  0.124286
21165  426.085847  789.589624  20.635917  0.171624  1.072692  0.109126
21166  1409.380122  52.793440  20.771840  0.134747  1.369308  0.133168
21167  1645.352571  1554.031493  19.161581  0.090249  0.545096  0.081065
21168  331.348229  419.703441  20.974119  0.118522  1.430279  0.211965
21169  54.583613  579.977592  20.446989  0.152858  1.328859  0.175040
21170  1329.044791  1635.055361  19.792023  0.085917  0.609894  0.100248
21171  1447.130877  1476.172067  20.977366  0.222536  1.395356  0.141479
21172  925.555221  73.937623  21.049175  0.265807  1.346942  0.120905
21173  1955.002668  1007.243856  20.501419  0.113293  0.968366  0.185253
21181  1788.136778  807.056989  20.633654  0.137558  1.324004  0.156989
21182  41.657115  1777.330433  19.655678  0.126595  0.554206  0.159475
21185  443.388256  1362.678158  20.568973  0.137996  1.432140  0.111961
21186  1703.884182  45.879601  20.505618  0.138189  1.274542  0.116808
21187  1094.463707  757.152571  20.939958  0.200211  2.902838  0.129105
21189  537.048374  1841.359578  20.780432  0.150150  1.377762  0.280403
21190  240.829417  1333.264827  20.472714  0.216971  1.659944  0.268068
21191  654.708781  919.176931  19.075801  0.094000  0.352363  0.096670
21193  1240.001659  1574.713053  20.262830  0.168469  1.207808  0.104169
21194  1610.647950  1498.895479  19.914364  0.174037  0.958144  0.105208
21195  253.792854  518.716801  20.652712  0.125474  1.316556  0.091715
21197  1963.224951  155.145009  20.877512  0.213260  2.505898  0.205959
21198  760.677715  1067.301320  18.546655  0.089687  -0.117930  0.092877
21199  1071.784105  1170.639605  20.689309  0.163812  1.370020  0.118144
21200  534.055209  1373.748142  18.835898  0.100701  -0.074197  0.111336
21201  1488.372461  1134.404144  18.929615  0.152619  0.252266  0.074932
21204  763.478499  920.451838  20.878243  0.260840  1.581823  0.140855
21205  378.569601  1343.983206  19.768061  0.096563  0.856630  0.104420
21206  953.039328  1812.561511  19.095415  0.055252  0.231399  0.096122
21208  699.637563  745.716331  19.898127  0.112229  0.493298  0.078210
21211  1009.744640  576.920155  20.284775  0.183163  0.460273  0.139827
21213  924.539310  381.390475  21.512745  0.421530  1.360576  0.206932
21216  758.022145  753.514459  20.110795  0.093596  0.516502  0.157796
21219  1647.167930  1583.274211  19.759268  0.072884  0.408618  0.161761
21222  1198.359639  1455.886341  21.158795  0.182054  1.404450  0.244932
21227  1104.331543  141.825789  20.689330  0.118664  0.683469  0.200749
21229  1133.820610  592.483340  21.508381  0.168333  1.779404  0.454285
21234  1874.498641  856.721829  20.135840  0.118916  0.745536  0.250461
21238  629.341989  160.255410  19.506515  0.072579  0.217281  0.128349
21239  191.131849  688.808692  21.044507  0.264426  1.725545  0.150748
21242  1573.796616  640.124516  20.805445  0.236419  1.130911  0.104151
21247  1789.330791  103.300974  20.093699  0.195210  0.567812  0.099239
21248  884.441422  849.581576  20.572139  0.106550  0.705615  0.104690
21249  450.811397  746.445351  21.554585  0.134976  1.358521  0.252762
21252  1122.513619  266.222678  21.269349  0.136473  1.312953  0.226568
21271  1199.198529  631.373518  20.547417  0.101305  0.895941  0.228016
21277  1704.201095  1078.466235  20.938792  0.200195  1.788144  0.244138
21279  1739.808167  1572.506289  19.042558  0.097815  0.121277  0.077159
21282  1286.506039  1327.988298  20.597651  0.141593  1.078648  0.134093
21284  400.910748  1767.865290  20.957459  0.199597  1.200075  0.161148
21285  1212.966219  1510.814613  20.711600  0.125738  0.927193  0.117505
21289  1604.448622  1225.292133  21.527533  0.171468  1.495459  0.326491
21290  837.678370  505.874753  20.623808  0.167915  1.156697  0.150694
21298  306.318875  308.792504  20.744752  0.101705  1.017085  0.180230
21299  661.172094  222.098391  21.185347  0.147994  2.557158  0.258781
21302  556.813905  1498.989587  20.859585  0.143656  1.025065  0.176949
21308  1116.662432  1480.603784  19.267532  0.108248  0.128071  0.107795
21309  923.177998  1502.940478  20.702644  0.155940  0.750415  0.196360
21310  838.262407  1069.155569  20.665510  0.261329  2.284113  0.194399
21313  1830.329301  735.487790  20.420507  0.197060  0.540370  0.157009
21318  862.976995  360.853929  20.570283  0.092741  1.080310  0.128328
21323  121.843081  870.884071  20.508338  0.106356  0.813367  0.168592
21325  1463.666456  1880.452771  19.838289  0.156521  0.650151  0.152105
21330  1365.814783  254.442524  20.460915  0.206276  1.171119  0.110602
21333  1226.260558  105.145051  19.689186  0.123502  0.302130  0.099054
21338  160.130731  1086.299206  21.400383  0.177653  1.268839  0.193932
21343  739.683969  1973.438462  21.074108  0.116440  1.229921  0.203275
21344  1931.149808  369.188726  19.707836  0.192235  0.657516  0.120186
21346  684.493921  1763.098850  21.309778  0.143100  1.426538  0.230479
21349  346.153073  1389.358185  19.640021  0.081393  0.519702  0.070949
21352  500.885401  1177.147332  20.397374  0.154785  0.751204  0.155461
21353  806.881246  337.157718  21.326757  0.457203  1.616140  0.241580
21357  896.825770  76.660930  20.863900  0.137161  1.126093  0.241850
21362  1284.431085  379.521960  21.195558  0.139454  0.788816  0.146915
21366  490.889025  251.480832  21.663323  0.146371  1.429960  0.220082
21368  620.964998  1685.375679  20.650739  0.326680  1.555298  0.188887
21374  799.590178  220.309923  20.659230  0.125433  0.755098  0.104180
21378  69.383972  1415.355843  20.264189  0.209838  0.775136  0.144970
21379  2043.106634  1516.454044  20.083293  0.207057  0.424716  0.076232
21381  433.889941  1205.980638  21.244060  0.243543  1.129861  0.540696
21383  1882.588728  2022.629636  19.694668  0.069556  0.286797  0.144332
21389  1914.641559  891.607979  20.130193  0.102935  0.739131  0.124595
21390  1179.649894  577.136150  20.282399  0.152006  1.037688  0.100601
21395  1076.248417  1619.890244  20.252438  0.093522  0.751524  0.095346
21399  521.110065  843.415173  20.951926  0.117791  1.306594  0.179112
21406  1211.980183  333.298347  20.318195  0.135646  0.763659  0.086970
21413  1155.499594  886.656910  20.261419  0.164226  0.813575  0.118498
21417  1440.907707  577.203561  20.753208  0.156422  1.165074  0.200819
21418  792.719234  1144.200459  19.484388  0.177883  0.417598  0.094339
21419  1397.436719  989.845466  18.450060  0.081006  -0.283940  0.081194
21422  535.281537  508.430991  19.814116  0.178750  0.557128  0.107489
21437  1127.387637  1942.968457  19.449663  0.131392  0.201297  0.076831
21441  988.346983  1823.995764  21.357760  0.156700  1.472739  0.150781
21442  1282.687717  303.220870  19.727562  0.084718  0.339841  0.089164
21443  544.221496  430.855756  21.163622  0.314927  1.608034  0.197753
21446  512.853071  1246.777620  20.427161  0.252628  1.005669  0.163434
21457  297.743064  1875.740226  19.952941  0.190297  0.576938  0.121425
21458  1065.353222  1616.108773  19.047077  0.060372  0.083561  0.059707
21459  396.689176  314.168459  20.370138  0.108771  0.640094  0.094304
21460  1460.281366  1169.893439  21.110942  0.141064  1.285209  0.206104
21461  1959.647089  804.930001  20.377149  0.128148  0.629258  0.158284
21463  1678.859882  711.580507  18.744755  0.052001  0.122598  0.081865
21469  361.143201  1734.088012  21.902137  0.273208  1.462885  0.186010
21470  137.391531  210.456691  18.945790  0.233559  0.119355  0.067799
21472  146.300800  1299.848907  21.117909  0.193885  0.893536  0.205034
21484  257.323476  126.186415  20.734256  0.261710  1.718986  0.157071
21491  1167.711646  410.595727  19.808705  0.079168  0.298111  0.157318
21492  1313.136681  1074.840753  21.675705  0.181750  2.632317  0.259231
21495  1114.331174  2044.087091  21.119882  0.115674  1.022192  0.126934
21496  1844.349338  1566.266151  20.337787  0.115570  0.693553  0.227826
21497  683.695570  332.341703  21.142421  0.209624  1.190286  0.348021
21501  766.688196  112.622636  20.649462  0.098092  0.900005  0.163159
21502  519.792819  1872.802643  20.672967  0.197284  0.917464  0.179410
21506  1509.257856  210.725046  21.088173  0.255066  1.328272  0.162846
21507  630.235999  538.112745  21.208540  0.313351  1.301985  0.178213
21509  961.117713  1451.281316  20.134165  0.155789  0.712122  0.151346
21512  1434.907729  1562.803432  20.025499  0.109868  0.695752  0.170481
21515  663.445056  1190.020934  20.973816  0.261396  1.111848  0.235702
21517  1585.024029  913.916889  20.512980  0.132689  0.941882  0.183406
21518  112.916267  615.536257  21.208289  0.137527  1.179885  0.142459
21519  110.462178  1617.631781  21.734813  0.188534  1.555297  0.211915
21522  1453.359328  2007.647788  20.480445  0.128154  1.061052  0.158014
21525  316.954773  1181.317563  19.637144  0.081959  0.132378  0.134784
21527  1732.667233  773.512986  20.361378  0.120139  0.710480  0.115637
21529  1748.222999  1155.274015  19.709487  0.175850  -0.092150  0.127200
21530  671.500930  797.441423  20.074409  0.115124  0.370737  0.123795
21531  1266.699490  1110.868774  19.166971  0.123865  0.016945  0.159935
21537  1443.030088  1068.698171  20.356914  0.187279  0.508053  0.103363
21539  1613.789083  1637.596271  19.816192  0.159107  0.415597  0.090684
21542  1280.440346  785.786710  20.744285  0.206933  1.089495  0.130785
21544  254.734056  2038.195340  20.843767  0.255025  1.057209  0.188847
21545  219.150036  1340.378829  20.436779  0.152453  0.472932  0.243021
21546  633.817868  911.639936  20.365885  0.100306  0.278480  0.086943
21547  1752.475128  1141.394705  20.073007  0.094751  0.369917  0.158623
21553  1831.921633  1374.362449  20.333444  0.112092  0.587386  0.134938
21561  1749.567994  1877.917056  21.211670  0.125087  1.017008  0.157083
21563  1906.211399  320.418730  19.892605  0.119343  0.044499  0.124201
21564  172.299675  614.913043  19.272287  0.092988  -0.154470  0.082105
21567  1610.653663  43.198293  20.284220  0.105350  0.234211  0.132003
21568  1855.537639  1039.116727  21.317011  0.240949  0.750388  0.156273
21569  497.790822  1461.356715  20.884288  0.115758  0.757599  0.118198
21571  1805.888905  1164.952281  21.009321  0.117956  0.526457  0.139682
21584  1867.017050  796.177277  21.040981  0.182448  0.783172  0.114853
21585  1943.995846  1348.088931  20.215080  0.117478  0.421178  0.096409
21587  486.099671  1443.436525  20.773902  0.136317  0.903064  0.134243
21593  1511.079607  912.962379  20.342273  0.109040  0.603151  0.126668
21594  1574.097081  630.970354  20.515872  0.172678  0.566584  0.100138
21598  1671.606330  1911.031216  19.594084  0.085389  0.090395  0.121435
21600  559.877167  112.289781  20.454991  0.162111  0.347421  0.102676
21607  1318.546194  1970.559002  20.649936  0.126104  1.033400  0.209171
21609  312.759942  223.673387  19.878130  0.226559  -0.081049  0.134986
21613  1267.262986  1058.978865  20.303637  0.152001  0.297503  0.127675
21614  2018.119778  810.928515  21.172632  0.207054  0.915326  0.172081
21622  1247.367237  1732.542401  20.959647  0.148395  0.799168  0.153361
21626  1138.830064  1386.300335  20.648607  0.192819  0.692618  0.096265
21627  269.932053  467.110159  21.145725  0.214723  1.009083  0.285793
21628  895.814444  1057.277234  21.410828  0.158350  1.062216  0.217718
21630  1104.974198  507.305941  19.955567  0.143851  0.280825  0.119856
21633  1119.776456  549.042285  20.769917  0.193117  0.888254  0.150019
21634  1882.852258  103.255136  20.270778  0.227375  0.691121  0.161593
21636  1651.539105  1708.528473  20.164552  0.125746  0.571141  0.225569
21640  1861.650142  1434.071678  19.481880  0.106039  -0.014703  0.109493
21643  1248.740057  1907.595853  21.581720  0.333230  1.323852  0.355302
21644  212.794417  617.163558  20.513674  0.230220  0.539214  0.098368
21656  1798.845652  920.396548  20.616586  0.141158  0.710253  0.148303
21660  583.753432  614.920685  19.902756  0.110746  0.137871  0.079243
21664  1408.132906  220.895228  20.453905  0.186793  0.235350  0.227897
21666  1926.693016  948.572371  20.662195  0.232705  0.775308  0.112892
21667  1726.666681  104.513663  21.109681  0.163384  0.505235  0.275093
21670  521.643003  1937.490051  20.239698  0.125131  0.384465  0.101423
21676  896.689566  811.360705  21.600748  0.191528  0.879188  0.206384
21682  1821.465084  1218.638441  20.852180  0.142451  0.712239  0.220187
21684  774.598814  567.907443  20.147041  0.251655  0.584066  0.102457
21687  359.269285  1331.587471  20.913305  0.213131  1.131186  0.206724
21688  4.518315  670.313423  19.782584  0.243008  0.534190  0.078571
21692  989.037623  1150.687983  20.745825  0.206705  0.800657  0.167950
21695  1762.789098  1909.263715  20.971457  0.136130  0.542129  0.228697
21698  270.973417  1074.720215  21.024695  0.181206  0.828766  0.160396
21700  1797.179585  922.350813  21.322171  0.223881  0.755782  0.209550
21704  1084.061056  215.188554  21.470193  0.151594  1.220380  0.216917
21709  808.055985  1905.820241  20.579017  0.228183  0.535180  0.195385
21711  1220.923215  83.264595  20.536160  0.134355  0.609852  0.219812
21716  1459.633941  678.117668  20.765345  0.124277  0.429610  0.118982
21718  1380.040138  1112.293575  20.788715  0.229027  0.456344  0.252906
21719  848.212364  382.501939  21.073081  0.121505  0.802108  0.157822
21720  971.821316  1401.405490  20.774099  0.183342  0.311495  0.209119
21722  159.942157  1969.113666  20.793835  0.296461  0.639226  0.274132
21725  362.541751  1659.416951  21.391830  0.137619  0.756225  0.258707
21726  1974.235399  306.349407  21.145339  0.215744  0.585795  0.155299
21727  1505.874920  870.107299  21.340883  0.213641  0.645484  0.200818
21728  1005.013933  266.114742  20.759058  0.147254  0.356937  0.192945
21729  1062.409151  1307.150046  20.837893  0.128280  0.105503  0.120070
21730  1467.266122  205.057001  20.424688  0.209546  0.528214  0.159422
21735  1770.197319  344.979880  21.241227  0.119470  0.550221  0.125907
21736  326.069763  1785.124175  20.822404  0.166711  0.446068  0.244607
21738  1442.818727  690.170618  20.721816  0.146355  0.232130  0.144935
21742  789.024745  1230.125071  20.995440  0.194705  0.405695  0.117138
21743  1084.031654  228.658521  21.307507  0.118465  0.427794  0.153165
21745  1254.292136  159.097364  20.290679  0.136821  0.092493  0.197439
21749  595.437754  1856.291296  20.746184  0.115355  0.131509  0.107544
21751  496.923055  1617.124403  21.103376  0.181474  0.880865  0.159568
21752  1734.266053  160.890368  20.759557  0.130093  0.376343  0.139338
21760  1081.054720  542.108117  20.901871  0.140927  0.350933  0.134936
21765  1268.944836  1926.978959  20.647774  0.240454  0.414537  0.293785
21767  1266.631592  1237.020928  20.785984  0.416470  1.013024  0.195907
21771  124.534081  1776.543789  20.854176  0.250905  0.206031  0.154808
21772  893.659930  1912.714129  20.616707  0.099282  0.272497  0.154292
21782  887.336679  2013.154097  21.312250  0.332933  0.921133  0.203962
21783  439.267645  683.432619  21.586001  0.146463  0.680968  0.183278
