# id  x  y  V  eV  BV  eBV
118  984.626749  903.804211  21.601133  0.135606  0.713649  0.254548
124  1094.503281  1081.632543  20.685325  0.283608  1.101093  0.223704
132  1099.890811  1160.260915  20.891800  0.172139  0.948675  0.243857
134  1084.102042  969.620029  20.739185  0.139149  1.166483  0.134411
135  1100.631695  1025.914143  20.559607  0.134500  1.377246  0.165481
136  897.820795  1053.741445  20.524020  0.225942  1.371436  0.268726
138  1046.623539  924.511969  20.581941  0.150939  1.425365  0.132078
139  991.274947  832.393728  20.642357  0.133060  1.210230  0.244742
142  1005.351895  1109.910979  20.519606  0.169557  1.476929  0.201727
143  1049.831567  1084.922081  20.695749  0.114141  1.212152  0.130187
144  947.817902  1024.145142  20.619072  0.095773  1.261621  0.121946
145  979.741594  1134.720287  20.520340  0.146245  1.129287  0.113010
146  1028.296376  1063.513334  20.434963  0.145290  1.198641  0.133709
147  1071.181251  932.702310  20.434126  0.179257  1.260281  0.138920
148  884.666429  1056.586445  20.241706  0.210087  1.311982  0.147434
149  1156.398408  1114.209628  20.219126  0.101752  1.248996  0.115024
150  1112.425492  996.160799  20.358617  0.158729  1.208862  0.138990
151  883.815424  972.183142  20.232647  0.084727  1.210263  0.183694
152  928.889958  965.211382  19.964822  0.180697  1.561219  0.214639
153  912.984003  1104.134246  20.135772  0.082352  1.270571  0.155695
154  940.056535  923.852882  20.154344  0.088053  1.207842  0.091332
155  962.580234  1105.817027  20.117106  0.104944  1.136112  0.091969
156  1127.392256  1061.469696  19.890710  0.115201  1.062081  0.157050
157  922.561577  905.157161  19.705625  0.162484  1.219373  0.168654
158  803.468800  1125.841674  19.774804  0.122971  1.180432  0.214421
159  1017.144463  957.577748  19.972782  0.107588  1.095251  0.100461
160  1120.878776  1000.727757  19.719475  0.161453  1.052758  0.095546
161  1008.052081  1021.224776  19.784452  0.161936  1.076900  0.189332
162  1165.294940  1023.824753  19.616158  0.126339  1.038508  0.183426
163  945.930732  1210.568458  19.807748  0.106332  1.214520  0.136087
164  986.351186  1045.265408  19.951395  0.149988  1.162443  0.086226
165  1018.274345  818.905928  19.671231  0.070566  1.347701  0.116447
166  1186.157527  990.195569  19.486687  0.104817  1.160675  0.077089
167  1035.234652  1121.243955  19.652828  0.106970  1.237386  0.144127
168  1017.311232  1109.579223  19.385713  0.105385  1.102603  0.114203
169  1053.924065  1071.751291  19.432919  0.069242  1.019499  0.069871
170  1055.454761  1063.772467  19.383991  0.095477  1.152779  0.110793
171  969.414349  896.335319  19.445206  0.081285  1.296351  0.174771
172  948.854620  1067.768074  19.306189  0.063665  1.063822  0.067212
173  1170.494751  1047.088660  19.338061  0.099393  1.182412  0.129115
174  988.648243  957.207593  19.239488  0.205355  0.916059  0.068654
175  1029.695508  1167.804703  19.151171  0.082713  1.025392  0.071211
176  990.708818  1003.767357  19.120267  0.076178  0.885907  0.097373
177  878.596403  889.212682  19.070621  0.164277  0.865282  0.107759
178  1149.486162  1131.974861  19.050683  0.083012  0.908933  0.065753
179  1053.743186  888.946913  19.019831  0.096208  0.778166  0.154610
180  1060.503982  1014.054728  19.050445  0.072951  1.060074  0.060247
181  1018.161807  988.644127  19.002181  0.068207  0.928829  0.062254
182  1016.641270  1005.750129  18.937648  0.075566  0.933780  0.127821
183  1076.943585  1047.487549  19.086422  0.074389  1.220014  0.142641
184  1094.478070  1191.178240  18.972649  0.105233  0.908702  0.082463
185  1099.227136  974.560809  18.686164  0.128352  0.792300  0.123148
186  1113.736622  1153.902039  18.860107  0.127684  0.907123  0.061630
187  1075.553198  910.854369  19.084328  0.107717  1.038655  0.160584
188  1074.103747  1103.225631  18.713423  0.056273  0.997644  0.071047
189  890.547016  1001.155174  18.723647  0.091191  1.176799  0.104686
190  1064.598139  1165.216932  18.741760  0.143662  0.999380  0.076972
191  980.516291  994.261586  18.674100  0.069471  0.961516  0.056754
192  869.093540  957.640786  18.679467  0.083089  0.807797  0.053179
193  1039.576412  1007.415112  18.617977  0.060270  0.890863  0.097540
194  966.203761  917.129585  18.613400  0.056204  0.888346  0.120287
195  1099.960893  1024.488796  18.610553  0.057376  0.972506  0.073969
196  1081.350554  1027.271885  18.472962  0.115177  0.868770  0.065898
197  1130.294333  1009.732342  18.430003  0.070358  0.891960  0.084986
198  1001.115914  1155.749376  18.549412  0.073837  0.835923  0.141397
199  1028.642079  919.648072  18.339656  0.080139  0.721539  0.100163
1100  1057.166991  1079.286006  18.367232  0.154533  0.867684  0.050820
1101  1080.844493  998.408745  18.412926  0.064476  0.784921  0.133196
1102  936.644506  1180.612792  18.416825  0.124759  0.900013  0.107270
1103  994.617344  1029.660959  18.309483  0.084446  0.884999  0.055082
1104  1143.699988  918.616576  18.221556  0.083618  0.786816  0.061312
1105  1078.895391  1030.865777  18.143236  0.047307  0.942169  0.093604
1106  929.173647  1001.498051  18.103850  0.091935  0.801743  0.077433
1107  904.928256  1040.501289  18.031434  0.052600  0.875842  0.086417
1108  981.783572  841.120584  17.954405  0.111296  0.859864  0.112969
1109  1114.943017  1005.379256  17.921514  0.107579  0.820086  0.074120
1110  1062.247137  1118.357586  17.929303  0.044184  0.764669  0.059934
1111  1174.296289  1004.215521  17.896674  0.061810  1.070617  0.068446
1112  1081.600963  1040.802591  17.835510  0.158656  0.713352  0.052481
1113  1143.314043  1060.065198  17.704521  0.050809  0.747471  0.090170
1114  1098.260890  1084.899779  17.679973  0.066536  0.773553  0.046840
1115  1075.809423  901.388698  17.792917  0.086626  0.893558  0.055072
1116  865.985659  892.980777  17.581566  0.053974  0.798982  0.042269
1117  1025.227878  910.913229  17.627145  0.041951  0.799004  0.053470
1118  949.167309  904.620134  17.320917  0.118467  0.723779  0.042855
1119  901.898179  1072.332493  17.408496  0.044995  0.751738  0.045077
1120  953.775043  965.380198  17.415655  0.113726  0.789501  0.052692
1121  985.619354  954.819236  17.193888  0.083932  0.767524  0.067088
1122  967.526052  975.607398  17.207056  0.039955  0.706517  0.054132
1123  963.306476  1043.938796  16.996468  0.059302  0.901665  0.090986
1124  1010.915103  979.565937  17.040878  0.043812  0.731013  0.064473
1125  858.115031  1025.128284  16.965840  0.039872  0.772244  0.044533
1126  942.577275  972.644024  16.731148  0.097492  0.751236  0.052134
1127  1044.154184  1031.982223  16.665957  0.045423  0.711087  0.061914
1128  1239.245312  1034.407752  16.625591  0.032579  0.695025  0.085795
1129  992.283996  900.444774  16.451661  0.035377  0.768589  0.041750
1130  1173.923758  1145.040056  16.291460  0.061270  0.745144  0.032634
1131  1019.087954  987.515105  16.286304  0.063335  0.785496  0.037975
1132  1195.043082  1147.247370  15.981451  0.038992  0.778543  0.050077
1133  972.312412  1055.030149  15.729923  0.027973  0.769722  0.044786
1134  980.798054  1039.160730  15.317141  0.025976  0.750400  0.052394
1135  935.882609  976.881377  14.890729  0.055004  0.763965  0.027419
1136  964.525629  945.419796  12.467062  0.033097  0.880573  0.049754
1137  1026.435830  1097.157898  17.306547  0.060840  0.938361  0.064168
20  1031.981280  1015.031137  8.702551  0.021525  0.736538  0.015774
21  1770.021166  1631.539270  12.849651  0.035247  2.820729  0.034711
22  1056.161271  746.158099  9.586287  0.021883  0.606334  0.016831
23  1971.704325  1166.948771  10.148542  0.017504  0.581902  0.047446
24  162.737278  924.453420  10.058414  0.017610  0.476221  0.031661
25  961.109152  671.708750  9.792922  0.028106  0.534891  0.032289
26  1599.278049  1248.626452  10.589787  0.025355  0.565889  0.042964
27  1707.335675  311.978416  10.376519  0.031443  0.540314  0.069296
28  481.246795  1862.465360  10.256025  0.043088  0.579393  0.017581
29  387.702951  855.302331  12.821325  0.023059  1.951189  0.031125
210  494.958138  1798.059830  15.750904  0.074511  3.274056  0.039862
211  1691.199990  1953.720893  10.891202  0.025974  0.587673  0.029842
212  1066.288624  898.467522  12.100253  0.040911  0.847269  0.030527
213  954.621158  504.358626  11.515423  0.044775  0.612314  0.016950
214  1757.491817  748.860783  16.670985  0.056864  3.438033  0.037241
215  812.286250  1254.517266  16.206754  0.033183  2.926177  0.030134
216  357.988614  167.955964  12.099383  0.031811  0.688699  0.030610
217  248.894983  1547.121072  14.028538  0.060410  1.774988  0.042037
218  490.046768  661.043653  15.505047  0.043225  2.408790  0.044196
219  1689.959432  1551.767736  15.190909  0.035499  2.004337  0.034604
220  952.382051  980.448283  12.900993  0.043531  0.841072  0.038519
221  968.820293  573.520869  12.538716  0.024811  0.896219  0.026504
222  1700.120564  1497.653689  12.926682  0.041061  0.675485  0.031890
223  1902.816225  1605.969856  16.627186  0.058157  2.633286  0.058537
224  1995.387871  423.262883  16.405574  0.040863  2.524922  0.047357
225  1350.772140  1971.001624  14.611192  0.029400  1.384637  0.024019
226  1669.746988  1343.861973  12.469066  0.024147  0.171591  0.031648
227  1405.246185  1943.325933  13.562813  0.034481  0.783381  0.036487
228  807.171291  1318.203727  13.089820  0.020207  0.772589  0.047926
229  1310.769852  1763.667562  16.502749  0.031472  2.345655  0.053076
230  1237.965652  1673.353520  15.843637  0.028646  1.746445  0.038429
231  1563.875020  706.809937  13.408686  0.032443  0.704056  0.039222
232  233.522786  362.474313  15.370628  0.049540  1.637739  0.063751
233  117.220628  632.166676  19.927254  0.130973  4.243845  0.095770
234  1938.040413  456.404063  14.222016  0.047570  0.873247  0.021916
235  990.473472  899.847557  13.799495  0.055487  1.159520  0.020929
236  714.594565  2012.256493  16.825559  0.047636  2.434182  0.056750
237  1039.974328  1378.391141  14.139913  0.049129  0.976906  0.022660
238  1180.157519  916.944122  13.678481  0.036321  0.415290  0.020359
239  435.110760  505.374157  14.068602  0.043203  0.860666  0.025810
240  204.570838  1230.742866  16.179445  0.056318  1.773401  0.031261
241  627.244769  316.516052  20.279708  0.160706  4.043356  0.205907
242  205.156434  1940.862974  14.112501  0.061753  0.511304  0.035879
243  815.964865  598.961416  16.771580  0.092449  1.924670  0.041714
244  175.313628  1314.167691  17.097298  0.060592  2.349863  0.036213
245  690.898473  21.481762  14.019784  0.046453  0.417657  0.031680
246  1450.841127  1203.328112  15.947832  0.056473  1.632484  0.091294
247  705.816532  1.665354  19.598013  0.075989  3.664610  0.079657
248  1686.824331  1030.896942  14.233093  0.035121  1.157953  0.046239
249  1791.057215  670.414556  14.420743  0.037856  0.912795  0.036544
250  190.814629  926.225929  15.306471  0.053771  1.365620  0.046181
251  194.441422  1532.700034  16.014889  0.037799  1.599434  0.062974
252  1305.176460  1622.621912  15.715430  0.041364  1.123316  0.043793
253  278.864123  732.092085  14.986361  0.030456  1.027207  0.054870
254  223.081776  1637.652763  13.921822  0.059693  0.149345  0.028453
255  354.910104  1051.874605  14.591138  0.072239  0.943425  0.036820
256  377.377661  778.568189  15.071878  0.029546  0.780582  0.061385
257  1812.809079  1165.145791  18.423108  0.103642  2.830161  0.103503
258  228.487236  796.382999  14.522322  0.025705  0.692743  0.025819
259  760.187853  1190.113794  19.434993  0.093707  3.495197  0.077169
261  330.584526  1861.601585  14.930836  0.038691  0.913447  0.024791
262  1660.917250  1299.284017  20.011816  0.143103  3.572739  0.240224
263  1353.204425  1084.690742  15.166001  0.033206  1.014111  0.069511
264  1106.492830  205.895933  18.195150  0.056313  2.564392  0.071545
265  721.894613  1957.391397  19.789055  0.086492  3.479732  0.092360
266  1468.087363  144.978322  18.033640  0.129431  2.533076  0.042425
267  480.224628  371.965055  19.333626  0.062390  3.072296  0.066419
268  217.591911  1291.468862  18.342101  0.051304  2.730012  0.050070
269  605.817685  1055.712462  18.705352  0.088641  2.770139  0.071588
270  1171.294132  2025.296316  18.121301  0.055997  2.528076  0.068063
271  1813.890825  1348.358336  18.423755  0.084849  2.764083  0.071887
272  1309.485004  1287.712191  18.185410  0.044880  2.429555  0.050845
273  1473.592476  1185.344627  17.033419  0.077246  1.430596  0.041575
274  1929.890118  535.035346  19.025967  0.079216  2.478177  0.086427
275  93.138326  186.170402  20.449978  0.112144  3.413832  0.143186
276  272.965035  1657.211547  15.804226  0.032128  1.150169  0.047880
277  1327.234391  616.732956  19.715986  0.074506  3.263718  0.082849
278  1173.874237  1216.887991  15.853934  0.037259  1.036361  0.060812
279  1554.770097  1386.145605  14.456426  0.030425  0.194121  0.052512
280  1437.715407  123.988594  15.151698  0.058706  0.714137  0.029639
281  1613.316555  1004.557512  16.235042  0.032398  1.184799  0.076675
282  1338.957745  1325.083572  18.082832  0.117700  2.325032  0.122767
283  1467.818192  563.789299  18.672868  0.050292  2.447419  0.075411
284  1567.631454  1180.596470  18.421979  0.070743  2.386695  0.048175
285  428.269193  340.959133  19.492984  0.128482  2.948126  0.104996
286  1419.193971  303.659821  17.499003  0.063600  1.841961  0.040748
287  1354.185294  1889.413080  15.688897  0.027324  0.819772  0.044444
288  1994.978266  811.147327  15.956013  0.047831  0.966189  0.054613
289  1739.233110  79.045761  18.168298  0.069776  2.427954  0.043696
290  294.226727  1231.247151  15.708008  0.047613  0.940160  0.076716
291  1728.540991  1670.431125  14.988426  0.035788  0.634323  0.025744
292  1188.914515  1823.356865  19.632628  0.107876  3.074420  0.185306
293  1590.717995  367.240018  15.970592  0.078005  0.912281  0.045757
294  724.835310  408.832516  15.330695  0.076984  0.688659  0.075217
295  1150.500267  526.188563  19.896102  0.132745  3.123666  0.094505
296  1669.380982  634.865810  15.531511  0.031878  1.163341  0.041648
297  790.164350  1801.255472  14.738095  0.043545  0.201895  0.024456
298  982.265558  1634.293037  18.632263  0.093370  2.305844  0.108356
299  1733.421087  974.808902  15.687732  0.051156  0.793385  0.050161
2100  1367.379874  1596.975621  14.991046  0.042771  0.132786  0.038100
2101  128.053820  843.847441  20.095886  0.094702  3.133449  0.097713
2102  1006.961138  1101.784919  15.814427  0.046116  0.900039  0.042806
2103  1073.536733  1998.556089  15.912237  0.038741  0.904188  0.050766
2104  1096.891359  46.141390  17.714504  0.070799  1.378839  0.098966
2105  1471.095771  685.089852  19.058798  0.114657  2.380653  0.105909
2106  608.233643  1889.090877  16.655872  0.040948  1.734825  0.049311
2107  757.375844  1683.576055  17.526334  0.074626  1.723137  0.086022
2108  1672.811564  530.386868  18.403156  0.124003  2.149867  0.048012
2109  171.478633  1375.311188  16.021693  0.036262  0.823281  0.047770
2110  255.214742  1707.104053  19.947994  0.128662  2.985903  0.127328
2111  1167.403386  1097.819725  15.688572  0.064553  0.662124  0.082545
2112  1921.617669  91.930364  15.809037  0.027873  0.813731  0.027302
2113  1066.830835  843.486838  15.620352  0.045465  0.567704  0.043834
2114  1813.634466  1911.512505  16.135405  0.048916  1.041548  0.043758
2115  699.052874  349.646314  16.360335  0.030530  0.993751  0.057372
2116  1849.603774  1693.434337  15.927575  0.032698  0.648002  0.115621
2117  669.706452  2025.561942  18.636706  0.054170  2.429591  0.073612
2118  1994.149705  143.733519  16.625135  0.035770  1.073576  0.035693
2119  1384.249627  897.696939  16.196163  0.064706  1.531156  0.097675
2122  824.371656  1340.340585  20.907314  0.160501  3.472305  0.185198
2123  1342.719117  758.997347  16.051647  0.082303  0.800330  0.040832
2124  92.892303  1574.535011  16.127532  0.050116  0.781493  0.055584
2125  1458.915348  1208.197016  15.370561  0.057039  0.340032  0.060508
2126  968.615823  1773.301957  16.397745  0.048738  0.890713  0.052178
2127  1148.569541  1000.115391  15.171574  0.033778  0.348799  0.051747
2129  53.267980  1044.282412  15.930188  0.046987  1.340274  0.070147
2130  392.947444  812.565063  16.716676  0.055857  1.372138  0.033352
2131  1340.676867  5.595224  15.303127  0.046398  0.450734  0.026512
2132  612.100563  1860.268391  15.868387  0.045739  0.751327  0.033387
2133  1911.772738  1995.330269  16.268629  0.106251  0.962185  0.044465
2134  999.583980  377.552313  16.892950  0.070368  1.309695  0.049661
2135  962.639444  1195.447534  19.569357  0.187904  2.549411  0.071686
2136  1096.113750  153.377235  19.810812  0.157241  2.767551  0.147978
2137  1379.503144  944.084133  16.969037  0.047708  0.937427  0.065052
2138  2040.771415  993.807239  18.822216  0.078830  2.222418  0.059613
2139  805.345792  805.235235  21.070324  0.172996  3.713211  0.226252
2140  76.248993  850.196683  17.035683  0.048589  1.729958  0.048635
2141  885.774111  1353.606371  17.058183  0.055703  0.876661  0.078866
2142  775.099561  395.871817  16.794701  0.042911  1.126203  0.048901
2143  594.303034  1410.733188  18.601005  0.091626  1.977602  0.139892
2144  914.305396  263.039476  18.318488  0.106860  1.595399  0.135322
2145  1604.656525  1411.166158  16.845424  0.061565  1.016944  0.036710
2146  960.964144  1378.347149  19.175752  0.091055  1.935417  0.149077
2147  1631.328733  1662.308490  16.570736  0.071038  0.909320  0.058704
2148  458.599532  1124.988509  16.434633  0.039728  1.185551  0.072932
2149  560.191493  1256.669350  20.030069  0.217473  2.600298  0.099255
2150  951.050496  710.247567  16.650353  0.081468  0.992199  0.078710
2151  597.537737  240.618077  17.099158  0.096187  1.314641  0.055224
2152  1132.689040  374.687027  16.467767  0.075730  0.938031  0.048216
2153  1070.429641  1988.775867  16.768787  0.042560  1.033383  0.037405
2155  607.026371  1780.126986  19.423786  0.164408  2.598171  0.145058
2156  1525.312150  1808.650994  17.364947  0.039658  1.433760  0.047168
2157  1505.160795  1817.078586  16.532911  0.054355  0.633827  0.046160
2158  64.702605  251.378869  17.280245  0.069524  1.121302  0.052287
2159  205.968637  1456.831935  15.820928  0.035336  0.292480  0.027603
2160  634.235126  755.970708  16.744356  0.063895  1.002702  0.044431
2161  1628.632423  2007.263424  18.231572  0.093697  1.563340  0.048620
2162  1399.902942  140.568235  16.416979  0.030500  0.727423  0.047676
2163  584.099371  819.398576  15.740223  0.036482  0.629385  0.080960
2164  1932.262802  1286.874302  16.671525  0.031498  1.724467  0.037784
2165  1992.352538  531.752678  20.071990  0.129048  2.708656  0.169485
2166  250.953076  155.061390  19.345564  0.084085  2.271719  0.089796
2168  1721.890021  94.708417  16.595404  0.074207  0.951752  0.052134
2169  884.738181  1205.199792  18.320705  0.054113  1.926791  0.073804
2170  229.182443  1850.938125  17.888645  0.082495  1.525711  0.043301
2171  746.111992  592.318096  19.699725  0.071550  2.616009  0.108395
2172  1143.530988  90.734157  16.884771  0.087374  1.154442  0.061270
2174  1038.304428  1298.661469  19.782399  0.178550  2.827888  0.097577
2175  982.336994  1266.918386  18.294035  0.076976  1.781232  0.136656
2176  1306.045597  1591.257948  19.614337  0.136620  2.526460  0.073652
2177  416.222916  1553.980544  17.586954  0.044007  1.593874  0.093306
2178  611.414382  353.053871  19.410906  0.066710  2.402122  0.104812
2179  901.536620  1161.653704  16.772745  0.058938  0.998808  0.037064
2180  1248.171097  1939.818878  18.045799  0.042785  1.678513  0.061957
2181  166.356503  1343.776106  17.585091  0.080651  1.216121  0.053288
2182  556.313853  1092.185117  17.137407  0.117118  1.193693  0.121160
2183  1153.227711  1897.666713  16.571018  0.081809  1.483256  0.034795
2184  178.611708  1288.503048  15.578891  0.027655  0.270027  0.033297
2185  189.470818  1411.079401  19.598498  0.155820  2.394023  0.070797
2186  1207.408318  1280.473196  16.936617  0.044418  1.088793  0.058691
2187  874.844216  426.920399  16.651175  0.104824  0.861761  0.061617
2188  1897.933659  1870.274091  16.917625  0.056272  1.249998  0.041443
2189  31.942363  8.199626  19.609958  0.109575  2.066527  0.072493
2190  1433.420008  446.446445  16.754814  0.142130  0.590237  0.039748
2191  1302.005371  732.530007  19.315816  0.106316  1.639251  0.083748
2192  1766.696565  33.491130  16.545138  0.036858  0.461475  0.041428
2193  957.419723  15.824218  16.720324  0.068700  0.746821  0.065936
2194  773.620476  1685.602720  17.879837  0.110296  1.118526  0.094231
2195  1854.642368  1219.166224  18.520399  0.062394  1.697664  0.066623
2196  1015.316575  532.155623  17.306661  0.069359  0.944565  0.103872
2197  884.826287  1968.192229  17.592732  0.100958  1.090136  0.059110
2198  1696.509877  446.786618  17.625413  0.067569  1.375004  0.125663
2199  581.783175  724.977475  16.908157  0.058375  0.617761  0.036010
2200  552.663500  969.512895  18.632747  0.082438  1.725255  0.102532
2201  1666.931781  994.944628  17.471467  0.050915  1.122004  0.045900
2202  242.738438  684.533003  19.473504  0.080812  2.084693  0.184992
2203  16.023807  1035.550312  17.648516  0.076419  1.037956  0.048471
2204  1894.454349  1161.698475  19.073324  0.085119  2.029350  0.098702
2205  711.259103  781.216983  18.122741  0.081593  1.394447  0.101828
2206  857.418743  1340.819537  17.737141  0.088511  2.101447  0.132693
2207  1479.310709  1654.042694  17.444643  0.063599  1.048975  0.049827
2208  1310.669684  1077.084654  19.066485  0.099743  1.648150  0.110669
2209  1539.049605  351.955131  17.175890  0.067241  1.142138  0.046275
2210  627.015670  1079.874050  18.471472  0.130051  1.512916  0.090167
2211  1262.835732  654.320532  19.911249  0.131190  2.211136  0.245969
2212  189.423769  1849.465807  19.243870  0.131253  2.241955  0.141007
2213  483.243455  176.933534  16.982564  0.055998  0.935938  0.064810
2214  532.742427  1488.752954  17.641546  0.089724  1.029374  0.090136
2215  234.003567  773.119877  17.278993  0.072178  1.362787  0.061412
2216  1047.153669  449.612638  17.795052  0.083681  1.196842  0.088024
2217  1098.834991  1107.026031  18.564011  0.184121  1.555957  0.105340
2218  1213.420790  1950.621737  18.548314  0.107605  1.581917  0.119831
2220  45.076649  562.860016  20.068958  0.083608  2.632671  0.107583
2221  1832.957970  323.407522  20.060801  0.085856  2.277449  0.099831
2222  1926.992727  1314.917627  18.441014  0.096204  1.723358  0.098139
2223  1867.964328  852.436674  18.746612  0.050271  1.737537  0.118802
2224  1210.778495  186.849533  17.440485  0.097627  1.815672  0.111333
2225  504.353050  625.044677  18.247768  0.058439  1.375446  0.047331
2226  99.365562  1868.975667  18.920371  0.139023  2.088189  0.114481
2227  142.951737  75.554053  20.050706  0.093699  2.570735  0.254381
2228  118.148969  1391.569477  19.440348  0.114532  2.210101  0.151901
2229  1016.958678  1509.374886  17.390799  0.036330  0.903057  0.080651
2230  295.052783  585.688625  20.759966  0.267877  3.206050  0.177200
2231  1703.759831  1920.438274  19.585721  0.092133  2.429038  0.113276
2232  1013.017713  629.842899  17.333229  0.048550  1.079559  0.061190
2233  1374.459229  1449.117733  17.970870  0.052334  1.346358  0.073518
2234  1651.899082  102.951571  18.675151  0.115188  1.727035  0.071460
2235  2041.064609  1294.777322  16.728708  0.047686  0.757958  0.034268
2236  1637.897997  35.878023  15.232415  0.044690  -0.284168  0.053169
2237  2033.657299  1694.558405  20.648765  0.127547  2.683341  0.129803
2238  1525.841526  582.929864  16.586541  0.039075  0.590474  0.044501
2239  532.710598  1864.868660  16.912787  0.062904  0.688829  0.063430
2240  1366.318914  1694.236271  18.525905  0.073753  1.524359  0.130776
2241  1206.602992  1017.526384  17.587631  0.080697  0.982856  0.068121
2242  1519.637249  418.689170  18.988885  0.084073  1.762264  0.067581
2243  199.327884  969.240044  17.083541  0.039987  0.928904  0.057762
2244  1310.782722  419.076459  18.030153  0.095827  1.342765  0.058573
2245  652.307766  735.576762  17.646544  0.084118  1.100108  0.073379
2246  433.489572  1348.012168  18.310277  0.078278  1.277640  0.066014
2247  1243.803249  713.023150  19.044784  0.062154  2.144058  0.102007
2248  807.729330  797.358226  17.693187  0.057068  1.609467  0.061489
2249  664.218399  1074.803551  17.184228  0.045239  0.954738  0.063307
2250  2015.874085  115.545197  17.683359  0.060930  0.888858  0.049171
2251  784.223298  467.565673  19.481942  0.078666  2.224878  0.090251
2252  454.101375  104.443132  18.243521  0.104203  1.159849  0.070935
2253  1610.242844  1656.990739  17.148989  0.076583  1.789704  0.066549
2254  2004.132442  415.353971  17.551148  0.098044  0.932301  0.061184
2255  809.451472  324.411198  17.727916  0.137461  1.125909  0.085288
2256  1937.618319  156.609734  18.433478  0.091996  1.338258  0.077430
2257  910.867455  1180.538994  17.464096  0.058677  1.400944  0.064073
2258  809.248356  1359.583444  17.248147  0.068778  1.365208  0.103592
2259  989.122085  32.800529  18.661350  0.094729  1.648631  0.061323
2260  981.374538  1599.411492  20.091592  0.135488  2.447903  0.080714
2261  630.644817  1481.550654  18.336476  0.059857  1.278393  0.143719
2263  269.199847  1789.911486  18.089792  0.046018  1.138557  0.063015
2264  896.190786  618.269163  19.348321  0.150340  1.772969  0.152483
2265  942.136735  2034.292815  17.105649  0.039986  0.421619  0.128126
2266  1400.294131  1027.326359  17.813344  0.045379  0.814818  0.069662
2267  1151.400149  463.950727  17.560998  0.066274  0.714930  0.074507
2269  45.838633  666.609528  18.331300  0.077332  2.248340  0.105217
2270  6.635614  1341.558805  21.038196  0.118235  2.637341  0.121595
2271  1797.272649  111.677750  17.752618  0.072898  0.984175  0.063119
2272  1215.967551  1036.809809  16.227734  0.045532  0.105950  0.057565
2273  1650.687713  207.048512  17.961253  0.041176  1.048117  0.092405
2274  1899.469651  165.459649  17.315878  0.036685  0.603285  0.063705
2275  1829.917168  1085.369081  17.230767  0.035855  0.632953  0.052533
2276  1330.263015  801.969739  16.773460  0.039503  0.146474  0.049173
2278  284.812174  861.099380  18.461028  0.055321  1.136421  0.048759
2279  280.364507  260.876745  20.228179  0.183389  1.998794  0.237972
2280  1795.465915  1504.216681  18.195034  0.127694  1.284244  0.072063
2281  1227.192760  586.748333  18.732503  0.135466  1.516971  0.053787
2282  506.594203  875.565712  20.753010  0.139909  2.698893  0.142485
2283  793.866749  613.851653  17.444675  0.037653  0.886039  0.062593
2284  872.797813  766.327765  19.759469  0.083708  2.218501  0.117845
2285  1204.489974  1216.438321  18.509556  0.054999  1.117035  0.092509
2287  989.703139  1013.659077  18.098207  0.056902  1.100301  0.048749
2288  51.222376  1366.023540  16.364651  0.031736  0.081854  0.059849
2289  647.667143  1849.189628  18.151576  0.050123  0.854909  0.085448
2290  497.083972  481.235764  20.823638  0.120486  2.312616  0.176410
2291  1397.196023  1634.861749  18.044498  0.050906  1.961376  0.061050
2293  1017.113832  378.688169  18.075546  0.080238  1.268184  0.069459
2294  1854.118273  121.167920  17.482277  0.099709  0.782975  0.090010
2295  1966.676229  1326.566515  17.922765  0.042493  1.078956  0.140711
2296  179.248314  1684.014426  16.782084  0.051993  0.184867  0.127445
2297  152.980694  1171.234039  18.114273  0.062620  1.278244  0.137784
2298  1939.252778  1710.184347  17.933882  0.078245  1.436135  0.115397
2299  1961.288815  1570.707318  17.970985  0.075299  0.789778  0.057734
2300  987.999505  1720.669290  18.667781  0.124888  1.191689  0.055937
2301  1469.857999  169.582590  18.377439  0.047063  1.168202  0.081972
2302  83.778106  1048.894201  19.153033  0.120856  1.797022  0.129695
2303  1532.474607  1517.567202  19.538059  0.078162  2.010562  0.100027
2304  1702.895075  1407.966054  20.433149  0.087234  2.529593  0.228714
2305  537.104342  506.869689  19.713416  0.110013  2.233748  0.126611
2306  1157.127674  1330.864130  17.775177  0.060206  0.865502  0.039856
2307  541.863136  1861.997075  18.618582  0.081575  2.056794  0.069444
2308  1229.826218  740.743089  20.270891  0.109759  2.181081  0.087550
2309  1673.024138  1371.134164  17.694740  0.077538  1.364410  0.058343
2310  657.124976  575.201393  17.937987  0.043247  0.967191  0.059565
2311  1760.659892  1505.184027  18.233208  0.066819  0.858812  0.073223
2312  1093.071043  983.625358  18.971318  0.118905  1.727693  0.093295
2313  1602.753991  1060.402799  19.756970  0.179336  2.049370  0.159600
2314  153.022219  1683.944146  20.440778  0.219860  2.005908  0.123337
2315  1595.566977  1912.865368  17.479877  0.060079  0.783300  0.087436
2316  417.224084  1635.834822  21.078507  0.123168  3.056538  0.295162
2317  1204.015413  1796.477331  16.020166  0.041809  -0.232234  0.039166
2318  1421.536706  1566.859547  17.831275  0.070073  0.972964  0.092744
2319  1877.899146  960.851620  19.354480  0.076640  1.772776  0.092227
2320  700.505478  122.290215  17.856196  0.064612  0.967207  0.063682
2321  544.225472  741.610737  19.497302  0.254948  2.257407  0.207133
2322  190.840937  1071.580930  19.798370  0.074973  1.936006  0.088126
2323  68.686461  1222.849463  17.914867  0.067840  1.228434  0.076657
2324  1263.363023  1954.567670  19.726806  0.156621  2.363073  0.117615
2325  1382.788393  1823.616378  17.890569  0.094456  0.991984  0.047649
2326  721.555532  1366.911160  17.932740  0.047877  0.956965  0.095355
2327  1404.451264  172.330332  21.504544  0.316342  2.352051  0.350111
2328  1120.518703  1788.186973  18.383214  0.086158  1.158583  0.079118
2331  168.558728  92.531487  18.296526  0.081233  1.203158  0.069780
2332  1355.864180  1639.222156  16.620210  0.039616  0.153564  0.065634
2333  2001.654265  1509.660269  16.884552  0.081284  0.186306  0.070375
2334  537.114266  1460.556932  19.833323  0.078151  1.991670  0.110039
2335  873.051807  755.238749  19.550761  0.092802  1.772137  0.083663
2336  919.132317  1996.567548  17.758323  0.091226  1.011621  0.051017
2337  300.595349  814.869148  17.456435  0.090016  0.710741  0.078766
2338  1209.565312  1972.583032  19.382763  0.088987  1.589357  0.103622
2339  1327.096832  802.526717  18.447220  0.072499  1.397328  0.066778
2340  1278.403214  1361.360744  20.033946  0.183442  1.911884  0.282617
2341  861.150304  2021.012355  17.813102  0.044561  1.347620  0.058783
2344  798.001694  573.270511  18.045105  0.131475  1.149762  0.149713
2345  1215.928811  391.023606  19.455673  0.138981  1.749165  0.100886
2346  1990.999451  1737.165102  18.672136  0.082222  1.281597  0.050571
2347  1668.285468  1893.094866  18.241811  0.075841  0.958745  0.085495
2349  69.500112  39.078252  18.200303  0.066983  1.091455  0.046774
2350  1318.711768  976.425314  16.638386  0.050678  0.076488  0.065732
2351  1653.417679  968.691565  20.485291  0.263006  2.378209  0.165135
2352  1694.103537  74.909937  19.830759  0.115549  2.025217  0.104332
2353  483.304884  1240.840074  17.496845  0.044139  0.673069  0.051048
2354  530.795388  1209.579764  16.106606  0.044165  0.018974  0.047356
2355  1233.563560  319.753642  18.624896  0.133955  1.388778  0.072850
2356  1022.705205  1495.565091  19.755610  0.132673  2.054711  0.221922
2357  756.163232  513.360289  18.220414  0.080467  1.238657  0.110279
2358  1064.987882  806.712041  18.040406  0.044385  1.012206  0.044460
2359  62.731051  1904.793312  19.788645  0.163640  2.160007  0.216332
2360  1050.926538  854.456340  18.221050  0.119401  1.314125  0.048624
2361  1494.798638  1096.703736  18.078944  0.043671  1.422450  0.051349
2362  1850.392869  205.704354  18.687035  0.122660  1.206223  0.093329
2363  822.338008  1562.369942  19.088938  0.061864  1.078546  0.120868
2364  1404.183319  2028.002791  20.086693  0.115122  2.004298  0.221759
2365  644.400858  1953.050531  19.229991  0.139701  1.169711  0.150963
2366  1354.420568  794.350073  20.496392  0.170569  2.277545  0.140601
2367  1963.444959  870.033124  17.500401  0.046366  0.314032  0.038899
2368  178.333582  2034.383672  18.980570  0.082299  1.619648  0.100067
2369  326.792696  795.383448  20.884470  0.148493  2.650960  0.219252
2370  1851.635658  1573.226575  17.462147  0.052237  0.492958  0.094800
2371  72.808935  1197.652649  17.604045  0.080641  0.018821  0.126880
2372  617.098396  1855.046292  18.991953  0.066548  1.338719  0.118438
2373  1175.869671  204.236822  18.139047  0.045934  0.741292  0.100585
2375  27.081875  55.754771  19.819667  0.074011  1.585038  0.082980
2376  925.269881  312.901565  18.665181  0.150976  1.776741  0.080181
2377  1902.250244  1134.113161  18.915552  0.076965  1.126294  0.101614
2378  1404.672116  95.390458  18.710348  0.064941  1.592698  0.058919
2379  467.624180  1484.155730  18.420497  0.145529  0.908870  0.149550
2380  971.427814  1537.296456  19.127307  0.097758  1.995538  0.114427
2381  1045.264565  1514.367210  19.987505  0.122058  1.847451  0.132035
2383  1543.199314  1609.283407  18.420378  0.059051  0.670402  0.079518
2385  1528.432200  1811.981205  17.577178  0.062737  0.507531  0.096137
2386  431.384811  867.268269  17.778523  0.072655  0.619890  0.052123
2387  1155.851199  476.741539  19.379297  0.100248  1.087126  0.153858
2388  1517.757202  1787.562157  19.139475  0.105737  1.513813  0.088590
2389  533.186401  74.023186  18.967226  0.115753  1.281688  0.068173
2390  725.483885  202.349267  18.864220  0.076415  1.071863  0.155796
2392  665.483032  1636.894803  18.664200  0.064373  1.317208  0.089598
2393  1821.075250  1480.333424  19.075965  0.056089  1.150284  0.066632
2394  496.362206  2026.208284  19.846427  0.077281  1.247866  0.179889
2395  1335.758804  1786.946433  18.799462  0.086791  1.151013  0.057084
2396  1245.328691  1884.960960  21.206814  0.112625  2.838204  0.231907
2397  609.489952  1337.604431  20.224250  0.112338  2.069326  0.208473
2398  191.724639  984.690543  20.008625  0.209611  1.743565  0.138406
2400  1255.013852  1010.523911  19.069425  0.101135  1.195811  0.097021
2401  1636.522269  1479.923121  19.038239  0.084084  1.040342  0.156807
2402  1513.550976  452.588250  19.134536  0.200983  2.315979  0.150511
2403  1182.780452  1670.497789  20.140370  0.105762  1.984741  0.102385
2404  376.813030  180.780888  19.021350  0.123464  1.035175  0.211667
2405  2006.381597  66.854196  19.575261  0.073402  1.443239  0.152473
2406  307.760550  203.845188  18.945200  0.064814  1.242270  0.082570
2407  1737.954818  207.846045  19.465224  0.088774  1.753872  0.081123
2408  1356.238408  92.130677  19.751514  0.142336  1.563307  0.076039
2409  1732.037739  1696.286804  18.795350  0.107647  1.153513  0.065696
2410  941.751878  1009.400652  18.531148  0.049700  1.004521  0.076400
2411  796.899442  1809.861652  20.369470  0.112997  1.912907  0.124556
2412  1740.812878  951.207708  19.130441  0.089398  1.311530  0.058906
2414  685.706058  190.880800  18.570102  0.058317  1.541729  0.065159
2415  198.599885  873.610845  20.059816  0.168043  2.125463  0.206407
2417  935.976192  1358.897157  20.185213  0.157631  1.741527  0.115298
2418  1833.421988  182.548109  18.717797  0.071076  1.048611  0.054935
2419  683.261159  1279.385407  18.590593  0.122987  1.677093  0.062751
2420  1359.476615  648.593341  16.717211  0.044935  -0.091334  0.033306
2421  1764.041126  1136.778426  19.653756  0.076922  1.601615  0.077572
2422  1463.457654  1259.711270  17.927774  0.059715  0.743725  0.058918
2423  1900.631542  1268.673536  18.853778  0.056034  1.375256  0.069249
2424  1517.957654  1657.183150  18.298402  0.081815  1.076488  0.113292
2425  875.129054  1725.625355  19.247175  0.082718  1.370931  0.072414
2426  349.442342  1307.733609  18.344447  0.055912  0.910101  0.072070
2427  1576.427750  1660.712583  18.928044  0.068660  1.215580  0.081313
2428  1931.850879  16.258526  20.491220  0.184527  1.977202  0.179309
2430  1882.655315  444.423250  18.449428  0.054531  1.421799  0.060095
2431  1986.214258  984.895189  17.863674  0.065967  0.454726  0.076029
2432  1442.514801  162.286044  19.241537  0.112592  1.324891  0.142979
2433  221.729147  1467.295628  20.427973  0.125835  2.076455  0.086515
2435  1312.591304  456.002541  20.703653  0.127394  2.048508  0.098062
2436  163.893922  760.731932  19.314894  0.059581  1.630314  0.176440
2438  2035.176258  1472.718901  19.319900  0.065527  1.446488  0.095348
2439  1849.194872  343.209637  20.472913  0.258252  2.125634  0.102984
2441  165.245675  1339.270864  18.544806  0.054486  1.108830  0.052195
2442  1040.448604  1186.809780  17.373440  0.054355  0.484649  0.098928
2443  714.533752  1785.083625  19.051398  0.141708  1.250465  0.095926
2444  282.059184  1650.606750  18.173184  0.057009  1.056094  0.126633
2445  747.563441  863.294786  18.969403  0.122045  1.517205  0.079706
2446  1159.207598  1602.948560  19.176739  0.105179  1.287965  0.066383
2447  1389.605784  1804.656004  18.561194  0.059335  1.028426  0.078550
2449  182.176596  649.965049  18.994066  0.140365  1.986052  0.200497
2450  1953.554267  183.711277  18.640448  0.127060  0.992143  0.093486
2452  1902.800597  378.678086  18.728593  0.085085  1.226300  0.159173
2453  2040.406417  14.093344  19.633186  0.085847  1.754438  0.145753
2454  218.307921  1609.952775  18.460531  0.058242  1.016994  0.121770
2455  1781.826842  244.754988  18.798403  0.156875  1.227461  0.052990
2456  295.325226  557.148266  18.525257  0.057500  1.036787  0.077099
2457  1539.310553  1738.298092  19.476006  0.199012  1.572811  0.061791
2458  196.523441  1524.331505  19.372363  0.063379  1.911543  0.150390
2459  60.351528  452.835220  18.109291  0.056017  0.729686  0.078471
2460  900.178664  485.676208  19.551032  0.130730  1.487795  0.081614
2461  38.717100  1657.033444  20.147532  0.081739  2.172112  0.105653
2462  292.471569  759.482102  17.952049  0.086437  0.477912  0.087930
2464  1734.184717  61.149177  19.025036  0.109306  1.533930  0.082020
2465  1707.091911  1395.647055  19.518862  0.163217  1.789442  0.081547
2466  1420.348114  158.431159  20.410749  0.118802  2.242822  0.167725
2467  851.030012  562.422398  19.048988  0.105651  1.290842  0.100198
2468  202.281328  1453.252341  19.770102  0.098635  1.699768  0.200673
2469  1033.875093  1271.391889  19.141122  0.059796  1.341776  0.110434
2471  192.305355  1772.179598  17.770938  0.119838  0.448610  0.059596
2472  68.575673  1970.426085  19.184563  0.063407  1.410161  0.060734
2473  129.518437  1625.732340  19.211523  0.120854  1.444819  0.078105
2474  6.455542  804.177626  19.150512  0.067302  1.259381  0.071380
2477  1660.589500  1390.190739  17.029530  0.037063  -0.040671  0.037090
2478  1379.255805  365.147885  18.135314  0.116727  0.654619  0.049136
2479  398.980457  354.287341  19.456453  0.088115  1.522572  0.087012
2480  1078.003061  1387.422177  17.952817  0.041413  0.568585  0.061023
2481  1562.812918  1883.307612  18.859834  0.086933  0.968948  0.151456
2482  1341.847867  38.234880  16.731074  0.039350  -0.042175  0.082057
2483  1588.693253  91.949168  18.629625  0.053125  1.264683  0.076420
2484  567.349375  723.700367  18.703522  0.145494  1.571014  0.073122
2485  397.033156  1372.082041  18.859813  0.052751  1.130416  0.054073
2486  520.752753  884.020349  18.710149  0.102548  1.542819  0.126174
2487  272.009785  705.838472  18.207371  0.108097  0.820615  0.062227
2488  1662.307194  253.475440  18.579530  0.091814  1.256569  0.056430
2490  925.195379  1854.280344  18.881595  0.142008  1.145508  0.103020
2491  1617.172680  822.680133  18.511015  0.051722  1.242372  0.059419
2492  1569.831650  65.642053  20.161501  0.106669  2.042434  0.147300
2493  1059.273434  199.205056  18.415635  0.125882  1.183074  0.085204
2494  1352.683928  1615.735620  20.877823  0.208993  2.438370  0.098846
2495  1324.468646  1704.667325  18.431285  0.087946  0.855766  0.065440
2497  447.327283  817.653746  18.776545  0.081694  0.975585  0.094280
2498  1058.180188  538.545377  20.246276  0.206453  1.908013  0.085711
2500  350.929869  1683.389016  19.849432  0.131266  1.759293  0.161884
2501  213.942245  1797.155128  18.633382  0.147726  1.796994  0.051694
2504  1109.895175  1015.059869  17.996948  0.067757  0.635688  0.058591
2506  1225.677114  1045.774375  19.721694  0.109613  1.869395  0.175460
2508  1698.327789  1929.271600  20.481534  0.124619  1.698899  0.112708
2509  1007.416985  1197.013670  19.621904  0.078910  1.417644  0.172956
2510  1475.012186  223.093786  20.314712  0.097625  1.835617  0.153314
2511  636.733559  26.920801  19.859441  0.115726  1.611864  0.074056
2512  644.240374  965.452127  20.650238  0.101362  1.789681  0.125435
2513  1700.064631  1742.505854  19.615405  0.081753  1.216333  0.126784
2514  1322.077869  1232.054532  19.389947  0.211146  1.999271  0.061075
2515  993.952405  1360.963518  19.781559  0.085606  1.856548  0.152653
2516  1637.414432  1828.384211  19.732299  0.115062  1.208238  0.097116
2517  1936.117312  2011.725842  19.686038  0.178650  2.162100  0.066390
2518  1668.307126  244.724667  19.742272  0.167846  1.474004  0.088872
2519  1367.699311  194.021229  19.839872  0.125508  1.252755  0.098977
2521  872.443103  71.124136  19.557268  0.081008  2.007970  0.095224
2522  363.562734  999.692538  19.815059  0.074069  2.340036  0.092588
2524  1931.368711  420.460983  19.336876  0.139464  1.112372  0.090615
2525  1623.349981  1109.577399  18.992313  0.129785  1.336345  0.071715
2526  1133.992824  257.968138  19.202104  0.087560  1.059903  0.111034
2527  1335.758609  633.715294  19.702382  0.076090  2.342292  0.227745
2528  1835.836139  120.464867  19.285839  0.073458  1.124348  0.102318
2529  1155.255149  581.328973  20.137534  0.171384  1.503065  0.211678
2531  1084.802612  2023.580722  19.341699  0.108496  1.852203  0.128398
2533  1026.497171  1898.110383  19.255041  0.060192  0.920266  0.118827
2534  1799.956377  1805.359952  17.404587  0.042264  -0.110873  0.099525
2535  1891.777521  360.805303  20.734670  0.213697  1.780873  0.175508
2536  255.962136  1320.485863  20.254690  0.088235  1.485199  0.112816
2537  503.573467  1435.113553  20.494168  0.195514  1.657480  0.129808
2539  2007.768195  1985.779137  20.620355  0.162716  1.982551  0.190544
2540  1085.868604  1814.241382  19.308247  0.094247  1.007090  0.141025
2541  785.098883  1665.494081  18.052591  0.056770  0.350465  0.057201
2543  1489.468292  1438.351623  20.010538  0.160278  1.664257  0.206307
2544  705.950786  955.279757  19.008133  0.156725  1.074981  0.073128
2545  1928.967366  375.941445  19.597456  0.187926  1.186672  0.082908
2546  759.234268  529.968094  19.327492  0.139876  1.384519  0.118589
2547  144.868510  1256.731528  19.860659  0.123825  2.779647  0.103006
2548  364.067645  1881.505357  20.192142  0.086968  1.409485  0.100054
2549  1933.352492  1738.515046  19.347400  0.083906  1.034973  0.138190
2550  1290.475993  430.203258  20.886054  0.208801  1.864207  0.255420
2551  701.644884  1607.460584  18.552810  0.098005  0.586976  0.099015
2552  1928.868092  1739.688970  19.067279  0.101579  1.496825  0.103798
2553  2047.421632  1326.170327  19.971709  0.090193  1.454649  0.218861
2554  2037.314359  1934.902225  19.639730  0.080045  1.206443  0.081563
2555  318.182570  1208.795238  19.473502  0.137715  1.099647  0.109706
2556  1589.910936  2027.245334  20.676423  0.153705  1.697022  0.147072
2558  1243.249245  523.048379  20.249184  0.149650  1.764309  0.094938
2559  1682.937390  1145.697092  20.190802  0.096832  1.643408  0.168574
2560  472.545713  2030.300756  20.176105  0.238482  1.738195  0.125760
2562  1975.652303  767.607246  18.464665  0.107192  0.621419  0.074277
2563  1456.110324  133.372558  20.026713  0.183104  1.734682  0.115970
2564  1145.362234  834.084143  20.365206  0.135939  1.340035  0.108596
2565  1911.205132  714.985620  21.411349  0.188043  2.817494  0.207196
2566  1812.743538  838.255063  19.057714  0.179759  1.201926  0.112602
2567  1338.994463  1909.419844  19.581140  0.216805  1.771924  0.131647
2568  609.341119  1067.578419  19.586239  0.073592  1.261549  0.158660
2569  483.810991  367.292046  18.605978  0.094247  0.969433  0.070559
2570  131.562557  1084.247623  20.429921  0.090312  1.525309  0.161979
2571  695.585838  1108.705234  19.822845  0.199286  1.245844  0.081681
2572  1.503703  1332.815803  20.517009  0.191576  1.809017  0.260923
2573  1073.695952  1660.135082  19.400387  0.146434  0.839199  0.182587
2574  1226.825150  1429.300880  19.354803  0.087206  1.445825  0.106044
2575  1138.986639  1169.803788  18.896094  0.163489  1.122739  0.157246
2576  566.581591  863.774703  18.036625  0.081986  0.343527  0.075633
2577  62.066936  108.465094  19.808378  0.097335  1.864313  0.156035
2578  1504.162643  719.016944  19.374441  0.092478  1.093045  0.182986
2579  1560.303447  1205.059905  19.454544  0.116532  1.176580  0.139673
2580  622.884501  2039.676138  19.839068  0.077909  1.130609  0.101204
2581  1896.591900  1687.569282  19.257968  0.099782  1.372443  0.095410
2583  191.301769  117.149258  18.662168  0.086037  0.524104  0.047973
2584  529.394114  1797.770626  19.267425  0.108300  0.983017  0.102894
2585  1296.554220  1314.321056  19.096551  0.141386  0.847114  0.097412
2586  841.615033  1753.175434  20.069620  0.116799  1.351993  0.121396
2587  244.443284  240.343871  20.061823  0.087279  1.393406  0.145690
2588  847.799790  1561.498358  20.934530  0.181877  2.160580  0.116911
2589  1150.121787  1771.530027  18.263444  0.089279  0.528707  0.054421
2590  761.930887  1462.584881  19.047181  0.088869  1.414619  0.113760
2591  863.112646  813.248607  19.323993  0.089927  1.333416  0.127334
2592  626.499159  1657.930119  20.453871  0.167074  2.093994  0.167452
2593  153.630988  56.832522  19.234748  0.064913  1.222903  0.169308
2594  1145.483100  764.603877  20.304388  0.108653  1.361820  0.124824
2595  1511.253511  635.725782  19.626035  0.085333  1.411022  0.187396
2596  552.787288  930.415293  17.662570  0.098487  0.118765  0.071555
2597  2011.442015  1676.799863  19.646322  0.113931  2.540242  0.146771
2599  605.662220  1033.307520  19.455505  0.136510  1.242709  0.207880
2600  311.629155  982.778811  19.695512  0.076126  1.666095  0.146928
2601  455.769320  1370.240810  19.629910  0.173464  1.405326  0.082755
2602  2018.694424  374.123881  19.575321  0.079455  1.297627  0.067291
2603  1706.419132  153.564755  19.823504  0.159274  2.550305  0.148278
2604  24.561193  1704.686103  19.322077  0.132936  1.109527  0.069938
2605  1417.267969  1269.247739  19.538289  0.117934  1.285840  0.134609
2606  372.144447  1670.368767  19.273188  0.115589  1.726703  0.152866
2607  876.616080  1204.075544  19.078908  0.064482  1.596931  0.113050
2608  1576.516289  913.863814  20.874182  0.137438  1.594554  0.141048
2609  1637.889368  1454.166960  19.757341  0.088376  1.735320  0.113968
2610  394.989991  1657.604457  19.935655  0.243550  1.426327  0.110508
2611  1136.049143  1471.203273  17.921715  0.140392  0.401393  0.084968
2612  1652.762867  1046.304981  18.666770  0.094455  0.755014  0.063842
2613  414.794516  7.198203  20.095176  0.077341  1.703891  0.156146
2615  1928.417741  970.179516  19.649049  0.068181  1.197978  0.153593
2616  1156.830059  1036.017822  19.773946  0.165832  1.578735  0.145446
2617  640.839540  745.505197  19.345467  0.063368  1.152609  0.130211
2618  513.694697  1798.015423  19.727470  0.107978  1.772961  0.080297
2619  1318.161995  1804.230024  19.234967  0.077021  1.226726  0.074719
2620  1299.712195  217.206365  19.316309  0.114036  1.189616  0.107122
2621  1580.028814  1941.539772  18.572955  0.085229  0.887015  0.095255
2622  1656.583195  1781.443442  19.222857  0.121347  2.473435  0.081824
2623  443.184101  2041.761403  17.476800  0.040187  0.133627  0.067064
2625  42.473705  410.038982  19.032526  0.111711  1.485492  0.072609
2626  776.824787  1635.689610  18.621242  0.050968  0.679643  0.074402
2627  812.532293  683.222946  19.557410  0.108848  1.697811  0.071306
2628  1057.183940  147.184400  19.368164  0.063373  1.125745  0.091454
2630  997.075126  1958.990131  19.330207  0.108643  1.041173  0.060820
2633  549.304998  383.739359  18.982749  0.115008  1.113997  0.158855
2634  1093.432415  807.156174  19.602011  0.145627  1.293254  0.097148
2635  394.927918  762.483708  19.531368  0.315489  1.645629  0.125394
2636  1200.934042  81.266368  17.900755  0.060645  0.256499  0.050104
2637  494.313429  1716.864120  19.911619  0.140124  1.531691  0.090705
2638  2044.376952  1630.688803  19.271517  0.137579  1.401772  0.120695
2639  1031.963527  828.618822  19.110532  0.061084  1.063208  0.058639
2641  302.393229  1485.949422  20.592208  0.113161  1.588986  0.178258
2642  863.984850  1111.256527  20.139652  0.115512  2.314342  0.090544
2644  1846.480847  1165.566045  20.076054  0.141710  2.613433  0.075273
2646  1904.363582  1144.030724  17.650516  0.038529  0.275732  0.049892
2647  38.154475  124.414986  20.296583  0.119933  1.553382  0.221109
2648  856.494484  996.148895  18.088640  0.087740  0.356035  0.087816
2649  381.284039  606.310863  18.988907  0.089876  1.177168  0.077061
2651  28.309180  1801.613852  19.983676  0.139133  1.911194  0.284956
2652  1470.551987  450.411421  18.802566  0.086141  0.738545  0.153174
2653  1600.958466  1400.976547  19.619364  0.104947  1.695943  0.203592
2654  1503.967526  1095.967114  19.079598  0.111005  1.118305  0.087382
2655  1086.317544  63.039655  19.964407  0.121412  1.491694  0.263657
2656  806.377861  731.678148  19.156175  0.116877  1.060624  0.139915
2657  1785.077862  2029.265919  19.255466  0.126507  1.068472  0.108655
2658  201.332651  1610.675546  20.642041  0.314942  2.027539  0.130422
2660  1483.262301  280.270255  20.542669  0.144550  1.747939  0.153805
2662  1181.149298  297.779400  19.640420  0.151781  1.289621  0.065619
2663  1410.846399  960.071256  20.562317  0.146808  1.985369  0.149950
2664  435.047837  1948.152394  19.505665  0.198915  1.291300  0.166952
2666  1031.654281  406.621396  18.494299  0.082525  0.716069  0.067513
2668  793.734363  1900.756783  18.421851  0.063826  0.699777  0.108669
2669  258.616899  161.114818  19.143317  0.103350  0.954539  0.075464
2670  1980.893788  986.066714  20.056867  0.091769  1.659203  0.150246
2671  1984.622489  1915.879871  19.508539  0.168264  2.204290  0.061623
2672  1880.467236  536.281918  20.099833  0.137558  1.224209  0.260440
2673  1398.063181  398.287229  19.684266  0.070909  1.286990  0.195816
2675  1968.554315  2037.976856  19.159212  0.075564  1.165896  0.062223
2677  1859.648990  1575.300933  19.665930  0.171044  1.572763  0.103871
2678  1831.487186  1728.249614  19.613734  0.086864  1.488896  0.078535
2679  262.007915  103.854186  17.605668  0.118148  0.195587  0.039660
2680  959.198894  1989.762273  18.490263  0.057721  0.701999  0.102565
2681  574.054982  1483.036259  20.161524  0.096280  1.771059  0.170495
2682  248.238373  1093.474698  19.442756  0.132083  1.329297  0.153847
2684  1523.743062  1071.938984  19.088609  0.067544  0.727564  0.117774
2686  134.812142  1889.376999  19.275041  0.166644  0.571132  0.073645
2687  823.330207  1766.849957  20.741891  0.210521  2.109520  0.159952
2688  1164.337432  1494.979038  19.329969  0.137907  0.502940  0.135776
2689  1213.867099  1466.833384  20.391171  0.113515  1.501583  0.116425
2690  773.349742  88.981320  20.257656  0.111209  1.538424  0.100293
2691  435.628782  1526.572596  19.886965  0.139401  0.953673  0.180984
2692  1056.818218  1630.491634  20.258460  0.118214  1.511102  0.152173
2693  173.132556  1446.775711  19.909249  0.145630  1.703172  0.076570
2696  1860.632913  456.685810  20.103528  0.186825  1.180152  0.109502
2698  1170.055559  1240.572989  18.915334  0.063196  0.694415  0.072590
2700  1832.585715  655.741475  20.888545  0.270868  1.797590  0.298839
2701  1794.177821  151.296809  20.447094  0.117281  2.463666  0.111576
2702  1530.606831  2027.382100  20.018029  0.123830  1.272899  0.214912
2705  741.437124  1415.099124  20.065723  0.176528  1.714839  0.078833
2706  1904.123821  1271.105457  18.432768  0.122902  0.220645  0.066138
2708  758.100115  900.960989  20.226778  0.125730  1.613481  0.124674
2709  1856.484262  488.148302  19.725330  0.121802  1.311637  0.109565
2710  1315.567100  1467.188751  18.659464  0.110631  0.552416  0.061404
2711  945.968123  602.086054  19.718639  0.119910  1.189257  0.180930
2713  1165.969963  1126.854359  20.383410  0.122883  1.832768  0.115604
2714  299.833244  142.646616  20.555076  0.176691  1.111915  0.171380
2715  1115.248148  1080.504440  19.945122  0.089341  1.077887  0.125482
2716  1538.008759  1063.041211  20.700612  0.142379  1.818227  0.209786
2720  475.067175  741.935652  20.866874  0.224869  1.713239  0.128557
2721  652.621109  1559.806961  20.290251  0.118820  1.428713  0.122886
2722  894.235960  553.869853  19.950973  0.146561  1.226960  0.087144
2723  1644.115522  1836.917772  20.607831  0.156613  1.431785  0.150707
2724  53.189465  51.509292  20.387076  0.118123  1.403089  0.113188
2725  1901.783258  618.894289  20.530677  0.106460  1.302555  0.146769
2726  901.947660  1951.846807  19.371809  0.252735  1.169950  0.099475
2727  945.139615  1637.098372  19.787186  0.126890  0.877217  0.136533
2730  377.863209  276.397815  20.728506  0.233889  1.655420  0.118025
2732  1053.471710  363.406271  20.129916  0.147640  1.451517  0.084647
2733  636.119622  1602.029997  20.258882  0.158190  1.981234  0.132720
2734  1176.667362  858.050590  20.029448  0.097788  0.916908  0.130514
2736  2008.457463  469.527189  20.196734  0.124948  1.412483  0.097407
2737  444.470772  1498.080797  20.551360  0.324297  1.324340  0.092116
2738  1332.512539  729.440974  19.965314  0.104144  1.126096  0.087411
2740  799.350495  1004.441568  18.313542  0.061956  0.106653  0.066717
2741  85.013352  804.768322  20.768930  0.191019  1.317101  0.171260
2742  1909.579141  915.091096  20.327391  0.213578  1.269022  0.158439
2743  1515.923239  1878.268764  20.605358  0.156284  1.482843  0.154253
2744  1617.080603  87.212160  20.502031  0.109710  1.882146  0.136049
2746  1024.158969  910.485560  20.026089  0.169592  1.456790  0.170009
2748  1063.752725  1641.847895  20.316064  0.092114  1.380649  0.154771
2749  966.756538  530.537648  20.303876  0.161698  1.179803  0.133376
2750  1672.993441  424.914337  19.607774  0.086382  0.778140  0.113596
2751  1864.571338  604.525970  20.106058  0.141063  1.329330  0.134689
2753  154.663372  1411.075563  19.917271  0.208536  1.333884  0.124998
2754  556.871997  1122.119286  20.361329  0.104904  1.882281  0.203085
2755  775.232043  1939.265722  20.621960  0.172722  1.384970  0.106845
2758  2044.520427  1786.072162  18.369510  0.136560  0.414585  0.079131
2759  1438.700583  1544.168223  20.002859  0.099121  1.508250  0.099975
2760  2026.028649  618.679066  19.861321  0.136304  1.860067  0.105521
2762  1562.365726  680.033081  20.478654  0.147940  1.196855  0.092424
2764  406.689451  1906.215759  19.614404  0.151364  1.213393  0.135286
2766  699.716105  1807.135846  19.636421  0.155472  1.024997  0.083445
2767  1031.752429  1017.716629  19.979351  0.091212  0.963720  0.203698
2768  1839.328998  1705.086983  19.899504  0.138336  1.192251  0.166103
2769  619.968095  1543.250308  19.687214  0.103024  1.564498  0.088068
2770  541.643412  766.614958  20.881780  0.193110  1.473256  0.164970
2771  922.150773  111.316751  20.182695  0.145517  1.194706  0.105866
2772  1724.731420  1341.298592  20.481965  0.101292  1.403598  0.112275
2774  541.825355  1279.758091  20.252898  0.098233  1.266909  0.079582
2775  1408.862940  266.370372  21.012423  0.117851  1.904869  0.110398
2776  2026.761918  1697.230380  20.335445  0.194820  2.041963  0.168349
2778  2026.504836  1101.684137  20.282352  0.167132  1.285706  0.086719
2780  1958.252081  992.009750  20.498429  0.099610  1.692536  0.156671
2781  2045.477156  1304.597050  20.269582  0.154389  1.638567  0.100963
2783  961.102039  325.474672  18.191527  0.079939  0.158106  0.110368
2784  880.412576  1281.031039  21.079326  0.110874  1.477110  0.245810
2785  1446.252418  1779.781112  19.105076  0.135649  0.634655  0.054718
2786  1474.767155  1494.578458  19.467037  0.239325  1.248857  0.112601
2787  793.426201  1776.479412  20.338177  0.177827  1.817264  0.105931
2788  1614.130817  750.632854  20.992597  0.119209  1.907252  0.124993
2790  1937.506502  972.471042  20.238770  0.115863  2.047018  0.222438
2791  1758.532577  1569.104358  20.510122  0.139458  2.198191  0.095332
2793  1608.206816  1132.552794  19.703468  0.096031  1.484601  0.129538
2797  2019.304430  1175.161757  20.100569  0.108626  1.087769  0.226650
2798  869.332658  1025.542100  20.691996  0.175741  1.506210  0.122123
2799  924.043717  923.934449  19.813383  0.146122  1.287866  0.081340
2800  1559.159886  1736.217094  20.432984  0.107670  2.432423  0.135782
2802  1477.679918  1078.196629  19.862207  0.085499  0.866920  0.133734
2803  1735.559974  689.003527  20.802317  0.192803  1.722228  0.299447
2804  919.511690  1494.068075  20.371963  0.175136  1.265396  0.129668
2805  6.578940  488.151496  19.351896  0.099100  0.527346  0.180848
2806  1432.433210  1138.297608  19.832196  0.158641  1.612042  0.168603
2808  1395.358322  906.651100  20.414016  0.151300  1.494269  0.129400
2809  302.199774  333.374938  18.416929  0.069508  0.402267  0.087448
2810  747.199542  596.007999  20.548714  0.183916  1.918452  0.143277
2811  745.777210  798.263449  19.734664  0.101383  1.151489  0.092029
2812  389.644781  75.047244  19.134809  0.213138  0.824664  0.094954
2813  1509.717577  608.975908  20.312738  0.271448  1.603879  0.168052
2814  82.749733  1224.020856  20.344765  0.152846  1.311318  0.194212
2815  946.214181  1097.362852  19.977229  0.153295  1.254201  0.124864
2816  655.358257  127.301568  20.264027  0.117546  2.049028  0.129540
2817  307.743654  1830.904532  19.002631  0.088401  0.803969  0.120058
2819  451.404075  1964.646762  19.444595  0.075846  0.716815  0.090990
2820  1431.681867  519.630287  20.608201  0.267839  1.626674  0.096518
2821  77.777842  769.268514  18.380294  0.064234  0.262714  0.059441
2822  354.673637  500.702352  18.023060  0.063195  -0.077310  0.072430
2823  195.567124  1823.317597  20.150735  0.086125  1.256501  0.182283
2824  58.378171  440.935521  20.642392  0.181465  1.636492  0.226042
2826  171.447933  399.715062  20.505021  0.199841  1.404063  0.126289
2827  583.118156  1548.242709  19.771848  0.195013  1.480792  0.150317
2828  1217.908360  1155.338299  20.113788  0.091541  1.339921  0.141630
2829  1232.900956  1593.509297  20.117210  0.102559  1.348699  0.094315
2830  165.536734  1384.350408  20.155293  0.129604  1.199286  0.215416
2831  597.647187  37.981009  19.626983  0.189992  1.236140  0.073214
2832  272.863008  1054.785761  18.306741  0.116982  0.423157  0.129604
2835  1508.944047  1162.908129  20.646216  0.113857  1.848803  0.161556
2837  462.324695  1189.445135  19.713173  0.134260  1.271625  0.180321
2838  1820.560607  1232.467691  20.256228  0.113669  2.498623  0.255167
2839  980.819019  141.055470  19.959992  0.073963  1.359448  0.107742
2840  1262.337027  939.127747  19.992253  0.220209  1.336062  0.202162
2842  1450.172198  728.150015  20.955496  0.163859  1.781265  0.117398
2843  45.059442  1664.238064  20.063057  0.097217  1.899062  0.095941
2844  1540.481512  1033.963191  20.351052  0.087361  1.219603  0.100429
2846  1683.667473  1276.286544  20.274175  0.164831  2.118942  0.196338
2847  227.996784  604.795991  20.710247  0.135026  1.358584  0.212020
2849  473.491512  1193.764870  20.027129  0.079087  1.923364  0.090335
2850  283.437896  1095.064817  19.977567  0.132209  1.113335  0.184524
2851  1034.481946  671.128685  20.087599  0.092847  1.182957  0.140200
2853  290.186444  959.846450  20.036303  0.103231  1.500240  0.172158
2854  180.802697  1181.058002  20.423871  0.087150  1.453125  0.142052
2855  1659.215123  201.690756  18.342341  0.048514  0.298058  0.090478
2856  862.948061  1054.318880  18.364236  0.162889  0.082585  0.077339
2858  592.329584  494.729301  20.395171  0.104293  1.482867  0.128890
2859  285.372702  215.519478  20.197087  0.224032  2.160453  0.169439
2860  50.171867  556.679755  20.401462  0.229739  1.131849  0.091762
2862  287.213829  239.874228  20.934782  0.165880  1.560268  0.201749
2863  1096.707868  776.904948  20.528275  0.160294  1.907098  0.251908
2865  609.678787  1898.028120  19.608089  0.218936  1.722739  0.200181
2866  1403.923020  1514.937400  17.514855  0.046457  -0.138656  0.040602
2868  410.617530  649.241173  20.116645  0.163615  1.396755  0.100430
2870  361.044118  753.803585  19.893866  0.081153  1.319314  0.198888
2871  327.068519  2016.498104  20.481608  0.109931  1.422341  0.088203
2872  1606.221004  531.760816  20.052562  0.096374  1.465002  0.126704
2873  1476.546821  617.525070  20.437042  0.298272  1.799263  0.120859
2874  1204.796884  183.391251  20.691721  0.176153  1.926213  0.101288
2876  1384.281064  1924.031772  20.300800  0.105127  1.123750  0.125271
2879  1658.622182  1349.833955  20.315144  0.129723  1.240912  0.100633
2880  1862.187274  708.366426  19.948504  0.097772  1.311458  0.091495
2881  282.709743  2019.274411  20.394674  0.111589  1.804411  0.109796
2882  1323.426094  1244.012419  19.498027  0.146330  0.926458  0.150813
2883  1566.213879  1030.033211  20.664126  0.204264  1.214079  0.190842
2884  1588.626402  1371.041121  19.978450  0.102115  2.005319  0.129563
2885  1099.539581  1996.018206  20.239008  0.148152  1.510187  0.182957
2886  318.659739  1627.068464  19.726746  0.126179  1.201869  0.121926
2887  2005.151957  699.468702  19.598934  0.108907  1.124533  0.209236
2890  1700.063411  1647.035201  19.958656  0.144938  1.035668  0.145796
2891  1745.868644  590.718438  20.002658  0.191817  1.255663  0.149079
2893  1535.452110  283.182263  20.926836  0.122409  1.499439  0.308609
2894  1178.083839  191.308619  18.063185  0.079608  0.123745  0.069590
2895  523.529453  501.719000  19.965449  0.132494  1.850320  0.113862
2896  1263.790956  1795.083886  21.292543  0.184070  2.000323  0.260063
2897  1652.164041  167.682016  20.588016  0.211607  1.583962  0.170511
2899  585.600624  1937.842040  20.325919  0.267350  1.350001  0.127780
2901  2022.945622  1711.881525  20.309247  0.086086  1.252612  0.083503
2902  472.074495  683.874757  19.732852  0.150533  1.194081  0.079185
2903  1701.392162  452.545303  18.517676  0.052612  0.405608  0.057669
2904  920.906066  251.064594  20.100804  0.334312  0.998379  0.103274
2905  918.486946  1184.149117  20.196138  0.082010  1.093556  0.095020
2906  175.390841  645.425939  19.816595  0.102951  0.673388  0.157020
2907  1520.974316  42.696554  20.640868  0.171482  1.666491  0.134096
2908  681.761003  1468.385599  19.572650  0.127876  1.319671  0.093774
2910  174.390908  1139.915265  20.670566  0.136029  1.369165  0.168981
2912  626.008586  1342.644977  20.774465  0.191180  1.114906  0.184998
2913  2015.974820  142.595980  19.153212  0.098435  0.391320  0.087869
2914  1291.139229  1584.096745  20.896437  0.144124  1.385882  0.232106
2915  1077.890700  297.333618  19.384990  0.095900  0.519090  0.131967
2917  1744.124622  1903.104455  20.807079  0.183372  2.230184  0.113743
2918  315.852037  295.406573  18.938385  0.073093  0.207327  0.143107
2919  1033.653378  1260.141886  20.256836  0.117691  0.956631  0.125034
2921  0.618497  1546.856113  20.530556  0.093850  1.307092  0.284436
2922  1291.249827  907.069740  20.885236  0.132221  1.611397  0.182975
2928  1401.505793  542.099301  20.276491  0.083932  0.929300  0.129884
2931  1687.567055  817.565286  20.264443  0.193454  1.918969  0.166974
2932  1081.377322  1035.072518  20.527930  0.196891  1.502755  0.133730
2935  911.982589  1464.112378  20.512470  0.264893  1.597587  0.105209
2937  1753.135290  1027.763086  20.091786  0.236169  0.970875  0.094153
2938  56.093125  481.769225  20.566468  0.183214  1.016530  0.251987
2945  681.133395  1447.592402  18.262510  0.066484  0.147208  0.083630
2946  522.622556  1675.521117  20.366025  0.204382  1.033513  0.084887
2948  927.052571  610.423322  20.938530  0.138141  1.478970  0.154757
2951  2034.823548  1081.006257  20.703729  0.237770  1.687071  0.120462
2952  937.129249  620.784830  20.535577  0.224615  1.453732  0.194263
2955  1232.592340  1325.086011  19.970713  0.112675  0.911816  0.095755
2957  1766.857524  1696.053206  20.155703  0.143336  1.362621  0.185722
2961  1137.018713  6.333171  20.449999  0.207444  0.754534  0.138196
2964  499.697049  658.152596  19.314753  0.079211  0.585927  0.084551
2966  1714.338682  690.419937  21.149984  0.119822  0.805859  0.250348
2969  205.299656  278.097974  20.641276  0.211540  1.324382  0.167501
2970  1493.225360  1010.057067  19.960182  0.115262  0.971858  0.157700
2971  1554.458709  447.159698  20.978599  0.159315  1.461672  0.275311
2976  247.655548  275.377419  20.879796  0.278631  1.495855  0.154840
2979  1271.727136  305.858409  20.351203  0.196552  2.915927  0.256783
2981  34.634731  982.570821  20.495249  0.102939  1.238429  0.226782
2983  1682.706513  33.453861  18.950221  0.060637  0.182528  0.085720
2984  1890.896835  1715.257571  20.854655  0.216571  1.575912  0.245730
2985  397.425280  1772.344825  19.135722  0.091174  0.435478  0.112273
2986  1900.463891  647.282641  20.564660  0.155087  1.412514  0.146549
2988  840.083699  1804.064067  20.003654  0.206037  0.538229  0.118512
2989  1462.552382  1578.842860  20.500097  0.297440  1.081098  0.232751
2990  1175.531227  1304.985580  20.824238  0.170573  1.186452  0.110211
2994  741.513948  261.902955  18.291517  0.048694  -0.218673  0.108050
21000  1568.418732  1389.881337  20.604857  0.143116  1.347653  0.177882
21001  1604.151121  105.440114  20.471029  0.123755  1.293456  0.102640
21002  122.795791  262.638721  20.709028  0.105232  1.332058  0.131218
21005  1744.326946  1885.675817  21.064546  0.227597  1.833451  0.194977
21006  698.630624  1126.844128  20.489001  0.172413  1.136152  0.120942
21008  365.281198  107.086241  19.565625  0.178126  0.591803  0.174235
21010  1260.070679  1924.179986  19.633297  0.076853  0.482395  0.146804
21013  79.382211  1308.494042  21.087941  0.263251  1.405595  0.258285
21018  1581.737186  1739.901831  20.484905  0.113534  1.136439  0.152524
21020  431.472925  1131.485183  21.118148  0.251503  1.623033  0.119717
21022  322.925427  1530.623397  18.813724  0.072187  0.203726  0.067154
21023  939.787909  1357.792983  20.266879  0.149534  1.087382  0.116497
21025  557.891871  1205.718670  20.684296  0.262182  1.539012  0.262006
21026  865.364227  70.488373  18.431670  0.066637  0.048523  0.068035
21029  1214.019106  1096.648549  20.365273  0.215536  1.074319  0.081485
21030  379.079007  292.480699  20.457478  0.255291  1.224883  0.132071
21031  756.528003  840.404548  21.047653  0.139328  1.219496  0.189906
21032  1926.863500  542.637650  21.217029  0.138642  1.588843  0.143141
21035  1099.965907  1176.698041  20.878222  0.217905  2.394599  0.202167
21037  1887.135098  858.305857  20.011013  0.238167  1.009088  0.151586
21039  1849.820294  46.079843  17.802560  0.055625  -0.282620  0.083437
21041  406.495910  1136.524976  20.812252  0.234132  1.281370  0.097373
21044  662.447434  48.633521  20.066954  0.079053  0.825301  0.080600
21045  1814.701246  395.992186  20.641402  0.144072  1.275965  0.114782
21047  698.737999  2028.645638  20.791422  0.098563  1.462227  0.229443
21048  1580.915009  39.204057  20.927443  0.155610  1.579836  0.145678
21050  1080.081136  1913.046016  20.552063  0.103261  1.403898  0.189216
21053  415.338952  1305.932888  20.148948  0.198391  0.880039  0.103764
21054  926.630200  587.188972  20.521070  0.189362  1.155377  0.205955
21058  970.031044  969.390329  21.153732  0.209622  1.256007  0.186152
21060  812.302238  231.362743  20.846639  0.158145  1.217060  0.118287
21061  303.839660  1636.030837  20.892019  0.299419  1.627323  0.142000
21063  1429.664297  108.017478  20.702315  0.183475  0.728557  0.202363
21064  355.958732  729.242262  21.099949  0.190354  1.350342  0.165857
21065  1861.775581  186.236219  20.329094  0.161458  0.996193  0.164371
21071  918.467764  946.077416  20.977555  0.115648  2.587272  0.117674
21075  1144.701715  550.217946  19.789448  0.184356  1.143988  0.119935
21076  1670.477429  1696.345903  20.346668  0.118617  1.178532  0.108707
21078  1400.282112  1361.379718  18.157888  0.070517  -0.236234  0.079178
21080  1697.377864  480.341571  20.096704  0.162861  1.069501  0.111954
21081  1635.790855  1484.484363  20.761400  0.158141  1.468448  0.123475
21082  970.161533  1705.876039  20.826396  0.159572  1.299392  0.225591
21083  1837.192399  1703.129270  20.839700  0.156817  1.600661  0.145271
21084  1140.845273  811.951124  19.721639  0.169542  0.851137  0.136401
21088  476.375681  666.134429  20.622114  0.107060  1.002545  0.123330
21090  356.228149  471.363952  18.191795  0.045962  0.037273  0.070671
21091  1083.056941  1898.892952  18.275414  0.079655  -0.136281  0.087214
21093  754.117524  1232.135124  20.904339  0.172248  1.370700  0.251662
21094  1115.597162  247.452593  19.046085  0.183439  0.331973  0.075380
21095  1881.139385  1429.020781  19.497660  0.140951  0.467179  0.075108
21096  1631.570589  17.494038  19.679424  0.073542  0.654660  0.155239
21097  441.145340  1768.330345  20.725597  0.219928  1.885608  0.159166
21098  526.803155  1646.460945  20.506394  0.090618  1.279031  0.161609
21101  1030.325869  1191.028706  20.842828  0.177952  1.490759  0.138830
21102  341.428781  1416.711473  20.657104  0.096311  1.206224  0.119843
21104  145.519265  1308.267654  20.605726  0.164079  1.290130  0.109666
21108  858.533915  2021.549428  20.913366  0.127305  1.379567  0.123312
21112  717.985637  1342.380715  20.930345  0.106160  1.634915  0.217615
21116  1436.695996  356.953746  20.601564  0.169672  1.354666  0.117360
21120  219.233768  526.078926  20.918623  0.160218  2.549686  0.135153
21122  1921.468501  156.231691  21.232798  0.170845  1.808111  0.239430
21123  156.805921  829.694486  20.502912  0.156936  0.860203  0.156676
21124  1687.703692  317.471200  20.768707  0.108245  1.924581  0.189957
21127  1375.686510  56.920002  20.042354  0.079548  0.833334  0.160779
21128  637.710367  1112.997376  20.877853  0.228393  2.251866  0.403263
21133  286.464191  1549.317414  19.413278  0.085176  0.665647  0.087360
21135  1110.597773  129.516366  21.005465  0.316389  1.415739  0.375457
21140  848.948673  234.311733  19.033966  0.076707  0.273131  0.060639
21142  880.333051  554.504254  19.605988  0.151455  0.547024  0.125689
21143  475.347959  999.346995  20.432826  0.122800  1.701919  0.141805
21144  202.976608  426.471881  20.720120  0.167137  1.458017  0.153524
21147  2000.933027  1179.054534  20.802899  0.194311  1.490087  0.193072
21148  1042.194785  763.318671  20.995738  0.183189  1.568485  0.158087
21149  1696.959656  1799.328432  20.923831  0.150800  1.663250  0.180125
21151  417.097022  20.530370  20.295288  0.200856  0.982613  0.112283
21153  990.969267  1123.094171  18.407342  0.079720  -0.106492  0.058949
21154  707.888167  659.866795  19.612246  0.113361  0.869158  0.105770
21157  1100.836437  252.030646  18.950170  0.126269  0.434746  0.119804
21164  1385.744891  680.902970  19.946138  0.104320  0.703829  0.117417
21165  426.085847  789.589624  19.910321  0.371279  1.142002  0.096265
21166  1409.380122  52.793440  20.767103  0.163078  1.090720  0.242433
21167  1645.352571  1554.031493  19.255608  0.060803  0.603345  0.124278
21169  54.583613  579.977592  20.571320  0.108555  1.502513  0.160104
21170  1329.044791  1635.055361  19.853882  0.070153  0.463722  0.155893
21171  1447.130877  1476.172067  20.474221  0.295200  1.484641  0.202553
21172  925.555221  73.937623  20.878723  0.244736  1.299722  0.160099
21173  1955.002668  1007.243856  20.568375  0.139576  1.418842  0.162599
21182  41.657115  1777.330433  19.626813  0.107951  0.715498  0.175528
21185  443.388256  1362.678158  20.506145  0.144383  1.271980  0.260308
21186  1703.884182  45.879601  20.544098  0.096259  0.885499  0.152774
21187  1094.463707  757.152571  20.844967  0.119311  2.770903  0.111557
21188  240.196801  1500.845930  20.236023  0.261199  1.120122  0.105598
21191  654.708781  919.176931  18.794876  0.091187  0.387427  0.081704
21194  1610.647950  1498.895479  20.073162  0.173699  1.080644  0.221609
21195  253.792854  518.716801  20.478288  0.101191  1.369683  0.223670
21197  1963.224951  155.145009  20.861546  0.129014  2.628903  0.228951
21198  760.677715  1067.301320  18.594167  0.117192  0.164105  0.115730
21199  1071.784105  1170.639605  20.631214  0.099427  1.283477  0.113441
21200  534.055209  1373.748142  18.817100  0.099050  0.185797  0.085925
21201  1488.372461  1134.404144  18.890178  0.080625  0.366939  0.123577
21205  378.569601  1343.983206  19.787151  0.071745  1.257661  0.255280
21206  953.039328  1812.561511  19.078862  0.067294  0.152896  0.153095
21207  1692.386153  321.532403  21.192481  0.136398  1.115383  0.240843
21208  699.637563  745.716331  19.650266  0.153290  0.473166  0.179231
21216  758.022145  753.514459  19.909830  0.182710  0.174820  0.239094
21219  1647.167930  1583.274211  20.083700  0.179723  0.582110  0.075762
21222  1198.359639  1455.886341  21.400650  0.121264  1.441691  0.155282
21227  1104.331543  141.825789  20.737882  0.148991  0.818688  0.177555
21229  1133.820610  592.483340  21.179863  0.225692  1.552033  0.144355
21231  1650.178450  1133.090370  21.519099  0.167466  2.043439  0.264335
21234  1874.498641  856.721829  20.308648  0.083000  0.605756  0.108947
21238  629.341989  160.255410  19.440988  0.117404  0.066436  0.168904
21239  191.131849  688.808692  21.399895  0.131971  1.597923  0.163627
21242  1573.796616  640.124516  20.702130  0.095931  0.791389  0.246573
21247  1789.330791  103.300974  20.067590  0.093611  0.651866  0.081503
21248  884.441422  849.581576  20.329839  0.250599  0.196168  0.272990
21252  1122.513619  266.222678  21.161432  0.148190  1.469240  0.273723
21256  1142.300715  1775.330094  20.682806  0.217393  0.985384  0.198796
21271  1199.198529  631.373518  20.432868  0.135411  1.183613  0.200143
21277  1704.201095  1078.466235  21.254659  0.152019  1.482623  0.294998
21279  1739.808167  1572.506289  18.932277  0.111085  0.261728  0.188808
21282  1286.506039  1327.988298  20.546065  0.150133  1.213907  0.154060
21290  837.678370  505.874753  20.543909  0.241797  0.933207  0.097462
21298  306.318875  308.792504  20.990228  0.125763  1.113050  0.183596
21302  556.813905  1498.989587  20.747358  0.215668  0.917908  0.168885
21308  1116.662432  1480.603784  19.177737  0.077881  0.382501  0.081947
21309  923.177998  1502.940478  20.582567  0.125205  0.781696  0.143621
21313  1830.329301  735.487790  19.910712  0.189461  0.692842  0.199382
21318  862.976995  360.853929  20.427284  0.227550  0.987764  0.126035
21323  121.843081  870.884071  20.469944  0.152223  0.881968  0.180636
21325  1463.666456  1880.452771  19.620515  0.144654  0.545462  0.103638
21330  1365.814783  254.442524  20.613246  0.240270  0.705096  0.128426
21333  1226.260558  105.145051  19.659551  0.094497  0.274476  0.087001
21337  1291.178470  853.583365  21.093237  0.366763  1.693058  0.368457
21344  1931.149808  369.188726  19.838452  0.084431  0.687718  0.092128
21349  346.153073  1389.358185  19.591847  0.068323  0.372488  0.162542
21352  500.885401  1177.147332  20.462409  0.273476  0.849910  0.123195
21357  896.825770  76.660930  20.644085  0.188640  1.201032  0.141366
21374  799.590178  220.309923  20.383866  0.147128  0.692335  0.096039
21378  69.383972  1415.355843  20.128170  0.143939  0.454961  0.119874
21379  2043.106634  1516.454044  19.967448  0.075376  0.658510  0.177829
21383  1882.588728  2022.629636  19.793674  0.072126  0.661361  0.130960
21389  1914.641559  891.607979  20.182899  0.206928  0.542834  0.095243
21395  1076.248417  1619.890244  20.492111  0.132252  0.955913  0.089550
21396  2026.275977  703.631422  21.048389  0.133623  1.201366  0.258260
21406  1211.980183  333.298347  20.659896  0.176861  0.444588  0.205050
21411  2027.814342  926.418024  21.116989  0.371893  1.360957  0.245717
21413  1155.499594  886.656910  20.325489  0.202849  0.542589  0.216527
21414  1710.461154  179.406447  21.621503  0.345554  1.725253  0.215687
21417  1440.907707  577.203561  20.504366  0.153235  1.273343  0.247769
21418  792.719234  1144.200459  19.647352  0.095169  0.493848  0.136448
21419  1397.436719  989.845466  18.564342  0.070980  -0.313907  0.053506
21421  857.588976  1359.259809  21.139437  0.158478  1.434769  0.199260
21422  535.281537  508.430991  20.023338  0.079163  0.632696  0.154593
21428  318.661048  1477.501139  21.175371  0.251205  1.486354  0.125225
21435  229.964633  1849.433057  21.842312  0.266666  1.750878  0.204914
21437  1127.387637  1942.968457  19.504082  0.092693  0.155840  0.137553
21440  1534.059331  466.678330  20.938052  0.185392  1.345599  0.131064
21442  1282.687717  303.220870  19.779703  0.197128  0.398836  0.118931
21446  512.853071  1246.777620  20.580019  0.091759  1.005588  0.149753
21453  34.376316  1762.403386  21.076966  0.161830  1.358666  0.190753
21457  297.743064  1875.740226  20.357560  0.151006  0.536633  0.143636
21458  1065.353222  1616.108773  18.988405  0.112272  0.110505  0.087243
21459  396.689176  314.168459  20.279363  0.103040  0.675223  0.236771
21461  1959.647089  804.930001  20.490463  0.107928  0.757147  0.088762
21463  1678.859882  711.580507  18.821866  0.108121  -0.016397  0.109701
21470  137.391531  210.456691  19.532543  0.118806  0.212240  0.073409
21485  961.186359  883.647106  20.681179  0.267780  1.272779  0.129902
21491  1167.711646  410.595727  19.733459  0.145378  0.349497  0.246249
21495  1114.331174  2044.087091  20.890252  0.230090  1.708026  0.189658
21496  1844.349338  1566.266151  20.317781  0.177544  0.515013  0.144981
21497  683.695570  332.341703  21.466349  0.118431  1.313678  0.353248
21501  766.688196  112.622636  20.678612  0.206710  1.291041  0.241549
21507  630.235999  538.112745  21.086867  0.124725  1.593383  0.154677
21508  712.147447  1783.065788  21.068284  0.286245  1.391414  0.123992
21509  961.117713  1451.281316  20.248823  0.142977  0.749164  0.244050
21512  1434.907729  1562.803432  19.785294  0.083599  0.837041  0.122678
21515  663.445056  1190.020934  20.430970  0.213422  0.960403  0.139399
21522  1453.359328  2007.647788  20.798314  0.243259  0.728595  0.170759
21525  316.954773  1181.317563  19.730082  0.160124  0.389567  0.103770
21526  22.544246  464.609632  21.210941  0.163926  0.996220  0.292520
21527  1732.667233  773.512986  20.652182  0.121126  0.269708  0.164086
21529  1748.222999  1155.274015  19.455248  0.115996  -0.178536  0.200020
21530  671.500930  797.441423  20.131139  0.107465  0.290804  0.082693
21531  1266.699490  1110.868774  19.499111  0.100026  0.010068  0.125778
21537  1443.030088  1068.698171  20.165711  0.240407  0.452234  0.132584
21539  1613.789083  1637.596271  19.951835  0.126802  0.301053  0.159071
21545  219.150036  1340.378829  20.264557  0.121546  0.542592  0.144171
21546  633.817868  911.639936  20.150969  0.080355  0.614023  0.230886
21547  1752.475128  1141.394705  20.109133  0.193169  0.383740  0.117529
21550  933.736498  640.070200  20.135779  0.527684  1.104534  0.148768
21551  1030.415751  605.658289  21.090515  0.207306  1.020822  0.220012
21553  1831.921633  1374.362449  20.104081  0.134853  0.351239  0.163646
21563  1906.211399  320.418730  19.874414  0.156826  0.120598  0.126526
21564  172.299675  614.913043  19.176822  0.066895  -0.160698  0.068135
21567  1610.653663  43.198293  20.407079  0.146107  0.519919  0.110986
21569  497.790822  1461.356715  20.917698  0.262685  0.879796  0.107900
21572  1776.338049  907.818341  21.409973  0.320945  1.368620  0.271287
21578  139.705192  1941.919586  20.481894  0.218609  0.937215  0.173795
21584  1867.017050  796.177277  20.742473  0.113799  0.875698  0.204348
21585  1943.995846  1348.088931  20.097034  0.090298  0.198021  0.114669
21593  1511.079607  912.962379  19.947230  0.200453  0.489216  0.091372
21594  1574.097081  630.970354  20.406697  0.184860  0.490862  0.090318
21598  1671.606330  1911.031216  19.415430  0.102623  0.166992  0.090856
21600  559.877167  112.289781  20.295609  0.094145  0.367902  0.231037
21609  312.759942  223.673387  19.950592  0.080489  0.308159  0.128654
21611  1340.525843  607.734551  20.349970  0.165916  0.586564  0.269164
21613  1267.262986  1058.978865  20.115513  0.161290  0.491641  0.122402
21621  1959.151573  1045.879854  20.883756  0.176664  0.934022  0.171260
21626  1138.830064  1386.300335  20.682482  0.238102  0.212580  0.234304
21630  1104.974198  507.305941  20.234580  0.111415  0.315038  0.111857
21634  1882.852258  103.255136  20.828083  0.123792  0.777325  0.111566
21636  1651.539105  1708.528473  20.098223  0.095319  0.386366  0.213803
21640  1861.650142  1434.071678  19.180156  0.091127  0.232445  0.116852
21644  212.794417  617.163558  20.456449  0.161732  0.581198  0.089811
21646  1813.345798  1873.283636  20.851312  0.121533  0.802439  0.155156
21660  583.753432  614.920685  19.993595  0.084662  0.180303  0.297350
21661  1675.014925  2018.846274  20.922517  0.255484  0.935197  0.151803
21664  1408.132906  220.895228  20.502138  0.228714  0.965853  0.210124
21668  416.291568  1782.395584  21.182086  0.144680  0.917295  0.184195
21670  521.643003  1937.490051  20.154293  0.236663  0.467633  0.139453
21672  1656.732360  406.456186  20.237592  0.301309  0.787307  0.263436
21682  1821.465084  1218.638441  20.891671  0.135765  0.819589  0.151526
21684  774.598814  567.907443  20.658745  0.132768  0.402711  0.188809
21688  4.518315  670.313423  19.877461  0.162575  0.465011  0.116096
21692  989.037623  1150.687983  20.706912  0.266404  0.803744  0.275770
21706  1196.286149  824.373398  21.011261  0.282600  1.162436  0.315140
21711  1220.923215  83.264595  20.589256  0.145159  0.338301  0.102846
21718  1380.040138  1112.293575  20.820325  0.142114  0.282278  0.409578
21728  1005.013933  266.114742  20.650405  0.138752  0.410569  0.110285
21729  1062.409151  1307.150046  20.628403  0.102716  0.364103  0.124672
21730  1467.266122  205.057001  20.172381  0.320937  0.368742  0.286205
21736  326.069763  1785.124175  20.465036  0.127155  0.527206  0.179353
21738  1442.818727  690.170618  20.358733  0.140480  0.332589  0.197665
21741  1528.388478  1272.436531  20.875611  0.197384  0.509137  0.130773
21742  789.024745  1230.125071  20.491428  0.113354  0.216310  0.103626
21746  1806.078786  880.085738  21.237874  0.218830  0.863443  0.168463
21765  1268.944836  1926.978959  20.947303  0.210272  0.825193  0.143844
21770  843.283693  1555.944375  21.459720  0.277493  1.236745  0.198938
21771  124.534081  1776.543789  20.764403  0.135178  0.265526  0.121648
21772  893.659930  1912.714129  20.809918  0.239318  0.243737  0.096657
21793  1751.453176  1477.573203  20.756125  0.321170  0.202082  0.154175
