# id  x  y  V  eV  BV  eBV
128  994.676470  1067.197092  20.742483  0.142443  1.545375  0.357771
134  878.244086  875.246264  20.294223  0.204478  1.555965  0.169810
135  1189.956710  1142.597878  20.345675  0.156669  1.366428  0.110316
136  1145.629409  1064.297615  20.567777  0.168507  1.382290  0.119565
137  971.106365  1052.099072  20.540622  0.099952  1.366123  0.209899
139  988.095304  1026.991841  20.074173  0.094659  1.391158  0.155162
140  1186.054615  1078.675907  20.120225  0.101158  1.230152  0.196294
141  1221.551043  1037.165445  20.107111  0.082674  1.352814  0.090029
142  975.401472  1084.130447  19.966504  0.085601  1.323549  0.145226
143  953.901199  973.611028  19.978701  0.091633  1.363468  0.078932
144  1131.332035  1083.255214  19.717294  0.112159  1.468323  0.105188
145  1118.667428  1151.976837  20.016690  0.102325  1.294199  0.116057
146  961.832735  1042.405294  20.040905  0.085669  1.351554  0.123913
147  1012.682670  1024.721490  19.874851  0.168437  1.191927  0.112659
148  890.015887  1008.136274  19.701512  0.112224  1.453084  0.123588
149  867.117650  1069.203087  19.620982  0.178214  1.499129  0.085893
150  1155.722588  990.739128  19.818895  0.100580  1.198155  0.099893
151  1112.206950  1056.346010  19.637537  0.113408  1.351706  0.127095
152  892.154225  944.114770  19.769778  0.073056  1.257565  0.116278
153  1102.519276  1044.964577  19.538961  0.088809  1.146702  0.080871
154  1102.051021  1002.674811  19.509800  0.094780  1.286275  0.065234
155  1092.057108  913.710039  19.340507  0.082456  1.190679  0.073931
156  1097.152655  1166.039040  19.317022  0.120184  1.162205  0.067358
157  1123.769283  971.089859  19.516526  0.106996  1.255527  0.063245
158  1167.717765  1011.066450  19.210375  0.136383  1.236751  0.104043
159  947.068969  976.427028  19.368487  0.161297  1.109885  0.061629
160  1010.723185  1042.663895  19.282073  0.090411  1.193835  0.061283
161  1041.388646  1193.007903  19.074035  0.209958  1.028493  0.079572
162  875.446968  969.578824  19.018884  0.069392  1.169529  0.070501
163  966.402683  1043.182019  19.160450  0.135140  1.225833  0.078269
164  1023.422218  1180.738560  19.043243  0.119663  0.986947  0.093770
165  1149.165957  1020.827607  18.814008  0.149768  1.035144  0.092775
166  964.768092  1147.782738  18.844842  0.054751  1.214814  0.101721
167  1046.275502  950.280909  19.030765  0.057669  1.176130  0.125375
168  1075.750871  953.007821  18.903592  0.076869  1.060524  0.119497
169  1176.453489  904.967475  18.698782  0.118829  0.977934  0.099488
170  969.507041  962.966671  18.516337  0.072880  1.033524  0.082723
171  1067.984691  1015.956521  18.658594  0.085336  1.034241  0.089642
172  1000.656323  1032.220017  18.663287  0.156290  1.052387  0.084027
173  987.573350  1036.842619  18.561434  0.074542  0.987485  0.056724
174  990.780948  938.168422  18.662727  0.116224  0.955115  0.066796
175  987.082404  945.422848  18.414326  0.105996  1.111337  0.120497
176  1024.728371  1026.639647  18.216645  0.114137  1.045019  0.106984
177  1115.170939  1030.676091  18.264890  0.083881  1.006299  0.060669
178  961.237238  1091.170877  18.229190  0.059922  0.930061  0.082375
179  841.422336  1040.882811  18.248721  0.072009  0.993437  0.052821
180  1055.129231  1003.637617  18.071004  0.070183  0.809608  0.076953
181  979.046769  914.043945  18.107705  0.051516  1.137147  0.113555
182  1076.101816  1005.506212  17.979566  0.067250  0.866346  0.060037
183  1024.485396  1148.058153  17.893822  0.063508  1.060416  0.129702
184  961.821123  1121.219604  17.942510  0.050912  0.698432  0.091788
185  947.316265  875.058156  18.008775  0.058833  0.885016  0.071585
186  1188.091044  1118.420378  17.733500  0.092977  0.882342  0.060993
187  1055.678874  1051.320893  17.665678  0.104324  0.994094  0.048480
188  1145.579520  918.989844  17.874062  0.085832  0.925655  0.063601
189  1147.740877  1086.363750  17.711601  0.102506  0.970837  0.152338
190  913.602130  1045.780828  17.674167  0.059862  0.816237  0.050371
191  993.418220  1074.867405  17.603762  0.039108  0.858258  0.059642
192  1009.054700  1055.025603  17.456372  0.066796  0.768873  0.077429
193  1003.319706  1061.337580  17.470805  0.055569  0.815478  0.046221
194  987.996918  1006.589215  17.503229  0.048578  0.894113  0.042080
195  1105.150525  1015.958856  17.445727  0.091674  0.843886  0.051098
196  1027.411354  1066.758636  17.365652  0.065472  0.848389  0.050554
197  1064.615834  1097.166254  17.074939  0.076716  0.913394  0.064659
198  1019.771433  868.757381  17.184275  0.064311  0.814159  0.058303
199  1064.847606  984.747930  17.221496  0.072527  0.832308  0.063834
1100  1017.575793  960.514703  16.887389  0.067358  0.912382  0.100510
1101  1192.420311  1071.861146  16.968485  0.050857  0.766043  0.040589
1102  960.039158  1092.588749  16.758110  0.050542  0.810628  0.056766
1103  1200.690688  1047.949087  16.869057  0.041891  0.736619  0.078110
1104  1116.852122  1095.002501  16.669549  0.035360  0.794739  0.031143
1105  1061.389722  1008.846275  16.577617  0.033179  0.758595  0.035010
1106  849.372324  993.686610  16.453939  0.052872  0.847817  0.043791
1107  1053.899756  1018.559386  16.361674  0.030799  0.944476  0.082717
1108  1114.783519  980.398797  16.263353  0.037273  0.748145  0.032010
1109  954.156175  993.916129  16.056168  0.041862  0.719361  0.039732
1110  1003.940495  1029.531750  16.026793  0.071910  0.758608  0.045240
1111  1023.766938  987.204198  15.973971  0.042368  0.761149  0.071623
1112  1138.779607  899.248476  15.829906  0.030644  0.708059  0.050285
1113  1187.228815  1104.956314  15.671128  0.034380  0.757997  0.032620
1114  930.378854  1097.069466  15.356343  0.066198  0.725486  0.028364
1115  852.211384  919.368499  15.272857  0.052382  0.690221  0.030016
1116  992.230400  896.557916  15.134481  0.035641  0.710102  0.049079
1117  1064.023921  1032.089129  14.932106  0.047330  0.753433  0.033138
1118  1049.046794  888.637952  14.271971  0.022262  0.725569  0.053901
1119  1000.024535  1108.978258  14.290532  0.078234  0.716090  0.044965
1120  1076.384666  944.381952  13.676844  0.042433  0.650329  0.022133
1121  1013.115843  956.449976  13.070931  0.023973  0.682791  0.060794
1122  1035.626271  1087.356744  11.975830  0.026059  0.694719  0.020228
20  1031.981280  1015.031137  8.639518  0.037206  0.714793  0.026796
21  1770.021166  1631.539270  12.826556  0.028733  2.793447  0.033405
22  1056.161271  746.158099  9.605543  0.018289  0.574974  0.020759
23  1971.704325  1166.948771  10.121616  0.022942  0.616934  0.019729
24  162.737278  924.453420  10.093573  0.022019  0.506751  0.025270
25  961.109152  671.708750  9.790974  0.027728  0.521895  0.023602
26  1599.278049  1248.626452  10.637840  0.029132  0.567643  0.029173
27  1707.335675  311.978416  10.349669  0.044531  0.500538  0.031744
28  481.246795  1862.465360  10.359828  0.033561  0.603057  0.018005
29  387.702951  855.302331  12.792073  0.039709  1.976091  0.029994
210  494.958138  1798.059830  15.753260  0.034984  3.301992  0.046347
211  1691.199990  1953.720893  10.897147  0.019112  0.603581  0.033392
212  1066.288624  898.467522  12.144463  0.023471  0.787547  0.034076
213  954.621158  504.358626  11.436363  0.018888  0.590021  0.037527
214  1757.491817  748.860783  16.682323  0.036546  3.420263  0.063130
215  812.286250  1254.517266  16.121935  0.028924  2.905340  0.087621
216  357.988614  167.955964  12.123438  0.036166  0.708920  0.028813
217  248.894983  1547.121072  13.926817  0.031687  1.760535  0.022952
218  490.046768  661.043653  15.394015  0.060521  2.413565  0.055385
219  1689.959432  1551.767736  15.154992  0.031130  2.106241  0.057547
220  952.382051  980.448283  12.842921  0.018498  0.846145  0.023074
221  968.820293  573.520869  12.513871  0.035838  0.873303  0.020396
222  1700.120564  1497.653689  12.974594  0.030347  0.739436  0.021659
223  1902.816225  1605.969856  16.782611  0.080144  2.673390  0.038043
224  1995.387871  423.262883  16.642655  0.095006  2.365331  0.057419
225  1350.772140  1971.001624  14.653085  0.065790  1.385511  0.073487
226  1669.746988  1343.861973  12.456873  0.018523  0.217946  0.021549
227  1405.246185  1943.325933  13.604263  0.024083  0.831354  0.031061
228  807.171291  1318.203727  13.064803  0.022207  0.716867  0.031129
229  1310.769852  1763.667562  16.544553  0.048625  2.274672  0.056246
230  1237.965652  1673.353520  15.866530  0.046143  1.753848  0.051588
231  1563.875020  706.809937  13.408534  0.024008  0.721465  0.036943
232  233.522786  362.474313  15.442712  0.050054  1.647844  0.024604
233  117.220628  632.166676  19.871247  0.079278  4.368422  0.194604
234  1938.040413  456.404063  14.081853  0.046143  0.830259  0.038755
235  990.473472  899.847557  13.678167  0.028754  1.109327  0.040730
236  714.594565  2012.256493  16.842680  0.062743  2.416613  0.051510
237  1039.974328  1378.391141  14.188598  0.042421  0.885798  0.045534
238  1180.157519  916.944122  13.613418  0.028279  0.340593  0.048399
239  435.110760  505.374157  14.123094  0.024173  0.819281  0.030632
240  204.570838  1230.742866  16.205938  0.038580  1.833160  0.040577
241  627.244769  316.516052  20.342980  0.082755  4.333401  0.160668
242  205.156434  1940.862974  14.093853  0.044177  0.494747  0.037062
243  815.964865  598.961416  16.605834  0.054895  1.905771  0.053924
244  175.313628  1314.167691  17.212959  0.095011  2.495167  0.034781
245  690.898473  21.481762  13.992256  0.051163  0.443263  0.035657
246  1450.841127  1203.328112  15.856851  0.057214  1.464696  0.062342
247  705.816532  1.665354  19.681280  0.143567  3.606097  0.119361
248  1686.824331  1030.896942  14.173474  0.031118  1.140324  0.029988
249  1791.057215  670.414556  14.475234  0.053193  0.960886  0.084652
250  190.814629  926.225929  15.311045  0.028362  1.412309  0.060874
251  194.441422  1532.700034  15.971878  0.032369  1.646107  0.060926
252  1305.176460  1622.621912  15.804715  0.043872  1.153319  0.055372
253  278.864123  732.092085  14.929878  0.063731  0.987376  0.047664
254  223.081776  1637.652763  13.806921  0.043302  0.159607  0.046403
255  354.910104  1051.874605  14.672053  0.032539  0.866660  0.037702
256  377.377661  778.568189  15.106966  0.059819  0.771909  0.026729
257  1812.809079  1165.145791  18.392502  0.115617  2.813334  0.072326
258  228.487236  796.382999  14.475782  0.033261  0.703404  0.044271
259  760.187853  1190.113794  19.648440  0.078466  3.315451  0.082160
260  759.126466  1331.907640  20.223648  0.275823  4.049156  0.185221
261  330.584526  1861.601585  14.954780  0.032758  0.871201  0.061795
262  1660.917250  1299.284017  20.008894  0.078085  3.754989  0.095466
263  1353.204425  1084.690742  15.144694  0.074260  1.102359  0.029120
264  1106.492830  205.895933  18.263356  0.057543  2.560136  0.057369
265  721.894613  1957.391397  19.877131  0.155231  3.592459  0.181169
266  1468.087363  144.978322  18.026747  0.116599  2.419209  0.044800
267  480.224628  371.965055  19.284801  0.063904  2.962515  0.139572
268  217.591911  1291.468862  18.356191  0.082332  2.626752  0.064911
269  605.817685  1055.712462  18.650069  0.051246  2.663630  0.076578
270  1171.294132  2025.296316  17.920001  0.128151  2.517145  0.087740
271  1813.890825  1348.358336  18.283920  0.097320  2.611189  0.070435
272  1309.485004  1287.712191  18.090705  0.044713  2.186389  0.089638
273  1473.592476  1185.344627  16.935985  0.057123  1.442646  0.056605
274  1929.890118  535.035346  18.937565  0.119862  2.804928  0.135150
275  93.138326  186.170402  20.393125  0.126245  3.462946  0.179437
276  272.965035  1657.211547  15.852031  0.067219  1.162324  0.037753
277  1327.234391  616.732956  19.823746  0.069546  3.132094  0.089230
278  1173.874237  1216.887991  15.866893  0.048847  0.901537  0.046105
279  1554.770097  1386.145605  14.430508  0.033158  0.179508  0.046056
280  1437.715407  123.988594  15.157189  0.047597  0.733580  0.038336
281  1613.316555  1004.557512  16.300741  0.034969  1.143045  0.051283
282  1338.957745  1325.083572  18.071482  0.067700  2.314777  0.110426
283  1467.818192  563.789299  18.651937  0.065948  2.549354  0.100209
284  1567.631454  1180.596470  18.420450  0.053059  2.505829  0.055965
285  428.269193  340.959133  19.384144  0.134009  2.951029  0.093828
286  1419.193971  303.659821  17.509741  0.079014  1.892501  0.073298
287  1354.185294  1889.413080  15.646192  0.033846  0.807674  0.048870
288  1994.978266  811.147327  15.908792  0.030779  0.975642  0.053665
289  1739.233110  79.045761  18.064599  0.057344  2.348425  0.063125
290  294.226727  1231.247151  15.785000  0.026080  0.899142  0.035757
291  1728.540991  1670.431125  15.062239  0.027581  0.739644  0.056914
292  1188.914515  1823.356865  19.621224  0.207557  3.114253  0.222004
293  1590.717995  367.240018  16.013678  0.046006  0.801446  0.056191
294  724.835310  408.832516  15.359559  0.037969  0.773023  0.036950
295  1150.500267  526.188563  19.988419  0.119490  3.057181  0.172908
296  1669.380982  634.865810  15.598079  0.064654  1.054129  0.034214
297  790.164350  1801.255472  14.768160  0.044815  0.228413  0.029127
298  982.265558  1634.293037  18.201451  0.113243  2.524559  0.089607
299  1733.421087  974.808902  15.669543  0.050216  0.796087  0.063587
2100  1367.379874  1596.975621  15.005852  0.045863  0.242422  0.038879
2101  128.053820  843.847441  20.387548  0.228094  3.163863  0.115276
2102  1006.961138  1101.784919  15.903769  0.052276  0.814066  0.033357
2103  1073.536733  1998.556089  15.937774  0.030382  0.825567  0.032579
2104  1096.891359  46.141390  17.900352  0.065491  1.606643  0.068298
2105  1471.095771  685.089852  19.109852  0.077027  2.317681  0.110774
2106  608.233643  1889.090877  16.609467  0.063943  1.749283  0.054275
2107  757.375844  1683.576055  17.306051  0.076949  1.556701  0.077468
2108  1672.811564  530.386868  18.469400  0.079593  2.192773  0.072975
2109  171.478633  1375.311188  16.122357  0.057987  0.802063  0.057747
2110  255.214742  1707.104053  19.959574  0.073491  3.093081  0.126910
2111  1167.403386  1097.819725  15.672111  0.039280  0.716880  0.035278
2112  1921.617669  91.930364  15.873584  0.042476  0.827111  0.030946
2113  1066.830835  843.486838  15.599017  0.031354  0.554226  0.036279
2114  1813.634466  1911.512505  16.278995  0.060062  1.051622  0.087670
2115  699.052874  349.646314  16.447221  0.068298  0.934858  0.041324
2116  1849.603774  1693.434337  15.881543  0.041304  0.841310  0.033100
2117  669.706452  2025.561942  18.673211  0.077706  2.389061  0.101238
2118  1994.149705  143.733519  16.683870  0.053222  1.115454  0.035896
2119  1384.249627  897.696939  16.198182  0.028757  1.432408  0.045260
2122  824.371656  1340.340585  20.878931  0.142357  3.703520  0.154170
2123  1342.719117  758.997347  15.911203  0.062017  0.730785  0.039598
2124  92.892303  1574.535011  16.163691  0.045572  0.953475  0.053909
2125  1458.915348  1208.197016  15.219868  0.043551  0.264241  0.029018
2126  968.615823  1773.301957  16.360603  0.042136  0.868367  0.038575
2127  1148.569541  1000.115391  15.180975  0.044028  0.360183  0.031573
2129  53.267980  1044.282412  15.921732  0.028095  1.361063  0.040405
2130  392.947444  812.565063  16.868712  0.038801  1.356429  0.036404
2131  1340.676867  5.595224  15.182885  0.074615  0.487494  0.030534
2132  612.100563  1860.268391  15.862823  0.052050  0.672677  0.036205
2133  1911.772738  1995.330269  16.156684  0.035397  0.893940  0.089756
2134  999.583980  377.552313  16.892412  0.038725  1.335288  0.035532
2135  962.639444  1195.447534  19.563757  0.149499  2.654271  0.146155
2136  1096.113750  153.377235  19.084158  0.217781  2.715872  0.071641
2137  1379.503144  944.084133  16.819065  0.118592  0.949412  0.065568
2138  2040.771415  993.807239  18.849216  0.081439  2.055506  0.065828
2140  76.248993  850.196683  17.125899  0.066828  1.764454  0.048793
2141  885.774111  1353.606371  17.002775  0.058606  0.980424  0.038329
2142  775.099561  395.871817  16.836819  0.034061  1.182591  0.048469
2143  594.303034  1410.733188  18.596982  0.060416  1.745239  0.093034
2144  914.305396  263.039476  18.332153  0.104488  1.641279  0.056830
2145  1604.656525  1411.166158  16.842940  0.047129  1.115651  0.036287
2146  960.964144  1378.347149  18.952201  0.122688  2.162495  0.109695
2147  1631.328733  1662.308490  16.496218  0.046142  0.988280  0.093625
2148  458.599532  1124.988509  16.439969  0.033888  1.187754  0.072289
2149  560.191493  1256.669350  19.678083  0.089025  2.722332  0.123048
2150  951.050496  710.247567  16.591217  0.046302  1.142619  0.102076
2151  597.537737  240.618077  17.094843  0.034428  1.237827  0.061067
2152  1132.689040  374.687027  16.668245  0.060662  0.865462  0.089779
2153  1070.429641  1988.775867  16.779204  0.080990  1.114225  0.042062
2155  607.026371  1780.126986  20.072178  0.170805  2.561032  0.148925
2156  1525.312150  1808.650994  17.263679  0.053889  1.318346  0.039964
2157  1505.160795  1817.078586  16.406371  0.032600  0.684088  0.030393
2158  64.702605  251.378869  17.126653  0.049206  1.245916  0.051837
2159  205.968637  1456.831935  15.685117  0.062562  0.306591  0.044509
2160  634.235126  755.970708  16.674656  0.087566  0.952616  0.049575
2161  1628.632423  2007.263424  18.144121  0.067907  1.523467  0.115214
2162  1399.902942  140.568235  16.476348  0.035816  0.659338  0.063873
2163  584.099371  819.398576  15.743153  0.030907  0.422777  0.053697
2164  1932.262802  1286.874302  16.621166  0.041218  1.789252  0.049799
2165  1992.352538  531.752678  20.022017  0.122989  2.289227  0.182572
2166  250.953076  155.061390  19.254038  0.060526  2.112816  0.117696
2168  1721.890021  94.708417  16.506977  0.085901  0.915827  0.046194
2169  884.738181  1205.199792  18.352942  0.074726  1.796664  0.088318
2170  229.182443  1850.938125  17.799900  0.060303  1.475749  0.061461
2171  746.111992  592.318096  19.772733  0.081455  2.728357  0.121093
2172  1143.530988  90.734157  16.866701  0.041104  1.031255  0.050702
2173  30.448982  1522.036130  20.410812  0.184093  3.076243  0.108294
2174  1038.304428  1298.661469  19.836516  0.159765  2.671108  0.120345
2175  982.336994  1266.918386  18.603600  0.131481  1.776053  0.066525
2176  1306.045597  1591.257948  19.515250  0.085996  2.613662  0.082646
2177  416.222916  1553.980544  17.758453  0.069431  1.406201  0.094296
2178  611.414382  353.053871  19.309012  0.103989  2.228915  0.139409
2179  901.536620  1161.653704  16.849750  0.085035  0.976005  0.072616
2180  1248.171097  1939.818878  18.152104  0.093060  1.759515  0.102432
2181  166.356503  1343.776106  17.577288  0.039344  1.110583  0.120711
2182  556.313853  1092.185117  17.249499  0.081396  1.233263  0.105290
2183  1153.227711  1897.666713  16.699907  0.051903  1.398628  0.057591
2184  178.611708  1288.503048  15.635072  0.041932  0.250187  0.033412
2185  189.470818  1411.079401  19.218794  0.082438  2.377722  0.096528
2186  1207.408318  1280.473196  16.914601  0.051021  1.101025  0.054625
2187  874.844216  426.920399  16.648462  0.041249  0.802545  0.031449
2188  1897.933659  1870.274091  16.880810  0.037513  1.172203  0.051538
2189  31.942363  8.199626  19.432472  0.135943  2.279616  0.130366
2190  1433.420008  446.446445  17.050681  0.052516  0.568634  0.048650
2191  1302.005371  732.530007  19.388833  0.149108  1.928169  0.159167
2192  1766.696565  33.491130  16.615816  0.030612  0.391828  0.060270
2193  957.419723  15.824218  16.836423  0.050030  0.673483  0.058307
2194  773.620476  1685.602720  18.107126  0.070808  1.356002  0.053904
2195  1854.642368  1219.166224  18.348559  0.098853  1.704238  0.078315
2196  1015.316575  532.155623  17.415070  0.073157  1.029758  0.043113
2197  884.826287  1968.192229  17.523798  0.060325  1.136240  0.038946
2198  1696.509877  446.786618  17.578599  0.043281  1.611656  0.133822
2199  581.783175  724.977475  16.951954  0.045301  0.659903  0.061101
2200  552.663500  969.512895  18.699958  0.081567  1.916342  0.096100
2201  1666.931781  994.944628  17.367681  0.078189  1.058746  0.054598
2202  242.738438  684.533003  19.500623  0.068773  2.230076  0.068884
2203  16.023807  1035.550312  17.710108  0.053029  1.045666  0.147688
2204  1894.454349  1161.698475  19.094770  0.061237  2.068824  0.057346
2205  711.259103  781.216983  18.006250  0.055030  1.250024  0.118981
2206  857.418743  1340.819537  17.793890  0.062811  1.800667  0.143908
2207  1479.310709  1654.042694  17.386833  0.089702  1.030095  0.100069
2208  1310.669684  1077.084654  18.715037  0.101567  1.622256  0.065873
2209  1539.049605  351.955131  17.140780  0.061813  1.114232  0.050727
2210  627.015670  1079.874050  18.581180  0.076960  1.649086  0.097058
2211  1262.835732  654.320532  19.856056  0.149705  2.809735  0.154792
2212  189.423769  1849.465807  19.471625  0.083652  2.238450  0.206035
2213  483.243455  176.933534  16.950453  0.043738  0.829501  0.057480
2214  532.742427  1488.752954  17.612060  0.071157  0.967777  0.074972
2215  234.003567  773.119877  17.252622  0.037883  1.293334  0.066062
2216  1047.153669  449.612638  17.751690  0.119658  1.205930  0.069420
2217  1098.834991  1107.026031  18.929152  0.117688  1.671517  0.079959
2218  1213.420790  1950.621737  18.572121  0.055912  1.530563  0.051082
2220  45.076649  562.860016  19.935944  0.170940  2.413967  0.128011
2221  1832.957970  323.407522  19.829296  0.199596  2.386271  0.118172
2222  1926.992727  1314.917627  18.623540  0.054882  1.816198  0.060326
2223  1867.964328  852.436674  18.588757  0.079556  1.745923  0.068914
2224  1210.778495  186.849533  17.392541  0.115396  1.732710  0.057824
2225  504.353050  625.044677  18.047550  0.083838  1.474891  0.046965
2226  99.365562  1868.975667  19.056717  0.060823  1.845478  0.139340
2227  142.951737  75.554053  20.073262  0.089069  2.506719  0.089615
2228  118.148969  1391.569477  19.487843  0.093537  2.236140  0.069937
2229  1016.958678  1509.374886  17.418221  0.074630  1.004058  0.059404
2231  1703.759831  1920.438274  19.627630  0.125320  2.543282  0.174103
2232  1013.017713  629.842899  17.403278  0.038768  0.938624  0.067050
2233  1374.459229  1449.117733  17.986222  0.102083  1.308857  0.165503
2234  1651.899082  102.951571  18.833253  0.089657  1.715516  0.063814
2235  2041.064609  1294.777322  16.620550  0.057713  0.711907  0.033139
2236  1637.897997  35.878023  15.232181  0.027890  -0.338849  0.034644
2237  2033.657299  1694.558405  20.352801  0.115767  2.779135  0.113891
2238  1525.841526  582.929864  16.629775  0.038408  0.554433  0.066465
2239  532.710598  1864.868660  16.959264  0.038081  0.667011  0.068726
2240  1366.318914  1694.236271  18.527586  0.061130  1.646296  0.130695
2241  1206.602992  1017.526384  17.436610  0.066871  0.965904  0.066716
2242  1519.637249  418.689170  18.975872  0.095628  2.069217  0.116660
2243  199.327884  969.240044  17.134284  0.096763  0.880968  0.038421
2244  1310.782722  419.076459  17.897087  0.098003  1.430068  0.085175
2245  652.307766  735.576762  17.667098  0.078533  1.129917  0.039176
2246  433.489572  1348.012168  18.226871  0.047480  1.403734  0.058726
2247  1243.803249  713.023150  19.234895  0.128675  2.001312  0.062444
2248  807.729330  797.358226  17.610468  0.062496  1.655976  0.048395
2249  664.218399  1074.803551  17.175945  0.046808  0.934045  0.102448
2250  2015.874085  115.545197  17.761353  0.123641  0.932138  0.083171
2251  784.223298  467.565673  19.550967  0.108236  2.431911  0.068192
2252  454.101375  104.443132  18.065123  0.073098  1.422519  0.139125
2253  1610.242844  1656.990739  17.238954  0.040666  1.596526  0.064996
2254  2004.132442  415.353971  17.385526  0.107111  0.987434  0.077159
2255  809.451472  324.411198  17.919264  0.100316  1.230917  0.069086
2256  1937.618319  156.609734  18.457380  0.055517  1.388339  0.082841
2257  910.867455  1180.538994  17.569338  0.081672  1.227876  0.106862
2258  809.248356  1359.583444  17.204743  0.059793  1.432229  0.051501
2259  989.122085  32.800529  18.908345  0.078820  1.788506  0.104670
2260  981.374538  1599.411492  19.887438  0.140774  2.558314  0.081348
2261  630.644817  1481.550654  18.260865  0.108664  1.240032  0.076346
2263  269.199847  1789.911486  18.048657  0.070926  1.090996  0.063894
2264  896.190786  618.269163  19.436943  0.066299  1.746843  0.123666
2265  942.136735  2034.292815  17.109698  0.035044  0.380316  0.083214
2266  1400.294131  1027.326359  17.954348  0.114401  0.835061  0.043710
2267  1151.400149  463.950727  17.616846  0.074292  0.467138  0.088867
2269  45.838633  666.609528  18.235537  0.103134  2.247791  0.047314
2271  1797.272649  111.677750  17.769525  0.080001  1.000228  0.069984
2272  1215.967551  1036.809809  16.227634  0.032852  0.195822  0.036812
2273  1650.687713  207.048512  17.872116  0.047995  1.019242  0.087257
2274  1899.469651  165.459649  17.357966  0.046754  0.446308  0.065855
2275  1829.917168  1085.369081  17.169655  0.099468  0.639629  0.059936
2276  1330.263015  801.969739  16.780719  0.033279  0.101062  0.037670
2278  284.812174  861.099380  18.300683  0.054952  1.207021  0.047397
2279  280.364507  260.876745  20.312348  0.246590  2.238834  0.147094
2280  1795.465915  1504.216681  18.205715  0.049850  1.131534  0.045910
2281  1227.192760  586.748333  18.816016  0.141929  1.709569  0.131696
2283  793.866749  613.851653  17.438542  0.056436  0.890752  0.047829
2284  872.797813  766.327765  19.783628  0.092148  1.904047  0.224825
2285  1204.489974  1216.438321  18.407947  0.078094  1.240732  0.132038
2287  989.703139  1013.659077  18.196416  0.062674  1.065635  0.048883
2288  51.222376  1366.023540  16.412554  0.033020  0.101952  0.059587
2289  647.667143  1849.189628  18.180523  0.071258  0.943043  0.059611
2291  1397.196023  1634.861749  18.040807  0.092524  1.871629  0.084842
2293  1017.113832  378.688169  18.267219  0.083268  1.216693  0.044803
2294  1854.118273  121.167920  17.508418  0.053864  1.014088  0.103141
2295  1966.676229  1326.566515  17.922118  0.046353  0.825380  0.133647
2296  179.248314  1684.014426  16.763689  0.080284  0.123594  0.041938
2297  152.980694  1171.234039  18.087764  0.050613  1.263257  0.073592
2298  1939.252778  1710.184347  17.861954  0.115953  1.458460  0.070396
2299  1961.288815  1570.707318  17.921836  0.064982  0.674106  0.091570
2300  987.999505  1720.669290  18.495141  0.052489  1.231544  0.050892
2301  1469.857999  169.582590  18.367449  0.103563  1.124027  0.106156
2302  83.778106  1048.894201  19.111088  0.074517  1.744505  0.062705
2303  1532.474607  1517.567202  19.621926  0.069551  2.001000  0.089757
2304  1702.895075  1407.966054  20.298354  0.145725  2.335864  0.200453
2305  537.104342  506.869689  19.530317  0.082356  1.880484  0.072162
2306  1157.127674  1330.864130  17.690916  0.060885  0.871548  0.052269
2307  541.863136  1861.997075  18.521476  0.054662  2.140220  0.048897
2308  1229.826218  740.743089  20.336436  0.090981  2.350121  0.170887
2309  1673.024138  1371.134164  17.834359  0.048616  1.469575  0.059014
2310  657.124976  575.201393  17.941312  0.124156  0.943135  0.106347
2311  1760.659892  1505.184027  18.169308  0.101775  1.043383  0.080317
2312  1093.071043  983.625358  19.051931  0.181765  1.366596  0.114359
2313  1602.753991  1060.402799  19.778664  0.153202  1.845897  0.155789
2314  153.022219  1683.944146  20.411311  0.117054  2.006164  0.261228
2315  1595.566977  1912.865368  17.533734  0.119430  0.823963  0.038479
2317  1204.015413  1796.477331  16.038998  0.037159  -0.224252  0.032798
2318  1421.536706  1566.859547  17.981526  0.102978  0.902053  0.052079
2319  1877.899146  960.851620  19.259443  0.101512  1.402873  0.102581
2320  700.505478  122.290215  17.888032  0.071807  0.806761  0.042478
2321  544.225472  741.610737  20.011861  0.091021  2.021996  0.085788
2322  190.840937  1071.580930  20.078748  0.074250  1.872463  0.094948
2323  68.686461  1222.849463  18.077328  0.088378  0.916135  0.074285
2324  1263.363023  1954.567670  19.992461  0.098736  2.453689  0.149794
2325  1382.788393  1823.616378  17.842539  0.046160  1.102810  0.051704
2326  721.555532  1366.911160  17.931532  0.064633  1.022571  0.052202
2328  1120.518703  1788.186973  18.456315  0.132834  1.556526  0.136376
2331  168.558728  92.531487  18.245470  0.073236  1.365453  0.093125
2332  1355.864180  1639.222156  16.626793  0.089725  0.153253  0.070128
2333  2001.654265  1509.660269  16.824982  0.073750  0.287131  0.041221
2334  537.114266  1460.556932  19.796990  0.159823  2.081629  0.122094
2335  873.051807  755.238749  19.469422  0.132513  1.886427  0.100537
2336  919.132317  1996.567548  17.980706  0.090206  0.849807  0.085536
2337  300.595349  814.869148  17.661165  0.121218  0.613673  0.048462
2338  1209.565312  1972.583032  19.101224  0.065115  1.632971  0.131519
2339  1327.096832  802.526717  18.535779  0.075082  1.254322  0.046869
2340  1278.403214  1361.360744  20.248368  0.121405  2.371751  0.099128
2341  861.150304  2021.012355  17.861772  0.054580  1.259743  0.057458
2344  798.001694  573.270511  18.219027  0.115861  0.985216  0.100890
2345  1215.928811  391.023606  19.529302  0.084398  1.664232  0.077897
2346  1990.999451  1737.165102  18.639906  0.086887  1.321663  0.062085
2347  1668.285468  1893.094866  18.187820  0.070689  0.995107  0.111003
2349  69.500112  39.078252  18.207020  0.094773  1.173285  0.045480
2350  1318.711768  976.425314  16.763388  0.054021  -0.102845  0.075048
2352  1694.103537  74.909937  19.835017  0.100468  2.014539  0.093233
2353  483.304884  1240.840074  17.554614  0.066789  0.704904  0.063597
2354  530.795388  1209.579764  16.144118  0.030978  0.063264  0.047947
2355  1233.563560  319.753642  18.450278  0.083050  1.374629  0.085595
2356  1022.705205  1495.565091  19.814699  0.114497  2.056326  0.099726
2357  756.163232  513.360289  18.260910  0.054258  1.307308  0.101067
2358  1064.987882  806.712041  18.076423  0.073348  1.016918  0.043768
2359  62.731051  1904.793312  19.593752  0.091651  1.945689  0.103584
2360  1050.926538  854.456340  18.431261  0.111687  1.543128  0.095956
2361  1494.798638  1096.703736  18.019284  0.061474  1.436199  0.063149
2362  1850.392869  205.704354  18.756469  0.095155  1.176076  0.207562
2363  822.338008  1562.369942  18.950950  0.112316  1.022482  0.141389
2364  1404.183319  2028.002791  20.218771  0.134534  2.059326  0.108781
2365  644.400858  1953.050531  19.345182  0.079375  1.638757  0.231879
2367  1963.444959  870.033124  17.439906  0.063152  0.397035  0.064540
2368  178.333582  2034.383672  18.930194  0.138822  1.713774  0.060777
2370  1851.635658  1573.226575  17.431623  0.038888  0.690223  0.098369
2371  72.808935  1197.652649  17.558942  0.102184  0.341893  0.042983
2372  617.098396  1855.046292  18.985614  0.073812  1.234849  0.086533
2373  1175.869671  204.236822  18.039623  0.064747  0.782585  0.048946
2374  1506.551892  743.845453  21.112183  0.228870  2.509852  0.285870
2375  27.081875  55.754771  19.832371  0.120843  1.931869  0.122049
2376  925.269881  312.901565  18.648073  0.053177  1.822627  0.090797
2377  1902.250244  1134.113161  18.903779  0.103513  1.068938  0.171508
2378  1404.672116  95.390458  18.701577  0.061230  1.639179  0.091156
2379  467.624180  1484.155730  18.307478  0.086044  0.608937  0.071300
2380  971.427814  1537.296456  19.195878  0.085611  2.057550  0.058863
2381  1045.264565  1514.367210  19.892973  0.157635  1.957501  0.125666
2382  148.055560  146.403977  20.740781  0.110282  2.329726  0.137759
2383  1543.199314  1609.283407  18.292804  0.066313  0.912411  0.071207
2385  1528.432200  1811.981205  17.491001  0.080706  0.515039  0.068296
2386  431.384811  867.268269  17.730325  0.044158  0.527969  0.109024
2387  1155.851199  476.741539  19.393420  0.104581  1.290674  0.088965
2388  1517.757202  1787.562157  19.459757  0.126239  1.466853  0.062863
2389  533.186401  74.023186  18.922029  0.133952  1.289301  0.083283
2390  725.483885  202.349267  18.772114  0.122676  1.088159  0.071215
2392  665.483032  1636.894803  18.667150  0.081607  1.381333  0.092657
2393  1821.075250  1480.333424  18.874979  0.121849  1.249560  0.060865
2394  496.362206  2026.208284  19.759170  0.124273  1.458573  0.169827
2395  1335.758804  1786.946433  18.669709  0.118010  1.090308  0.083584
2396  1245.328691  1884.960960  20.899496  0.110718  2.371055  0.103870
2397  609.489952  1337.604431  20.324184  0.130582  2.050502  0.131090
2398  191.724639  984.690543  20.231382  0.195338  1.793743  0.211492
2399  1382.705817  1273.909774  20.537817  0.118280  2.347927  0.248620
2400  1255.013852  1010.523911  19.098472  0.134059  1.249858  0.125158
2401  1636.522269  1479.923121  18.944048  0.110155  1.190205  0.155887
2402  1513.550976  452.588250  19.173392  0.059641  2.388875  0.072724
2403  1182.780452  1670.497789  20.221811  0.110462  2.096336  0.093956
2404  376.813030  180.780888  19.198104  0.109178  1.251312  0.106828
2405  2006.381597  66.854196  19.663089  0.178342  1.697896  0.081982
2406  307.760550  203.845188  19.111938  0.069116  1.171351  0.114544
2407  1737.954818  207.846045  19.540694  0.162329  2.001791  0.137235
2408  1356.238408  92.130677  19.735269  0.115461  1.452495  0.102721
2409  1732.037739  1696.286804  18.880863  0.124456  0.870863  0.107514
2410  941.751878  1009.400652  18.474898  0.049453  1.397682  0.082397
2411  796.899442  1809.861652  20.607680  0.110254  2.068045  0.217589
2412  1740.812878  951.207708  18.890302  0.158372  1.436992  0.118551
2414  685.706058  190.880800  18.701124  0.093957  1.468724  0.055562
2415  198.599885  873.610845  20.320634  0.099916  2.062183  0.168480
2417  935.976192  1358.897157  20.120404  0.166281  1.935000  0.095657
2418  1833.421988  182.548109  18.868741  0.071201  1.136226  0.106542
2419  683.261159  1279.385407  18.823588  0.052034  1.748491  0.074472
2420  1359.476615  648.593341  16.640548  0.063927  -0.083445  0.077105
2421  1764.041126  1136.778426  19.607322  0.093223  1.831114  0.167728
2422  1463.457654  1259.711270  17.909503  0.076613  0.874103  0.102043
2423  1900.631542  1268.673536  19.021295  0.097513  1.325018  0.061154
2424  1517.957654  1657.183150  18.504286  0.076770  0.993159  0.077195
2425  875.129054  1725.625355  19.257003  0.086634  1.302609  0.102902
2426  349.442342  1307.733609  18.438791  0.097848  0.860816  0.058514
2427  1576.427750  1660.712583  18.837676  0.107693  1.123198  0.066286
2428  1931.850879  16.258526  20.258829  0.143066  1.956043  0.144655
2430  1882.655315  444.423250  18.570704  0.146742  1.400714  0.051392
2431  1986.214258  984.895189  17.920309  0.125602  0.440609  0.069056
2432  1442.514801  162.286044  19.383406  0.079934  1.266878  0.136759
2434  110.101681  1594.559315  20.698798  0.111372  2.153546  0.160876
2436  163.893922  760.731932  19.265554  0.132711  1.298208  0.066795
2438  2035.176258  1472.718901  18.744934  0.137915  1.478081  0.115119
2439  1849.194872  343.209637  20.774165  0.129656  2.144778  0.162163
2441  165.245675  1339.270864  18.378738  0.100298  1.027373  0.067562
2442  1040.448604  1186.809780  17.541281  0.070319  0.394425  0.047700
2443  714.533752  1785.083625  19.149403  0.122045  1.114003  0.087244
2444  282.059184  1650.606750  18.234992  0.055149  0.980635  0.128479
2445  747.563441  863.294786  19.173751  0.135310  1.351646  0.086547
2446  1159.207598  1602.948560  19.264309  0.137281  0.998824  0.163904
2447  1389.605784  1804.656004  18.325245  0.070549  1.046367  0.115828
2449  182.176596  649.965049  19.425459  0.208728  1.824264  0.100382
2450  1953.554267  183.711277  18.493177  0.122582  1.030793  0.094587
2451  1456.001770  1507.129541  20.906885  0.251949  2.271595  0.338426
2452  1902.800597  378.678086  18.788222  0.052528  1.050140  0.141658
2453  2040.406417  14.093344  19.370700  0.094112  1.587191  0.108646
2454  218.307921  1609.952775  18.440579  0.052383  0.915123  0.052088
2455  1781.826842  244.754988  18.812831  0.084043  1.206361  0.095402
2456  295.325226  557.148266  18.281554  0.078146  0.942072  0.107911
2457  1539.310553  1738.298092  19.358567  0.116789  1.405529  0.089367
2458  196.523441  1524.331505  19.505661  0.077174  1.519473  0.063918
2459  60.351528  452.835220  18.173163  0.070388  0.679273  0.071752
2460  900.178664  485.676208  19.225527  0.076052  1.457750  0.142742
2462  292.471569  759.482102  18.071020  0.065680  0.616626  0.100924
2463  1199.800114  943.413570  21.093515  0.148651  2.483993  0.128833
2464  1734.184717  61.149177  19.295130  0.168056  1.358878  0.074312
2465  1707.091911  1395.647055  19.632405  0.067896  1.568353  0.106333
2466  1420.348114  158.431159  20.354519  0.101741  2.209743  0.165161
2467  851.030012  562.422398  18.783358  0.121325  1.343175  0.084437
2468  202.281328  1453.252341  19.810178  0.077416  1.631594  0.085882
2469  1033.875093  1271.391889  18.850454  0.116649  1.299425  0.077967
2471  192.305355  1772.179598  17.654186  0.038621  0.635958  0.069780
2472  68.575673  1970.426085  19.318908  0.098069  1.265848  0.212314
2473  129.518437  1625.732340  19.443195  0.080696  1.365183  0.099193
2474  6.455542  804.177626  19.126027  0.063810  1.153700  0.082289
2477  1660.589500  1390.190739  17.068092  0.048290  0.024362  0.053055
2478  1379.255805  365.147885  18.082152  0.063436  0.606058  0.095273
2479  398.980457  354.287341  19.493090  0.092839  1.459824  0.133903
2480  1078.003061  1387.422177  17.990917  0.064342  0.577530  0.065748
2481  1562.812918  1883.307612  18.944956  0.081638  1.058939  0.067177
2482  1341.847867  38.234880  16.774021  0.036867  -0.055164  0.035674
2483  1588.693253  91.949168  18.560951  0.069001  1.125012  0.087994
2484  567.349375  723.700367  18.523143  0.100368  1.715842  0.102670
2485  397.033156  1372.082041  18.846952  0.116908  1.060112  0.121463
2486  520.752753  884.020349  18.843208  0.121338  1.965681  0.110004
2487  272.009785  705.838472  18.235231  0.052377  0.910624  0.104443
2488  1662.307194  253.475440  18.801660  0.064628  0.987055  0.124466
2490  925.195379  1854.280344  18.917847  0.064949  1.303806  0.094777
2491  1617.172680  822.680133  18.567290  0.053199  1.280778  0.131852
2492  1569.831650  65.642053  20.164605  0.181559  2.021117  0.132263
2493  1059.273434  199.205056  18.566356  0.093762  1.044467  0.115078
2494  1352.683928  1615.735620  20.587026  0.181939  2.286052  0.155091
2495  1324.468646  1704.667325  18.573174  0.087544  0.873188  0.113213
2497  447.327283  817.653746  18.838576  0.082635  1.129153  0.050855
2498  1058.180188  538.545377  20.248044  0.086213  1.794515  0.239106
2500  350.929869  1683.389016  20.157854  0.132593  1.804952  0.104998
2501  213.942245  1797.155128  18.784259  0.111434  1.797252  0.063576
2504  1109.895175  1015.059869  17.977193  0.075403  0.606592  0.080517
2505  1396.538288  531.150981  21.176904  0.221454  2.458407  0.231867
2506  1225.677114  1045.774375  19.495564  0.135892  1.924343  0.109013
2508  1698.327789  1929.271600  20.540745  0.174596  1.498253  0.118402
2509  1007.416985  1197.013670  19.810440  0.161772  1.508190  0.148174
2510  1475.012186  223.093786  20.576620  0.146356  1.719483  0.092552
2511  636.733559  26.920801  19.752251  0.077234  1.504941  0.120190
2512  644.240374  965.452127  20.388231  0.259274  1.855303  0.190342
2513  1700.064631  1742.505854  19.568924  0.113024  1.249030  0.104644
2514  1322.077869  1232.054532  19.423911  0.077612  1.948442  0.166414
2515  993.952405  1360.963518  19.451637  0.146636  1.714003  0.153182
2516  1637.414432  1828.384211  19.600299  0.116725  1.258009  0.083850
2517  1936.117312  2011.725842  19.449802  0.132321  2.115690  0.071293
2518  1668.307126  244.724667  19.877527  0.144423  1.439257  0.155554
2519  1367.699311  194.021229  19.978864  0.127521  1.387047  0.071392
2521  872.443103  71.124136  19.392053  0.108150  1.924707  0.066380
2522  363.562734  999.692538  19.574993  0.100773  2.231714  0.139108
2524  1931.368711  420.460983  19.207466  0.125427  1.020675  0.078239
2525  1623.349981  1109.577399  19.340823  0.094123  1.454643  0.095065
2526  1133.992824  257.968138  19.252064  0.064271  1.087896  0.096387
2527  1335.758609  633.715294  19.885138  0.106883  2.802893  0.101017
2528  1835.836139  120.464867  19.222411  0.131124  1.383631  0.145704
2529  1155.255149  581.328973  20.203577  0.163349  1.520842  0.110096
2531  1084.802612  2023.580722  19.666963  0.166995  1.575775  0.081105
2533  1026.497171  1898.110383  19.100731  0.107828  1.207594  0.102404
2534  1799.956377  1805.359952  17.485977  0.064718  0.249608  0.075948
2536  255.962136  1320.485863  20.121975  0.083229  1.607783  0.175029
2537  503.573467  1435.113553  20.148819  0.169392  1.673791  0.096059
2539  2007.768195  1985.779137  20.507605  0.119895  1.470791  0.136496
2540  1085.868604  1814.241382  19.033476  0.130917  0.892632  0.090755
2541  785.098883  1665.494081  17.987100  0.073013  0.297037  0.111347
2543  1489.468292  1438.351623  20.141673  0.138933  1.743209  0.155317
2544  705.950786  955.279757  19.125015  0.059740  1.036146  0.059540
2545  1928.967366  375.941445  19.896043  0.106043  1.366554  0.086638
2546  759.234268  529.968094  19.506618  0.111097  1.129120  0.076684
2547  144.868510  1256.731528  19.899972  0.220898  2.867237  0.149100
2548  364.067645  1881.505357  20.166155  0.199292  1.443658  0.188026
2549  1933.352492  1738.515046  19.621256  0.169470  1.190209  0.136072
2551  701.644884  1607.460584  18.447392  0.089929  0.438259  0.122491
2552  1928.868092  1739.688970  19.055114  0.087578  1.399839  0.117182
2553  2047.421632  1326.170327  20.210731  0.094612  1.521729  0.086892
2554  2037.314359  1934.902225  19.691997  0.108785  1.227476  0.066970
2555  318.182570  1208.795238  19.135977  0.080656  1.285640  0.065708
2558  1243.249245  523.048379  20.240992  0.116015  1.773122  0.093736
2559  1682.937390  1145.697092  20.282141  0.113146  1.650028  0.093824
2560  472.545713  2030.300756  20.232079  0.118816  1.627572  0.217087
2562  1975.652303  767.607246  18.541054  0.088291  0.680583  0.090790
2563  1456.110324  133.372558  20.500316  0.146560  1.972995  0.192343
2564  1145.362234  834.084143  19.978824  0.202705  1.486147  0.184187
2566  1812.743538  838.255063  19.563071  0.095400  1.207522  0.164078
2567  1338.994463  1909.419844  19.629565  0.100612  1.539629  0.076136
2568  609.341119  1067.578419  19.535137  0.075060  1.304258  0.121635
2569  483.810991  367.292046  18.655927  0.074453  0.743389  0.156173
2570  131.562557  1084.247623  20.238728  0.101096  1.811339  0.128214
2571  695.585838  1108.705234  19.572497  0.149239  1.057100  0.084922
2572  1.503703  1332.815803  20.664302  0.219407  2.077635  0.147749
2573  1073.695952  1660.135082  19.594562  0.062833  1.299583  0.143327
2574  1226.825150  1429.300880  19.304330  0.118593  1.321762  0.068730
2575  1138.986639  1169.803788  18.936831  0.111707  1.175905  0.117597
2576  566.581591  863.774703  18.153063  0.055271  0.337312  0.070839
2577  62.066936  108.465094  19.763952  0.123252  1.958113  0.071125
2578  1504.162643  719.016944  19.354131  0.157876  1.270127  0.060901
2579  1560.303447  1205.059905  19.783811  0.068893  1.302290  0.187122
2580  622.884501  2039.676138  19.730467  0.090290  1.297610  0.088645
2581  1896.591900  1687.569282  19.346877  0.097751  1.531780  0.183724
2583  191.301769  117.149258  18.389783  0.075235  0.640344  0.140754
2584  529.394114  1797.770626  19.262837  0.081357  1.271004  0.209114
2585  1296.554220  1314.321056  19.077962  0.093587  1.019505  0.082936
2586  841.615033  1753.175434  20.300400  0.169367  1.608714  0.120486
2587  244.443284  240.343871  19.798802  0.076179  1.537952  0.073005
2589  1150.121787  1771.530027  18.401165  0.069822  0.512918  0.082328
2590  761.930887  1462.584881  19.125260  0.075831  1.115791  0.145639
2591  863.112646  813.248607  19.200245  0.084432  1.449257  0.080548
2593  153.630988  56.832522  19.440851  0.144135  1.157105  0.072307
2595  1511.253511  635.725782  19.851206  0.242217  1.167615  0.205201
2596  552.787288  930.415293  17.717050  0.065428  0.105080  0.069921
2597  2011.442015  1676.799863  19.716764  0.175434  2.578879  0.117250
2598  1556.858653  87.303712  20.590511  0.135570  1.962512  0.197075
2599  605.662220  1033.307520  19.720810  0.075781  1.305862  0.077783
2600  311.629155  982.778811  19.631937  0.090783  1.462390  0.107062
2601  455.769320  1370.240810  19.574138  0.127751  1.511011  0.124458
2602  2018.694424  374.123881  19.635389  0.072830  1.259856  0.094503
2603  1706.419132  153.564755  20.004018  0.081131  2.722054  0.152982
2604  24.561193  1704.686103  19.359791  0.084578  1.153686  0.089049
2605  1417.267969  1269.247739  19.547879  0.088895  1.043370  0.120295
2606  372.144447  1670.368767  19.422424  0.086293  1.626641  0.103984
2607  876.616080  1204.075544  19.114829  0.089902  1.669867  0.090612
2608  1576.516289  913.863814  20.525590  0.093242  1.750812  0.219373
2609  1637.889368  1454.166960  19.803914  0.089053  1.498337  0.181252
2610  394.989991  1657.604457  19.763820  0.190449  1.484959  0.084215
2611  1136.049143  1471.203273  18.062512  0.045535  0.377455  0.069423
2612  1652.762867  1046.304981  18.778313  0.087621  0.762452  0.086641
2613  414.794516  7.198203  19.999458  0.197872  1.608254  0.076408
2615  1928.417741  970.179516  19.742487  0.194291  1.539113  0.125347
2616  1156.830059  1036.017822  19.464616  0.202657  1.613090  0.073195
2617  640.839540  745.505197  19.464864  0.093591  1.144545  0.077632
2618  513.694697  1798.015423  19.636533  0.081527  1.868632  0.140527
2619  1318.161995  1804.230024  19.171991  0.090728  1.190955  0.113875
2620  1299.712195  217.206365  19.405114  0.063204  1.332620  0.096913
2621  1580.028814  1941.539772  18.744318  0.093451  0.883850  0.173308
2622  1656.583195  1781.443442  19.712141  0.290555  2.421290  0.199027
2623  443.184101  2041.761403  17.418512  0.067888  0.123604  0.039984
2625  42.473705  410.038982  19.293745  0.091427  1.473031  0.140736
2626  776.824787  1635.689610  18.676296  0.069836  0.596036  0.117949
2627  812.532293  683.222946  19.626346  0.108717  1.772154  0.129403
2628  1057.183940  147.184400  19.446235  0.124435  1.089154  0.078230
2629  1706.439445  476.129044  20.631950  0.185094  1.621159  0.204416
2630  997.075126  1958.990131  19.390644  0.091995  1.046917  0.144357
2633  549.304998  383.739359  19.429039  0.121191  1.166452  0.093738
2634  1093.432415  807.156174  19.726810  0.111020  1.513601  0.145478
2635  394.927918  762.483708  20.169934  0.090002  1.539185  0.099589
2636  1200.934042  81.266368  17.757137  0.051361  0.333701  0.058938
2637  494.313429  1716.864120  19.875895  0.105825  1.460428  0.081741
2638  2044.376952  1630.688803  19.512519  0.092130  1.524989  0.160274
2639  1031.963527  828.618822  19.089929  0.067367  1.126120  0.064507
2640  650.074789  1818.173290  20.265702  0.089556  1.452288  0.098442
2642  863.984850  1111.256527  20.003315  0.197308  2.469471  0.082771
2643  1319.736786  841.445547  20.475646  0.283654  2.404664  0.291406
2644  1846.480847  1165.566045  19.888080  0.072582  2.941088  0.106592
2646  1904.363582  1144.030724  17.563492  0.058014  0.244171  0.056959
2647  38.154475  124.414986  20.231687  0.154069  1.299379  0.155054
2648  856.494484  996.148895  17.964192  0.100603  0.486573  0.072565
2649  381.284039  606.310863  19.031569  0.061939  1.395846  0.145740
2651  28.309180  1801.613852  20.313180  0.161480  1.761898  0.110194
2652  1470.551987  450.411421  18.664484  0.081238  0.708136  0.064204
2653  1600.958466  1400.976547  19.716065  0.193926  1.660296  0.087334
2654  1503.967526  1095.967114  19.168756  0.144496  1.242358  0.082438
2655  1086.317544  63.039655  19.915432  0.105560  1.451870  0.101414
2656  806.377861  731.678148  19.234883  0.083695  1.026829  0.119386
2657  1785.077862  2029.265919  19.289201  0.065309  0.945523  0.117894
2660  1483.262301  280.270255  20.656357  0.115517  1.842681  0.103764
2662  1181.149298  297.779400  19.294498  0.084810  1.153511  0.103873
2664  435.047837  1948.152394  19.476941  0.092040  1.185318  0.159939
2666  1031.654281  406.621396  18.698328  0.081461  0.757636  0.077178
2668  793.734363  1900.756783  18.584918  0.079040  0.594819  0.095750
2669  258.616899  161.114818  19.144359  0.110116  0.990808  0.080565
2670  1980.893788  986.066714  20.375395  0.166976  1.535176  0.130860
2671  1984.622489  1915.879871  19.360483  0.108324  1.891200  0.103911
2672  1880.467236  536.281918  19.874527  0.145074  1.446350  0.076209
2673  1398.063181  398.287229  19.611754  0.110451  1.256723  0.068994
2675  1968.554315  2037.976856  19.157780  0.181655  0.993600  0.082254
2677  1859.648990  1575.300933  19.786597  0.125793  1.643587  0.117766
2678  1831.487186  1728.249614  19.599157  0.126855  1.413608  0.129245
2679  262.007915  103.854186  17.769067  0.051071  0.134499  0.057788
2680  959.198894  1989.762273  18.581588  0.086779  0.684033  0.055716
2681  574.054982  1483.036259  20.020549  0.158593  1.705626  0.151539
2682  248.238373  1093.474698  19.331194  0.121313  1.086664  0.061251
2684  1523.743062  1071.938984  19.288125  0.121463  0.673794  0.068108
2686  134.812142  1889.376999  19.387102  0.096359  0.737459  0.074258
2688  1164.337432  1494.979038  19.101976  0.096257  0.675614  0.064715
2689  1213.867099  1466.833384  20.182781  0.106816  1.260306  0.158668
2690  773.349742  88.981320  20.375680  0.095245  2.067947  0.275761
2691  435.628782  1526.572596  19.421680  0.235686  1.129544  0.130326
2692  1056.818218  1630.491634  20.279623  0.131001  1.507185  0.131444
2693  173.132556  1446.775711  19.752856  0.092118  1.491683  0.213642
2694  7.766885  660.283279  20.656623  0.128447  1.927525  0.126179
2696  1860.632913  456.685810  19.943133  0.157269  1.176000  0.115569
2698  1170.055559  1240.572989  19.067274  0.234613  0.668968  0.083771
2701  1794.177821  151.296809  20.273654  0.248066  2.495885  0.093709
2702  1530.606831  2027.382100  19.908527  0.150538  1.332366  0.151901
2703  1862.104871  1502.390533  20.926719  0.214887  1.560850  0.158167
2705  741.437124  1415.099124  19.964962  0.124925  1.789490  0.127774
2706  1904.123821  1271.105457  18.326717  0.087170  0.267263  0.065305
2707  315.640059  390.932899  20.379695  0.102684  1.646583  0.126833
2709  1856.484262  488.148302  19.820101  0.136784  1.165388  0.079473
2710  1315.567100  1467.188751  18.712201  0.087291  0.476293  0.064515
2711  945.968123  602.086054  19.716844  0.125054  1.534950  0.135501
2713  1165.969963  1126.854359  20.240178  0.129012  1.794845  0.146254
2714  299.833244  142.646616  20.210504  0.080730  1.280495  0.121064
2715  1115.248148  1080.504440  20.107214  0.152857  1.586245  0.169277
2720  475.067175  741.935652  20.976294  0.232017  1.610528  0.168747
2722  894.235960  553.869853  20.306799  0.132608  1.122659  0.110676
2724  53.189465  51.509292  20.385276  0.086910  1.481483  0.255955
2725  1901.783258  618.894289  20.485180  0.110533  1.260164  0.106232
2726  901.947660  1951.846807  19.780994  0.200140  1.037239  0.153235
2727  945.139615  1637.098372  20.013502  0.125969  0.922132  0.072985
2732  1053.471710  363.406271  20.153113  0.113394  1.706184  0.132382
2733  636.119622  1602.029997  19.817240  0.141981  1.718462  0.184612
2734  1176.667362  858.050590  19.962244  0.080634  1.180014  0.108291
2737  444.470772  1498.080797  20.179319  0.174824  1.557478  0.144299
2738  1332.512539  729.440974  20.121235  0.248569  1.202258  0.115449
2739  830.126859  1348.210572  20.322207  0.132699  1.480826  0.247818
2740  799.350495  1004.441568  18.308409  0.087403  0.316822  0.112971
2741  85.013352  804.768322  20.809284  0.256983  1.383602  0.348406
2742  1909.579141  915.091096  20.220813  0.178396  1.372128  0.091655
2744  1617.080603  87.212160  20.493170  0.093382  1.738435  0.134340
2746  1024.158969  910.485560  19.760763  0.073470  1.211671  0.071689
2749  966.756538  530.537648  20.328060  0.209657  1.636924  0.174881
2750  1672.993441  424.914337  19.783920  0.106429  1.003655  0.106492
2751  1864.571338  604.525970  19.753500  0.125375  1.088384  0.118536
2753  154.663372  1411.075563  20.096885  0.112952  1.395139  0.140803
2754  556.871997  1122.119286  20.261703  0.134319  1.498582  0.100928
2755  775.232043  1939.265722  20.398416  0.114509  1.165564  0.147258
2758  2044.520427  1786.072162  18.458718  0.060522  0.227171  0.130233
2759  1438.700583  1544.168223  20.061421  0.161279  1.491397  0.084805
2760  2026.028649  618.679066  19.934743  0.099833  1.973055  0.183748
2762  1562.365726  680.033081  20.439767  0.171833  1.434603  0.179938
2764  406.689451  1906.215759  19.779178  0.144479  1.248526  0.144452
2766  699.716105  1807.135846  19.978281  0.176660  1.248422  0.114154
2767  1031.752429  1017.716629  19.894985  0.076554  1.286525  0.137992
2768  1839.328998  1705.086983  19.914560  0.154228  1.154873  0.080531
2769  619.968095  1543.250308  19.852566  0.148341  1.442592  0.123112
2771  922.150773  111.316751  20.225997  0.081226  1.315525  0.149379
2774  541.825355  1279.758091  19.970583  0.112613  1.234846  0.098622
2778  2026.504836  1101.684137  20.283042  0.139686  1.026278  0.168846
2779  67.584414  375.761341  21.080528  0.221325  1.566781  0.146658
2780  1958.252081  992.009750  20.414531  0.117038  1.537977  0.146179
2783  961.102039  325.474672  18.183419  0.102282  0.182774  0.050630
2785  1446.252418  1779.781112  18.682324  0.065677  0.513801  0.070456
2786  1474.767155  1494.578458  19.623320  0.109434  1.206002  0.132216
2787  793.426201  1776.479412  20.113798  0.137352  1.580766  0.123085
2791  1758.532577  1569.104358  20.353466  0.102301  2.021786  0.160731
2792  1215.229852  1903.146631  20.865931  0.298458  1.977661  0.248538
2793  1608.206816  1132.552794  19.678241  0.155671  1.094524  0.149591
2797  2019.304430  1175.161757  19.915681  0.150157  1.289279  0.160492
2798  869.332658  1025.542100  20.125099  0.179484  1.468030  0.091756
2799  924.043717  923.934449  20.060978  0.121846  1.132916  0.084689
2800  1559.159886  1736.217094  20.531707  0.110836  2.544731  0.134935
2802  1477.679918  1078.196629  19.823101  0.075348  1.276381  0.180949
2804  919.511690  1494.068075  20.278228  0.116163  1.096816  0.222232
2805  6.578940  488.151496  19.175954  0.069432  0.825931  0.085413
2806  1432.433210  1138.297608  19.987527  0.123637  1.678797  0.164901
2808  1395.358322  906.651100  19.919628  0.201786  1.622397  0.135242
2809  302.199774  333.374938  18.434205  0.071909  0.401534  0.053837
2811  745.777210  798.263449  19.715820  0.105638  1.077002  0.115835
2812  389.644781  75.047244  19.376779  0.206816  0.658942  0.097477
2813  1509.717577  608.975908  20.337449  0.115000  1.148101  0.215672
2815  946.214181  1097.362852  20.356456  0.180971  1.145130  0.087793
2816  655.358257  127.301568  20.178181  0.138837  1.808237  0.121934
2817  307.743654  1830.904532  18.919569  0.067752  0.533907  0.110120
2819  451.404075  1964.646762  19.228478  0.118115  0.881930  0.090626
2820  1431.681867  519.630287  20.654491  0.202470  1.708991  0.256460
2821  77.777842  769.268514  18.311559  0.065084  0.256918  0.101035
2822  354.673637  500.702352  17.846586  0.093650  -0.107130  0.046635
2823  195.567124  1823.317597  19.961129  0.150134  0.955566  0.131909
2826  171.447933  399.715062  20.417084  0.118656  1.017080  0.206412
2827  583.118156  1548.242709  19.905591  0.136623  1.169687  0.083935
2828  1217.908360  1155.338299  20.103587  0.212129  1.185358  0.086348
2829  1232.900956  1593.509297  20.217810  0.193607  1.545988  0.179039
2830  165.536734  1384.350408  20.387523  0.291494  1.272362  0.109789
2831  597.647187  37.981009  19.737672  0.219274  1.371556  0.096908
2832  272.863008  1054.785761  18.502034  0.116177  0.675466  0.069313
2833  1312.272217  1194.603680  20.929120  0.108569  1.519484  0.143574
2835  1508.944047  1162.908129  20.671167  0.163038  2.315440  0.224660
2837  462.324695  1189.445135  19.745039  0.106905  1.079175  0.102106
2838  1820.560607  1232.467691  20.449719  0.091002  2.210813  0.089048
2839  980.819019  141.055470  19.712689  0.092717  1.346044  0.115429
2840  1262.337027  939.127747  20.306244  0.235778  1.297791  0.189210
2842  1450.172198  728.150015  20.708130  0.149084  1.609368  0.143332
2843  45.059442  1664.238064  19.847965  0.126272  1.895301  0.123944
2844  1540.481512  1033.963191  20.379712  0.105635  1.057648  0.170305
2845  1349.089725  625.791318  20.801418  0.157974  1.493805  0.113054
2846  1683.667473  1276.286544  20.223886  0.237541  2.019656  0.113335
2847  227.996784  604.795991  20.567763  0.123207  1.235200  0.114594
2849  473.491512  1193.764870  20.036671  0.103380  1.906579  0.087589
2850  283.437896  1095.064817  20.043521  0.146948  1.276922  0.091255
2851  1034.481946  671.128685  19.948416  0.164575  1.289399  0.082859
2853  290.186444  959.846450  20.099920  0.224898  1.361835  0.181137
2854  180.802697  1181.058002  20.397197  0.153837  1.281297  0.230864
2855  1659.215123  201.690756  18.329189  0.062509  0.310606  0.048286
2856  862.948061  1054.318880  18.234591  0.103412  0.267201  0.066825
2860  50.171867  556.679755  20.324088  0.082080  1.259071  0.279930
2862  287.213829  239.874228  20.661401  0.096085  1.803345  0.112127
2865  609.678787  1898.028120  20.196907  0.154151  1.704743  0.076537
2866  1403.923020  1514.937400  17.543205  0.041680  -0.194915  0.043153
2868  410.617530  649.241173  20.203281  0.150688  1.298971  0.155721
2869  1544.483178  21.530776  20.734793  0.130938  1.558682  0.130250
2870  361.044118  753.803585  20.196952  0.165068  1.200570  0.142955
2871  327.068519  2016.498104  20.428806  0.144175  1.196886  0.093572
2872  1606.221004  531.760816  20.225017  0.183746  1.215340  0.232149
2873  1476.546821  617.525070  20.950751  0.255559  1.744798  0.102208
2874  1204.796884  183.391251  20.359433  0.086948  1.859015  0.214192
2876  1384.281064  1924.031772  20.261751  0.109496  1.220700  0.125312
2879  1658.622182  1349.833955  20.330456  0.091489  1.327849  0.094712
2880  1862.187274  708.366426  19.920064  0.076369  1.382121  0.130739
2882  1323.426094  1244.012419  19.599883  0.102373  0.974181  0.135631
2884  1588.626402  1371.041121  20.075933  0.137145  2.109367  0.157248
2885  1099.539581  1996.018206  20.455836  0.144372  1.651072  0.140298
2886  318.659739  1627.068464  19.891067  0.125089  1.424988  0.180873
2887  2005.151957  699.468702  19.658178  0.102764  0.935199  0.093036
2890  1700.063411  1647.035201  20.005980  0.102958  1.303856  0.087148
2891  1745.868644  590.718438  19.800465  0.097266  1.147709  0.113227
2894  1178.083839  191.308619  18.106789  0.066529  0.043437  0.088991
2895  523.529453  501.719000  20.041300  0.120595  1.780495  0.098639
2897  1652.164041  167.682016  20.403052  0.109777  1.609946  0.182065
2899  585.600624  1937.842040  20.158988  0.168116  1.713646  0.157099
2902  472.074495  683.874757  19.711148  0.113572  1.048047  0.133647
2903  1701.392162  452.545303  18.705085  0.064212  0.303992  0.051000
2904  920.906066  251.064594  19.773290  0.179699  0.913715  0.159642
2905  918.486946  1184.149117  20.027011  0.138925  1.121985  0.134770
2906  175.390841  645.425939  19.715446  0.118484  1.238419  0.166696
2908  681.761003  1468.385599  19.711041  0.092357  1.268164  0.088301
2910  174.390908  1139.915265  20.447757  0.131007  1.675022  0.099563
2912  626.008586  1342.644977  20.729426  0.187197  1.312596  0.212214
2913  2015.974820  142.595980  19.178015  0.122503  0.323092  0.103514
2915  1077.890700  297.333618  19.479775  0.088908  0.461906  0.144218
2916  1829.866343  1958.817611  20.548318  0.140110  1.195947  0.168604
2918  315.852037  295.406573  18.914180  0.079767  0.298007  0.081760
2919  1033.653378  1260.141886  20.434549  0.159955  1.400863  0.261945
2924  613.042933  2004.640899  20.290304  0.211368  1.220640  0.160473
2928  1401.505793  542.099301  20.453988  0.184092  0.920076  0.098018
2931  1687.567055  817.565286  20.563687  0.254675  1.702947  0.097064
2932  1081.377322  1035.072518  20.346933  0.112486  1.439727  0.108245
2937  1753.135290  1027.763086  20.385367  0.083506  1.038324  0.097630
2938  56.093125  481.769225  20.611911  0.204838  1.253992  0.247090
2943  596.072878  157.298856  20.765963  0.120002  1.373382  0.229416
2945  681.133395  1447.592402  18.258126  0.104192  0.090723  0.048240
2946  522.622556  1675.521117  20.145944  0.133151  0.903916  0.192828
2953  1931.761189  1181.723518  20.095422  0.106785  1.005795  0.152468
2955  1232.592340  1325.086011  19.861470  0.084598  0.947210  0.182181
2956  1867.948184  223.264600  20.571462  0.169925  1.382241  0.215050
2962  1640.971569  721.804278  20.608460  0.093232  1.826850  0.103890
2964  499.697049  658.152596  19.248813  0.124127  0.447921  0.184180
2965  1747.315994  1416.457078  20.697137  0.132400  1.263634  0.263864
2967  128.826708  419.683726  20.549527  0.141808  1.261633  0.197929
2969  205.299656  278.097974  20.795264  0.175365  1.928367  0.273313
2970  1493.225360  1010.057067  19.860140  0.135517  0.891280  0.154328
2973  116.969448  1095.638503  20.992244  0.227336  2.141653  0.218793
2976  247.655548  275.377419  20.826384  0.243903  1.669621  0.117713
2981  34.634731  982.570821  20.553240  0.096244  1.269703  0.139994
2983  1682.706513  33.453861  18.915993  0.065875  0.266792  0.056532
2985  397.425280  1772.344825  18.844463  0.158940  0.270130  0.110106
2988  840.083699  1804.064067  20.123737  0.125559  0.822716  0.129251
2990  1175.531227  1304.985580  20.501447  0.123769  1.221574  0.142947
2991  875.677444  761.991455  20.929239  0.142724  1.541959  0.182800
2992  981.485599  296.720306  20.902910  0.279512  2.519226  0.259600
2994  741.513948  261.902955  18.246711  0.061184  -0.201039  0.054501
21001  1604.151121  105.440114  20.485498  0.168384  1.161147  0.133270
21006  698.630624  1126.844128  20.322575  0.129934  1.308301  0.129617
21008  365.281198  107.086241  19.603015  0.167674  0.730654  0.094287
21010  1260.070679  1924.179986  19.688694  0.113094  0.711563  0.142247
21015  1257.247299  1073.980883  20.959966  0.143358  1.324253  0.178139
21018  1581.737186  1739.901831  20.425427  0.178651  1.280018  0.107379
21022  322.925427  1530.623397  18.821992  0.178513  -0.058420  0.156996
21023  939.787909  1357.792983  20.273438  0.133919  0.962514  0.214862
21026  865.364227  70.488373  18.594530  0.061221  -0.137202  0.079456
21029  1214.019106  1096.648549  20.145100  0.116979  1.120776  0.099436
21030  379.079007  292.480699  20.445001  0.129068  1.276776  0.149113
21034  404.136217  1921.183753  20.967639  0.111781  1.240187  0.333804
21039  1849.820294  46.079843  18.071714  0.134050  -0.319866  0.076742
21044  662.447434  48.633521  19.827503  0.203164  0.900576  0.139562
21045  1814.701246  395.992186  20.321941  0.209732  1.558007  0.154030
21050  1080.081136  1913.046016  20.601185  0.099952  1.348742  0.150727
21052  983.574803  1139.589534  20.656265  0.165014  1.165447  0.101163
21053  415.338952  1305.932888  20.087924  0.114707  0.868058  0.170531
21054  926.630200  587.188972  20.231301  0.134675  1.501666  0.108266
21056  538.850697  990.950834  20.543673  0.138483  1.730804  0.217276
21058  970.031044  969.390329  20.657885  0.169764  1.309843  0.180717
21061  303.839660  1636.030837  20.939564  0.149073  1.488659  0.148248
21065  1861.775581  186.236219  20.161725  0.119607  0.987521  0.081551
21068  208.661359  1986.727131  20.666324  0.146702  1.667483  0.162306
21069  964.946235  728.148718  21.079987  0.245776  1.551719  0.139510
21072  365.389224  1359.398376  20.739560  0.109736  1.317813  0.171547
21073  1221.316798  1490.016365  20.594750  0.106302  1.288617  0.192052
21075  1144.701715  550.217946  20.018998  0.104120  0.930122  0.080246
21076  1670.477429  1696.345903  20.155977  0.106494  0.878494  0.273648
21078  1400.282112  1361.379718  18.249407  0.084139  -0.249788  0.045842
21080  1697.377864  480.341571  20.186214  0.122049  0.985873  0.113124
21081  1635.790855  1484.484363  20.472496  0.319561  1.321127  0.141528
21084  1140.845273  811.951124  19.678916  0.182835  0.842445  0.124586
21088  476.375681  666.134429  20.387747  0.301065  1.228113  0.157733
21089  191.008767  1025.694339  20.821873  0.182586  1.138970  0.132205
21090  356.228149  471.363952  18.444066  0.142277  0.052915  0.049714
21091  1083.056941  1898.892952  18.396460  0.070265  -0.013542  0.089111
21094  1115.597162  247.452593  19.485860  0.070473  0.323454  0.077731
21095  1881.139385  1429.020781  19.308714  0.101363  0.437533  0.103469
21096  1631.570589  17.494038  19.750960  0.091182  0.914647  0.077004
21097  441.145340  1768.330345  20.732629  0.097420  1.885529  0.296813
21102  341.428781  1416.711473  20.814053  0.297607  1.288994  0.102350
21104  145.519265  1308.267654  20.452959  0.203219  1.553824  0.149513
21106  1849.250355  1995.276417  21.194228  0.118743  1.241924  0.346033
21110  225.950047  331.696631  20.601882  0.210635  1.752767  0.316687
21116  1436.695996  356.953746  20.796931  0.210477  1.250785  0.275242
21123  156.805921  829.694486  20.331463  0.277276  0.976409  0.097814
21124  1687.703692  317.471200  20.889079  0.254213  2.242322  0.209878
21125  922.745683  1441.833858  20.462472  0.132739  1.105651  0.165536
21127  1375.686510  56.920002  20.287032  0.169459  0.890096  0.242208
21133  286.464191  1549.317414  19.246088  0.176957  0.525516  0.115185
21134  2022.213202  418.070700  20.798561  0.187019  1.199187  0.122250
21137  578.297279  536.209014  20.303647  0.119073  1.268280  0.176980
21140  848.948673  234.311733  19.079343  0.058891  0.259219  0.066445
21141  1604.808982  671.519566  20.583490  0.211898  1.486188  0.108130
21142  880.333051  554.504254  19.519401  0.129159  0.799559  0.160649
21147  2000.933027  1179.054534  20.692109  0.142164  1.521410  0.106947
21153  990.969267  1123.094171  18.400020  0.093587  -0.004359  0.057900
21154  707.888167  659.866795  19.516583  0.103719  0.727613  0.116346
21157  1100.836437  252.030646  19.137136  0.111357  0.435588  0.103486
21164  1385.744891  680.902970  19.984030  0.123713  0.728411  0.106069
21167  1645.352571  1554.031493  19.577107  0.154758  0.579632  0.122372
21169  54.583613  579.977592  20.399239  0.125067  1.498365  0.106241
21170  1329.044791  1635.055361  19.812323  0.149235  0.616899  0.235149
21172  925.555221  73.937623  20.858991  0.110820  1.214977  0.132769
21173  1955.002668  1007.243856  20.577020  0.193371  1.487146  0.185062
21181  1788.136778  807.056989  20.503547  0.138259  0.729783  0.176024
21182  41.657115  1777.330433  19.667098  0.109005  0.404317  0.117649
21186  1703.884182  45.879601  20.514632  0.133975  1.245720  0.135374
21191  654.708781  919.176931  19.074074  0.142191  0.228599  0.076614
21194  1610.647950  1498.895479  19.982150  0.151806  0.597446  0.128001
21195  253.792854  518.716801  20.350153  0.123704  1.121034  0.241990
21197  1963.224951  155.145009  20.902187  0.121769  2.718995  0.234657
21198  760.677715  1067.301320  18.563601  0.127007  -0.025571  0.147706
21200  534.055209  1373.748142  18.904839  0.073834  -0.016062  0.062837
21201  1488.372461  1134.404144  18.941898  0.076269  0.322270  0.069263
21204  763.478499  920.451838  20.858876  0.111467  0.987567  0.225740
21205  378.569601  1343.983206  19.804749  0.078370  0.846591  0.128754
21206  953.039328  1812.561511  18.979671  0.065287  0.181968  0.128998
21208  699.637563  745.716331  19.764108  0.133848  0.389666  0.079105
21211  1009.744640  576.920155  19.973199  0.099172  0.583327  0.120374
21216  758.022145  753.514459  20.025652  0.103016  0.700068  0.108856
21217  1044.741940  327.115648  21.353342  0.274598  1.640357  0.125263
21219  1647.167930  1583.274211  19.881235  0.092694  0.675296  0.080856
21227  1104.331543  141.825789  20.661544  0.145992  0.971771  0.158584
21238  629.341989  160.255410  19.602045  0.170672  0.383098  0.077991
21239  191.131849  688.808692  21.023004  0.143461  1.438198  0.173736
21242  1573.796616  640.124516  20.713210  0.101975  1.029197  0.215818
21247  1789.330791  103.300974  20.045073  0.130516  0.818620  0.087840
21248  884.441422  849.581576  20.517418  0.099090  0.401165  0.261195
21271  1199.198529  631.373518  20.675625  0.117377  1.041692  0.257996
21279  1739.808167  1572.506289  19.034811  0.056924  -0.011436  0.082869
21285  1212.966219  1510.814613  20.496149  0.108193  1.030029  0.192390
21308  1116.662432  1480.603784  19.138829  0.097294  0.251014  0.075879
21309  923.177998  1502.940478  20.461930  0.154445  0.817053  0.120686
21313  1830.329301  735.487790  20.031401  0.081190  0.895184  0.131743
21318  862.976995  360.853929  20.616149  0.190823  0.768687  0.120414
21323  121.843081  870.884071  20.653715  0.121364  1.017135  0.116768
21325  1463.666456  1880.452771  19.738068  0.112294  0.505115  0.134729
21330  1365.814783  254.442524  20.473070  0.174543  1.080656  0.301726
21333  1226.260558  105.145051  19.761276  0.084015  0.276451  0.092386
21335  677.130027  1391.067132  21.398042  0.177697  1.718791  0.138126
21337  1291.178470  853.583365  21.046763  0.375966  2.564993  0.261298
21344  1931.149808  369.188726  19.835130  0.180623  0.575548  0.128189
21349  346.153073  1389.358185  19.797691  0.201909  0.302784  0.125230
21357  896.825770  76.660930  21.050819  0.140202  1.259514  0.188920
21378  69.383972  1415.355843  20.453808  0.204625  0.608456  0.110888
21379  2043.106634  1516.454044  20.219465  0.142898  0.612450  0.156833
21381  433.889941  1205.980638  21.280458  0.175040  1.382605  0.213967
21383  1882.588728  2022.629636  19.826674  0.140657  0.444008  0.120882
21389  1914.641559  891.607979  20.136854  0.129460  0.629262  0.131957
21390  1179.649894  577.136150  20.339661  0.116279  0.956878  0.164695
21395  1076.248417  1619.890244  20.253589  0.121399  0.813043  0.086758
21406  1211.980183  333.298347  20.377391  0.260438  0.790066  0.154815
21413  1155.499594  886.656910  20.553805  0.167330  0.910557  0.171338
21417  1440.907707  577.203561  20.761855  0.146077  1.010759  0.202669
21418  792.719234  1144.200459  19.757255  0.095747  0.547006  0.216140
21419  1397.436719  989.845466  18.554038  0.082117  -0.142645  0.130853
21422  535.281537  508.430991  20.128240  0.111476  0.378533  0.169399
21429  912.472337  557.374474  21.240574  0.343085  1.215926  0.270754
21437  1127.387637  1942.968457  19.367656  0.152448  0.118946  0.088530
21442  1282.687717  303.220870  19.570989  0.103307  0.510901  0.170606
21446  512.853071  1246.777620  20.421062  0.202832  1.015592  0.113875
21457  297.743064  1875.740226  20.218477  0.106291  0.470523  0.232556
21458  1065.353222  1616.108773  18.964552  0.077838  0.164126  0.118704
21459  396.689176  314.168459  20.253036  0.093914  0.488932  0.176552
21461  1959.647089  804.930001  20.414247  0.087803  0.940490  0.223502
21463  1678.859882  711.580507  19.002636  0.131632  -0.142104  0.118626
21470  137.391531  210.456691  19.306593  0.089559  0.092855  0.086371
21491  1167.711646  410.595727  20.102532  0.197310  0.426440  0.121174
21496  1844.349338  1566.266151  19.885770  0.269619  0.441056  0.083724
21512  1434.907729  1562.803432  19.753017  0.129868  0.693524  0.097075
21517  1585.024029  913.916889  20.537101  0.105575  0.824163  0.123355
21525  316.954773  1181.317563  19.618529  0.164280  0.059674  0.089483
21527  1732.667233  773.512986  20.465414  0.100411  0.619743  0.120302
21528  369.733169  809.765072  20.911505  0.125831  0.912938  0.218419
21529  1748.222999  1155.274015  19.356789  0.081866  -0.093672  0.165959
21530  671.500930  797.441423  20.152292  0.180121  0.171462  0.128679
21531  1266.699490  1110.868774  19.352610  0.135992  -0.074850  0.122595
21537  1443.030088  1068.698171  20.311018  0.203408  0.346974  0.098790
21539  1613.789083  1637.596271  19.631383  0.222925  0.413821  0.093982
21545  219.150036  1340.378829  20.108965  0.135546  0.566555  0.125166
21546  633.817868  911.639936  20.348225  0.224650  0.206538  0.264245
21547  1752.475128  1141.394705  20.072474  0.197769  0.447671  0.265752
21553  1831.921633  1374.362449  20.375769  0.183309  0.395206  0.165445
21563  1906.211399  320.418730  19.648816  0.179516  0.340632  0.165263
21564  172.299675  614.913043  19.204961  0.119390  0.051541  0.065278
21567  1610.653663  43.198293  20.367379  0.104861  0.441137  0.088735
21584  1867.017050  796.177277  20.606951  0.099159  0.805525  0.115055
21585  1943.995846  1348.088931  19.747990  0.276307  0.379183  0.079998
21598  1671.606330  1911.031216  19.660572  0.086421  0.251578  0.076993
21609  312.759942  223.673387  19.780162  0.111530  0.330153  0.081575
21611  1340.525843  607.734551  20.292648  0.131069  0.400034  0.107628
21613  1267.262986  1058.978865  20.198171  0.162850  0.104577  0.115759
21621  1959.151573  1045.879854  21.024110  0.110749  0.844819  0.124513
21622  1247.367237  1732.542401  20.748715  0.156535  0.787922  0.212436
21626  1138.830064  1386.300335  20.451373  0.123799  0.829964  0.152035
21630  1104.974198  507.305941  20.265674  0.084525  0.321919  0.230645
21634  1882.852258  103.255136  20.651866  0.149772  0.681265  0.093974
21636  1651.539105  1708.528473  20.221969  0.198831  0.285250  0.195289
21640  1861.650142  1434.071678  19.399744  0.076805  -0.078097  0.083376
21644  212.794417  617.163558  20.300717  0.164355  0.411921  0.174843
21656  1798.845652  920.396548  20.635517  0.100402  0.344989  0.165574
21659  331.285235  1372.567182  21.417291  0.223220  1.042196  0.159037
21660  583.753432  614.920685  20.199753  0.099628  0.275088  0.110501
21666  1926.693016  948.572371  20.625748  0.263490  0.745864  0.198341
21670  521.643003  1937.490051  20.148926  0.097580  0.471323  0.102878
21672  1656.732360  406.456186  20.702312  0.205332  0.806435  0.412651
21682  1821.465084  1218.638441  20.912037  0.120294  0.515574  0.166083
21684  774.598814  567.907443  20.636215  0.114348  0.301201  0.325507
21688  4.518315  670.313423  20.152413  0.129248  0.385254  0.101381
21695  1762.789098  1909.263715  21.008011  0.133489  -0.092723  0.309642
21709  808.055985  1905.820241  20.515096  0.207979  0.769581  0.176162
21711  1220.923215  83.264595  20.425422  0.123139  0.220367  0.091859
21716  1459.633941  678.117668  20.507790  0.196774  0.552971  0.253200
21728  1005.013933  266.114742  20.690410  0.203625  0.038373  0.208230
21729  1062.409151  1307.150046  20.731177  0.097962  0.046786  0.144291
21738  1442.818727  690.170618  20.389019  0.155316  0.457126  0.189252
21759  477.102138  868.566978  20.824397  0.182438  0.583648  0.203556
21760  1081.054720  542.108117  20.508583  0.307151  0.628789  0.242606
21772  893.659930  1912.714129  20.363057  0.239704  0.366212  0.104379
21793  1751.453176  1477.573203  21.648614  0.229720  0.435314  0.129597
