# id  x  y  V  eV  BV  eBV
12  1106.988278  1072.461087  21.466683  0.315520  2.075243  0.149237
18  1154.837606  1072.568668  21.820331  0.197869  1.752734  0.144413
112  1078.841733  966.552596  20.894378  0.364539  1.761490  0.209883
119  1071.253135  1050.283622  21.076343  0.224329  1.662588  0.161369
122  1165.991936  1089.148948  20.961057  0.162424  1.404569  0.119610
123  906.203873  1009.454223  20.901275  0.128633  1.988218  0.217282
126  1059.847516  839.989289  20.840863  0.251827  1.394998  0.299938
128  826.648044  1127.253340  20.837517  0.185666  1.446222  0.156546
129  880.200765  871.305339  20.375647  0.231589  1.404331  0.111742
130  989.340078  982.810644  20.716466  0.147297  1.616695  0.179638
132  1036.220764  1097.089987  20.633844  0.112086  1.547310  0.104557
133  1107.149169  935.006638  20.556492  0.146926  1.477979  0.179771
134  1101.034557  1045.000335  20.212661  0.129106  1.587117  0.114743
135  956.388495  995.798180  20.536676  0.118564  1.376809  0.159654
136  1124.529029  960.404541  20.172528  0.215524  1.335213  0.125049
137  1120.456479  861.130465  20.121359  0.100716  1.413022  0.089483
138  1004.492513  994.449695  20.129083  0.183283  1.311373  0.134930
139  1051.089490  948.655227  20.254894  0.121226  1.397639  0.131341
140  1061.256520  1090.426266  20.193319  0.105529  1.387728  0.093515
141  922.043208  966.158459  20.429801  0.208900  0.998235  0.247141
142  953.350758  1123.790909  19.931976  0.261265  1.356658  0.093726
143  1004.071240  1031.195300  19.695066  0.158731  1.533626  0.241434
144  1123.752428  991.437230  20.038543  0.121058  1.299295  0.091481
145  930.618245  1119.701565  19.808274  0.115365  1.260765  0.076236
146  1153.764004  1029.267149  19.939585  0.142074  1.313109  0.101140
147  976.954573  1198.570660  19.789627  0.088000  1.535389  0.259176
148  995.295089  1065.517773  19.927926  0.104808  1.323946  0.101478
149  1258.648515  1010.512753  19.920686  0.210075  1.273942  0.126815
150  903.098122  905.861591  19.665004  0.204402  1.298648  0.206551
151  862.386156  1082.757468  19.728447  0.083263  1.384567  0.115594
152  1054.146232  1140.809544  19.627092  0.115576  1.392334  0.086145
153  954.168852  1150.316524  19.364344  0.078342  1.165486  0.168409
154  1188.158648  1042.631332  19.395647  0.080460  1.318806  0.069960
155  1062.928425  1152.320819  19.344696  0.144024  1.289496  0.109393
156  942.234255  1087.527567  19.314574  0.134532  1.090997  0.147965
157  946.740122  1040.834437  19.212382  0.089859  1.086114  0.111069
158  1052.011807  854.926602  19.178468  0.127979  1.258220  0.062434
159  1027.386081  959.745802  19.206027  0.100037  1.224774  0.143474
160  1211.159532  1028.060160  19.088419  0.074579  1.204198  0.085688
161  1008.824013  1139.902792  18.864156  0.117722  1.228173  0.099399
162  915.994132  1012.000850  18.935734  0.108599  1.340769  0.083146
163  1042.970849  1039.394263  18.934367  0.082434  1.111368  0.065453
164  999.996109  1063.338701  18.852263  0.077358  1.072480  0.126542
165  895.842775  1048.201257  18.881288  0.107606  1.119180  0.102729
166  961.237197  949.231268  18.687862  0.138374  1.127341  0.096400
167  1076.364349  1006.763663  18.747421  0.055957  1.111714  0.108385
168  1043.184292  1158.655037  18.636965  0.057269  1.101900  0.057564
169  1017.510789  992.143667  18.494333  0.119279  0.973133  0.097348
170  831.919084  1029.373051  18.443995  0.073979  1.059444  0.074181
171  916.830433  983.161426  18.516465  0.062819  1.091158  0.099672
172  1119.116964  1070.423593  18.422783  0.100535  1.219870  0.136056
173  923.401011  974.961193  18.323018  0.048819  1.015810  0.108511
174  969.560863  841.865196  18.308881  0.074055  1.208279  0.101559
175  994.888172  899.009004  18.248924  0.050373  1.011624  0.045002
176  1016.987075  1016.625336  18.109476  0.080302  0.986457  0.087593
177  1112.704655  946.454835  18.087281  0.044202  0.980768  0.049573
178  921.315430  1091.418173  18.130161  0.044130  0.875008  0.053416
179  935.233618  1033.370870  18.109641  0.098374  0.981032  0.057486
180  1020.523233  1069.443768  18.027865  0.082797  0.903400  0.042803
181  1062.172897  1189.633065  17.785882  0.063307  0.911118  0.042799
182  995.223286  961.631764  17.824962  0.066975  0.996117  0.047437
183  1163.772129  1057.840128  17.699686  0.057609  0.971167  0.115041
184  1125.887693  977.377403  17.700872  0.054693  0.928676  0.061297
185  1120.044974  918.879191  17.703198  0.045603  0.819305  0.082721
186  938.294702  1060.571197  17.672290  0.048144  0.814403  0.088252
187  1168.670863  1000.155566  17.572330  0.042948  0.842017  0.081439
188  1038.010061  997.149860  17.527786  0.058751  0.818904  0.045602
189  894.115656  1021.707182  17.501740  0.049901  0.799963  0.062624
190  1026.426778  942.302577  17.386923  0.075207  0.761544  0.056599
191  1183.994941  1109.692252  17.458051  0.083660  0.637565  0.071799
192  1050.499052  983.774925  17.306631  0.059085  0.891446  0.050742
193  972.217405  979.492884  17.149117  0.038945  0.902953  0.070286
194  1109.409546  978.811310  17.103705  0.034486  0.747410  0.066217
195  1098.171535  1082.339226  17.025635  0.046423  0.807413  0.051580
196  948.376904  1251.964436  16.856545  0.110221  0.777656  0.061661
197  982.894653  1043.932692  16.971804  0.050763  0.876233  0.061043
198  979.072020  1036.726129  16.810098  0.085328  0.812776  0.038868
199  1082.202214  1093.233050  16.667587  0.050788  0.843028  0.046026
1100  985.611612  887.669412  16.658369  0.050699  0.791796  0.033171
1101  1007.873167  891.939369  16.628102  0.047709  0.804769  0.057505
1102  1130.751652  948.481208  16.401920  0.062775  0.767429  0.052809
1103  1091.924808  1039.326433  16.409817  0.031558  0.759241  0.042425
1104  968.704737  1161.758597  16.245457  0.039250  0.744745  0.037987
1105  955.842376  1223.125729  16.232123  0.029032  0.774800  0.028721
1106  1215.682191  982.995026  16.080614  0.028818  0.739233  0.038515
1107  992.270090  1067.224658  16.111670  0.052980  0.724059  0.048828
1108  951.106068  952.202015  15.959172  0.064781  0.796714  0.035770
1109  1047.295857  1027.601715  15.693177  0.059864  0.676299  0.076693
1110  1146.233590  1012.283167  15.589169  0.049173  0.722014  0.028272
1111  894.190080  1030.445158  15.294398  0.042078  0.681827  0.032613
1112  1141.426176  901.566669  15.106371  0.029719  0.763011  0.030751
1113  1003.333366  930.011996  14.905305  0.047959  0.735126  0.046541
1114  935.256412  944.053023  14.768740  0.043010  0.680234  0.061252
1115  1079.166157  1146.524488  14.455882  0.034067  0.661615  0.036700
1116  1002.917970  1050.587587  13.950984  0.027889  0.575029  0.066534
1117  1024.201503  1064.698020  13.532713  0.042171  0.663705  0.021340
1118  924.587827  1009.992233  12.761475  0.037633  0.668748  0.030826
1119  961.991373  1033.399460  11.886198  0.044286  0.641425  0.019280
1120  1103.098573  1054.064271  11.267786  0.018414  0.713128  0.029461
1121  876.781404  989.728010  17.583516  0.043857  0.796453  0.047944
20  1031.981280  1015.031137  8.693370  0.023724  0.727830  0.026284
21  1770.021166  1631.539270  12.827385  0.036314  2.783499  0.028657
22  1056.161271  746.158099  9.612493  0.022669  0.557412  0.027862
23  1971.704325  1166.948771  10.182844  0.029294  0.619335  0.016705
24  162.737278  924.453420  10.092456  0.033188  0.545492  0.027467
25  961.109152  671.708750  9.839398  0.039589  0.570965  0.020553
26  1599.278049  1248.626452  10.639827  0.047490  0.562907  0.027150
27  1707.335675  311.978416  10.353978  0.038372  0.513221  0.019035
28  481.246795  1862.465360  10.279450  0.016507  0.605063  0.024626
29  387.702951  855.302331  12.824792  0.026369  1.878275  0.038176
210  494.958138  1798.059830  15.687192  0.048749  3.274716  0.054852
211  1691.199990  1953.720893  10.874466  0.031756  0.604524  0.027338
212  1066.288624  898.467522  12.144813  0.034531  0.827383  0.019555
213  954.621158  504.358626  11.483036  0.029098  0.679027  0.037737
214  1757.491817  748.860783  16.641119  0.060939  3.426752  0.048517
215  812.286250  1254.517266  16.161122  0.034513  2.940483  0.065152
216  357.988614  167.955964  12.122557  0.033583  0.693936  0.021599
217  248.894983  1547.121072  14.029852  0.047584  1.813168  0.036146
218  490.046768  661.043653  15.535529  0.028536  2.428552  0.051817
219  1689.959432  1551.767736  15.136449  0.029309  1.991477  0.038141
220  952.382051  980.448283  12.827390  0.024353  0.867886  0.054406
221  968.820293  573.520869  12.558658  0.039984  0.827792  0.023372
222  1700.120564  1497.653689  12.929023  0.020515  0.736525  0.019930
223  1902.816225  1605.969856  16.571206  0.085540  2.631365  0.043320
224  1995.387871  423.262883  16.413584  0.065312  2.562059  0.041193
225  1350.772140  1971.001624  14.648495  0.030810  1.332866  0.022584
226  1669.746988  1343.861973  12.514255  0.034835  0.198961  0.018862
227  1405.246185  1943.325933  13.602082  0.045028  0.795079  0.029640
228  807.171291  1318.203727  13.154338  0.039806  0.706010  0.020380
229  1310.769852  1763.667562  16.599973  0.038273  2.260267  0.055230
230  1237.965652  1673.353520  15.845328  0.032123  1.802097  0.026866
231  1563.875020  706.809937  13.425733  0.029527  0.691070  0.032607
232  233.522786  362.474313  15.395487  0.027061  1.626107  0.028998
233  117.220628  632.166676  20.212707  0.286471  4.179654  0.192146
234  1938.040413  456.404063  14.236844  0.051781  0.852206  0.034622
235  990.473472  899.847557  13.658541  0.041689  1.184091  0.040688
236  714.594565  2012.256493  16.813601  0.038424  2.443884  0.079610
237  1039.974328  1378.391141  14.206117  0.022248  0.981017  0.034001
238  1180.157519  916.944122  13.668947  0.035762  0.402828  0.034488
239  435.110760  505.374157  14.119657  0.020993  0.812779  0.029162
240  204.570838  1230.742866  16.159019  0.057034  1.844059  0.035577
241  627.244769  316.516052  20.282851  0.097311  4.148307  0.092700
242  205.156434  1940.862974  14.137383  0.041465  0.525544  0.047057
243  815.964865  598.961416  16.720937  0.073618  1.993778  0.053781
244  175.313628  1314.167691  17.121324  0.056134  2.376271  0.068912
245  690.898473  21.481762  14.058620  0.042298  0.509130  0.036856
246  1450.841127  1203.328112  15.872351  0.034174  1.528980  0.046870
247  705.816532  1.665354  19.678220  0.104550  3.549403  0.092208
248  1686.824331  1030.896942  14.189988  0.035147  1.119929  0.076408
249  1791.057215  670.414556  14.483454  0.029981  0.847451  0.061993
250  190.814629  926.225929  15.353646  0.040910  1.363090  0.051397
251  194.441422  1532.700034  15.973523  0.046361  1.777013  0.050057
252  1305.176460  1622.621912  15.771483  0.037134  1.132617  0.034712
253  278.864123  732.092085  14.991289  0.039353  0.942151  0.033225
254  223.081776  1637.652763  13.879717  0.025716  0.175700  0.047663
255  354.910104  1051.874605  14.706405  0.042379  0.933792  0.036157
256  377.377661  778.568189  15.144793  0.069318  0.816270  0.094291
257  1812.809079  1165.145791  18.352676  0.074212  2.718633  0.056307
258  228.487236  796.382999  14.572138  0.038650  0.619328  0.040434
259  760.187853  1190.113794  19.341078  0.086842  3.297413  0.152227
260  759.126466  1331.907640  20.809584  0.181794  3.976982  0.202445
261  330.584526  1861.601585  15.044608  0.046235  0.884973  0.035942
262  1660.917250  1299.284017  20.071701  0.120519  3.723808  0.098438
263  1353.204425  1084.690742  15.198441  0.023701  1.138206  0.037358
264  1106.492830  205.895933  18.047475  0.113309  2.531305  0.083348
265  721.894613  1957.391397  19.754126  0.079438  3.379798  0.110424
266  1468.087363  144.978322  17.949951  0.098253  2.432393  0.083697
267  480.224628  371.965055  19.197364  0.184514  3.157547  0.077886
268  217.591911  1291.468862  18.255806  0.083807  2.578344  0.096280
269  605.817685  1055.712462  18.553437  0.053829  2.959841  0.083635
270  1171.294132  2025.296316  17.979488  0.057718  2.667099  0.088612
271  1813.890825  1348.358336  18.399997  0.101559  2.692281  0.065379
272  1309.485004  1287.712191  18.252022  0.116914  2.442488  0.071185
273  1473.592476  1185.344627  17.058499  0.059827  1.443690  0.064479
274  1929.890118  535.035346  18.901382  0.084409  2.860772  0.167505
275  93.138326  186.170402  20.385044  0.101773  3.683069  0.097891
276  272.965035  1657.211547  15.780257  0.033437  1.080200  0.050392
277  1327.234391  616.732956  19.716327  0.118536  3.026063  0.072387
278  1173.874237  1216.887991  15.843001  0.047999  0.998019  0.049022
279  1554.770097  1386.145605  14.477283  0.030440  0.158546  0.040008
280  1437.715407  123.988594  15.181611  0.025686  0.759150  0.025885
281  1613.316555  1004.557512  16.310875  0.050794  1.056978  0.039159
282  1338.957745  1325.083572  18.143699  0.061094  2.257298  0.074030
283  1467.818192  563.789299  18.573473  0.054948  2.457306  0.077108
284  1567.631454  1180.596470  18.426746  0.055852  2.311530  0.065083
285  428.269193  340.959133  19.579076  0.066605  3.056399  0.077038
286  1419.193971  303.659821  17.442478  0.062305  1.870794  0.072409
287  1354.185294  1889.413080  15.713224  0.048255  0.890031  0.080725
288  1994.978266  811.147327  15.889434  0.031784  0.988861  0.044207
289  1739.233110  79.045761  18.114656  0.058876  2.475704  0.100293
290  294.226727  1231.247151  15.635424  0.049069  0.982190  0.057991
291  1728.540991  1670.431125  14.978538  0.028399  0.650915  0.037886
292  1188.914515  1823.356865  19.372056  0.124680  2.962862  0.114733
293  1590.717995  367.240018  15.942118  0.041748  0.804566  0.085270
294  724.835310  408.832516  15.337137  0.059486  0.708056  0.035303
295  1150.500267  526.188563  19.964831  0.077035  3.291364  0.135575
296  1669.380982  634.865810  15.531848  0.067735  1.094718  0.046611
297  790.164350  1801.255472  14.744126  0.027292  0.237116  0.023744
298  982.265558  1634.293037  18.417068  0.062536  2.267116  0.146043
299  1733.421087  974.808902  15.671804  0.036264  0.814143  0.044455
2100  1367.379874  1596.975621  15.009509  0.027070  0.131548  0.037033
2101  128.053820  843.847441  20.222890  0.112820  3.042448  0.115183
2102  1006.961138  1101.784919  15.874466  0.033888  0.862571  0.031896
2103  1073.536733  1998.556089  15.921719  0.054325  0.811208  0.035229
2104  1096.891359  46.141390  17.612615  0.135176  1.662939  0.062127
2105  1471.095771  685.089852  19.104277  0.080467  2.401547  0.099515
2106  608.233643  1889.090877  16.631049  0.041970  1.823507  0.126429
2107  757.375844  1683.576055  17.432205  0.058512  1.694707  0.043253
2108  1672.811564  530.386868  18.317629  0.167670  2.024275  0.086087
2109  171.478633  1375.311188  15.921385  0.034642  0.697004  0.041797
2110  255.214742  1707.104053  19.856948  0.267662  3.115388  0.094297
2111  1167.403386  1097.819725  15.797504  0.056138  0.773714  0.045929
2112  1921.617669  91.930364  15.826924  0.038749  0.825941  0.030654
2113  1066.830835  843.486838  15.525659  0.039490  0.547882  0.041811
2114  1813.634466  1911.512505  16.248813  0.038889  0.951728  0.045203
2115  699.052874  349.646314  16.390232  0.068060  0.989817  0.036320
2116  1849.603774  1693.434337  15.804299  0.049859  0.850464  0.056460
2117  669.706452  2025.561942  18.684661  0.072074  2.164944  0.107086
2118  1994.149705  143.733519  16.564500  0.053229  1.081318  0.043518
2119  1384.249627  897.696939  16.272568  0.064917  1.485514  0.043742
2120  1193.824877  1557.153581  20.662500  0.192133  3.420890  0.200906
2122  824.371656  1340.340585  20.723622  0.142650  3.125019  0.244756
2123  1342.719117  758.997347  16.048786  0.070007  0.803209  0.045852
2124  92.892303  1574.535011  16.121985  0.049117  0.970612  0.050743
2125  1458.915348  1208.197016  15.326392  0.055015  0.268302  0.069018
2126  968.615823  1773.301957  16.355985  0.050562  1.011354  0.073465
2127  1148.569541  1000.115391  15.280360  0.049866  0.353340  0.042440
2129  53.267980  1044.282412  15.854888  0.062693  1.343744  0.045052
2130  392.947444  812.565063  16.942317  0.058821  1.313787  0.053440
2131  1340.676867  5.595224  15.308635  0.029951  0.485732  0.024601
2132  612.100563  1860.268391  15.899563  0.034369  0.697052  0.040147
2133  1911.772738  1995.330269  16.199628  0.029720  0.907706  0.040854
2134  999.583980  377.552313  16.910633  0.086861  1.301236  0.056002
2135  962.639444  1195.447534  19.416162  0.108638  2.755010  0.114149
2136  1096.113750  153.377235  19.498861  0.095629  2.572117  0.192998
2137  1379.503144  944.084133  17.021468  0.041188  0.969793  0.038101
2138  2040.771415  993.807239  18.928388  0.113274  2.088416  0.131667
2140  76.248993  850.196683  17.034060  0.033508  1.770783  0.063693
2141  885.774111  1353.606371  16.957647  0.045364  0.978401  0.038519
2142  775.099561  395.871817  16.817479  0.040546  1.073219  0.066054
2143  594.303034  1410.733188  18.502368  0.149364  1.799025  0.113525
2144  914.305396  263.039476  18.412935  0.098168  1.658943  0.050803
2145  1604.656525  1411.166158  16.756012  0.045854  0.922034  0.057423
2146  960.964144  1378.347149  19.100844  0.118821  2.215123  0.091373
2147  1631.328733  1662.308490  16.502956  0.029933  0.972906  0.049472
2148  458.599532  1124.988509  16.432406  0.067057  1.174717  0.034265
2149  560.191493  1256.669350  19.871841  0.093536  2.737831  0.145485
2150  951.050496  710.247567  16.608052  0.039518  1.156640  0.044635
2151  597.537737  240.618077  17.065142  0.041437  1.354223  0.048890
2152  1132.689040  374.687027  16.384362  0.116353  0.855040  0.043022
2153  1070.429641  1988.775867  16.820155  0.107776  1.022823  0.062777
2154  779.627860  72.181827  20.930757  0.146203  3.270892  0.385018
2155  607.026371  1780.126986  20.057242  0.230821  2.699101  0.077590
2156  1525.312150  1808.650994  17.425409  0.082977  1.335445  0.099759
2157  1505.160795  1817.078586  16.478844  0.053596  0.660938  0.046199
2158  64.702605  251.378869  17.170825  0.064586  1.154033  0.051217
2159  205.968637  1456.831935  15.853562  0.036936  0.285775  0.033547
2160  634.235126  755.970708  16.734485  0.072686  1.011451  0.048939
2161  1628.632423  2007.263424  18.184083  0.106879  1.571218  0.105503
2162  1399.902942  140.568235  16.319492  0.064593  0.570979  0.070309
2163  584.099371  819.398576  15.761012  0.030862  0.396025  0.029694
2164  1932.262802  1286.874302  16.608643  0.032283  1.683658  0.030520
2165  1992.352538  531.752678  19.991844  0.229451  2.751685  0.181274
2166  250.953076  155.061390  19.329575  0.130868  2.394620  0.115296
2168  1721.890021  94.708417  16.638515  0.054066  0.934227  0.033639
2169  884.738181  1205.199792  18.379107  0.047782  1.824908  0.056463
2170  229.182443  1850.938125  17.855036  0.045117  1.448331  0.041962
2171  746.111992  592.318096  19.992690  0.170133  2.588535  0.115489
2172  1143.530988  90.734157  16.900756  0.048631  1.057821  0.038406
2173  30.448982  1522.036130  20.584184  0.101692  3.102529  0.162611
2174  1038.304428  1298.661469  19.604288  0.142218  2.836293  0.118821
2175  982.336994  1266.918386  18.469398  0.064739  1.800010  0.098534
2176  1306.045597  1591.257948  19.770181  0.108324  2.749062  0.122202
2177  416.222916  1553.980544  17.646863  0.066698  1.305138  0.127343
2178  611.414382  353.053871  19.237048  0.110897  2.253709  0.063915
2179  901.536620  1161.653704  16.826967  0.052501  1.010097  0.047475
2180  1248.171097  1939.818878  18.181059  0.068346  1.708674  0.112135
2181  166.356503  1343.776106  17.677383  0.146140  1.189543  0.075764
2182  556.313853  1092.185117  17.389010  0.071331  1.242092  0.097961
2183  1153.227711  1897.666713  16.650684  0.050958  1.416485  0.045988
2184  178.611708  1288.503048  15.447678  0.086694  0.256129  0.025738
2185  189.470818  1411.079401  19.482853  0.067107  2.408984  0.065616
2186  1207.408318  1280.473196  16.963674  0.086848  0.962950  0.076617
2187  874.844216  426.920399  16.610925  0.047113  0.834440  0.045643
2188  1897.933659  1870.274091  16.977913  0.083147  1.158259  0.050784
2189  31.942363  8.199626  19.513542  0.088615  2.086142  0.068837
2190  1433.420008  446.446445  17.076537  0.066544  0.589783  0.044673
2191  1302.005371  732.530007  19.332306  0.164601  1.813012  0.076008
2192  1766.696565  33.491130  16.555193  0.052069  0.365237  0.105568
2193  957.419723  15.824218  16.748344  0.062666  0.757998  0.065918
2194  773.620476  1685.602720  18.105317  0.092697  1.234251  0.074833
2195  1854.642368  1219.166224  18.512014  0.080159  1.725222  0.049744
2196  1015.316575  532.155623  17.323559  0.040707  1.085984  0.087600
2197  884.826287  1968.192229  17.595970  0.054772  1.134469  0.068568
2198  1696.509877  446.786618  17.599620  0.097898  1.480401  0.064967
2199  581.783175  724.977475  16.913578  0.048199  0.569491  0.042038
2200  552.663500  969.512895  18.550033  0.089363  1.584536  0.121498
2201  1666.931781  994.944628  17.392720  0.037079  1.020934  0.047179
2202  242.738438  684.533003  19.325229  0.132113  2.303727  0.075183
2203  16.023807  1035.550312  17.560700  0.085154  1.025543  0.122377
2204  1894.454349  1161.698475  18.950859  0.162722  1.923580  0.184515
2205  711.259103  781.216983  18.008759  0.092007  1.365076  0.072419
2206  857.418743  1340.819537  17.704156  0.048227  2.073469  0.055360
2207  1479.310709  1654.042694  17.311199  0.114202  1.151396  0.070482
2208  1310.669684  1077.084654  18.870710  0.073604  1.784726  0.117170
2209  1539.049605  351.955131  17.080414  0.059720  1.183003  0.043381
2210  627.015670  1079.874050  18.467691  0.156229  1.565754  0.091484
2211  1262.835732  654.320532  20.060951  0.132511  2.519812  0.168444
2212  189.423769  1849.465807  19.514198  0.098859  2.211907  0.090419
2213  483.243455  176.933534  17.031216  0.092767  0.769444  0.067111
2214  532.742427  1488.752954  17.536184  0.074745  0.931349  0.052973
2215  234.003567  773.119877  17.286979  0.100169  1.311442  0.077564
2216  1047.153669  449.612638  17.998885  0.060078  1.140293  0.050486
2217  1098.834991  1107.026031  18.797159  0.092665  1.694795  0.069909
2218  1213.420790  1950.621737  18.448729  0.086653  1.691482  0.082480
2220  45.076649  562.860016  20.003736  0.137517  2.552954  0.074886
2221  1832.957970  323.407522  20.049789  0.131026  2.326956  0.110990
2222  1926.992727  1314.917627  18.572364  0.107275  1.692065  0.095222
2223  1867.964328  852.436674  18.718463  0.055895  1.735391  0.086806
2224  1210.778495  186.849533  17.470282  0.042131  1.800079  0.058483
2225  504.353050  625.044677  18.048624  0.071213  1.526822  0.104067
2226  99.365562  1868.975667  18.947789  0.067894  1.898416  0.068788
2227  142.951737  75.554053  19.881947  0.105522  2.396761  0.153560
2228  118.148969  1391.569477  19.546968  0.167769  2.161865  0.066915
2229  1016.958678  1509.374886  17.285534  0.040641  0.749057  0.067735
2230  295.052783  585.688625  20.710707  0.114810  3.012007  0.110693
2231  1703.759831  1920.438274  19.614384  0.078618  2.421356  0.082448
2232  1013.017713  629.842899  17.232743  0.079204  1.190913  0.087415
2233  1374.459229  1449.117733  17.992460  0.064387  1.320176  0.106175
2234  1651.899082  102.951571  18.900591  0.115507  1.624095  0.148067
2235  2041.064609  1294.777322  16.707339  0.032197  0.760394  0.043120
2236  1637.897997  35.878023  15.283622  0.025473  -0.401217  0.048692
2237  2033.657299  1694.558405  20.503579  0.200121  2.828940  0.140940
2238  1525.841526  582.929864  16.579846  0.069088  0.563387  0.037078
2239  532.710598  1864.868660  17.018715  0.068759  0.613412  0.086727
2240  1366.318914  1694.236271  18.425666  0.104553  1.824368  0.092749
2241  1206.602992  1017.526384  17.536141  0.068405  0.906550  0.070786
2242  1519.637249  418.689170  19.062632  0.133975  1.683385  0.055915
2243  199.327884  969.240044  17.028669  0.038385  0.819804  0.052312
2244  1310.782722  419.076459  18.160539  0.111350  1.515763  0.104794
2245  652.307766  735.576762  17.583375  0.048579  1.066247  0.046733
2246  433.489572  1348.012168  18.251702  0.071951  1.403295  0.075001
2247  1243.803249  713.023150  19.149605  0.067181  2.068432  0.144694
2248  807.729330  797.358226  17.616364  0.037899  1.823161  0.106147
2249  664.218399  1074.803551  17.257462  0.101905  0.963528  0.047928
2250  2015.874085  115.545197  17.597139  0.066845  0.896509  0.041267
2251  784.223298  467.565673  19.558906  0.103945  2.450894  0.079856
2252  454.101375  104.443132  17.960175  0.065237  1.270731  0.070542
2253  1610.242844  1656.990739  17.204703  0.054558  1.674597  0.048079
2254  2004.132442  415.353971  17.561432  0.067510  0.892816  0.104008
2255  809.451472  324.411198  17.818607  0.046587  1.134362  0.060180
2256  1937.618319  156.609734  18.511746  0.093745  1.490726  0.071095
2257  910.867455  1180.538994  17.439976  0.089504  1.392908  0.106993
2258  809.248356  1359.583444  17.137985  0.068193  1.418421  0.058272
2259  989.122085  32.800529  19.103902  0.155706  1.700167  0.083401
2260  981.374538  1599.411492  19.884321  0.084673  2.598704  0.138749
2261  630.644817  1481.550654  18.384990  0.057316  1.124857  0.103448
2262  1953.177540  1603.563584  20.820495  0.167185  2.934022  0.138477
2263  269.199847  1789.911486  18.135590  0.069427  1.135441  0.064496
2264  896.190786  618.269163  19.526879  0.088004  1.831947  0.065563
2265  942.136735  2034.292815  17.024633  0.049533  0.465041  0.049072
2266  1400.294131  1027.326359  17.786754  0.060418  0.828803  0.059239
2267  1151.400149  463.950727  17.653388  0.038481  0.548629  0.068492
2269  45.838633  666.609528  18.316909  0.126217  2.278712  0.072562
2270  6.635614  1341.558805  20.876643  0.152331  2.803061  0.142519
2271  1797.272649  111.677750  17.853135  0.113593  0.973572  0.051616
2272  1215.967551  1036.809809  16.176004  0.030559  0.063497  0.036312
2273  1650.687713  207.048512  17.876484  0.064206  0.994758  0.062714
2274  1899.469651  165.459649  17.388522  0.043136  0.489349  0.064700
2275  1829.917168  1085.369081  17.392626  0.089751  0.725085  0.085949
2276  1330.263015  801.969739  16.780275  0.036400  0.181126  0.054662
2278  284.812174  861.099380  18.356584  0.049861  1.236840  0.120847
2279  280.364507  260.876745  20.116956  0.112852  2.321380  0.105255
2280  1795.465915  1504.216681  18.129927  0.055509  1.182523  0.103472
2281  1227.192760  586.748333  18.829488  0.112331  1.476873  0.100953
2282  506.594203  875.565712  20.938331  0.104723  2.480603  0.320182
2283  793.866749  613.851653  17.566579  0.051782  0.744197  0.098706
2284  872.797813  766.327765  19.530277  0.174250  1.739869  0.156159
2285  1204.489974  1216.438321  18.443948  0.083056  1.131941  0.080223
2287  989.703139  1013.659077  18.149940  0.060486  1.085865  0.069066
2288  51.222376  1366.023540  16.457032  0.050499  0.139842  0.041366
2289  647.667143  1849.189628  18.126217  0.069576  0.976073  0.093292
2290  497.083972  481.235764  20.811649  0.120125  2.589094  0.150451
2291  1397.196023  1634.861749  18.053395  0.050309  1.985379  0.050337
2293  1017.113832  378.688169  18.339542  0.137068  1.144821  0.048713
2294  1854.118273  121.167920  17.467102  0.091740  0.898932  0.083233
2295  1966.676229  1326.566515  17.900862  0.079523  1.062285  0.041849
2296  179.248314  1684.014426  16.777225  0.036775  0.320812  0.088530
2297  152.980694  1171.234039  18.086755  0.068988  1.186562  0.065706
2298  1939.252778  1710.184347  17.845170  0.091067  1.506464  0.040885
2299  1961.288815  1570.707318  17.900259  0.068116  0.619226  0.126246
2300  987.999505  1720.669290  18.781969  0.150022  1.172527  0.116885
2301  1469.857999  169.582590  18.385439  0.063116  1.239316  0.061673
2302  83.778106  1048.894201  19.242853  0.097525  1.754378  0.066226
2303  1532.474607  1517.567202  19.500997  0.098582  1.892416  0.110278
2304  1702.895075  1407.966054  20.344127  0.125826  2.226106  0.097059
2305  537.104342  506.869689  19.688915  0.146866  2.025580  0.083938
2306  1157.127674  1330.864130  17.827674  0.104179  1.002163  0.077428
2307  541.863136  1861.997075  18.465244  0.213845  2.256963  0.061396
2308  1229.826218  740.743089  20.321960  0.121218  2.186480  0.088664
2309  1673.024138  1371.134164  17.832352  0.090727  1.427509  0.055606
2310  657.124976  575.201393  17.889295  0.052613  1.052696  0.094413
2311  1760.659892  1505.184027  18.216805  0.052222  0.966181  0.064631
2312  1093.071043  983.625358  18.885353  0.065070  1.604003  0.100034
2313  1602.753991  1060.402799  19.717679  0.129672  1.983708  0.093884
2314  153.022219  1683.944146  20.188945  0.132555  2.159308  0.131896
2315  1595.566977  1912.865368  17.544579  0.058017  0.940310  0.119477
2317  1204.015413  1796.477331  16.023134  0.032423  -0.263138  0.041494
2318  1421.536706  1566.859547  17.733968  0.059593  0.949976  0.050016
2319  1877.899146  960.851620  19.433441  0.115076  1.711319  0.064303
2320  700.505478  122.290215  17.802949  0.047514  0.733986  0.068100
2321  544.225472  741.610737  20.013347  0.094517  2.085075  0.130306
2322  190.840937  1071.580930  19.938819  0.089060  2.094770  0.104326
2323  68.686461  1222.849463  17.938289  0.083852  1.088158  0.062584
2324  1263.363023  1954.567670  19.989526  0.080710  2.175028  0.097225
2325  1382.788393  1823.616378  17.796977  0.089806  1.135400  0.081954
2326  721.555532  1366.911160  17.945922  0.084915  0.839448  0.070855
2328  1120.518703  1788.186973  18.482877  0.077115  1.102432  0.121197
2331  168.558728  92.531487  18.338792  0.064429  1.275829  0.066453
2332  1355.864180  1639.222156  16.690289  0.069324  0.195505  0.056909
2333  2001.654265  1509.660269  16.937419  0.094152  0.328993  0.040656
2334  537.114266  1460.556932  19.591730  0.156592  2.013368  0.311107
2335  873.051807  755.238749  19.625947  0.073303  1.684170  0.100915
2336  919.132317  1996.567548  17.936482  0.091581  1.074585  0.140719
2337  300.595349  814.869148  17.569853  0.057992  0.665990  0.065228
2338  1209.565312  1972.583032  19.348786  0.091441  1.576186  0.084311
2339  1327.096832  802.526717  18.387049  0.064865  1.281737  0.049052
2340  1278.403214  1361.360744  20.211993  0.126770  2.528258  0.161781
2341  861.150304  2021.012355  17.942416  0.077989  1.392622  0.103173
2343  963.594638  227.183169  21.140497  0.178861  2.767779  0.196547
2344  798.001694  573.270511  18.199350  0.103091  1.159317  0.046449
2345  1215.928811  391.023606  19.416934  0.086411  1.500231  0.161271
2346  1990.999451  1737.165102  18.672818  0.059612  1.144177  0.092041
2347  1668.285468  1893.094866  18.317813  0.103089  0.943553  0.066622
2349  69.500112  39.078252  18.337179  0.074426  1.149823  0.095332
2350  1318.711768  976.425314  16.756808  0.072844  0.103740  0.039108
2351  1653.417679  968.691565  20.324544  0.178167  2.328580  0.131859
2352  1694.103537  74.909937  19.787734  0.140098  2.096605  0.102350
2353  483.304884  1240.840074  17.519828  0.096290  0.742474  0.040465
2354  530.795388  1209.579764  16.197111  0.045748  0.027394  0.062932
2355  1233.563560  319.753642  18.585200  0.081643  1.293897  0.104459
2356  1022.705205  1495.565091  19.907811  0.119037  1.998413  0.085286
2357  756.163232  513.360289  18.276311  0.127842  1.018154  0.151440
2358  1064.987882  806.712041  18.012350  0.065243  0.980037  0.049475
2359  62.731051  1904.793312  19.519935  0.066086  1.777279  0.078722
2360  1050.926538  854.456340  18.090189  0.112459  1.504503  0.065775
2361  1494.798638  1096.703736  18.051717  0.056966  1.487664  0.063073
2362  1850.392869  205.704354  18.732044  0.053147  1.391106  0.114694
2363  822.338008  1562.369942  18.882050  0.109098  1.266134  0.105244
2364  1404.183319  2028.002791  20.277253  0.108744  2.171864  0.191384
2365  644.400858  1953.050531  19.540317  0.100189  1.193887  0.094762
2366  1354.420568  794.350073  20.517442  0.212232  2.327084  0.185094
2367  1963.444959  870.033124  17.444100  0.101880  0.344948  0.040380
2368  178.333582  2034.383672  18.851122  0.082512  1.649314  0.068113
2370  1851.635658  1573.226575  17.450645  0.071578  0.550546  0.063318
2371  72.808935  1197.652649  17.599024  0.085848  0.288664  0.098779
2372  617.098396  1855.046292  18.898888  0.054840  1.341431  0.084657
2373  1175.869671  204.236822  18.107314  0.060635  0.838955  0.147218
2374  1506.551892  743.845453  20.900006  0.111294  2.061415  0.193618
2375  27.081875  55.754771  19.770914  0.097320  1.843460  0.119276
2376  925.269881  312.901565  18.687339  0.060672  1.776617  0.073316
2377  1902.250244  1134.113161  18.943926  0.123581  1.198375  0.061966
2378  1404.672116  95.390458  18.772973  0.054133  1.695342  0.156927
2379  467.624180  1484.155730  18.389401  0.051556  0.818086  0.063799
2380  971.427814  1537.296456  19.054880  0.060961  2.105148  0.075291
2381  1045.264565  1514.367210  20.124290  0.254582  1.770327  0.098336
2382  148.055560  146.403977  20.890842  0.196402  2.183795  0.119355
2383  1543.199314  1609.283407  18.354556  0.105804  0.833302  0.059330
2384  62.680733  680.289821  21.058359  0.173433  2.394769  0.127149
2385  1528.432200  1811.981205  17.510372  0.124314  0.556990  0.052119
2386  431.384811  867.268269  17.512040  0.114789  0.485860  0.052033
2387  1155.851199  476.741539  19.382726  0.117915  1.413120  0.137806
2388  1517.757202  1787.562157  19.360749  0.116000  1.498967  0.064964
2389  533.186401  74.023186  18.929893  0.076487  1.123908  0.139649
2390  725.483885  202.349267  18.713003  0.054731  1.222232  0.108374
2392  665.483032  1636.894803  18.677021  0.059129  1.375372  0.053598
2393  1821.075250  1480.333424  18.978414  0.114809  1.072610  0.100156
2394  496.362206  2026.208284  19.683884  0.099694  1.533826  0.167005
2395  1335.758804  1786.946433  18.468769  0.147661  1.115169  0.064017
2396  1245.328691  1884.960960  20.952458  0.320325  2.381188  0.269309
2397  609.489952  1337.604431  20.470032  0.122318  1.923557  0.083547
2398  191.724639  984.690543  20.175016  0.212006  2.340976  0.191774
2399  1382.705817  1273.909774  20.536129  0.340699  2.469600  0.297670
2400  1255.013852  1010.523911  19.221628  0.109414  1.268432  0.060805
2401  1636.522269  1479.923121  18.993264  0.111918  1.280305  0.062452
2402  1513.550976  452.588250  19.224780  0.144777  2.557363  0.128712
2403  1182.780452  1670.497789  20.632385  0.169390  2.037794  0.221230
2404  376.813030  180.780888  18.993824  0.109156  1.049359  0.161218
2405  2006.381597  66.854196  19.681903  0.087328  1.470968  0.192531
2406  307.760550  203.845188  19.010569  0.074197  1.219874  0.055416
2407  1737.954818  207.846045  19.679224  0.094285  1.701318  0.111196
2408  1356.238408  92.130677  19.715012  0.097294  1.788983  0.121881
2409  1732.037739  1696.286804  18.877655  0.068452  1.165419  0.086220
2410  941.751878  1009.400652  18.581913  0.056330  1.466355  0.154740
2411  796.899442  1809.861652  20.185287  0.163307  1.848961  0.141014
2412  1740.812878  951.207708  19.147043  0.090355  1.293960  0.066884
2414  685.706058  190.880800  18.647306  0.103543  1.752362  0.095009
2415  198.599885  873.610845  20.034306  0.078881  1.730935  0.174965
2417  935.976192  1358.897157  20.148220  0.135225  1.710526  0.267694
2418  1833.421988  182.548109  18.644617  0.101360  1.126739  0.093010
2419  683.261159  1279.385407  18.915675  0.145996  1.880389  0.085409
2420  1359.476615  648.593341  16.770870  0.033243  -0.081510  0.032439
2421  1764.041126  1136.778426  19.645259  0.173631  1.881648  0.123637
2422  1463.457654  1259.711270  17.969786  0.065085  0.576345  0.136601
2423  1900.631542  1268.673536  18.890872  0.119977  1.314823  0.098210
2424  1517.957654  1657.183150  18.318641  0.066776  1.038512  0.080073
2425  875.129054  1725.625355  19.239366  0.112264  1.039983  0.110338
2426  349.442342  1307.733609  18.287797  0.098963  1.000738  0.093903
2427  1576.427750  1660.712583  19.144308  0.160254  1.326567  0.092598
2428  1931.850879  16.258526  20.422075  0.138312  1.764449  0.143355
2430  1882.655315  444.423250  18.505023  0.092767  1.404126  0.096626
2431  1986.214258  984.895189  17.757217  0.090102  0.438257  0.081200
2432  1442.514801  162.286044  19.277980  0.180789  1.401741  0.089227
2433  221.729147  1467.295628  20.402816  0.098722  2.248245  0.150141
2434  110.101681  1594.559315  20.914408  0.110726  2.403225  0.115880
2436  163.893922  760.731932  18.641937  0.233524  1.213125  0.068406
2438  2035.176258  1472.718901  19.059154  0.078704  1.381421  0.085159
2439  1849.194872  343.209637  20.966527  0.137412  2.439197  0.278752
2440  486.432329  2040.207919  21.167227  0.146926  2.357489  0.257168
2441  165.245675  1339.270864  18.528861  0.060645  1.062243  0.082938
2442  1040.448604  1186.809780  17.400178  0.050416  0.386792  0.048493
2443  714.533752  1785.083625  19.091729  0.071499  1.215503  0.117367
2444  282.059184  1650.606750  18.273119  0.083784  0.943757  0.064095
2445  747.563441  863.294786  18.686948  0.142982  1.147287  0.104249
2446  1159.207598  1602.948560  18.983916  0.068955  1.347590  0.106671
2447  1389.605784  1804.656004  18.453138  0.134626  0.910413  0.091359
2449  182.176596  649.965049  19.086505  0.112480  1.903034  0.092411
2450  1953.554267  183.711277  18.561131  0.083544  1.166454  0.064181
2451  1456.001770  1507.129541  21.126929  0.114338  2.676220  0.250493
2452  1902.800597  378.678086  18.802333  0.069572  1.262860  0.080482
2453  2040.406417  14.093344  19.391875  0.114471  1.481530  0.113982
2454  218.307921  1609.952775  18.341113  0.134408  1.051752  0.060873
2455  1781.826842  244.754988  18.806353  0.098768  1.431277  0.069411
2456  295.325226  557.148266  18.594519  0.070035  0.884866  0.055748
2457  1539.310553  1738.298092  19.437629  0.070043  1.606545  0.127506
2458  196.523441  1524.331505  19.388820  0.081886  1.364445  0.136164
2459  60.351528  452.835220  18.005010  0.042646  0.715775  0.075345
2460  900.178664  485.676208  19.428851  0.068035  1.380100  0.075978
2461  38.717100  1657.033444  20.103331  0.126173  2.164576  0.079107
2462  292.471569  759.482102  17.860727  0.052724  0.479765  0.067458
2463  1199.800114  943.413570  21.032570  0.160811  2.437345  0.170762
2464  1734.184717  61.149177  19.086034  0.073515  1.506157  0.069785
2465  1707.091911  1395.647055  19.561605  0.153065  1.590942  0.091928
2466  1420.348114  158.431159  20.115170  0.233979  2.029637  0.088292
2467  851.030012  562.422398  18.999011  0.066744  1.423472  0.075372
2468  202.281328  1453.252341  19.803718  0.184077  1.578175  0.113293
2469  1033.875093  1271.391889  19.188376  0.134444  1.494430  0.134488
2471  192.305355  1772.179598  17.695684  0.039677  0.515867  0.053907
2472  68.575673  1970.426085  19.794581  0.235830  1.691196  0.085736
2473  129.518437  1625.732340  19.525919  0.215687  1.359285  0.089789
2474  6.455542  804.177626  19.046417  0.090863  1.216975  0.075767
2477  1660.589500  1390.190739  17.050248  0.054445  -0.051359  0.070110
2478  1379.255805  365.147885  17.952763  0.058045  0.566103  0.046757
2479  398.980457  354.287341  19.244454  0.090046  1.474622  0.106350
2480  1078.003061  1387.422177  18.044349  0.099422  0.540451  0.096872
2481  1562.812918  1883.307612  18.762854  0.057124  1.038839  0.051934
2482  1341.847867  38.234880  16.791040  0.046002  -0.003553  0.049223
2483  1588.693253  91.949168  18.432502  0.121560  1.098249  0.049507
2484  567.349375  723.700367  18.518377  0.095109  1.455550  0.070746
2485  397.033156  1372.082041  18.782934  0.060961  1.095462  0.132100
2486  520.752753  884.020349  18.749526  0.076032  1.841143  0.061490
2487  272.009785  705.838472  18.169300  0.083597  1.029178  0.053330
2488  1662.307194  253.475440  18.845844  0.117591  1.268297  0.136463
2490  925.195379  1854.280344  18.857319  0.070322  1.180793  0.120340
2491  1617.172680  822.680133  18.431710  0.054095  1.186309  0.065441
2492  1569.831650  65.642053  20.034615  0.138223  1.895060  0.108838
2493  1059.273434  199.205056  18.520862  0.072472  1.139751  0.062770
2494  1352.683928  1615.735620  20.815958  0.331130  2.465689  0.174377
2495  1324.468646  1704.667325  18.477328  0.070735  0.932891  0.084199
2497  447.327283  817.653746  18.750936  0.097473  1.258483  0.133237
2498  1058.180188  538.545377  20.397987  0.108557  1.870666  0.209130
2499  93.242971  887.941216  20.894724  0.261997  2.597579  0.185827
2500  350.929869  1683.389016  20.062621  0.139616  1.775843  0.123309
2501  213.942245  1797.155128  18.812335  0.078023  1.685642  0.147889
2504  1109.895175  1015.059869  18.106123  0.067403  0.597809  0.143675
2506  1225.677114  1045.774375  19.443345  0.168505  1.838369  0.074258
2508  1698.327789  1929.271600  20.091586  0.131181  1.767900  0.093461
2509  1007.416985  1197.013670  19.624384  0.168147  1.323106  0.077525
2510  1475.012186  223.093786  21.048018  0.243185  1.837401  0.239682
2511  636.733559  26.920801  19.850150  0.082867  1.477147  0.122842
2512  644.240374  965.452127  20.751017  0.242258  1.622347  0.263889
2513  1700.064631  1742.505854  19.559829  0.086617  1.140172  0.103228
2514  1322.077869  1232.054532  19.243326  0.145716  2.175642  0.098763
2515  993.952405  1360.963518  19.748204  0.160806  1.808776  0.071727
2516  1637.414432  1828.384211  19.403471  0.112369  1.343960  0.069649
2517  1936.117312  2011.725842  19.370176  0.126041  2.127870  0.151844
2518  1668.307126  244.724667  20.002476  0.140499  1.819065  0.106110
2519  1367.699311  194.021229  20.095504  0.219594  1.444344  0.120399
2521  872.443103  71.124136  19.364495  0.084909  2.218692  0.096970
2522  363.562734  999.692538  19.871977  0.130807  2.458557  0.185568
2523  1975.942560  42.836306  20.848916  0.237292  2.113739  0.248934
2524  1931.368711  420.460983  19.232727  0.068727  1.047363  0.091378
2525  1623.349981  1109.577399  19.357498  0.162565  1.395257  0.085203
2526  1133.992824  257.968138  19.235825  0.080497  1.039850  0.122527
2527  1335.758609  633.715294  19.792425  0.077596  2.678371  0.152342
2528  1835.836139  120.464867  19.349700  0.090515  1.318195  0.126562
2529  1155.255149  581.328973  20.168985  0.109286  0.922839  0.220850
2531  1084.802612  2023.580722  19.460643  0.120146  1.621107  0.103467
2533  1026.497171  1898.110383  19.443226  0.123735  1.142243  0.185513
2534  1799.956377  1805.359952  17.458347  0.089612  0.128309  0.092326
2535  1891.777521  360.805303  20.680970  0.117573  1.898644  0.270295
2536  255.962136  1320.485863  20.407781  0.123710  1.674347  0.165965
2537  503.573467  1435.113553  20.548933  0.127524  1.360838  0.149942
2539  2007.768195  1985.779137  20.555646  0.113439  1.749353  0.130162
2540  1085.868604  1814.241382  19.091482  0.135203  0.864221  0.077236
2541  785.098883  1665.494081  18.122821  0.106638  0.351007  0.075149
2543  1489.468292  1438.351623  20.262982  0.205919  2.165049  0.226853
2544  705.950786  955.279757  18.954158  0.093704  1.043730  0.078849
2545  1928.967366  375.941445  19.784994  0.256169  1.317786  0.129112
2546  759.234268  529.968094  19.255023  0.163155  1.092826  0.071949
2547  144.868510  1256.731528  20.068300  0.087315  2.641808  0.093148
2548  364.067645  1881.505357  19.990771  0.085424  1.616915  0.153791
2549  1933.352492  1738.515046  19.365366  0.140389  1.282953  0.071671
2550  1290.475993  430.203258  21.268059  0.109689  1.749087  0.111325
2551  701.644884  1607.460584  18.651159  0.074486  0.601151  0.070869
2552  1928.868092  1739.688970  19.397691  0.141151  1.555638  0.061916
2553  2047.421632  1326.170327  20.150059  0.115762  1.384976  0.159279
2554  2037.314359  1934.902225  19.644122  0.110218  1.143344  0.069636
2555  318.182570  1208.795238  19.267319  0.062759  1.133577  0.083130
2556  1589.910936  2027.245334  20.580246  0.132436  1.969392  0.189745
2558  1243.249245  523.048379  20.502898  0.319903  1.655061  0.110050
2559  1682.937390  1145.697092  19.833946  0.141942  1.705271  0.090815
2560  472.545713  2030.300756  20.306646  0.219049  1.991248  0.149996
2562  1975.652303  767.607246  18.618153  0.108758  0.863962  0.096741
2564  1145.362234  834.084143  20.446345  0.202178  1.490829  0.140217
2566  1812.743538  838.255063  19.307829  0.081159  1.176753  0.091917
2567  1338.994463  1909.419844  19.408596  0.095868  1.642298  0.134047
2568  609.341119  1067.578419  19.633708  0.076444  1.197823  0.067016
2569  483.810991  367.292046  18.714290  0.065236  0.665326  0.161349
2570  131.562557  1084.247623  20.304367  0.088224  1.868046  0.138595
2571  695.585838  1108.705234  19.628499  0.146979  0.997449  0.114231
2572  1.503703  1332.815803  20.563127  0.149704  1.356658  0.230155
2573  1073.695952  1660.135082  19.508273  0.069691  1.086996  0.169401
2574  1226.825150  1429.300880  19.403987  0.069996  1.256685  0.086822
2575  1138.986639  1169.803788  19.307598  0.122857  1.266865  0.113515
2576  566.581591  863.774703  17.976102  0.066571  0.388135  0.056987
2577  62.066936  108.465094  19.728452  0.068335  1.873450  0.158395
2578  1504.162643  719.016944  19.316180  0.069995  1.314690  0.084257
2579  1560.303447  1205.059905  19.578449  0.164365  1.204162  0.117243
2580  622.884501  2039.676138  19.521052  0.171366  1.313192  0.173197
2581  1896.591900  1687.569282  19.458271  0.083377  1.246362  0.062069
2582  601.229267  1381.583565  20.864461  0.167191  1.953712  0.169365
2583  191.301769  117.149258  18.184838  0.133979  0.630340  0.100718
2584  529.394114  1797.770626  19.374639  0.084687  1.134695  0.079418
2585  1296.554220  1314.321056  18.958879  0.088527  0.869077  0.090607
2586  841.615033  1753.175434  20.226529  0.107072  1.558806  0.104986
2587  244.443284  240.343871  19.900991  0.122112  1.905863  0.235356
2588  847.799790  1561.498358  21.140024  0.176229  2.370287  0.118307
2589  1150.121787  1771.530027  18.302162  0.087136  0.570954  0.097027
2590  761.930887  1462.584881  19.142075  0.087107  1.279269  0.132810
2591  863.112646  813.248607  19.654460  0.188260  1.431692  0.214828
2592  626.499159  1657.930119  20.708915  0.121371  1.851289  0.200781
2593  153.630988  56.832522  19.122169  0.098083  1.118583  0.080350
2594  1145.483100  764.603877  20.093326  0.127550  1.584852  0.086550
2595  1511.253511  635.725782  19.719093  0.104651  1.407473  0.109914
2596  552.787288  930.415293  17.805054  0.100013  0.172693  0.054709
2597  2011.442015  1676.799863  19.529178  0.162675  2.583590  0.070286
2598  1556.858653  87.303712  20.868249  0.116809  1.770450  0.157446
2599  605.662220  1033.307520  19.835285  0.165731  1.199690  0.160782
2600  311.629155  982.778811  19.752024  0.110619  1.518061  0.102457
2601  455.769320  1370.240810  19.652907  0.109589  1.372549  0.197809
2602  2018.694424  374.123881  19.312982  0.236610  1.345401  0.073079
2603  1706.419132  153.564755  19.961995  0.205020  2.806913  0.128826
2604  24.561193  1704.686103  19.158948  0.150256  1.186764  0.112977
2605  1417.267969  1269.247739  19.583273  0.108481  1.159843  0.071562
2606  372.144447  1670.368767  19.219618  0.113850  2.139037  0.163296
2607  876.616080  1204.075544  19.294046  0.088511  1.762572  0.095130
2608  1576.516289  913.863814  20.206895  0.182762  1.626975  0.176032
2609  1637.889368  1454.166960  19.916309  0.115248  1.554286  0.118121
2610  394.989991  1657.604457  19.954068  0.101858  1.345389  0.126564
2611  1136.049143  1471.203273  17.913602  0.088147  0.355342  0.050345
2612  1652.762867  1046.304981  18.628503  0.067034  0.747302  0.083138
2613  414.794516  7.198203  19.834691  0.106218  1.627999  0.110518
2615  1928.417741  970.179516  19.878920  0.092144  1.342841  0.156278
2616  1156.830059  1036.017822  19.550507  0.079549  1.724744  0.183623
2617  640.839540  745.505197  19.706675  0.163044  1.269106  0.075096
2618  513.694697  1798.015423  19.483252  0.122010  1.716543  0.126266
2619  1318.161995  1804.230024  19.193877  0.072115  1.348132  0.096412
2620  1299.712195  217.206365  19.353267  0.133023  1.151548  0.081324
2621  1580.028814  1941.539772  18.582694  0.059542  0.750371  0.066254
2622  1656.583195  1781.443442  19.458243  0.075791  2.390343  0.107270
2623  443.184101  2041.761403  17.507193  0.062102  0.060130  0.060355
2625  42.473705  410.038982  19.374812  0.083227  1.434257  0.066073
2626  776.824787  1635.689610  18.671063  0.061798  0.616675  0.053340
2627  812.532293  683.222946  19.860301  0.121402  1.915832  0.080668
2628  1057.183940  147.184400  19.333124  0.097310  1.093511  0.079449
2630  997.075126  1958.990131  19.112696  0.158384  1.042871  0.117870
2633  549.304998  383.739359  19.255235  0.085686  0.958028  0.127774
2634  1093.432415  807.156174  19.997936  0.207064  1.360097  0.086328
2635  394.927918  762.483708  20.189881  0.129513  1.659537  0.225662
2636  1200.934042  81.266368  17.883078  0.076745  0.294265  0.086192
2637  494.313429  1716.864120  19.948110  0.073131  1.456630  0.126489
2638  2044.376952  1630.688803  19.390488  0.063156  1.366739  0.077215
2639  1031.963527  828.618822  19.047409  0.062932  1.108451  0.057851
2640  650.074789  1818.173290  20.175313  0.121579  1.612733  0.150469
2642  863.984850  1111.256527  19.961127  0.101206  2.588387  0.134945
2643  1319.736786  841.445547  20.632652  0.127208  1.865255  0.146355
2644  1846.480847  1165.566045  19.932237  0.144865  2.682018  0.084118
2646  1904.363582  1144.030724  17.631874  0.054128  0.216163  0.104428
2647  38.154475  124.414986  20.071950  0.113153  1.859994  0.227850
2648  856.494484  996.148895  18.096417  0.081886  0.473249  0.050950
2649  381.284039  606.310863  18.941862  0.106356  1.048543  0.076069
2651  28.309180  1801.613852  20.141170  0.108567  1.730955  0.122544
2652  1470.551987  450.411421  18.772081  0.079094  0.854929  0.051212
2653  1600.958466  1400.976547  19.547749  0.137530  1.768604  0.086144
2654  1503.967526  1095.967114  19.032418  0.077330  1.118258  0.123998
2655  1086.317544  63.039655  19.923887  0.276716  1.451417  0.146332
2656  806.377861  731.678148  19.187392  0.131698  1.509348  0.150015
2657  1785.077862  2029.265919  19.526321  0.133449  1.000438  0.081398
2658  201.332651  1610.675546  20.728072  0.216670  2.054723  0.120791
2660  1483.262301  280.270255  20.623044  0.265977  2.203845  0.216107
2662  1181.149298  297.779400  19.413295  0.065515  1.146778  0.193817
2663  1410.846399  960.071256  20.974292  0.149232  1.761420  0.247315
2664  435.047837  1948.152394  19.701351  0.111728  1.220947  0.078669
2666  1031.654281  406.621396  18.440065  0.071062  0.799526  0.105695
2668  793.734363  1900.756783  18.482772  0.064259  0.497252  0.053432
2669  258.616899  161.114818  18.800132  0.170680  0.954379  0.131085
2670  1980.893788  986.066714  20.057654  0.270124  1.557590  0.115777
2671  1984.622489  1915.879871  19.493501  0.096602  2.108151  0.126133
2672  1880.467236  536.281918  19.903662  0.080117  1.032162  0.162680
2673  1398.063181  398.287229  19.690194  0.092102  1.111790  0.088937
2674  604.721536  1298.670586  21.157799  0.150360  2.184558  0.155796
2675  1968.554315  2037.976856  19.304802  0.125951  1.292463  0.119876
2677  1859.648990  1575.300933  19.598389  0.213869  1.616808  0.069921
2678  1831.487186  1728.249614  19.603868  0.236694  1.567723  0.086877
2679  262.007915  103.854186  17.860390  0.112108  0.226549  0.062434
2680  959.198894  1989.762273  18.604605  0.100475  0.761490  0.058209
2681  574.054982  1483.036259  20.655108  0.317945  1.555664  0.211759
2682  248.238373  1093.474698  19.276859  0.094225  1.439735  0.095884
2683  1042.878919  485.053082  21.447781  0.244249  2.690944  0.217347
2684  1523.743062  1071.938984  19.142450  0.065845  0.660852  0.064849
2686  134.812142  1889.376999  19.406324  0.118541  0.839234  0.148686
2688  1164.337432  1494.979038  19.224498  0.061257  0.786354  0.070123
2689  1213.867099  1466.833384  20.351347  0.102357  1.358584  0.110267
2690  773.349742  88.981320  20.497028  0.128900  1.516502  0.119129
2691  435.628782  1526.572596  20.015411  0.179620  1.120980  0.159800
2692  1056.818218  1630.491634  20.027892  0.133221  1.572178  0.099833
2693  173.132556  1446.775711  20.151877  0.153995  1.892081  0.101425
2694  7.766885  660.283279  20.702032  0.147802  1.446840  0.103460
2696  1860.632913  456.685810  19.989046  0.077493  1.266012  0.130353
2697  1995.305221  788.232630  20.921483  0.172239  1.646190  0.170886
2698  1170.055559  1240.572989  19.030863  0.126724  0.706926  0.058441
2700  1832.585715  655.741475  21.299125  0.147641  2.426757  0.218693
2701  1794.177821  151.296809  20.454111  0.093239  2.172656  0.247462
2702  1530.606831  2027.382100  20.052785  0.094145  1.337554  0.208036
2705  741.437124  1415.099124  19.625512  0.110380  1.815637  0.093274
2706  1904.123821  1271.105457  18.275327  0.049290  0.296812  0.119394
2707  315.640059  390.932899  20.588487  0.098048  1.463149  0.085964
2708  758.100115  900.960989  20.355405  0.127142  1.611469  0.100566
2709  1856.484262  488.148302  19.707539  0.214093  1.403185  0.093088
2710  1315.567100  1467.188751  18.668764  0.081618  0.459939  0.087655
2711  945.968123  602.086054  19.707422  0.168364  1.386638  0.175693
2713  1165.969963  1126.854359  20.354090  0.095248  1.735193  0.122511
2714  299.833244  142.646616  20.507256  0.113851  1.390440  0.173720
2715  1115.248148  1080.504440  20.101572  0.112537  1.020087  0.164861
2720  475.067175  741.935652  21.020744  0.126687  1.726090  0.123528
2721  652.621109  1559.806961  20.202092  0.215002  1.518437  0.208943
2722  894.235960  553.869853  20.329014  0.175574  1.412135  0.119201
2723  1644.115522  1836.917772  20.668057  0.195453  1.318702  0.208433
2724  53.189465  51.509292  20.221224  0.137329  1.391345  0.169094
2725  1901.783258  618.894289  20.504154  0.091451  1.358627  0.197657
2726  901.947660  1951.846807  19.515323  0.122691  1.119052  0.122163
2727  945.139615  1637.098372  19.564671  0.114969  0.737656  0.171602
2728  574.106458  443.480648  21.579099  0.426524  2.155825  0.239238
2730  377.863209  276.397815  20.689197  0.108088  1.807471  0.112053
2732  1053.471710  363.406271  20.157867  0.128686  1.602929  0.095559
2733  636.119622  1602.029997  20.117346  0.099996  1.887108  0.083466
2734  1176.667362  858.050590  19.908630  0.089436  1.227764  0.156878
2735  211.397505  1455.127769  20.488912  0.230134  1.443801  0.115885
2736  2008.457463  469.527189  20.235454  0.264922  1.276271  0.198455
2737  444.470772  1498.080797  20.411783  0.089750  1.462347  0.092846
2738  1332.512539  729.440974  19.914962  0.091249  1.353817  0.163001
2740  799.350495  1004.441568  18.357290  0.067731  -0.022649  0.138510
2741  85.013352  804.768322  20.850586  0.149702  1.755625  0.174970
2742  1909.579141  915.091096  20.248048  0.116715  1.306866  0.082262
2743  1515.923239  1878.268764  20.210768  0.166724  1.531571  0.149280
2744  1617.080603  87.212160  20.377015  0.117105  1.947337  0.171009
2745  328.669132  690.439157  20.829805  0.148431  1.557922  0.252205
2746  1024.158969  910.485560  19.752228  0.181544  1.350718  0.124751
2748  1063.752725  1641.847895  20.440492  0.110746  1.285257  0.211763
2749  966.756538  530.537648  20.541807  0.223612  1.339339  0.149947
2750  1672.993441  424.914337  19.358464  0.119594  0.965711  0.105160
2751  1864.571338  604.525970  19.962163  0.085854  1.280378  0.090924
2752  1688.395511  650.542436  21.435776  0.158041  2.333189  0.185833
2753  154.663372  1411.075563  19.986050  0.161717  1.264309  0.113302
2754  556.871997  1122.119286  20.248631  0.088723  1.581552  0.115975
2755  775.232043  1939.265722  20.256193  0.143048  1.194791  0.172534
2758  2044.520427  1786.072162  18.402789  0.057345  0.145504  0.084983
2759  1438.700583  1544.168223  19.897373  0.077117  1.615719  0.124887
2760  2026.028649  618.679066  20.006349  0.136922  1.905185  0.073600
2762  1562.365726  680.033081  20.424996  0.092808  1.195397  0.131749
2763  1393.333853  138.607268  20.855192  0.161585  1.917274  0.250529
2764  406.689451  1906.215759  19.709361  0.086456  1.066053  0.111906
2765  1736.595988  1700.729639  21.097835  0.257617  1.370678  0.182822
2766  699.716105  1807.135846  19.872862  0.082269  1.032358  0.089247
2767  1031.752429  1017.716629  19.905111  0.106454  1.356001  0.084138
2768  1839.328998  1705.086983  19.918829  0.090596  0.962280  0.136417
2769  619.968095  1543.250308  19.498918  0.154213  1.196893  0.236857
2771  922.150773  111.316751  20.311057  0.208989  1.262249  0.143227
2772  1724.731420  1341.298592  20.441057  0.111178  1.215360  0.160536
2774  541.825355  1279.758091  19.842678  0.153072  1.389209  0.187386
2775  1408.862940  266.370372  20.883409  0.236340  1.868167  0.148309
2778  2026.504836  1101.684137  20.184057  0.132203  1.337949  0.141638
2779  67.584414  375.761341  20.857600  0.127800  1.429651  0.178749
2780  1958.252081  992.009750  20.482974  0.147538  1.443701  0.152610
2781  2045.477156  1304.597050  20.536924  0.212570  1.482990  0.100565
2783  961.102039  325.474672  18.319329  0.071049  0.242847  0.067942
2784  880.412576  1281.031039  21.214446  0.233402  1.877411  0.207706
2785  1446.252418  1779.781112  18.830722  0.100595  0.591650  0.099337
2786  1474.767155  1494.578458  19.771655  0.149578  1.188765  0.084183
2787  793.426201  1776.479412  19.718263  0.147400  1.571759  0.103759
2790  1937.506502  972.471042  20.335502  0.178850  2.347691  0.096949
2791  1758.532577  1569.104358  20.210739  0.159806  2.175439  0.110865
2792  1215.229852  1903.146631  21.393871  0.272066  1.587895  0.122288
2793  1608.206816  1132.552794  19.808668  0.110586  1.394780  0.086989
2797  2019.304430  1175.161757  19.994740  0.127150  1.412635  0.211344
2798  869.332658  1025.542100  20.433192  0.094423  1.332526  0.086314
2799  924.043717  923.934449  19.862275  0.107040  1.265979  0.139023
2802  1477.679918  1078.196629  19.762235  0.128636  1.268455  0.137038
2803  1735.559974  689.003527  20.826821  0.182831  1.466951  0.188556
2804  919.511690  1494.068075  20.247091  0.091477  1.127493  0.156510
2805  6.578940  488.151496  19.137230  0.102061  0.768232  0.137723
2806  1432.433210  1138.297608  19.831314  0.084200  1.623509  0.158075
2807  838.429173  1019.281362  20.862185  0.258628  1.726229  0.160967
2808  1395.358322  906.651100  20.314053  0.278844  1.345475  0.192136
2809  302.199774  333.374938  18.538483  0.061044  0.509156  0.075766
2810  747.199542  596.007999  20.455848  0.374472  1.446705  0.302756
2811  745.777210  798.263449  19.798891  0.079133  1.297996  0.111537
2812  389.644781  75.047244  19.524936  0.108434  0.812293  0.100684
2813  1509.717577  608.975908  20.442595  0.236303  1.232879  0.105296
2814  82.749733  1224.020856  20.382054  0.135411  1.034228  0.227669
2815  946.214181  1097.362852  20.035418  0.077907  1.172396  0.119510
2816  655.358257  127.301568  20.398940  0.124500  1.983181  0.086483
2817  307.743654  1830.904532  18.982328  0.081154  0.621162  0.100266
2819  451.404075  1964.646762  19.355042  0.130815  0.966834  0.156382
2820  1431.681867  519.630287  20.681354  0.097483  1.830532  0.116969
2821  77.777842  769.268514  18.443907  0.082370  0.261143  0.077233
2822  354.673637  500.702352  17.742860  0.061384  -0.216455  0.097390
2823  195.567124  1823.317597  19.755222  0.162530  0.982061  0.175611
2826  171.447933  399.715062  20.304904  0.110402  1.241567  0.111956
2827  583.118156  1548.242709  19.776912  0.140134  1.021954  0.138142
2828  1217.908360  1155.338299  19.792078  0.217443  1.052505  0.156146
2829  1232.900956  1593.509297  20.172399  0.112218  1.406573  0.125788
2830  165.536734  1384.350408  20.108998  0.100754  1.485869  0.098403
2831  597.647187  37.981009  19.975523  0.123860  1.267292  0.082510
2832  272.863008  1054.785761  18.456432  0.083065  0.613882  0.060084
2833  1312.272217  1194.603680  20.789190  0.232440  1.838197  0.224335
2835  1508.944047  1162.908129  20.156790  0.138789  2.274503  0.183943
2837  462.324695  1189.445135  19.919041  0.218051  1.238354  0.095755
2838  1820.560607  1232.467691  20.392461  0.175517  2.364412  0.195048
2839  980.819019  141.055470  19.697210  0.102667  1.395421  0.132062
2840  1262.337027  939.127747  20.160672  0.231849  1.225294  0.112959
2842  1450.172198  728.150015  20.629607  0.185775  1.471425  0.120266
2843  45.059442  1664.238064  19.697437  0.206249  2.028497  0.121646
2844  1540.481512  1033.963191  20.297446  0.102141  1.223755  0.104296
2845  1349.089725  625.791318  20.512106  0.138457  1.616490  0.120902
2846  1683.667473  1276.286544  20.356661  0.191197  1.986732  0.087350
2847  227.996784  604.795991  20.614361  0.165790  1.353905  0.106411
2849  473.491512  1193.764870  20.103415  0.252185  1.916731  0.117589
2850  283.437896  1095.064817  20.048793  0.088516  1.396577  0.149965
2851  1034.481946  671.128685  20.131334  0.118233  1.486747  0.201001
2852  790.904606  764.787883  21.374541  0.132437  2.042081  0.185603
2853  290.186444  959.846450  20.302723  0.231772  1.487105  0.153852
2855  1659.215123  201.690756  18.427524  0.082772  0.312168  0.060470
2856  862.948061  1054.318880  18.180925  0.071345  0.250628  0.066374
2858  592.329584  494.729301  20.339491  0.088631  1.495836  0.091856
2859  285.372702  215.519478  20.463020  0.120070  1.985377  0.147260
2860  50.171867  556.679755  20.334519  0.092050  1.250541  0.189372
2862  287.213829  239.874228  20.563827  0.272443  1.473907  0.176459
2864  91.721787  1198.091883  20.623127  0.361740  1.916385  0.146699
2865  609.678787  1898.028120  19.762806  0.089670  1.623500  0.106618
2866  1403.923020  1514.937400  17.459245  0.041693  0.035394  0.088589
2868  410.617530  649.241173  20.336567  0.133935  1.240432  0.091084
2869  1544.483178  21.530776  20.488726  0.213173  1.491889  0.147112
2870  361.044118  753.803585  20.097322  0.083220  1.150509  0.079845
2871  327.068519  2016.498104  20.420527  0.191689  1.390881  0.122517
2872  1606.221004  531.760816  20.126911  0.109025  1.264923  0.203359
2874  1204.796884  183.391251  20.275325  0.096602  1.732130  0.112865
2876  1384.281064  1924.031772  20.409732  0.358740  1.289987  0.108012
2877  603.381357  1526.345012  21.425582  0.220369  1.922380  0.166514
2879  1658.622182  1349.833955  20.371899  0.168320  1.865730  0.207332
2880  1862.187274  708.366426  20.038508  0.099282  1.190008  0.095733
2881  282.709743  2019.274411  20.822313  0.140095  1.987701  0.110944
2882  1323.426094  1244.012419  19.688609  0.146366  1.024051  0.101613
2883  1566.213879  1030.033211  20.530899  0.147609  1.154137  0.165741
2884  1588.626402  1371.041121  20.016646  0.141850  2.034644  0.076243
2885  1099.539581  1996.018206  20.629916  0.179267  1.538527  0.143578
2886  318.659739  1627.068464  19.774482  0.208304  1.262887  0.087801
2887  2005.151957  699.468702  19.497784  0.114797  1.176640  0.078670
2890  1700.063411  1647.035201  20.070233  0.100644  1.039588  0.171377
2891  1745.868644  590.718438  19.895536  0.071155  0.807130  0.231621
2893  1535.452110  283.182263  21.135182  0.181400  1.476477  0.158666
2894  1178.083839  191.308619  17.927455  0.061207  0.265267  0.048003
2895  523.529453  501.719000  19.991287  0.081327  1.970656  0.089867
2896  1263.790956  1795.083886  21.258060  0.253964  1.854426  0.138448
2897  1652.164041  167.682016  20.536738  0.146127  1.295037  0.143566
2899  585.600624  1937.842040  20.060390  0.096867  1.254623  0.138471
2900  982.667203  1109.306942  21.035686  0.186993  2.078713  0.123634
2901  2022.945622  1711.881525  20.473358  0.145261  1.282648  0.120332
2902  472.074495  683.874757  19.584412  0.116961  1.177846  0.096063
2903  1701.392162  452.545303  18.561719  0.063950  0.319076  0.074358
2904  920.906066  251.064594  19.529467  0.140832  0.930049  0.139540
2905  918.486946  1184.149117  20.409260  0.188665  1.081723  0.132364
2906  175.390841  645.425939  20.025194  0.132768  0.700688  0.106438
2908  681.761003  1468.385599  19.599964  0.165464  1.143794  0.119252
2910  174.390908  1139.915265  20.801766  0.180188  1.569863  0.093391
2911  1231.200459  542.308401  20.943188  0.254599  1.655931  0.261042
2912  626.008586  1342.644977  20.858734  0.106058  1.149047  0.139708
2913  2015.974820  142.595980  19.129124  0.077528  0.589720  0.074222
2914  1291.139229  1584.096745  20.554219  0.158528  1.404657  0.156625
2915  1077.890700  297.333618  19.407644  0.079286  0.643962  0.100150
2916  1829.866343  1958.817611  20.770239  0.152686  1.161339  0.232457
2918  315.852037  295.406573  18.928347  0.094031  0.375951  0.187155
2919  1033.653378  1260.141886  20.058034  0.107986  0.718055  0.120818
2921  0.618497  1546.856113  20.721399  0.166963  1.030241  0.098876
2922  1291.249827  907.069740  20.892409  0.203030  1.507577  0.157074
2924  613.042933  2004.640899  20.593152  0.191743  1.487169  0.103620
2928  1401.505793  542.099301  20.211472  0.120784  0.968346  0.147062
2929  338.094744  818.773890  20.761570  0.236438  1.170170  0.137538
2930  847.198169  1550.270556  20.912134  0.125833  1.198375  0.209324
2931  1687.567055  817.565286  20.645194  0.162110  1.429791  0.248808
2932  1081.377322  1035.072518  20.398106  0.105919  1.180175  0.180415
2934  1175.674490  1694.296514  20.890498  0.190309  1.684246  0.269933
2935  911.982589  1464.112378  20.573413  0.152407  1.351142  0.117985
2936  1802.838757  533.714888  20.845860  0.200709  2.065325  0.148103
2937  1753.135290  1027.763086  20.470486  0.106338  1.125801  0.100046
2938  56.093125  481.769225  20.666207  0.233790  1.247283  0.096257
2941  1552.727410  189.290105  20.672774  0.243707  1.936507  0.432224
2943  596.072878  157.298856  20.637850  0.130152  1.248280  0.120151
2944  600.257313  851.711661  20.912894  0.205855  2.441443  0.177073
2945  681.133395  1447.592402  18.339420  0.088824  0.047963  0.093318
2946  522.622556  1675.521117  19.979469  0.137309  0.965870  0.125115
2952  937.129249  620.784830  21.164344  0.141325  1.217197  0.113194
2953  1931.761189  1181.723518  20.316887  0.144165  0.888682  0.134225
2954  1588.051562  1197.622318  21.055665  0.359285  1.683040  0.219114
2955  1232.592340  1325.086011  19.778719  0.144987  0.930838  0.196633
2956  1867.948184  223.264600  20.759885  0.131487  1.297942  0.116449
2957  1766.857524  1696.053206  20.451638  0.107250  1.058906  0.106593
2961  1137.018713  6.333171  20.360448  0.169145  0.838832  0.109187
2962  1640.971569  721.804278  20.576700  0.099311  1.504979  0.173436
2963  1993.417776  1205.140374  20.728662  0.345764  1.542209  0.229439
2964  499.697049  658.152596  19.294654  0.178219  0.422011  0.136687
2965  1747.315994  1416.457078  20.655769  0.106375  0.541443  0.180844
2967  128.826708  419.683726  20.198897  0.240092  1.194686  0.287178
2968  1393.191413  1094.480453  20.996127  0.116586  1.176517  0.202444
2970  1493.225360  1010.057067  19.951112  0.129380  1.056199  0.154683
2974  421.178640  1451.710766  21.136425  0.197646  1.427648  0.129675
2975  1008.399856  69.670236  21.181711  0.272084  1.673203  0.135856
2976  247.655548  275.377419  21.100187  0.133719  1.193340  0.236726
2979  1271.727136  305.858409  20.626991  0.100421  2.310083  0.096021
2981  34.634731  982.570821  20.549199  0.173803  0.694514  0.190931
2982  534.623552  204.334376  20.583472  0.107280  1.309345  0.135179
2983  1682.706513  33.453861  18.864915  0.073855  0.142221  0.104704
2984  1890.896835  1715.257571  20.725233  0.102620  1.367202  0.144082
2985  397.425280  1772.344825  18.996881  0.058167  0.374807  0.060020
2986  1900.463891  647.282641  20.875970  0.122946  1.224918  0.145386
2987  128.955606  22.825288  20.949882  0.283945  1.145058  0.244869
2988  840.083699  1804.064067  19.871444  0.126438  0.660074  0.144536
2989  1462.552382  1578.842860  20.757929  0.142202  1.123667  0.178374
2993  1348.875896  1502.949243  20.930820  0.207034  1.910697  0.191035
2994  741.513948  261.902955  18.165211  0.047127  -0.229339  0.064453
2995  1145.016397  1827.427263  21.120631  0.300405  2.177026  0.249361
21000  1568.418732  1389.881337  20.460457  0.206497  1.252247  0.084345
21001  1604.151121  105.440114  20.263243  0.207084  1.266323  0.101392
21002  122.795791  262.638721  20.548344  0.151765  1.400343  0.127115
21003  723.422892  616.559361  20.448849  0.112235  1.482618  0.161442
21006  698.630624  1126.844128  20.529695  0.159354  1.395514  0.113304
21008  365.281198  107.086241  19.789338  0.145991  0.819188  0.119585
21010  1260.070679  1924.179986  19.496233  0.120826  0.745227  0.139508
21011  1811.053031  641.050832  20.742622  0.117698  1.614866  0.183650
21013  79.382211  1308.494042  21.068635  0.418142  1.744476  0.172997
21015  1257.247299  1073.980883  21.058615  0.152130  1.577027  0.213101
21016  1008.440428  671.753408  21.044750  0.146474  2.234060  0.183807
21018  1581.737186  1739.901831  20.430388  0.139402  1.397503  0.163497
21021  1755.193174  299.887436  20.983408  0.370357  1.762244  0.119213
21022  322.925427  1530.623397  18.805703  0.082639  0.168502  0.053131
21023  939.787909  1357.792983  20.477121  0.129330  1.189186  0.115308
21026  865.364227  70.488373  18.582195  0.048262  -0.080461  0.055046
21029  1214.019106  1096.648549  20.387166  0.172184  1.012540  0.142532
21030  379.079007  292.480699  20.219413  0.158000  1.440012  0.159255
21033  1963.477556  1146.467106  21.069398  0.137606  2.052935  0.274157
21037  1887.135098  858.305857  20.157500  0.083956  1.335606  0.172838
21039  1849.820294  46.079843  17.835375  0.093426  -0.321072  0.070431
21042  274.404614  1175.844577  20.773461  0.210697  1.308146  0.106148
21043  38.371635  1792.681907  21.172611  0.165726  1.351340  0.129185
21044  662.447434  48.633521  20.138494  0.092861  0.799498  0.081752
21045  1814.701246  395.992186  20.644581  0.204444  1.623479  0.143534
21050  1080.081136  1913.046016  20.623486  0.217380  1.465555  0.109307
21052  983.574803  1139.589534  20.564171  0.110320  1.184113  0.261993
21053  415.338952  1305.932888  20.013691  0.111921  0.741812  0.090293
21054  926.630200  587.188972  20.211572  0.190425  1.266805  0.102860
21055  439.797975  106.106133  20.885593  0.318898  1.804650  0.172539
21056  538.850697  990.950834  20.525874  0.109026  1.586133  0.101282
21058  970.031044  969.390329  20.849943  0.168182  1.443874  0.170351
21059  836.816156  1277.789304  20.849210  0.207104  2.112552  0.418134
21060  812.302238  231.362743  20.660014  0.213320  1.469895  0.099519
21061  303.839660  1636.030837  20.883282  0.113028  1.544270  0.150650
21062  1573.495925  211.359646  21.010006  0.185695  1.576033  0.196463
21065  1861.775581  186.236219  20.298776  0.106343  0.716022  0.152292
21068  208.661359  1986.727131  20.467431  0.131904  1.431937  0.195713
21069  964.946235  728.148718  21.228434  0.204184  1.460381  0.399771
21072  365.389224  1359.398376  20.788700  0.202167  1.345265  0.125230
21073  1221.316798  1490.016365  20.793676  0.173255  1.667158  0.166766
21075  1144.701715  550.217946  20.217322  0.110165  1.026322  0.120544
21076  1670.477429  1696.345903  20.338842  0.120248  1.060968  0.188016
21077  626.935922  330.882929  20.994139  0.222991  2.408128  0.208729
21078  1400.282112  1361.379718  18.258485  0.098266  -0.239666  0.051142
21080  1697.377864  480.341571  20.057075  0.143226  0.984811  0.170324
21081  1635.790855  1484.484363  20.801407  0.110879  1.193084  0.130718
21083  1837.192399  1703.129270  20.821794  0.129083  1.786210  0.297871
21084  1140.845273  811.951124  19.788504  0.165179  0.704275  0.071624
21086  1727.991615  1055.735483  21.654780  0.125923  1.922840  0.179083
21088  476.375681  666.134429  20.493222  0.310664  1.507353  0.178480
21089  191.008767  1025.694339  20.437747  0.143855  1.185793  0.095519
21090  356.228149  471.363952  18.217120  0.071410  0.095410  0.090207
21091  1083.056941  1898.892952  18.214732  0.088827  -0.200318  0.049320
21094  1115.597162  247.452593  19.431980  0.109846  0.560506  0.152621
21095  1881.139385  1429.020781  19.476329  0.083859  0.485448  0.089156
21096  1631.570589  17.494038  19.746244  0.093956  0.878833  0.090357
21097  441.145340  1768.330345  20.660233  0.126045  2.321106  0.128357
21098  526.803155  1646.460945  20.635527  0.149534  1.077887  0.165061
21100  1394.503857  1332.570380  20.463994  0.149531  1.370131  0.310555
21101  1030.325869  1191.028706  20.152492  0.212115  1.237742  0.131838
21102  341.428781  1416.711473  20.432738  0.186053  1.620967  0.255113
21104  145.519265  1308.267654  20.698684  0.175398  1.388161  0.214651
21108  858.533915  2021.549428  20.968231  0.184320  1.609730  0.268524
21115  1599.455874  172.815503  21.224017  0.183074  1.779468  0.246111
21116  1436.695996  356.953746  20.296983  0.292268  1.456839  0.218930
21117  872.510566  368.607307  21.030767  0.225023  1.335937  0.117121
21119  1619.442079  222.409852  21.057983  0.214485  2.252386  0.199531
21120  219.233768  526.078926  20.505311  0.225957  2.987310  0.269062
21123  156.805921  829.694486  20.470615  0.170311  0.880296  0.166407
21124  1687.703692  317.471200  20.304455  0.179879  2.043662  0.172187
21125  922.745683  1441.833858  20.733306  0.149155  1.240708  0.224826
21127  1375.686510  56.920002  20.146175  0.128408  0.985271  0.095801
21130  1379.654569  1833.197836  21.202011  0.158690  1.681225  0.120635
21131  442.217772  287.172075  21.296285  0.134344  1.526361  0.113313
21133  286.464191  1549.317414  19.336107  0.177142  0.399717  0.064940
21137  578.297279  536.209014  20.286416  0.105966  1.276523  0.120296
21138  500.734403  1280.175851  21.279449  0.188683  1.706190  0.167395
21140  848.948673  234.311733  19.032578  0.103666  0.336776  0.089962
21142  880.333051  554.504254  19.367445  0.063105  0.443630  0.122929
21143  475.347959  999.346995  20.738707  0.135606  1.665464  0.120639
21144  202.976608  426.471881  20.735332  0.118377  1.828057  0.133927
21147  2000.933027  1179.054534  20.374517  0.127084  1.634393  0.166930
21149  1696.959656  1799.328432  20.489881  0.223675  1.756687  0.104414
21151  417.097022  20.530370  20.406484  0.090847  1.329857  0.110831
21153  990.969267  1123.094171  18.584685  0.050237  0.016024  0.093067
21154  707.888167  659.866795  19.500285  0.085574  0.806258  0.096099
21156  1454.162109  1523.597651  20.710349  0.208038  1.441328  0.160899
21157  1100.836437  252.030646  18.975319  0.090731  0.372291  0.125525
21160  960.176612  1237.440988  20.867841  0.210936  1.355268  0.230789
21164  1385.744891  680.902970  19.886461  0.192396  0.786996  0.081129
21165  426.085847  789.589624  20.608291  0.155029  1.058349  0.099925
21166  1409.380122  52.793440  20.757363  0.104893  1.417695  0.136634
21167  1645.352571  1554.031493  19.108837  0.067622  0.531027  0.128292
21169  54.583613  579.977592  20.609730  0.154139  1.395019  0.124459
21170  1329.044791  1635.055361  19.753181  0.084486  0.674954  0.083333
21171  1447.130877  1476.172067  21.063865  0.158814  1.193686  0.245493
21172  925.555221  73.937623  20.581090  0.249331  1.451992  0.175637
21173  1955.002668  1007.243856  20.780613  0.117918  1.480458  0.123991
21178  1814.164209  859.008791  21.304932  0.272199  1.761952  0.232436
21181  1788.136778  807.056989  20.636638  0.229589  1.543920  0.140733
21182  41.657115  1777.330433  19.443185  0.170504  0.696777  0.101850
21186  1703.884182  45.879601  20.601840  0.177712  0.848085  0.208885
21188  240.196801  1500.845930  20.690125  0.229580  1.154405  0.203487
21190  240.829417  1333.264827  20.925638  0.120839  1.394665  0.176846
21191  654.708781  919.176931  18.980772  0.101414  0.254563  0.120211
21193  1240.001659  1574.713053  20.237109  0.155426  1.181210  0.133530
21194  1610.647950  1498.895479  20.172448  0.145131  1.038297  0.090221
21195  253.792854  518.716801  20.706853  0.152529  1.496780  0.172861
21198  760.677715  1067.301320  18.569523  0.100972  0.045506  0.061111
21199  1071.784105  1170.639605  20.384136  0.132690  1.278010  0.104800
21200  534.055209  1373.748142  18.847112  0.104172  0.044852  0.086846
21201  1488.372461  1134.404144  18.802583  0.052956  0.186988  0.069780
21205  378.569601  1343.983206  19.944032  0.117605  0.716250  0.166784
21206  953.039328  1812.561511  18.927149  0.070534  0.093760  0.115064
21207  1692.386153  321.532403  20.867511  0.222963  1.537506  0.299784
21208  699.637563  745.716331  20.007899  0.097833  0.570882  0.154676
21209  1555.443368  1196.452807  21.665905  0.151641  1.779408  0.241772
21211  1009.744640  576.920155  20.036764  0.077980  0.895566  0.148163
21216  758.022145  753.514459  20.082792  0.096553  0.613785  0.131311
21219  1647.167930  1583.274211  19.886222  0.134554  0.622208  0.073091
21227  1104.331543  141.825789  20.958409  0.170192  0.776039  0.166017
21234  1874.498641  856.721829  20.055427  0.077984  0.301065  0.248744
21238  629.341989  160.255410  19.583635  0.087807  0.205528  0.111449
21242  1573.796616  640.124516  20.782251  0.167805  0.997549  0.100416
21247  1789.330791  103.300974  19.966801  0.094254  0.745721  0.098208
21248  884.441422  849.581576  20.328735  0.173036  0.379093  0.145388
21251  1160.880075  1000.860589  21.694820  0.200059  1.648133  0.135025
21261  1755.498599  286.684808  20.777119  0.304693  1.591310  0.321946
21267  953.771056  1583.597816  21.188154  0.346919  1.630445  0.180046
21270  1812.690427  902.603997  22.047073  0.211468  1.516382  0.179193
21271  1199.198529  631.373518  20.586799  0.183244  1.407938  0.219757
21279  1739.808167  1572.506289  18.672113  0.189041  -0.092737  0.074604
21282  1286.506039  1327.988298  20.730442  0.107066  1.037867  0.240460
21284  400.910748  1767.865290  20.423327  0.290676  1.175274  0.206986
21285  1212.966219  1510.814613  20.314295  0.155340  0.751592  0.104969
21290  837.678370  505.874753  20.588400  0.166179  1.073795  0.112446
21303  1979.463811  378.419576  21.088861  0.125451  1.375091  0.179491
21308  1116.662432  1480.603784  19.246380  0.120632  0.166185  0.085105
21309  923.177998  1502.940478  20.411072  0.125089  0.943015  0.173493
21313  1830.329301  735.487790  19.966633  0.174209  0.528411  0.166359
21318  862.976995  360.853929  20.475351  0.162690  0.948878  0.104304
21323  121.843081  870.884071  20.462708  0.113364  0.808738  0.174015
21325  1463.666456  1880.452771  19.704308  0.083685  0.258090  0.100999
21333  1226.260558  105.145051  19.764297  0.173992  0.254413  0.112434
21344  1931.149808  369.188726  20.009681  0.173010  0.594227  0.094212
21347  904.189224  806.599285  21.342781  0.292576  2.273810  0.208513
21349  346.153073  1389.358185  19.600506  0.097306  0.414896  0.100071
21352  500.885401  1177.147332  20.567303  0.122159  1.102299  0.235363
21353  806.881246  337.157718  21.247098  0.246994  1.820957  0.289967
21355  769.421400  1765.252398  21.244916  0.153732  0.833727  0.205373
21361  1670.039341  846.915625  21.526485  0.245638  1.801632  0.282498
21368  620.964998  1685.375679  21.266648  0.213137  1.382693  0.164263
21374  799.590178  220.309923  20.478733  0.134641  0.700387  0.167415
21378  69.383972  1415.355843  20.244063  0.100944  0.756364  0.156580
21379  2043.106634  1516.454044  19.956007  0.079066  0.182580  0.207652
21381  433.889941  1205.980638  21.035638  0.167201  1.311629  0.162920
21383  1882.588728  2022.629636  19.733344  0.076541  0.213371  0.159278
21387  967.577744  102.093393  21.182602  0.152171  1.276471  0.159769
21389  1914.641559  891.607979  20.431809  0.178018  0.498837  0.166414
21390  1179.649894  577.136150  20.302976  0.090859  1.208864  0.117648
21395  1076.248417  1619.890244  19.981853  0.138322  0.679633  0.147308
21396  2026.275977  703.631422  21.096782  0.136904  1.309830  0.179919
21399  521.110065  843.415173  20.596316  0.220084  0.672787  0.235368
21406  1211.980183  333.298347  20.122776  0.191996  0.778820  0.126135
21413  1155.499594  886.656910  20.202660  0.109713  0.878963  0.128338
21415  1304.138017  1224.937567  21.315659  0.315825  1.952627  0.212580
21417  1440.907707  577.203561  20.280956  0.239772  0.902571  0.171255
21418  792.719234  1144.200459  19.564198  0.121792  0.239054  0.082361
21419  1397.436719  989.845466  18.515213  0.084068  -0.062231  0.076863
21421  857.588976  1359.259809  20.847255  0.164873  1.214823  0.266992
21422  535.281537  508.430991  19.822991  0.117926  0.401084  0.150636
21427  891.507731  1854.062075  21.782997  0.146066  1.161582  0.347087
21433  1896.730313  836.583487  21.434610  0.148006  1.562042  0.141991
21437  1127.387637  1942.968457  19.294756  0.181015  0.157455  0.089096
21442  1282.687717  303.220870  19.862964  0.106560  0.478333  0.075637
21446  512.853071  1246.777620  20.466903  0.105502  0.866228  0.092197
21447  72.933283  91.076310  20.997090  0.433164  0.888241  0.380221
21449  1117.667010  850.916656  21.012830  0.238829  1.649852  0.233610
21453  34.376316  1762.403386  20.797977  0.206674  1.467882  0.223632
21457  297.743064  1875.740226  20.246185  0.140193  0.560309  0.181143
21458  1065.353222  1616.108773  18.974153  0.121317  0.228462  0.082703
21459  396.689176  314.168459  19.972412  0.279027  0.482429  0.246553
21461  1959.647089  804.930001  20.418894  0.190268  0.820880  0.169467
21463  1678.859882  711.580507  18.752784  0.058272  -0.076915  0.075665
21468  1279.546225  1077.718269  21.412255  0.185678  1.452624  0.172276
21470  137.391531  210.456691  19.490154  0.102818  0.288702  0.131160
21472  146.300800  1299.848907  21.372808  0.184575  1.138335  0.220077
21480  526.146440  1739.892602  21.434513  0.262067  1.829074  0.255098
21485  961.186359  883.647106  21.030045  0.203191  1.097655  0.199476
21491  1167.711646  410.595727  20.009236  0.108920  0.416011  0.088931
21496  1844.349338  1566.266151  20.002287  0.223072  0.860800  0.135569
21502  519.792819  1872.802643  20.364578  0.132486  1.050145  0.096218
21509  961.117713  1451.281316  20.345306  0.160492  0.840940  0.158699
21512  1434.907729  1562.803432  19.932968  0.085033  0.713838  0.121296
21515  663.445056  1190.020934  20.322189  0.276637  1.178758  0.253595
21517  1585.024029  913.916889  20.570636  0.127165  0.774692  0.161180
21518  112.916267  615.536257  20.915606  0.241816  1.253432  0.211830
21522  1453.359328  2007.647788  20.545798  0.116093  0.840483  0.106279
21524  444.054528  1274.691380  21.176446  0.131646  1.903909  0.245860
21525  316.954773  1181.317563  19.592434  0.148768  0.213262  0.132589
21527  1732.667233  773.512986  20.523914  0.180255  0.758729  0.110162
21529  1748.222999  1155.274015  19.378617  0.064700  0.194547  0.190481
21530  671.500930  797.441423  20.147200  0.144706  0.342710  0.096824
21531  1266.699490  1110.868774  19.524163  0.137011  -0.154544  0.085767
21537  1443.030088  1068.698171  20.580693  0.102156  -0.012651  0.334881
21539  1613.789083  1637.596271  19.968420  0.115293  0.394751  0.087440
21542  1280.440346  785.786710  21.065861  0.119172  0.811633  0.140591
21544  254.734056  2038.195340  21.186460  0.157080  0.967753  0.133815
21545  219.150036  1340.378829  20.307655  0.191745  0.670198  0.163656
21546  633.817868  911.639936  20.167377  0.160957  0.327255  0.096571
21547  1752.475128  1141.394705  20.038184  0.123163  0.305818  0.110132
21549  688.540294  278.356544  21.085166  0.270474  0.968250  0.193722
21553  1831.921633  1374.362449  20.338431  0.088781  0.568311  0.111179
21563  1906.211399  320.418730  20.012370  0.110085  0.147939  0.088362
21564  172.299675  614.913043  19.198576  0.080500  -0.128603  0.136558
21567  1610.653663  43.198293  20.568214  0.131185  0.481753  0.111122
21569  497.790822  1461.356715  21.257172  0.138043  0.864941  0.155570
21571  1805.888905  1164.952281  20.882747  0.111789  0.796348  0.138470
21584  1867.017050  796.177277  20.477962  0.134304  0.715448  0.143571
21585  1943.995846  1348.088931  20.173748  0.176195  0.260433  0.103623
21593  1511.079607  912.962379  20.424162  0.133045  0.408124  0.148433
21594  1574.097081  630.970354  20.505084  0.120374  0.638238  0.123626
21598  1671.606330  1911.031216  19.671448  0.160226  -0.025240  0.086015
21600  559.877167  112.289781  20.155523  0.215586  0.570030  0.112859
21607  1318.546194  1970.559002  20.983223  0.105905  0.376735  0.278509
21609  312.759942  223.673387  20.039311  0.135101  0.377431  0.117932
21611  1340.525843  607.734551  20.499339  0.100351  0.291964  0.088660
21613  1267.262986  1058.978865  20.290973  0.108033  0.297784  0.148472
21623  4.430250  1053.690745  21.653693  0.163172  1.422005  0.223306
21626  1138.830064  1386.300335  20.956197  0.208608  0.797148  0.107310
21627  269.932053  467.110159  21.095160  0.256639  0.537601  0.270963
21628  895.814444  1057.277234  21.153970  0.224936  0.970004  0.132596
21630  1104.974198  507.305941  19.932241  0.137959  0.166345  0.186446
21634  1882.852258  103.255136  20.525199  0.144790  0.514923  0.112474
21635  1007.109340  332.745253  21.761555  0.240911  1.262975  0.147255
21636  1651.539105  1708.528473  19.984103  0.130002  0.827617  0.299110
21638  1877.347189  557.250329  21.015774  0.244854  0.859110  0.176623
21640  1861.650142  1434.071678  19.424546  0.146343  -0.200575  0.095122
21644  212.794417  617.163558  20.234415  0.239923  0.544558  0.212697
21646  1813.345798  1873.283636  20.969541  0.127194  0.468356  0.200246
21656  1798.845652  920.396548  21.113046  0.217387  0.789617  0.278585
21660  583.753432  614.920685  20.145265  0.174701  0.236798  0.095830
21664  1408.132906  220.895228  20.405003  0.087270  0.526744  0.098805
21667  1726.666681  104.513663  20.723621  0.163625  0.872311  0.165620
21669  885.460040  1486.766388  21.644660  0.340445  1.028068  0.225747
21670  521.643003  1937.490051  20.080271  0.248575  0.438281  0.092499
21684  774.598814  567.907443  20.636739  0.215672  0.524479  0.190478
21687  359.269285  1331.587471  21.060378  0.127945  0.945162  0.113785
21688  4.518315  670.313423  20.207851  0.217406  0.351488  0.139902
21695  1762.789098  1909.263715  20.939202  0.115324  0.414964  0.173424
21705  590.068598  941.802100  20.677521  0.213138  0.393488  0.115941
21709  808.055985  1905.820241  20.635697  0.124826  0.315155  0.184641
21711  1220.923215  83.264595  20.333805  0.222380  0.261528  0.204704
21716  1459.633941  678.117668  21.088009  0.277692  0.439460  0.117144
21719  848.212364  382.501939  20.491613  0.350000  0.641336  0.126285
21720  971.821316  1401.405490  20.849016  0.123896  0.427564  0.163783
21722  159.942157  1969.113666  21.049442  0.157501  0.626063  0.198855
21729  1062.409151  1307.150046  20.997179  0.201991  0.289485  0.117696
21736  326.069763  1785.124175  20.377762  0.213918  0.488579  0.239697
21738  1442.818727  690.170618  20.173835  0.151552  0.302228  0.252078
21742  789.024745  1230.125071  20.504530  0.139734  0.223533  0.129289
21749  595.437754  1856.291296  20.549382  0.201739  0.254606  0.195795
21752  1734.266053  160.890368  20.860860  0.155102  0.676415  0.116938
21754  1010.407763  32.943800  21.349562  0.156084  1.139968  0.359292
21755  1363.672372  1646.208702  21.050803  0.236398  0.949785  0.238892
21759  477.102138  868.566978  21.132315  0.253812  0.301764  0.267190
21760  1081.054720  542.108117  20.835313  0.132111  0.543565  0.147906
21771  124.534081  1776.543789  20.666652  0.204969  0.454436  0.128723
21772  893.659930  1912.714129  20.358146  0.173651  0.049552  0.093601
21791  325.963908  308.974967  21.450896  0.148212  0.428189  0.362046
21793  1751.453176  1477.573203  21.259834  0.110858  0.077380  0.205080
