# id  x  y  V  eV  BV  eBV
120  1029.477315  1068.695470  20.924849  0.265476  1.351758  0.208201
128  1076.582420  1046.973747  20.532866  0.225678  1.451784  0.207234
130  1113.190543  882.479677  20.770906  0.099008  1.404474  0.116313
132  994.676470  1067.197092  20.179482  0.250768  0.885867  0.328936
133  1099.845181  975.981445  20.482839  0.150717  1.486818  0.150573
135  932.137226  1042.878853  20.779365  0.210071  1.254081  0.192466
136  1066.779279  1077.546209  20.381418  0.101010  1.367215  0.091231
137  1112.990372  946.045133  20.304863  0.163145  1.326763  0.209481
138  878.244086  875.246264  20.425701  0.094012  1.604462  0.147728
139  1189.956710  1142.597878  20.210616  0.110388  1.395876  0.124471
140  1145.629409  1064.297615  20.260412  0.112036  1.226996  0.102658
141  971.106365  1052.099072  20.192133  0.082708  1.319739  0.111751
142  929.163653  1133.759304  19.935622  0.206726  1.383582  0.090467
143  988.095304  1026.991841  19.861014  0.151628  1.263434  0.084045
144  1186.054615  1078.675907  19.849486  0.156815  1.308800  0.136832
145  1221.551043  1037.165445  19.948203  0.117445  1.343762  0.087095
146  975.401472  1084.130447  19.946469  0.140330  1.033992  0.167805
147  953.901199  973.611028  20.114512  0.123835  1.376873  0.072933
148  1131.332035  1083.255214  19.842769  0.083395  1.298120  0.118179
149  1118.667428  1151.976837  19.705432  0.120972  1.007034  0.145145
150  961.832735  1042.405294  19.759462  0.083801  1.102035  0.109553
151  1012.682670  1024.721490  19.793923  0.105372  1.238428  0.189825
152  890.015887  1008.136274  19.578438  0.102186  1.309319  0.127024
153  867.117650  1069.203087  19.410499  0.169644  1.389406  0.128391
154  1155.722588  990.739128  19.798378  0.128070  1.090481  0.181042
155  1112.206950  1056.346010  19.247066  0.120583  1.297418  0.159345
156  892.154225  944.114770  19.500110  0.114088  1.285558  0.133271
157  1102.519276  1044.964577  19.428883  0.150704  1.331297  0.092369
158  1102.051021  1002.674811  19.323541  0.197353  1.200553  0.116895
159  1092.057108  913.710039  19.351889  0.096756  1.420125  0.145668
160  1097.152655  1166.039040  19.213380  0.068849  1.092196  0.088471
161  1123.769283  971.089859  19.119575  0.078558  1.210394  0.070488
162  1167.717765  1011.066450  19.003153  0.072583  1.250405  0.085445
163  947.068969  976.427028  18.979576  0.144914  1.240444  0.069369
164  1010.723185  1042.663895  18.762737  0.149049  1.209944  0.055549
165  1041.388646  1193.007903  19.001194  0.090566  1.349582  0.143868
166  875.446968  969.578824  18.758521  0.150654  1.255428  0.071191
167  966.402683  1043.182019  18.760774  0.081152  1.136131  0.066144
168  1023.422218  1180.738560  18.737168  0.062478  1.257852  0.099449
169  1149.165957  1020.827607  18.680015  0.084593  1.231433  0.070281
170  964.768092  1147.782738  18.448426  0.086814  1.276819  0.070625
171  1046.275502  950.280909  18.504891  0.061469  1.121104  0.064012
172  1075.750871  953.007821  18.441451  0.112330  1.290991  0.061545
173  1176.453489  904.967475  18.308571  0.054716  1.206019  0.080915
174  969.507041  962.966671  18.211143  0.120280  1.014585  0.098308
175  1067.984691  1015.956521  18.296958  0.049667  1.247212  0.060958
176  1000.656323  1032.220017  18.148084  0.053181  1.262314  0.078983
177  987.573350  1036.842619  18.073207  0.045680  1.162157  0.045575
178  990.780948  938.168422  17.988790  0.047179  1.122746  0.052612
179  987.082404  945.422848  17.969156  0.107962  1.153999  0.080346
180  1024.728371  1026.639647  17.762708  0.064275  1.354702  0.118675
181  1115.170939  1030.676091  17.841109  0.052020  1.268983  0.067111
182  961.237238  1091.170877  17.694771  0.049697  1.436381  0.089329
183  841.422336  1040.882811  17.713522  0.050895  1.225824  0.060577
184  1055.129231  1003.637617  16.154636  0.052167  2.177657  0.029071
185  979.046769  914.043945  17.582932  0.052781  1.878320  0.093454
186  1076.101816  1005.506212  17.421461  0.125133  1.893188  0.041774
187  1024.485396  1148.058153  17.352464  0.079682  1.853003  0.075849
188  961.821123  1121.219604  17.252718  0.038928  2.082199  0.110058
189  947.316265  875.058156  16.161105  0.038225  2.068101  0.067587
20  1031.981280  1015.031137  8.692578  0.022232  0.706348  0.021284
21  1770.021166  1631.539270  12.807805  0.023776  2.791529  0.029637
22  1056.161271  746.158099  9.557042  0.036591  0.618418  0.019698
23  1971.704325  1166.948771  10.134557  0.042858  0.631275  0.023025
24  162.737278  924.453420  10.087104  0.046010  0.521213  0.029151
25  961.109152  671.708750  9.794638  0.044855  0.531136  0.016048
26  1599.278049  1248.626452  10.644454  0.050207  0.575685  0.030862
27  1707.335675  311.978416  10.384688  0.016838  0.524580  0.035559
28  481.246795  1862.465360  10.301073  0.020692  0.596063  0.037858
29  387.702951  855.302331  12.846816  0.049034  1.928737  0.039472
210  494.958138  1798.059830  15.724250  0.071038  3.376614  0.045278
211  1691.199990  1953.720893  10.866931  0.043194  0.625594  0.016913
212  1066.288624  898.467522  12.147303  0.025668  0.803678  0.022019
213  954.621158  504.358626  11.424481  0.039888  0.584536  0.018389
214  1757.491817  748.860783  16.702600  0.061197  3.322303  0.044205
215  812.286250  1254.517266  16.162477  0.070613  2.918701  0.036482
216  357.988614  167.955964  12.090664  0.021251  0.679639  0.029140
217  248.894983  1547.121072  13.998817  0.027100  1.785724  0.048527
218  490.046768  661.043653  15.500743  0.026592  2.325860  0.025891
219  1689.959432  1551.767736  15.175712  0.038444  2.126310  0.059886
220  952.382051  980.448283  12.912233  0.041707  0.793104  0.028129
221  968.820293  573.520869  12.571058  0.020520  0.880459  0.037960
222  1700.120564  1497.653689  12.920041  0.022355  0.705463  0.034793
223  1902.816225  1605.969856  16.611837  0.040313  2.639124  0.035448
224  1995.387871  423.262883  16.453167  0.029910  2.614169  0.063400
225  1350.772140  1971.001624  14.645412  0.032674  1.371148  0.063470
226  1669.746988  1343.861973  12.484223  0.019522  0.215138  0.023488
227  1405.246185  1943.325933  13.670317  0.042740  0.871890  0.045581
228  807.171291  1318.203727  13.032530  0.019002  0.740306  0.029143
229  1310.769852  1763.667562  16.496304  0.040923  2.247885  0.040028
230  1237.965652  1673.353520  15.815796  0.066808  1.743032  0.037948
231  1563.875020  706.809937  13.448139  0.049416  0.719427  0.028085
232  233.522786  362.474313  15.454586  0.066530  1.653867  0.028041
233  117.220628  632.166676  19.967781  0.136161  4.164594  0.182466
234  1938.040413  456.404063  14.214284  0.041803  0.865727  0.044034
235  990.473472  899.847557  13.779666  0.026516  1.177069  0.035249
236  714.594565  2012.256493  16.865085  0.044862  2.421858  0.066288
237  1039.974328  1378.391141  14.234272  0.037559  0.940558  0.030096
238  1180.157519  916.944122  13.698514  0.022530  0.405719  0.064114
239  435.110760  505.374157  14.069609  0.028194  0.928149  0.042380
240  204.570838  1230.742866  16.186725  0.029157  1.833644  0.064100
241  627.244769  316.516052  20.438166  0.110656  4.244598  0.147068
242  205.156434  1940.862974  14.166125  0.024659  0.574918  0.038576
243  815.964865  598.961416  16.546420  0.077100  1.859473  0.031056
244  175.313628  1314.167691  17.138017  0.083896  2.380759  0.071569
245  690.898473  21.481762  14.030776  0.023287  0.435151  0.034785
246  1450.841127  1203.328112  15.836433  0.055522  1.632748  0.047489
247  705.816532  1.665354  19.690932  0.095496  3.644134  0.091357
248  1686.824331  1030.896942  14.115693  0.036326  1.058493  0.054184
249  1791.057215  670.414556  14.479589  0.021844  0.950327  0.026164
250  190.814629  926.225929  15.343321  0.043568  1.313378  0.063407
251  194.441422  1532.700034  15.952400  0.059482  1.757047  0.042081
252  1305.176460  1622.621912  15.766207  0.041931  1.191165  0.064892
253  278.864123  732.092085  15.035530  0.028442  1.025024  0.040149
254  223.081776  1637.652763  13.871635  0.030218  0.121676  0.033984
255  354.910104  1051.874605  14.633378  0.034401  0.906153  0.046800
256  377.377661  778.568189  15.099621  0.038799  0.710178  0.073230
257  1812.809079  1165.145791  18.657554  0.108937  2.768026  0.065620
258  228.487236  796.382999  14.427888  0.030816  0.607142  0.034163
259  760.187853  1190.113794  19.620288  0.086055  3.458654  0.099500
260  759.126466  1331.907640  20.560331  0.183853  4.114849  0.163494
261  330.584526  1861.601585  14.955695  0.051374  0.878394  0.057292
262  1660.917250  1299.284017  19.616306  0.232065  3.808792  0.160403
263  1353.204425  1084.690742  15.170400  0.035777  1.028519  0.028982
264  1106.492830  205.895933  18.038042  0.073240  2.582637  0.098271
265  721.894613  1957.391397  19.856626  0.079325  3.371567  0.185850
266  1468.087363  144.978322  17.979333  0.046061  2.429517  0.120364
267  480.224628  371.965055  19.264413  0.181728  3.206510  0.093137
268  217.591911  1291.468862  18.432218  0.089814  2.786538  0.076512
269  605.817685  1055.712462  18.626800  0.133807  2.717933  0.050523
270  1171.294132  2025.296316  18.044440  0.057263  2.601389  0.061713
271  1813.890825  1348.358336  18.321191  0.051279  2.830784  0.118164
272  1309.485004  1287.712191  18.166920  0.084639  2.318319  0.104395
273  1473.592476  1185.344627  16.987530  0.064180  1.442594  0.032984
274  1929.890118  535.035346  19.020064  0.058613  2.598166  0.093803
275  93.138326  186.170402  20.317066  0.090981  3.854902  0.196371
276  272.965035  1657.211547  15.936581  0.067393  1.174232  0.052130
277  1327.234391  616.732956  19.702538  0.102793  3.137864  0.069146
278  1173.874237  1216.887991  15.896527  0.036106  0.977613  0.030053
279  1554.770097  1386.145605  14.401850  0.035301  0.215969  0.025971
280  1437.715407  123.988594  15.105948  0.028496  0.732755  0.043969
281  1613.316555  1004.557512  16.232188  0.040441  1.062704  0.080899
282  1338.957745  1325.083572  18.274307  0.070079  2.223337  0.045072
283  1467.818192  563.789299  18.529238  0.062733  2.432447  0.060362
284  1567.631454  1180.596470  18.454194  0.083165  2.384377  0.122149
285  428.269193  340.959133  19.484779  0.145617  3.048335  0.093400
286  1419.193971  303.659821  17.493097  0.064142  1.890895  0.043267
287  1354.185294  1889.413080  15.588916  0.073586  0.824625  0.040294
288  1994.978266  811.147327  15.920945  0.046485  0.969370  0.040419
289  1739.233110  79.045761  18.037599  0.100157  2.311480  0.096391
290  294.226727  1231.247151  15.715698  0.063358  1.066767  0.095714
291  1728.540991  1670.431125  14.998110  0.028842  0.642932  0.024095
292  1188.914515  1823.356865  19.727694  0.090756  3.135142  0.087888
293  1590.717995  367.240018  15.989037  0.058064  0.858448  0.058474
294  724.835310  408.832516  15.345452  0.035830  0.769777  0.033811
295  1150.500267  526.188563  20.004256  0.139673  3.159212  0.124922
296  1669.380982  634.865810  15.523380  0.065328  1.057674  0.037719
297  790.164350  1801.255472  14.741585  0.029568  0.280009  0.030291
298  982.265558  1634.293037  18.386230  0.134500  2.712678  0.085956
299  1733.421087  974.808902  15.622583  0.044496  0.876848  0.069973
2100  1367.379874  1596.975621  14.999645  0.043434  0.116837  0.034211
2101  128.053820  843.847441  20.089875  0.107462  2.940855  0.202428
2102  1006.961138  1101.784919  15.890124  0.036535  0.883335  0.045128
2103  1073.536733  1998.556089  15.874483  0.058236  0.892134  0.049035
2104  1096.891359  46.141390  17.512685  0.112390  1.747612  0.132492
2105  1471.095771  685.089852  19.080829  0.063870  2.428240  0.160344
2106  608.233643  1889.090877  16.561640  0.044961  1.822870  0.034759
2107  757.375844  1683.576055  17.393536  0.074531  1.740594  0.095778
2108  1672.811564  530.386868  18.403477  0.097859  1.927211  0.130619
2109  171.478633  1375.311188  15.957007  0.027894  0.749823  0.044881
2110  255.214742  1707.104053  20.028632  0.167635  3.046967  0.135081
2111  1167.403386  1097.819725  15.577393  0.060401  0.567030  0.062373
2112  1921.617669  91.930364  15.841346  0.044587  0.789178  0.026349
2113  1066.830835  843.486838  15.671621  0.038296  0.585206  0.026884
2114  1813.634466  1911.512505  16.204197  0.034695  1.007219  0.036862
2115  699.052874  349.646314  16.379617  0.052297  0.953792  0.040042
2116  1849.603774  1693.434337  15.880222  0.061456  0.778881  0.043895
2117  669.706452  2025.561942  18.753553  0.064248  2.406382  0.063339
2118  1994.149705  143.733519  16.545978  0.058409  1.151623  0.037911
2119  1384.249627  897.696939  16.228229  0.031378  1.355431  0.069779
2121  990.094459  1455.853060  21.578086  0.166513  4.132221  0.254415
2122  824.371656  1340.340585  20.674472  0.143944  3.633902  0.096856
2123  1342.719117  758.997347  15.953604  0.068448  0.635774  0.069161
2124  92.892303  1574.535011  16.131433  0.036046  0.976623  0.038071
2125  1458.915348  1208.197016  15.334663  0.071153  0.299027  0.040203
2126  968.615823  1773.301957  16.390311  0.055878  0.900039  0.074671
2127  1148.569541  1000.115391  15.257106  0.038618  0.273509  0.037453
2129  53.267980  1044.282412  15.911660  0.075391  1.412292  0.050101
2130  392.947444  812.565063  16.816276  0.042765  1.384440  0.055668
2131  1340.676867  5.595224  15.276137  0.040218  0.456447  0.027158
2132  612.100563  1860.268391  15.933949  0.038339  0.746996  0.051877
2133  1911.772738  1995.330269  16.240791  0.043501  0.966777  0.057151
2134  999.583980  377.552313  16.901364  0.046837  1.318009  0.073968
2135  962.639444  1195.447534  19.242548  0.140288  2.634556  0.087233
2136  1096.113750  153.377235  19.400109  0.116205  2.718430  0.126631
2137  1379.503144  944.084133  16.914431  0.060724  1.035821  0.091977
2138  2040.771415  993.807239  18.845891  0.156903  2.111284  0.122238
2140  76.248993  850.196683  17.003520  0.064338  1.707542  0.063007
2141  885.774111  1353.606371  17.037030  0.057456  0.797542  0.094821
2142  775.099561  395.871817  16.814367  0.061068  1.224057  0.080243
2143  594.303034  1410.733188  18.576182  0.057871  1.990567  0.082660
2144  914.305396  263.039476  18.333738  0.053832  1.806938  0.061422
2145  1604.656525  1411.166158  16.795861  0.038616  1.041111  0.033690
2146  960.964144  1378.347149  18.940192  0.058480  2.056305  0.075727
2147  1631.328733  1662.308490  16.564592  0.062097  0.877982  0.057882
2148  458.599532  1124.988509  16.467464  0.033935  1.049378  0.059861
2149  560.191493  1256.669350  19.664693  0.127054  2.534620  0.102568
2150  951.050496  710.247567  16.572206  0.033364  1.106677  0.050327
2151  597.537737  240.618077  17.074912  0.049060  1.341649  0.069416
2152  1132.689040  374.687027  16.507682  0.044258  0.880136  0.032388
2153  1070.429641  1988.775867  16.720935  0.032796  1.001627  0.032155
2155  607.026371  1780.126986  19.950346  0.117103  2.569813  0.090151
2156  1525.312150  1808.650994  17.388734  0.114194  1.395789  0.055466
2157  1505.160795  1817.078586  16.437416  0.067856  0.645996  0.043882
2158  64.702605  251.378869  17.210666  0.066278  1.133340  0.052147
2159  205.968637  1456.831935  15.959377  0.077437  0.278649  0.027150
2160  634.235126  755.970708  16.820584  0.040301  0.930076  0.066210
2161  1628.632423  2007.263424  18.177194  0.043882  1.575152  0.077138
2162  1399.902942  140.568235  16.415609  0.057866  0.700712  0.039534
2163  584.099371  819.398576  15.730500  0.030403  0.380766  0.053236
2164  1932.262802  1286.874302  16.505955  0.083731  1.704515  0.057358
2165  1992.352538  531.752678  19.837695  0.184913  2.653131  0.076851
2166  250.953076  155.061390  19.266596  0.068291  2.151273  0.070051
2167  1293.650483  1200.244864  21.123179  0.232539  3.725850  0.226431
2168  1721.890021  94.708417  16.633519  0.046284  0.972868  0.035580
2169  884.738181  1205.199792  18.403692  0.097601  1.849298  0.056621
2170  229.182443  1850.938125  17.755962  0.078044  1.561540  0.077800
2171  746.111992  592.318096  19.705887  0.101315  2.545720  0.094193
2172  1143.530988  90.734157  16.888875  0.071305  1.141909  0.046746
2173  30.448982  1522.036130  20.714877  0.197177  3.103236  0.137604
2174  1038.304428  1298.661469  19.484031  0.143976  2.779672  0.109107
2175  982.336994  1266.918386  18.420382  0.052086  1.821070  0.085287
2176  1306.045597  1591.257948  19.651713  0.134264  2.722755  0.144231
2177  416.222916  1553.980544  17.499574  0.082445  1.504012  0.045721
2178  611.414382  353.053871  19.413810  0.068988  2.371918  0.124183
2179  901.536620  1161.653704  16.745752  0.065651  1.079948  0.042481
2180  1248.171097  1939.818878  18.106566  0.066961  1.597487  0.059845
2181  166.356503  1343.776106  17.455993  0.081620  1.304809  0.067662
2182  556.313853  1092.185117  17.391391  0.056777  1.081803  0.040458
2183  1153.227711  1897.666713  16.695334  0.066914  1.450988  0.063182
2184  178.611708  1288.503048  15.642982  0.036368  0.303652  0.033970
2185  189.470818  1411.079401  19.414729  0.070900  2.250672  0.113578
2186  1207.408318  1280.473196  16.852272  0.051012  1.097211  0.055258
2187  874.844216  426.920399  16.553971  0.062743  0.836365  0.072396
2188  1897.933659  1870.274091  16.918470  0.032755  1.178246  0.039234
2189  31.942363  8.199626  19.646788  0.157813  2.145316  0.074579
2190  1433.420008  446.446445  16.999027  0.094777  0.755611  0.084244
2191  1302.005371  732.530007  19.207403  0.087772  1.725730  0.064172
2192  1766.696565  33.491130  16.455812  0.081682  0.460254  0.032910
2193  957.419723  15.824218  16.870280  0.050210  0.872030  0.083465
2194  773.620476  1685.602720  18.061267  0.099123  1.163068  0.136232
2195  1854.642368  1219.166224  18.584123  0.123583  1.798099  0.096333
2196  1015.316575  532.155623  17.361464  0.045412  1.011976  0.043351
2197  884.826287  1968.192229  17.634453  0.057808  0.965633  0.081576
2198  1696.509877  446.786618  17.511548  0.067273  1.501327  0.043848
2199  581.783175  724.977475  16.895598  0.044934  0.707911  0.080265
2200  552.663500  969.512895  18.534711  0.115130  1.771984  0.061909
2201  1666.931781  994.944628  17.314098  0.095581  1.020846  0.051160
2202  242.738438  684.533003  19.398863  0.098466  2.413886  0.132263
2203  16.023807  1035.550312  17.650645  0.043979  1.045233  0.096040
2204  1894.454349  1161.698475  18.810812  0.118794  2.028286  0.092387
2205  711.259103  781.216983  17.988716  0.053226  1.375496  0.110726
2206  857.418743  1340.819537  17.768616  0.044783  1.950873  0.108887
2207  1479.310709  1654.042694  17.396817  0.037694  0.989455  0.051829
2208  1310.669684  1077.084654  18.804585  0.109120  1.745832  0.091090
2209  1539.049605  351.955131  17.102969  0.045788  1.000079  0.057183
2210  627.015670  1079.874050  18.566161  0.075131  1.772606  0.100235
2211  1262.835732  654.320532  19.999068  0.100631  2.844768  0.147420
2212  189.423769  1849.465807  19.539193  0.106324  2.239313  0.095590
2213  483.243455  176.933534  16.932028  0.051792  0.811798  0.077856
2214  532.742427  1488.752954  17.635881  0.040662  0.953856  0.069280
2215  234.003567  773.119877  17.330341  0.096975  1.385410  0.113280
2216  1047.153669  449.612638  17.949457  0.060268  1.064788  0.050061
2217  1098.834991  1107.026031  18.745904  0.058132  1.604401  0.060370
2218  1213.420790  1950.621737  18.585594  0.086394  1.468102  0.096770
2220  45.076649  562.860016  20.039673  0.107419  2.583246  0.202338
2221  1832.957970  323.407522  20.000260  0.082682  2.395495  0.108775
2222  1926.992727  1314.917627  18.563780  0.081867  1.771311  0.059592
2223  1867.964328  852.436674  18.804957  0.148380  1.590600  0.061831
2224  1210.778495  186.849533  17.403581  0.076874  1.566360  0.077563
2225  504.353050  625.044677  18.097359  0.095841  1.539662  0.052963
2226  99.365562  1868.975667  19.001194  0.124300  2.044259  0.106848
2227  142.951737  75.554053  20.191635  0.189840  2.492279  0.081739
2228  118.148969  1391.569477  19.493989  0.067236  2.181967  0.076592
2229  1016.958678  1509.374886  17.427357  0.071493  0.975867  0.063801
2230  295.052783  585.688625  20.863179  0.171405  2.465083  0.232781
2231  1703.759831  1920.438274  19.626174  0.150441  2.242707  0.160294
2232  1013.017713  629.842899  17.422950  0.065679  1.029460  0.053074
2233  1374.459229  1449.117733  17.994368  0.106058  1.293981  0.052047
2234  1651.899082  102.951571  18.737698  0.145489  1.694905  0.120811
2235  2041.064609  1294.777322  16.733895  0.044525  0.741772  0.032697
2236  1637.897997  35.878023  15.283833  0.048099  -0.314097  0.029933
2237  2033.657299  1694.558405  20.699244  0.152517  2.628693  0.134753
2238  1525.841526  582.929864  16.666075  0.061981  0.663118  0.054184
2239  532.710598  1864.868660  16.995979  0.043379  0.684462  0.053618
2240  1366.318914  1694.236271  18.390198  0.058602  1.722185  0.061749
2241  1206.602992  1017.526384  17.544323  0.114439  0.921038  0.074636
2242  1519.637249  418.689170  19.015568  0.158852  1.996939  0.137868
2243  199.327884  969.240044  17.039857  0.050593  0.824977  0.051280
2244  1310.782722  419.076459  18.105387  0.068661  1.448564  0.085917
2245  652.307766  735.576762  17.603402  0.082077  1.030597  0.052048
2246  433.489572  1348.012168  18.060493  0.073627  1.309342  0.047252
2247  1243.803249  713.023150  19.055277  0.134879  1.907892  0.112899
2248  807.729330  797.358226  17.640060  0.063066  1.742114  0.072819
2249  664.218399  1074.803551  17.226125  0.050224  1.140119  0.111364
2250  2015.874085  115.545197  17.537459  0.050093  0.943105  0.055796
2251  784.223298  467.565673  19.746780  0.183204  2.187720  0.135690
2252  454.101375  104.443132  18.122731  0.067088  1.095570  0.063475
2253  1610.242844  1656.990739  17.278338  0.073961  1.609896  0.066289
2254  2004.132442  415.353971  17.547629  0.057144  0.969502  0.060263
2255  809.451472  324.411198  17.732168  0.080297  1.097675  0.102332
2256  1937.618319  156.609734  18.351222  0.083256  1.509026  0.069692
2257  910.867455  1180.538994  17.474132  0.081960  1.371715  0.053110
2258  809.248356  1359.583444  17.280505  0.038313  1.447020  0.058311
2259  989.122085  32.800529  19.005309  0.097517  1.707128  0.163506
2260  981.374538  1599.411492  20.096050  0.094874  2.465787  0.105924
2261  630.644817  1481.550654  18.344229  0.088222  0.874772  0.115107
2263  269.199847  1789.911486  18.039526  0.135626  1.089031  0.074130
2264  896.190786  618.269163  19.433646  0.075182  1.913964  0.149886
2265  942.136735  2034.292815  17.000339  0.078628  0.582852  0.089914
2266  1400.294131  1027.326359  17.767861  0.059167  0.821902  0.056130
2267  1151.400149  463.950727  17.652860  0.052811  0.621531  0.041401
2269  45.838633  666.609528  18.389263  0.156039  2.184981  0.125089
2270  6.635614  1341.558805  20.856074  0.341994  2.815095  0.140219
2271  1797.272649  111.677750  17.704907  0.055313  0.968123  0.043650
2272  1215.967551  1036.809809  16.260143  0.044742  0.135560  0.036087
2273  1650.687713  207.048512  17.860359  0.051012  0.991472  0.106906
2274  1899.469651  165.459649  17.400883  0.064442  0.445114  0.037155
2275  1829.917168  1085.369081  17.365936  0.097107  0.688016  0.061670
2276  1330.263015  801.969739  16.738804  0.061179  0.156443  0.031253
2278  284.812174  861.099380  18.303878  0.049937  1.007842  0.067411
2279  280.364507  260.876745  19.881021  0.152229  2.159069  0.103796
2280  1795.465915  1504.216681  18.275103  0.078884  1.109104  0.063682
2281  1227.192760  586.748333  18.727503  0.055126  1.571681  0.056348
2282  506.594203  875.565712  20.887293  0.104484  2.568377  0.199331
2283  793.866749  613.851653  17.548893  0.088183  0.849129  0.081373
2284  872.797813  766.327765  19.832574  0.108967  2.386833  0.126299
2285  1204.489974  1216.438321  18.362032  0.100401  1.197183  0.051556
2287  989.703139  1013.659077  18.183768  0.064400  1.045024  0.082517
2288  51.222376  1366.023540  16.378094  0.040202  0.143619  0.060708
2289  647.667143  1849.189628  17.897342  0.166665  0.956272  0.071527
2291  1397.196023  1634.861749  17.913940  0.158084  1.839115  0.107876
2293  1017.113832  378.688169  18.080735  0.071073  1.237614  0.065208
2294  1854.118273  121.167920  17.442860  0.111898  0.792931  0.059906
2295  1966.676229  1326.566515  17.998616  0.073346  1.160120  0.093828
2296  179.248314  1684.014426  16.713019  0.058761  0.216329  0.072509
2297  152.980694  1171.234039  17.994596  0.107190  1.135104  0.079097
2298  1939.252778  1710.184347  17.821867  0.078144  1.637609  0.114009
2299  1961.288815  1570.707318  17.752713  0.140289  0.696920  0.087394
2300  987.999505  1720.669290  18.611355  0.093251  1.209870  0.068874
2301  1469.857999  169.582590  18.448643  0.054908  1.303436  0.087001
2302  83.778106  1048.894201  19.249590  0.098261  1.728966  0.077754
2303  1532.474607  1517.567202  19.809985  0.095710  1.781891  0.129999
2304  1702.895075  1407.966054  20.507363  0.166901  2.688890  0.120261
2305  537.104342  506.869689  19.718356  0.074455  1.896267  0.156488
2306  1157.127674  1330.864130  17.774859  0.057992  0.855079  0.080223
2307  541.863136  1861.997075  18.680074  0.080040  2.142334  0.070650
2308  1229.826218  740.743089  20.236026  0.125327  2.302630  0.371452
2309  1673.024138  1371.134164  17.657527  0.075176  1.393449  0.056052
2310  657.124976  575.201393  17.893456  0.068889  1.111999  0.082239
2311  1760.659892  1505.184027  18.278436  0.085104  0.906074  0.056449
2312  1093.071043  983.625358  18.858630  0.084641  1.397202  0.113291
2313  1602.753991  1060.402799  19.376423  0.167980  2.254634  0.208632
2314  153.022219  1683.944146  20.565889  0.213550  2.042568  0.178639
2315  1595.566977  1912.865368  17.492027  0.060429  0.877227  0.056338
2317  1204.015413  1796.477331  16.012589  0.039421  -0.180746  0.030630
2318  1421.536706  1566.859547  17.893272  0.046678  0.937882  0.050367
2319  1877.899146  960.851620  19.239225  0.070661  1.798096  0.095534
2320  700.505478  122.290215  17.836675  0.083263  0.768028  0.086098
2321  544.225472  741.610737  20.187681  0.135726  2.019064  0.120867
2322  190.840937  1071.580930  19.922778  0.085450  1.944764  0.102372
2323  68.686461  1222.849463  18.214339  0.096705  1.008080  0.096196
2324  1263.363023  1954.567670  19.901805  0.172760  1.983866  0.223588
2325  1382.788393  1823.616378  17.906772  0.065364  1.054091  0.064376
2326  721.555532  1366.911160  17.902509  0.058839  0.914210  0.047626
2328  1120.518703  1788.186973  18.537294  0.057120  1.421367  0.066275
2331  168.558728  92.531487  18.245999  0.072193  1.286348  0.091525
2332  1355.864180  1639.222156  16.654896  0.119987  0.178163  0.039573
2333  2001.654265  1509.660269  16.897212  0.048590  0.344309  0.049345
2334  537.114266  1460.556932  19.832895  0.087761  2.040965  0.107948
2335  873.051807  755.238749  19.631575  0.093030  1.749457  0.079383
2336  919.132317  1996.567548  17.830925  0.041145  1.201101  0.088219
2337  300.595349  814.869148  17.489666  0.061071  0.673334  0.067256
2338  1209.565312  1972.583032  19.514620  0.183791  1.616512  0.129499
2339  1327.096832  802.526717  18.352798  0.074194  1.323474  0.071458
2340  1278.403214  1361.360744  20.280583  0.141198  2.606641  0.180660
2341  861.150304  2021.012355  17.925936  0.107405  1.329034  0.091127
2344  798.001694  573.270511  18.059220  0.093093  1.080300  0.104435
2345  1215.928811  391.023606  19.416837  0.150107  1.886203  0.146587
2346  1990.999451  1737.165102  18.554118  0.093080  1.297957  0.118690
2347  1668.285468  1893.094866  18.303587  0.116959  1.083872  0.140340
2349  69.500112  39.078252  18.234687  0.052200  1.375448  0.131462
2350  1318.711768  976.425314  16.611385  0.064983  0.173252  0.090995
2351  1653.417679  968.691565  20.438852  0.164677  2.270942  0.100260
2352  1694.103537  74.909937  19.872062  0.136022  2.028546  0.135990
2353  483.304884  1240.840074  17.300595  0.115143  0.684814  0.062002
2354  530.795388  1209.579764  16.219395  0.047035  -0.009457  0.074056
2355  1233.563560  319.753642  18.440695  0.079200  1.424206  0.069381
2356  1022.705205  1495.565091  19.717961  0.138286  1.967894  0.100359
2357  756.163232  513.360289  18.249025  0.045543  1.346745  0.054682
2358  1064.987882  806.712041  18.063352  0.102724  0.951411  0.079552
2359  62.731051  1904.793312  19.503254  0.102739  1.890818  0.071625
2360  1050.926538  854.456340  18.160245  0.066610  1.526819  0.051808
2361  1494.798638  1096.703736  18.232911  0.118640  1.455461  0.080353
2362  1850.392869  205.704354  18.743729  0.059059  1.116457  0.055653
2363  822.338008  1562.369942  19.064750  0.069004  0.763048  0.119374
2364  1404.183319  2028.002791  20.081730  0.084408  2.066490  0.122238
2365  644.400858  1953.050531  19.111010  0.117414  1.257379  0.133500
2366  1354.420568  794.350073  20.487261  0.106039  2.241524  0.125491
2367  1963.444959  870.033124  17.518082  0.037775  0.334747  0.089769
2368  178.333582  2034.383672  18.904664  0.094628  1.432674  0.128042
2369  326.792696  795.383448  20.753345  0.181570  2.332854  0.126739
2370  1851.635658  1573.226575  17.461718  0.070630  0.530622  0.042825
2371  72.808935  1197.652649  17.560309  0.065749  0.301368  0.075825
2372  617.098396  1855.046292  18.907302  0.095846  1.413858  0.087732
2373  1175.869671  204.236822  18.030342  0.079702  0.764051  0.049528
2375  27.081875  55.754771  19.683680  0.126593  1.597724  0.136244
2376  925.269881  312.901565  18.639407  0.069100  1.873469  0.071968
2377  1902.250244  1134.113161  18.972296  0.098005  1.332513  0.133031
2378  1404.672116  95.390458  18.843394  0.078403  1.688465  0.080563
2379  467.624180  1484.155730  18.377332  0.078003  0.840001  0.057293
2380  971.427814  1537.296456  19.097590  0.104048  2.122567  0.076663
2381  1045.264565  1514.367210  20.080142  0.093317  1.754885  0.181387
2382  148.055560  146.403977  20.689022  0.117130  2.093511  0.125828
2383  1543.199314  1609.283407  18.332521  0.051588  0.910089  0.059755
2385  1528.432200  1811.981205  17.603006  0.057588  0.573078  0.060786
2386  431.384811  867.268269  17.757576  0.136157  0.453504  0.090815
2387  1155.851199  476.741539  19.456661  0.099340  1.147031  0.081743
2388  1517.757202  1787.562157  19.327158  0.099986  1.335227  0.102628
2389  533.186401  74.023186  18.994573  0.108892  1.179157  0.067217
2390  725.483885  202.349267  18.987338  0.097828  1.135379  0.051839
2392  665.483032  1636.894803  18.636262  0.084819  1.333939  0.076438
2393  1821.075250  1480.333424  18.982088  0.143788  1.168575  0.080251
2394  496.362206  2026.208284  19.773768  0.080911  1.712710  0.137607
2395  1335.758804  1786.946433  18.797492  0.129431  1.194229  0.126701
2396  1245.328691  1884.960960  20.864289  0.127713  2.442965  0.158370
2397  609.489952  1337.604431  20.257336  0.132362  2.056220  0.103196
2398  191.724639  984.690543  19.973329  0.082701  1.819856  0.141607
2399  1382.705817  1273.909774  20.696648  0.196151  2.486097  0.312982
2400  1255.013852  1010.523911  19.302441  0.180203  1.474099  0.083701
2401  1636.522269  1479.923121  19.101751  0.100753  1.081347  0.065792
2402  1513.550976  452.588250  19.103222  0.128997  2.670859  0.166844
2403  1182.780452  1670.497789  20.213149  0.098862  1.966355  0.091007
2404  376.813030  180.780888  19.083700  0.086350  1.340123  0.098038
2405  2006.381597  66.854196  19.524608  0.097107  1.716965  0.148610
2406  307.760550  203.845188  18.952481  0.103259  1.173292  0.063049
2407  1737.954818  207.846045  19.620261  0.094806  1.773907  0.112527
2408  1356.238408  92.130677  19.661386  0.088704  1.591863  0.076442
2409  1732.037739  1696.286804  18.919257  0.098944  1.221607  0.071045
2410  941.751878  1009.400652  18.730908  0.111038  1.223487  0.064100
2411  796.899442  1809.861652  20.608386  0.188600  2.113583  0.093867
2412  1740.812878  951.207708  19.055487  0.060435  1.483677  0.094041
2414  685.706058  190.880800  18.511705  0.097401  1.448668  0.095196
2415  198.599885  873.610845  19.918045  0.095303  1.851802  0.098110
2417  935.976192  1358.897157  20.559507  0.218939  1.848705  0.150665
2418  1833.421988  182.548109  18.713737  0.073721  1.329531  0.138401
2419  683.261159  1279.385407  18.800219  0.082358  1.796392  0.080898
2420  1359.476615  648.593341  16.697404  0.032829  -0.053192  0.054879
2421  1764.041126  1136.778426  19.622571  0.100605  1.611822  0.123236
2422  1463.457654  1259.711270  17.907048  0.056952  0.630992  0.084218
2423  1900.631542  1268.673536  18.950611  0.064656  1.306378  0.104312
2424  1517.957654  1657.183150  18.372279  0.082789  1.176307  0.094055
2425  875.129054  1725.625355  19.185446  0.093222  1.311441  0.113971
2426  349.442342  1307.733609  18.296336  0.134368  0.977181  0.065921
2427  1576.427750  1660.712583  18.839107  0.065584  1.335537  0.139511
2428  1931.850879  16.258526  20.451468  0.142913  1.755630  0.213679
2430  1882.655315  444.423250  18.607152  0.105920  1.378336  0.128464
2431  1986.214258  984.895189  17.782736  0.045537  0.468370  0.064761
2432  1442.514801  162.286044  19.385909  0.072364  1.494446  0.119037
2433  221.729147  1467.295628  20.385540  0.218397  2.238113  0.097998
2434  110.101681  1594.559315  20.671048  0.219456  2.337637  0.169375
2436  163.893922  760.731932  19.152845  0.121755  1.281348  0.122386
2438  2035.176258  1472.718901  19.089090  0.085443  1.503491  0.089014
2441  165.245675  1339.270864  18.465996  0.067590  1.176262  0.174467
2442  1040.448604  1186.809780  17.506703  0.085139  0.411437  0.046360
2443  714.533752  1785.083625  19.045364  0.097207  1.067352  0.145407
2444  282.059184  1650.606750  18.295068  0.131945  0.975056  0.083998
2445  747.563441  863.294786  18.936938  0.062565  1.444317  0.115875
2446  1159.207598  1602.948560  19.072881  0.069496  1.328341  0.125269
2447  1389.605784  1804.656004  18.612337  0.126978  1.045388  0.071033
2449  182.176596  649.965049  19.218298  0.120568  1.852237  0.080528
2450  1953.554267  183.711277  18.635624  0.078645  1.115431  0.082089
2452  1902.800597  378.678086  18.692556  0.138401  1.229708  0.071000
2453  2040.406417  14.093344  19.378194  0.115939  1.592030  0.111748
2454  218.307921  1609.952775  18.427905  0.092816  0.958839  0.085744
2455  1781.826842  244.754988  18.715327  0.064685  1.315371  0.106128
2456  295.325226  557.148266  18.532862  0.054143  0.779009  0.099686
2457  1539.310553  1738.298092  19.401632  0.132477  1.523894  0.069331
2458  196.523441  1524.331505  19.548063  0.108225  1.528805  0.083904
2459  60.351528  452.835220  18.124003  0.071243  0.755895  0.044016
2460  900.178664  485.676208  19.585119  0.121226  1.483206  0.096785
2461  38.717100  1657.033444  20.304348  0.195219  1.870793  0.102725
2462  292.471569  759.482102  17.936879  0.058260  0.514462  0.044799
2464  1734.184717  61.149177  19.068837  0.081460  1.476187  0.087845
2465  1707.091911  1395.647055  19.584373  0.070260  1.619801  0.123340
2466  1420.348114  158.431159  20.429959  0.151883  1.959089  0.174122
2467  851.030012  562.422398  19.034896  0.137685  1.269932  0.087685
2468  202.281328  1453.252341  19.721213  0.232768  1.729422  0.126367
2469  1033.875093  1271.391889  19.228512  0.127176  1.249774  0.118821
2471  192.305355  1772.179598  17.712124  0.080941  0.471673  0.054786
2472  68.575673  1970.426085  19.337829  0.094358  1.249530  0.160568
2473  129.518437  1625.732340  19.491922  0.228624  1.525972  0.132919
2474  6.455542  804.177626  19.114562  0.065211  1.167968  0.093190
2476  1380.538609  1293.873562  20.962354  0.160692  2.468231  0.151325
2477  1660.589500  1390.190739  17.055584  0.049386  0.115930  0.063403
2478  1379.255805  365.147885  17.934276  0.069421  0.700896  0.111975
2479  398.980457  354.287341  19.492320  0.139661  1.390305  0.107441
2480  1078.003061  1387.422177  17.838225  0.091901  0.717022  0.073891
2481  1562.812918  1883.307612  18.739646  0.104730  1.215257  0.067873
2482  1341.847867  38.234880  16.874566  0.083096  0.019523  0.063487
2483  1588.693253  91.949168  18.608530  0.094245  1.239474  0.081928
2484  567.349375  723.700367  18.442031  0.108276  1.494201  0.055186
2485  397.033156  1372.082041  18.874281  0.117495  1.189370  0.051387
2486  520.752753  884.020349  18.589058  0.090505  1.833564  0.086954
2487  272.009785  705.838472  18.336918  0.055295  0.930822  0.089162
2488  1662.307194  253.475440  18.715682  0.111807  1.330569  0.106114
2490  925.195379  1854.280344  18.940363  0.062060  1.284219  0.074305
2491  1617.172680  822.680133  18.495984  0.065260  1.138067  0.065935
2492  1569.831650  65.642053  20.415774  0.125879  1.808638  0.118427
2493  1059.273434  199.205056  18.783632  0.142552  0.960987  0.068111
2494  1352.683928  1615.735620  20.976245  0.172565  2.361771  0.188082
2495  1324.468646  1704.667325  18.605770  0.068800  0.884972  0.102073
2497  447.327283  817.653746  18.603924  0.082460  1.199575  0.096449
2498  1058.180188  538.545377  20.501445  0.114347  1.784431  0.181095
2499  93.242971  887.941216  21.293599  0.182311  2.716271  0.143992
2500  350.929869  1683.389016  20.086579  0.258190  1.880584  0.094300
2501  213.942245  1797.155128  18.679770  0.110102  1.793941  0.057857
2504  1109.895175  1015.059869  17.903494  0.091903  0.714610  0.052939
2506  1225.677114  1045.774375  19.761720  0.189743  1.955137  0.138116
2508  1698.327789  1929.271600  20.251849  0.146648  1.584432  0.141488
2509  1007.416985  1197.013670  19.613438  0.127087  1.651866  0.154670
2511  636.733559  26.920801  19.914787  0.076327  1.558522  0.074931
2512  644.240374  965.452127  20.630056  0.095216  1.507840  0.213432
2513  1700.064631  1742.505854  19.461974  0.095745  1.212570  0.133097
2514  1322.077869  1232.054532  19.353983  0.092495  1.845560  0.142798
2515  993.952405  1360.963518  19.923153  0.110306  1.555072  0.183636
2516  1637.414432  1828.384211  19.639464  0.124199  1.228896  0.155610
2517  1936.117312  2011.725842  19.524605  0.076665  2.066232  0.159720
2518  1668.307126  244.724667  20.143987  0.095786  1.701080  0.078339
2519  1367.699311  194.021229  19.719393  0.093003  1.239023  0.166443
2521  872.443103  71.124136  19.514771  0.138280  2.014238  0.142508
2522  363.562734  999.692538  19.736063  0.077038  2.472366  0.112332
2523  1975.942560  42.836306  20.794511  0.282489  2.079830  0.103262
2524  1931.368711  420.460983  19.276878  0.104484  1.095251  0.081870
2525  1623.349981  1109.577399  19.241859  0.081505  1.389677  0.092529
2526  1133.992824  257.968138  19.101698  0.143215  0.895171  0.142463
2527  1335.758609  633.715294  20.080955  0.147254  2.639794  0.132290
2528  1835.836139  120.464867  19.357755  0.122577  1.143063  0.077471
2529  1155.255149  581.328973  20.131350  0.140603  1.396141  0.146843
2531  1084.802612  2023.580722  19.293249  0.159470  1.845637  0.129974
2532  755.351887  620.321656  21.106909  0.113970  2.707423  0.266664
2533  1026.497171  1898.110383  19.286348  0.115649  1.156641  0.066944
2534  1799.956377  1805.359952  17.363227  0.080674  0.126736  0.037907
2535  1891.777521  360.805303  20.743600  0.176880  1.919444  0.216970
2536  255.962136  1320.485863  20.404809  0.138183  1.357469  0.186855
2537  503.573467  1435.113553  20.179959  0.093960  1.705176  0.082553
2538  1338.293109  299.599976  20.901865  0.121378  2.022904  0.195121
2540  1085.868604  1814.241382  19.039795  0.097513  0.847042  0.058864
2541  785.098883  1665.494081  18.109906  0.084631  0.312519  0.066901
2543  1489.468292  1438.351623  20.462643  0.224806  1.868157  0.132492
2544  705.950786  955.279757  18.940141  0.094210  1.146241  0.104227
2545  1928.967366  375.941445  19.931210  0.080874  1.201652  0.093599
2546  759.234268  529.968094  19.591150  0.198797  1.118534  0.154364
2547  144.868510  1256.731528  19.975745  0.161444  2.821705  0.098301
2548  364.067645  1881.505357  20.143655  0.121057  1.539022  0.158655
2549  1933.352492  1738.515046  19.522219  0.066885  1.151984  0.090727
2551  701.644884  1607.460584  18.638293  0.091448  0.481174  0.113948
2552  1928.868092  1739.688970  19.094263  0.059051  1.513372  0.172108
2553  2047.421632  1326.170327  20.132648  0.092707  1.423621  0.149066
2554  2037.314359  1934.902225  19.388598  0.199661  1.340850  0.089509
2555  318.182570  1208.795238  19.111061  0.118834  1.150746  0.089322
2556  1589.910936  2027.245334  20.612879  0.116026  1.606176  0.149612
2558  1243.249245  523.048379  20.127287  0.203011  2.121531  0.309613
2559  1682.937390  1145.697092  20.109545  0.091851  1.874780  0.244280
2560  472.545713  2030.300756  20.481973  0.296836  1.693417  0.252943
2562  1975.652303  767.607246  18.639380  0.176651  0.932139  0.097194
2563  1456.110324  133.372558  20.237369  0.144113  1.640955  0.146524
2564  1145.362234  834.084143  20.239323  0.139165  1.378947  0.114204
2566  1812.743538  838.255063  19.297687  0.062316  0.946696  0.157107
2567  1338.994463  1909.419844  19.365292  0.168749  1.426971  0.200170
2568  609.341119  1067.578419  19.426208  0.167697  1.069776  0.176506
2569  483.810991  367.292046  18.543816  0.092659  0.815676  0.074666
2570  131.562557  1084.247623  20.029199  0.267895  1.594529  0.203106
2571  695.585838  1108.705234  19.474550  0.150608  1.184041  0.098686
2572  1.503703  1332.815803  20.385442  0.097348  2.134067  0.126072
2573  1073.695952  1660.135082  19.453660  0.110075  1.207643  0.072305
2574  1226.825150  1429.300880  19.487385  0.126969  1.082903  0.209300
2575  1138.986639  1169.803788  18.888450  0.158004  1.435816  0.116733
2576  566.581591  863.774703  18.004235  0.056537  0.388566  0.064536
2577  62.066936  108.465094  19.771395  0.106368  1.843076  0.075709
2578  1504.162643  719.016944  19.254450  0.082542  1.364642  0.077019
2579  1560.303447  1205.059905  19.724277  0.086529  1.317170  0.132452
2580  622.884501  2039.676138  19.669561  0.077095  1.196123  0.112050
2581  1896.591900  1687.569282  19.345440  0.074808  1.350961  0.068844
2582  601.229267  1381.583565  20.600232  0.112349  2.044028  0.142878
2583  191.301769  117.149258  18.379153  0.095438  0.399580  0.121725
2584  529.394114  1797.770626  19.512748  0.190295  1.187557  0.145920
2585  1296.554220  1314.321056  19.338135  0.112274  0.913644  0.057591
2586  841.615033  1753.175434  20.004506  0.090815  1.707874  0.164066
2587  244.443284  240.343871  19.762311  0.125546  1.634758  0.128417
2589  1150.121787  1771.530027  18.287467  0.078905  0.696005  0.077508
2590  761.930887  1462.584881  19.220206  0.099953  1.316078  0.144441
2591  863.112646  813.248607  19.144879  0.163217  1.328689  0.116648
2592  626.499159  1657.930119  20.458227  0.189349  2.068466  0.257735
2593  153.630988  56.832522  19.010954  0.116986  1.003029  0.102551
2594  1145.483100  764.603877  19.927554  0.132462  1.395705  0.193845
2595  1511.253511  635.725782  19.726920  0.086983  1.438633  0.118072
2596  552.787288  930.415293  17.833020  0.070481  0.133041  0.064955
2597  2011.442015  1676.799863  20.133679  0.228112  2.306938  0.096249
2598  1556.858653  87.303712  20.754513  0.200942  1.942018  0.215673
2599  605.662220  1033.307520  19.819495  0.129373  1.089462  0.167186
2600  311.629155  982.778811  19.482849  0.189919  1.338917  0.143875
2601  455.769320  1370.240810  19.717792  0.119620  1.470932  0.094422
2602  2018.694424  374.123881  19.484372  0.080453  1.147883  0.114763
2603  1706.419132  153.564755  19.999258  0.106052  2.624655  0.139721
2604  24.561193  1704.686103  19.350801  0.084599  1.149939  0.067739
2605  1417.267969  1269.247739  19.689713  0.073320  1.324216  0.143118
2606  372.144447  1670.368767  19.235752  0.197025  1.738930  0.085363
2607  876.616080  1204.075544  19.096857  0.094347  1.889173  0.116458
2608  1576.516289  913.863814  20.230021  0.248571  1.916649  0.169764
2609  1637.889368  1454.166960  19.624698  0.149568  1.803916  0.105284
2610  394.989991  1657.604457  20.194911  0.170760  1.234128  0.196549
2611  1136.049143  1471.203273  18.043416  0.074606  0.453308  0.055491
2612  1652.762867  1046.304981  18.730531  0.063550  0.728592  0.112195
2613  414.794516  7.198203  19.947520  0.123646  1.658344  0.086976
2615  1928.417741  970.179516  19.428757  0.191062  1.453575  0.079399
2616  1156.830059  1036.017822  19.698918  0.085895  1.507612  0.083226
2617  640.839540  745.505197  19.398088  0.102590  1.521133  0.150589
2618  513.694697  1798.015423  19.581370  0.123661  1.603263  0.146858
2619  1318.161995  1804.230024  19.229343  0.089284  1.100467  0.060820
2620  1299.712195  217.206365  19.401976  0.138806  1.157752  0.096764
2621  1580.028814  1941.539772  18.489387  0.069189  0.837103  0.066370
2622  1656.583195  1781.443442  19.270842  0.115630  2.199279  0.127752
2623  443.184101  2041.761403  17.387415  0.109706  0.227090  0.038490
2624  522.263332  1152.735680  20.962063  0.155109  2.049645  0.127040
2625  42.473705  410.038982  19.331392  0.062385  1.444176  0.110071
2626  776.824787  1635.689610  18.434362  0.172759  0.547660  0.069366
2627  812.532293  683.222946  19.749418  0.122344  1.620182  0.089175
2628  1057.183940  147.184400  19.560908  0.181734  0.998232  0.106687
2629  1706.439445  476.129044  20.740765  0.283385  1.829761  0.125079
2630  997.075126  1958.990131  19.318617  0.075715  0.928226  0.096414
2633  549.304998  383.739359  19.247097  0.064455  1.193563  0.093721
2634  1093.432415  807.156174  19.900493  0.103779  1.007509  0.184674
2635  394.927918  762.483708  20.154179  0.187906  1.207013  0.115633
2636  1200.934042  81.266368  17.698332  0.066161  0.254091  0.063782
2637  494.313429  1716.864120  19.966931  0.139088  1.499415  0.116278
2638  2044.376952  1630.688803  19.566970  0.102440  1.251059  0.095253
2639  1031.963527  828.618822  18.930733  0.095026  0.930772  0.119460
2640  650.074789  1818.173290  20.311787  0.087349  1.421410  0.168326
2641  302.393229  1485.949422  20.632442  0.133181  1.738751  0.135726
2642  863.984850  1111.256527  20.177389  0.095433  2.407500  0.156002
2644  1846.480847  1165.566045  19.853366  0.092132  2.570735  0.218529
2646  1904.363582  1144.030724  17.703662  0.076889  0.238590  0.039379
2647  38.154475  124.414986  20.402327  0.203504  1.629834  0.153538
2648  856.494484  996.148895  18.244377  0.129520  0.400242  0.099020
2649  381.284039  606.310863  18.914447  0.087514  1.210193  0.103518
2650  1335.684605  1759.327088  21.335683  0.151918  2.098721  0.206202
2651  28.309180  1801.613852  20.139796  0.124607  1.742333  0.123296
2652  1470.551987  450.411421  18.728679  0.063166  0.705718  0.090048
2653  1600.958466  1400.976547  19.638633  0.183154  1.724962  0.100888
2654  1503.967526  1095.967114  19.032633  0.058969  1.222113  0.064357
2655  1086.317544  63.039655  19.915817  0.106454  1.513126  0.131220
2656  806.377861  731.678148  19.189770  0.116556  1.366815  0.164076
2657  1785.077862  2029.265919  19.164272  0.127248  1.115157  0.068992
2658  201.332651  1610.675546  20.882522  0.207264  1.977447  0.135077
2660  1483.262301  280.270255  20.594068  0.141622  2.206714  0.236925
2662  1181.149298  297.779400  19.364112  0.075375  1.078096  0.120560
2663  1410.846399  960.071256  20.930581  0.158046  1.674768  0.229469
2664  435.047837  1948.152394  19.495161  0.070608  1.140022  0.074006
2666  1031.654281  406.621396  18.619878  0.088441  0.671031  0.068887
2667  349.940278  3.866110  20.892160  0.300771  2.279706  0.135886
2668  793.734363  1900.756783  18.523337  0.094979  0.549965  0.057733
2669  258.616899  161.114818  19.028273  0.058247  0.969430  0.099960
2670  1980.893788  986.066714  20.418357  0.216292  1.523587  0.203889
2671  1984.622489  1915.879871  19.391149  0.061538  2.163011  0.087503
2672  1880.467236  536.281918  20.120589  0.129594  1.686984  0.162015
2673  1398.063181  398.287229  19.565787  0.110808  1.173922  0.171871
2675  1968.554315  2037.976856  19.163968  0.071834  1.142161  0.063314
2677  1859.648990  1575.300933  19.776204  0.096284  1.457806  0.141483
2678  1831.487186  1728.249614  19.676188  0.079565  1.562835  0.183709
2679  262.007915  103.854186  17.805421  0.040337  0.273696  0.040043
2680  959.198894  1989.762273  18.654738  0.069054  0.780190  0.056566
2681  574.054982  1483.036259  20.359904  0.223878  1.788533  0.095729
2682  248.238373  1093.474698  19.228276  0.099403  1.130676  0.076004
2683  1042.878919  485.053082  21.456123  0.234098  2.296062  0.146677
2684  1523.743062  1071.938984  19.075746  0.071690  0.746472  0.146717
2686  134.812142  1889.376999  19.380000  0.195735  0.760370  0.173902
2687  823.330207  1766.849957  20.599752  0.209417  1.736975  0.149166
2688  1164.337432  1494.979038  19.230293  0.086882  0.686410  0.087605
2689  1213.867099  1466.833384  20.112627  0.119009  1.205567  0.144713
2690  773.349742  88.981320  20.198183  0.211718  1.482955  0.116173
2691  435.628782  1526.572596  19.688916  0.104405  1.222760  0.107355
2692  1056.818218  1630.491634  20.129375  0.208081  1.395293  0.099652
2693  173.132556  1446.775711  19.965324  0.146984  1.781580  0.084939
2694  7.766885  660.283279  20.856870  0.197937  1.756322  0.123685
2695  1740.338058  1083.752733  21.298006  0.294786  2.169756  0.114937
2696  1860.632913  456.685810  19.859905  0.193727  0.944774  0.178793
2698  1170.055559  1240.572989  19.007376  0.119840  0.639860  0.130605
2699  277.608140  42.240521  21.307884  0.235269  1.895841  0.192064
2701  1794.177821  151.296809  20.411732  0.131001  2.196540  0.169419
2702  1530.606831  2027.382100  19.883603  0.095222  1.110107  0.121856
2703  1862.104871  1502.390533  20.753594  0.177899  1.506112  0.167317
2705  741.437124  1415.099124  19.911918  0.075895  1.898659  0.144086
2706  1904.123821  1271.105457  18.306167  0.069208  0.264663  0.115490
2707  315.640059  390.932899  20.901933  0.224830  1.328812  0.145967
2708  758.100115  900.960989  20.267520  0.205804  1.707887  0.104327
2709  1856.484262  488.148302  19.593396  0.092493  1.283336  0.207875
2710  1315.567100  1467.188751  18.764457  0.151201  0.665637  0.078162
2711  945.968123  602.086054  20.098874  0.214138  1.386215  0.070778
2713  1165.969963  1126.854359  20.485091  0.190895  1.509102  0.142995
2714  299.833244  142.646616  20.450190  0.090880  1.288563  0.082820
2715  1115.248148  1080.504440  20.137590  0.175542  1.425629  0.149958
2720  475.067175  741.935652  20.850022  0.202771  1.459090  0.159319
2721  652.621109  1559.806961  20.114488  0.169954  1.644521  0.180712
2722  894.235960  553.869853  20.064080  0.094130  1.377139  0.112592
2723  1644.115522  1836.917772  20.625300  0.160620  1.523121  0.138915
2724  53.189465  51.509292  20.392922  0.116878  1.292711  0.218543
2725  1901.783258  618.894289  20.432838  0.140241  1.132882  0.169973
2726  901.947660  1951.846807  19.726229  0.190850  1.490743  0.190756
2727  945.139615  1637.098372  19.914055  0.153822  1.124914  0.103439
2730  377.863209  276.397815  20.738313  0.113579  1.615085  0.157473
2732  1053.471710  363.406271  19.869210  0.151116  1.591427  0.122891
2733  636.119622  1602.029997  20.193509  0.131552  1.493603  0.117238
2734  1176.667362  858.050590  19.851598  0.108857  1.102802  0.113757
2735  211.397505  1455.127769  20.784292  0.146382  1.391022  0.188679
2736  2008.457463  469.527189  19.971303  0.095979  1.459421  0.116588
2737  444.470772  1498.080797  20.415704  0.124570  1.439509  0.098050
2738  1332.512539  729.440974  20.176060  0.257684  1.033865  0.270996
2739  830.126859  1348.210572  20.403963  0.150229  1.521788  0.244986
2740  799.350495  1004.441568  18.473263  0.082442  0.182676  0.095831
2741  85.013352  804.768322  20.418898  0.288597  1.815377  0.173822
2742  1909.579141  915.091096  19.919712  0.199604  1.215755  0.162653
2743  1515.923239  1878.268764  20.292683  0.176058  1.302772  0.202942
2744  1617.080603  87.212160  20.367335  0.096680  2.010795  0.148592
2746  1024.158969  910.485560  19.960051  0.157588  1.380209  0.112224
2748  1063.752725  1641.847895  20.331704  0.089575  1.410757  0.152328
2749  966.756538  530.537648  20.269122  0.117266  1.306266  0.159723
2750  1672.993441  424.914337  19.652095  0.099263  0.852592  0.076670
2751  1864.571338  604.525970  19.902477  0.161236  1.414530  0.152430
2753  154.663372  1411.075563  20.124758  0.156624  0.966566  0.172519
2754  556.871997  1122.119286  20.179104  0.158278  1.440596  0.092362
2755  775.232043  1939.265722  20.190157  0.081977  1.377207  0.224589
2758  2044.520427  1786.072162  18.436735  0.047764  0.264353  0.124083
2759  1438.700583  1544.168223  20.009535  0.141161  1.541115  0.132183
2760  2026.028649  618.679066  19.860009  0.168016  1.935525  0.190143
2761  753.204267  1682.605566  21.268135  0.142044  1.683374  0.152840
2762  1562.365726  680.033081  20.293440  0.130683  1.308878  0.169071
2763  1393.333853  138.607268  21.173556  0.230008  1.684334  0.245351
2764  406.689451  1906.215759  19.727908  0.134035  1.019359  0.157236
2766  699.716105  1807.135846  19.953292  0.136874  0.998201  0.138974
2767  1031.752429  1017.716629  19.883326  0.083655  1.085689  0.163775
2768  1839.328998  1705.086983  19.859377  0.104261  1.145636  0.180604
2769  619.968095  1543.250308  19.690885  0.104826  1.502288  0.106878
2770  541.643412  766.614958  20.773696  0.240321  1.641580  0.181589
2771  922.150773  111.316751  20.207196  0.122497  1.239148  0.081173
2772  1724.731420  1341.298592  20.397480  0.091932  1.418902  0.094706
2774  541.825355  1279.758091  20.085778  0.078122  1.141523  0.151333
2776  2026.761918  1697.230380  20.350406  0.171792  2.009629  0.275235
2778  2026.504836  1101.684137  19.965330  0.229697  1.332499  0.156386
2780  1958.252081  992.009750  20.186778  0.255106  1.564837  0.155501
2781  2045.477156  1304.597050  20.722930  0.107579  1.336095  0.103429
2783  961.102039  325.474672  18.354782  0.111309  0.060090  0.164203
2784  880.412576  1281.031039  20.965485  0.170255  2.152413  0.235969
2785  1446.252418  1779.781112  18.944708  0.093975  0.614271  0.077429
2786  1474.767155  1494.578458  19.760336  0.131319  1.333501  0.101058
2787  793.426201  1776.479412  19.772910  0.184298  1.639153  0.105204
2788  1614.130817  750.632854  21.185566  0.271479  2.062705  0.250175
2789  1943.357302  1534.272779  21.644896  0.277770  2.007615  0.188411
2790  1937.506502  972.471042  20.289163  0.114462  2.531875  0.130563
2791  1758.532577  1569.104358  20.219728  0.182651  2.077703  0.092810
2792  1215.229852  1903.146631  20.900370  0.115231  1.874085  0.172970
2793  1608.206816  1132.552794  19.586619  0.162184  1.315037  0.075891
2794  2000.960673  436.624016  21.593198  0.272173  2.076912  0.355637
2797  2019.304430  1175.161757  20.047841  0.103142  1.441055  0.083099
2798  869.332658  1025.542100  20.506959  0.215373  1.363078  0.130279
2799  924.043717  923.934449  19.986248  0.124773  1.210011  0.077175
2800  1559.159886  1736.217094  20.328932  0.116868  2.400114  0.113631
2802  1477.679918  1078.196629  20.056182  0.082668  1.220991  0.122469
2803  1735.559974  689.003527  20.381376  0.330159  1.942920  0.148138
2804  919.511690  1494.068075  20.189071  0.159184  1.020954  0.190747
2805  6.578940  488.151496  19.272323  0.133845  0.836500  0.079858
2806  1432.433210  1138.297608  20.007002  0.092322  1.883385  0.085623
2808  1395.358322  906.651100  20.433066  0.213477  1.847776  0.232195
2809  302.199774  333.374938  18.427119  0.065456  0.452220  0.081353
2811  745.777210  798.263449  19.598661  0.074149  1.092652  0.191811
2812  389.644781  75.047244  19.316960  0.064799  0.751786  0.105963
2813  1509.717577  608.975908  20.475787  0.098220  1.214300  0.182013
2814  82.749733  1224.020856  20.394358  0.121540  0.993540  0.129428
2815  946.214181  1097.362852  20.237188  0.105294  1.419475  0.112435
2816  655.358257  127.301568  20.446934  0.151564  2.074644  0.186770
2817  307.743654  1830.904532  19.089368  0.103966  0.657738  0.078956
2818  666.888654  1048.099640  20.736575  0.155849  1.368151  0.132348
2819  451.404075  1964.646762  19.379056  0.087807  0.756043  0.109186
2820  1431.681867  519.630287  20.407128  0.260922  1.598705  0.172167
2821  77.777842  769.268514  18.223375  0.101622  0.335944  0.096064
2822  354.673637  500.702352  17.911303  0.056636  -0.100056  0.040960
2823  195.567124  1823.317597  19.890057  0.083524  1.042345  0.212316
2824  58.378171  440.935521  20.518144  0.176588  1.511280  0.257103
2826  171.447933  399.715062  20.287955  0.127039  1.244626  0.173007
2827  583.118156  1548.242709  19.931638  0.103420  1.268773  0.146056
2828  1217.908360  1155.338299  20.216975  0.170937  1.114876  0.130221
2829  1232.900956  1593.509297  20.167851  0.165219  1.569008  0.164682
2830  165.536734  1384.350408  20.391177  0.153901  1.362493  0.109894
2831  597.647187  37.981009  19.937577  0.185432  1.235023  0.147696
2832  272.863008  1054.785761  18.643319  0.098303  0.474282  0.086796
2833  1312.272217  1194.603680  20.904636  0.198501  1.394499  0.200255
2835  1508.944047  1162.908129  20.555317  0.129253  2.302777  0.122468
2836  114.243784  597.323683  21.404291  0.236208  2.237940  0.214864
2837  462.324695  1189.445135  19.570201  0.159840  1.084695  0.151687
2838  1820.560607  1232.467691  20.320151  0.160506  2.195245  0.262799
2839  980.819019  141.055470  19.978277  0.112016  1.180236  0.132372
2840  1262.337027  939.127747  20.276679  0.122473  1.249806  0.104386
2842  1450.172198  728.150015  20.705819  0.168938  1.550374  0.208744
2843  45.059442  1664.238064  20.163724  0.118244  1.921456  0.105445
2844  1540.481512  1033.963191  20.238489  0.106641  1.311479  0.150521
2846  1683.667473  1276.286544  20.397577  0.123318  2.103318  0.173688
2849  473.491512  1193.764870  20.253036  0.135881  1.868163  0.133777
2850  283.437896  1095.064817  20.003587  0.081595  1.239297  0.127878
2851  1034.481946  671.128685  20.124768  0.189503  1.159751  0.149620
2853  290.186444  959.846450  20.110265  0.179945  1.657386  0.211543
2854  180.802697  1181.058002  20.483861  0.151731  1.667171  0.155660
2855  1659.215123  201.690756  18.358604  0.060749  0.207649  0.051983
2856  862.948061  1054.318880  18.191877  0.080333  0.190086  0.093675
2858  592.329584  494.729301  20.452823  0.127275  1.268998  0.119870
2859  285.372702  215.519478  20.370289  0.126792  2.040699  0.207938
2860  50.171867  556.679755  20.420959  0.191646  1.207132  0.202465
2862  287.213829  239.874228  21.188150  0.221977  1.615762  0.157681
2865  609.678787  1898.028120  19.860183  0.174778  1.657805  0.096470
2866  1403.923020  1514.937400  17.553917  0.056485  -0.137592  0.062033
2867  864.612433  308.855932  21.613807  0.139744  1.940279  0.477081
2868  410.617530  649.241173  20.184546  0.167834  1.211259  0.104607
2869  1544.483178  21.530776  20.769806  0.120613  1.452617  0.146297
2870  361.044118  753.803585  19.918067  0.139716  1.106768  0.126607
2871  327.068519  2016.498104  20.301751  0.194595  1.258046  0.116386
2872  1606.221004  531.760816  20.149294  0.165500  1.186304  0.200248
2874  1204.796884  183.391251  20.357523  0.154613  1.727676  0.256787
2876  1384.281064  1924.031772  20.286028  0.094006  1.295605  0.127193
2878  151.857191  1700.732060  21.334052  0.146275  1.093477  0.305578
2879  1658.622182  1349.833955  20.262201  0.134002  1.332155  0.106300
2880  1862.187274  708.366426  19.853434  0.182602  1.201994  0.098797
2881  282.709743  2019.274411  20.548944  0.124978  1.997639  0.129126
2882  1323.426094  1244.012419  19.587864  0.066651  1.005030  0.068184
2883  1566.213879  1030.033211  20.650161  0.190185  1.282970  0.142382
2884  1588.626402  1371.041121  19.596231  0.194887  1.908432  0.081674
2885  1099.539581  1996.018206  20.558483  0.088719  1.382095  0.124683
2886  318.659739  1627.068464  19.837709  0.097981  1.105983  0.120785
2887  2005.151957  699.468702  19.627521  0.101526  1.064764  0.110830
2890  1700.063411  1647.035201  20.141622  0.121399  1.031089  0.179551
2891  1745.868644  590.718438  19.850567  0.084811  1.302656  0.083979
2892  471.068530  386.710805  20.917431  0.138533  1.848180  0.174699
2893  1535.452110  283.182263  20.593498  0.246885  1.648905  0.121612
2894  1178.083839  191.308619  17.978668  0.078860  0.164082  0.063639
2895  523.529453  501.719000  19.887000  0.125977  1.859890  0.088121
2897  1652.164041  167.682016  20.653762  0.227414  1.406881  0.142887
2899  585.600624  1937.842040  20.114235  0.081382  1.731959  0.126870
2901  2022.945622  1711.881525  20.327278  0.161651  1.397454  0.185835
2902  472.074495  683.874757  19.732336  0.072154  1.109995  0.122608
2903  1701.392162  452.545303  18.458068  0.089927  0.031590  0.165377
2904  920.906066  251.064594  19.739241  0.206517  0.974498  0.161041
2905  918.486946  1184.149117  20.358750  0.129827  1.152995  0.083801
2906  175.390841  645.425939  19.704107  0.088521  0.675165  0.193167
2907  1520.974316  42.696554  20.656109  0.129985  1.658523  0.142280
2908  681.761003  1468.385599  19.822755  0.107637  1.299306  0.110490
2910  174.390908  1139.915265  20.614663  0.238226  1.583257  0.097812
2911  1231.200459  542.308401  20.945341  0.150947  1.587990  0.161941
2912  626.008586  1342.644977  20.978564  0.179830  0.753806  0.296394
2913  2015.974820  142.595980  19.360718  0.099469  0.434638  0.059536
2914  1291.139229  1584.096745  21.101563  0.145616  1.302349  0.164034
2915  1077.890700  297.333618  19.297423  0.105736  0.628204  0.099228
2918  315.852037  295.406573  18.785928  0.118141  0.322219  0.058700
2919  1033.653378  1260.141886  20.257744  0.276903  0.982370  0.216886
2921  0.618497  1546.856113  20.630995  0.241994  1.220758  0.132253
2922  1291.249827  907.069740  20.985718  0.211168  1.476431  0.231158
2924  613.042933  2004.640899  20.741750  0.145155  1.297849  0.145535
2928  1401.505793  542.099301  20.454849  0.090941  0.922474  0.104838
2930  847.198169  1550.270556  21.356674  0.270887  0.412884  0.366200
2931  1687.567055  817.565286  20.466492  0.129276  1.948160  0.251174
2932  1081.377322  1035.072518  20.523542  0.139349  1.447733  0.133537
2933  1248.403296  904.282906  21.343080  0.287676  2.020724  0.154550
2934  1175.674490  1694.296514  20.937959  0.177530  1.391530  0.205990
2936  1802.838757  533.714888  20.998485  0.132889  2.255299  0.220537
2937  1753.135290  1027.763086  20.397912  0.090043  0.997119  0.105096
2938  56.093125  481.769225  20.274552  0.226789  1.107219  0.102285
2945  681.133395  1447.592402  18.360648  0.119466  0.114178  0.058127
2946  522.622556  1675.521117  19.875361  0.175729  0.859635  0.099133
2947  133.140519  1500.569751  21.042864  0.139843  1.172319  0.204309
2951  2034.823548  1081.006257  21.051661  0.139838  2.364711  0.343668
2952  937.129249  620.784830  21.120659  0.113477  1.655544  0.142570
2953  1931.761189  1181.723518  20.200698  0.221165  0.905628  0.143351
2955  1232.592340  1325.086011  19.942960  0.124266  0.727941  0.098841
2957  1766.857524  1696.053206  20.024759  0.138077  1.278383  0.109816
2960  1816.510387  130.103941  20.861323  0.422239  1.241571  0.268866
2961  1137.018713  6.333171  20.237768  0.086628  0.863876  0.123686
2962  1640.971569  721.804278  20.728836  0.112841  1.625761  0.091742
2964  499.697049  658.152596  19.438467  0.084209  0.628087  0.078809
2965  1747.315994  1416.457078  20.417316  0.100725  0.973220  0.093558
2967  128.826708  419.683726  20.602811  0.113432  1.227838  0.110606
2968  1393.191413  1094.480453  20.654911  0.298590  1.200596  0.131103
2969  205.299656  278.097974  20.706743  0.097957  1.448536  0.111584
2970  1493.225360  1010.057067  19.796410  0.135410  1.272874  0.196979
2973  116.969448  1095.638503  21.156239  0.283292  2.017952  0.132034
2978  287.431159  785.218391  20.752708  0.168812  0.979469  0.188587
2981  34.634731  982.570821  20.188508  0.247851  0.988797  0.106808
2982  534.623552  204.334376  20.693449  0.117518  1.303792  0.178923
2983  1682.706513  33.453861  18.814291  0.121905  0.275234  0.073309
2984  1890.896835  1715.257571  20.728178  0.139292  1.522064  0.266254
2985  397.425280  1772.344825  19.142644  0.130227  0.353460  0.063709
2986  1900.463891  647.282641  20.703845  0.167059  1.715161  0.172040
2988  840.083699  1804.064067  19.687182  0.253243  0.655829  0.180865
2990  1175.531227  1304.985580  20.444137  0.179359  1.315048  0.105106
2994  741.513948  261.902955  18.158709  0.077152  -0.174813  0.053635
2995  1145.016397  1827.427263  20.998801  0.143970  1.850226  0.138149
2998  601.726724  1882.694387  20.912849  0.162262  1.599898  0.123670
21000  1568.418732  1389.881337  20.331031  0.114630  1.131697  0.120939
21001  1604.151121  105.440114  20.212515  0.146705  1.519090  0.134840
21003  723.422892  616.559361  20.625452  0.105048  1.124270  0.128306
21005  1744.326946  1885.675817  20.959676  0.180563  2.296975  0.166922
21006  698.630624  1126.844128  20.369256  0.302933  1.151656  0.112931
21007  1793.336399  1306.161204  21.105555  0.135312  1.594451  0.142151
21008  365.281198  107.086241  19.894046  0.087363  0.736973  0.137704
21010  1260.070679  1924.179986  19.598820  0.065713  0.773673  0.136451
21011  1811.053031  641.050832  20.540184  0.112176  1.765141  0.136218
21022  322.925427  1530.623397  18.904348  0.065441  0.224007  0.085309
21023  939.787909  1357.792983  20.622107  0.204616  1.159941  0.088275
21026  865.364227  70.488373  18.531504  0.092799  0.001735  0.061770
21028  1323.266223  1056.151382  20.753405  0.319395  1.307114  0.156897
21030  379.079007  292.480699  20.135882  0.162036  1.328597  0.093366
21035  1099.965907  1176.698041  20.900852  0.159935  2.045619  0.198286
21037  1887.135098  858.305857  20.196505  0.163717  0.493816  0.215219
21039  1849.820294  46.079843  17.820540  0.103595  -0.346985  0.074263
21041  406.495910  1136.524976  20.828519  0.280714  1.483346  0.225587
21042  274.404614  1175.844577  20.742235  0.241823  1.125712  0.143788
21044  662.447434  48.633521  20.128069  0.092723  0.680163  0.137270
21045  1814.701246  395.992186  20.455403  0.197410  1.242561  0.165844
21048  1580.915009  39.204057  21.157382  0.161661  1.831385  0.219664
21050  1080.081136  1913.046016  20.590286  0.115983  1.523231  0.199759
21052  983.574803  1139.589534  20.521417  0.103758  1.371567  0.134539
21053  415.338952  1305.932888  19.981583  0.098701  0.669825  0.078908
21054  926.630200  587.188972  19.997127  0.180548  1.574271  0.198224
21056  538.850697  990.950834  20.883688  0.183309  1.404779  0.164764
21058  970.031044  969.390329  20.696217  0.253811  1.195375  0.242313
21059  836.816156  1277.789304  20.955232  0.141111  1.408060  0.144378
21062  1573.495925  211.359646  20.895306  0.168632  1.422726  0.189352
21063  1429.664297  108.017478  20.516811  0.296714  1.336897  0.177985
21065  1861.775581  186.236219  20.221850  0.122597  0.903889  0.088135
21068  208.661359  1986.727131  20.817968  0.124530  1.399856  0.141341
21071  918.467764  946.077416  20.976013  0.118374  2.227406  0.319449
21072  365.389224  1359.398376  20.696912  0.143027  1.173260  0.160759
21073  1221.316798  1490.016365  20.629061  0.122367  1.173566  0.134396
21075  1144.701715  550.217946  19.902601  0.160161  0.980633  0.126411
21076  1670.477429  1696.345903  20.269727  0.114226  1.192439  0.102313
21077  626.935922  330.882929  20.975923  0.153619  2.250744  0.271562
21078  1400.282112  1361.379718  18.198280  0.130201  -0.161171  0.054712
21080  1697.377864  480.341571  20.256897  0.107870  1.213539  0.117016
21082  970.161533  1705.876039  21.111128  0.198755  1.384464  0.245291
21084  1140.845273  811.951124  19.930095  0.138190  0.912863  0.079909
21087  1100.504106  1729.715519  21.134343  0.305619  1.591368  0.165461
21088  476.375681  666.134429  20.637433  0.128523  1.174658  0.226630
21089  191.008767  1025.694339  20.570836  0.182219  1.134747  0.205964
21090  356.228149  471.363952  18.248569  0.074598  0.117815  0.067767
21091  1083.056941  1898.892952  18.272231  0.068180  -0.229770  0.097966
21093  754.117524  1232.135124  20.656081  0.126949  1.570205  0.184906
21094  1115.597162  247.452593  19.284461  0.245911  0.377547  0.062889
21095  1881.139385  1429.020781  19.500629  0.131839  0.442961  0.089597
21096  1631.570589  17.494038  19.849225  0.084573  0.501497  0.158224
21097  441.145340  1768.330345  20.544214  0.105962  2.215859  0.265432
21098  526.803155  1646.460945  20.240490  0.158768  1.259230  0.102351
21101  1030.325869  1191.028706  20.416739  0.219246  1.336988  0.124239
21102  341.428781  1416.711473  20.953327  0.241798  1.462797  0.113673
21103  1766.862264  962.266954  20.967602  0.123948  0.978236  0.180641
21104  145.519265  1308.267654  20.393942  0.093456  1.146533  0.114239
21108  858.533915  2021.549428  20.695281  0.205270  1.470294  0.126906
21110  225.950047  331.696631  21.163646  0.154274  1.377558  0.135936
21112  717.985637  1342.380715  20.772724  0.119861  1.348835  0.121872
21113  1611.201577  1323.874792  20.999787  0.159755  1.983960  0.273204
21116  1436.695996  356.953746  21.107302  0.112608  1.365354  0.193343
21121  598.365830  1869.304116  21.117894  0.248654  1.608614  0.187512
21123  156.805921  829.694486  20.246880  0.172512  1.383209  0.200138
21124  1687.703692  317.471200  20.958274  0.193381  2.315581  0.183949
21126  1043.133669  1807.635727  20.693498  0.145138  1.563624  0.168170
21127  1375.686510  56.920002  20.059524  0.091117  0.500408  0.166066
21128  637.710367  1112.997376  21.025731  0.130882  2.023778  0.127232
21129  358.376127  1720.868740  21.227547  0.242385  1.833688  0.282796
21131  442.217772  287.172075  20.411410  0.316746  1.717015  0.204200
21132  184.849984  258.816442  20.895296  0.199690  2.132417  0.132641
21133  286.464191  1549.317414  19.395638  0.070265  0.441557  0.091990
21137  578.297279  536.209014  20.405403  0.192705  1.383944  0.098941
21140  848.948673  234.311733  18.947689  0.095397  0.395311  0.112248
21141  1604.808982  671.519566  20.711881  0.202759  1.267227  0.145469
21142  880.333051  554.504254  19.187332  0.161963  0.463274  0.072646
21144  202.976608  426.471881  21.083230  0.155747  1.337692  0.192127
21147  2000.933027  1179.054534  20.632799  0.105480  1.421073  0.102865
21149  1696.959656  1799.328432  20.852720  0.114357  1.403703  0.262424
21150  93.791464  2044.569363  21.471474  0.221184  1.577767  0.258629
21151  417.097022  20.530370  20.644691  0.156543  1.109535  0.143015
21153  990.969267  1123.094171  18.435648  0.088698  -0.180401  0.074984
21154  707.888167  659.866795  19.636243  0.069746  0.825510  0.176493
21155  1481.911932  250.625220  21.166640  0.151003  1.893398  0.224025
21156  1454.162109  1523.597651  20.613590  0.217817  1.309885  0.203560
21157  1100.836437  252.030646  19.167405  0.067500  0.397124  0.069792
21162  1185.945309  1870.766157  21.178886  0.215792  0.815384  0.309261
21164  1385.744891  680.902970  20.029585  0.106892  0.832368  0.257985
21165  426.085847  789.589624  20.214070  0.167195  1.035276  0.206775
21166  1409.380122  52.793440  20.552271  0.212470  1.295329  0.127664
21167  1645.352571  1554.031493  19.284125  0.062178  0.595998  0.122330
21168  331.348229  419.703441  20.809343  0.135663  1.459810  0.319469
21169  54.583613  579.977592  20.395855  0.141966  1.884067  0.201993
21170  1329.044791  1635.055361  19.613769  0.151876  0.436104  0.103392
21173  1955.002668  1007.243856  20.492742  0.097956  1.416333  0.092329
21175  403.534731  1298.408741  21.214336  0.152074  1.644077  0.176660
21181  1788.136778  807.056989  20.393547  0.136248  1.579614  0.274118
21182  41.657115  1777.330433  19.812016  0.130152  0.692573  0.103823
21185  443.388256  1362.678158  20.682097  0.136280  1.422598  0.114042
21186  1703.884182  45.879601  20.305068  0.150718  1.205138  0.095555
21190  240.829417  1333.264827  20.497307  0.320421  1.275420  0.108177
21191  654.708781  919.176931  19.033434  0.057304  0.262362  0.129188
21193  1240.001659  1574.713053  20.621436  0.197496  1.296724  0.096543
21194  1610.647950  1498.895479  19.966247  0.074192  0.760649  0.153541
21195  253.792854  518.716801  20.405956  0.120537  0.650352  0.289966
21197  1963.224951  155.145009  20.789558  0.170447  3.050134  0.252865
21198  760.677715  1067.301320  18.491505  0.094301  -0.098315  0.066930
21199  1071.784105  1170.639605  20.686266  0.228347  1.032593  0.201409
21200  534.055209  1373.748142  18.880206  0.062246  0.103074  0.069047
21201  1488.372461  1134.404144  18.577692  0.142792  0.137864  0.109558
21205  378.569601  1343.983206  19.853816  0.162668  1.191409  0.135334
21206  953.039328  1812.561511  18.958476  0.074089  0.347565  0.127239
21208  699.637563  745.716331  19.970422  0.094417  0.403008  0.079596
21211  1009.744640  576.920155  20.156426  0.185282  0.721438  0.077294
21214  1679.338779  1349.536042  21.039703  0.318922  1.220670  0.271555
21216  758.022145  753.514459  20.055371  0.165566  0.931934  0.218155
21219  1647.167930  1583.274211  19.896998  0.151977  0.576140  0.126083
21227  1104.331543  141.825789  20.554340  0.121409  0.951881  0.103666
21234  1874.498641  856.721829  19.967887  0.170508  0.666209  0.086506
21238  629.341989  160.255410  19.562076  0.179319  0.381834  0.178504
21239  191.131849  688.808692  20.498095  0.244289  1.310614  0.268375
21247  1789.330791  103.300974  20.160276  0.246741  0.636698  0.114990
21248  884.441422  849.581576  20.560713  0.097214  0.854954  0.238724
21251  1160.880075  1000.860589  21.178866  0.266322  2.097607  0.213525
21258  1062.364279  1537.020233  21.200786  0.111347  1.547891  0.232091
21271  1199.198529  631.373518  20.461903  0.112899  1.645665  0.206574
21279  1739.808167  1572.506289  18.863147  0.110935  -0.223727  0.150428
21284  400.910748  1767.865290  20.850609  0.111246  0.881255  0.308417
21285  1212.966219  1510.814613  20.733444  0.201578  0.706190  0.217594
21290  837.678370  505.874753  20.456138  0.100767  0.841322  0.159122
21298  306.318875  308.792504  20.803808  0.237656  1.104769  0.115475
21302  556.813905  1498.989587  20.907486  0.110390  1.059043  0.104633
21305  1062.170721  1582.138504  20.804268  0.142984  1.010328  0.201957
21308  1116.662432  1480.603784  19.306918  0.100342  0.246863  0.065688
21309  923.177998  1502.940478  20.518363  0.122471  0.781297  0.091458
21313  1830.329301  735.487790  20.020593  0.086733  0.615160  0.096140
21318  862.976995  360.853929  20.182067  0.274315  0.851702  0.198885
21323  121.843081  870.884071  20.613878  0.104698  1.315877  0.147556
21325  1463.666456  1880.452771  19.908550  0.081178  0.424592  0.103293
21330  1365.814783  254.442524  20.570156  0.290251  1.032071  0.127699
21333  1226.260558  105.145051  19.884978  0.113861  0.368232  0.145447
21343  739.683969  1973.438462  21.148969  0.113379  1.350959  0.155632
21344  1931.149808  369.188726  19.980747  0.156079  0.844187  0.141395
21349  346.153073  1389.358185  19.662191  0.077846  0.419226  0.092943
21352  500.885401  1177.147332  20.523014  0.134263  0.928708  0.121842
21355  769.421400  1765.252398  20.976369  0.153371  1.044154  0.303028
21357  896.825770  76.660930  20.619878  0.163026  1.235366  0.211089
21365  1229.226739  1368.388312  20.249881  0.368587  1.583789  0.271378
21369  1735.289197  1988.895003  21.344636  0.265542  1.690819  0.226120
21371  835.412412  1319.802457  20.956785  0.236953  1.606033  0.279473
21373  1253.409371  275.899495  21.273481  0.287476  1.417506  0.164897
21374  799.590178  220.309923  20.246762  0.087710  0.648408  0.098834
21378  69.383972  1415.355843  20.540174  0.213299  0.636779  0.130184
21379  2043.106634  1516.454044  19.721935  0.147888  0.410599  0.138677
21383  1882.588728  2022.629636  19.540100  0.157310  0.408219  0.137721
21387  967.577744  102.093393  20.985037  0.256319  1.552773  0.118848
21389  1914.641559  891.607979  20.200803  0.140113  0.611811  0.143526
21390  1179.649894  577.136150  20.302202  0.174983  1.039505  0.125450
21395  1076.248417  1619.890244  20.389403  0.152549  1.023173  0.239139
21396  2026.275977  703.631422  21.128371  0.271618  1.198565  0.113669
21404  381.153390  1673.209539  21.189147  0.263689  1.835301  0.363477
21406  1211.980183  333.298347  20.318719  0.097608  0.749126  0.084281
21410  483.638618  487.210710  21.405275  0.305544  1.530646  0.154582
21413  1155.499594  886.656910  20.427383  0.227091  0.949379  0.110970
21417  1440.907707  577.203561  20.330361  0.164149  0.963686  0.175410
21418  792.719234  1144.200459  19.468277  0.075158  0.273778  0.112783
21419  1397.436719  989.845466  18.371062  0.165575  -0.203484  0.051087
21422  535.281537  508.430991  19.960510  0.170655  0.545379  0.104587
21437  1127.387637  1942.968457  19.330447  0.068042  0.135443  0.164792
21440  1534.059331  466.678330  21.173195  0.127645  1.423547  0.172716
21442  1282.687717  303.220870  19.800834  0.120640  0.542591  0.091524
21446  512.853071  1246.777620  20.499506  0.171268  0.901106  0.124769
21452  453.498118  907.843871  21.719560  0.271041  2.427309  0.249539
21453  34.376316  1762.403386  21.157787  0.139873  1.275329  0.143170
21457  297.743064  1875.740226  20.177292  0.222063  0.629895  0.095723
21458  1065.353222  1616.108773  18.969791  0.077343  0.093769  0.095513
21459  396.689176  314.168459  20.177562  0.208421  0.520653  0.196625
21461  1959.647089  804.930001  20.413688  0.211098  0.988167  0.203946
21463  1678.859882  711.580507  18.671702  0.073254  -0.025433  0.100519
21470  137.391531  210.456691  19.302162  0.075664  0.120487  0.101972
21476  1419.622042  1051.668111  20.967883  0.206012  1.825565  0.236291
21480  526.146440  1739.892602  21.082428  0.224182  1.743574  0.272751
21485  961.186359  883.647106  20.788981  0.138712  1.412756  0.175731
21491  1167.711646  410.595727  19.826105  0.183605  0.439856  0.076527
21495  1114.331174  2044.087091  21.183641  0.179858  1.488289  0.139874
21496  1844.349338  1566.266151  20.395421  0.106367  0.612766  0.142573
21497  683.695570  332.341703  21.354524  0.172517  1.031275  0.259065
21501  766.688196  112.622636  20.424998  0.172753  1.116034  0.166886
21502  519.792819  1872.802643  20.796721  0.101396  0.932261  0.134088
21503  1769.398003  1604.512997  21.224599  0.170925  2.062684  0.187413
21506  1509.257856  210.725046  20.916840  0.125996  1.205068  0.112032
21509  961.117713  1451.281316  20.231695  0.082826  0.923500  0.113013
21512  1434.907729  1562.803432  19.907156  0.246492  0.801824  0.139029
21517  1585.024029  913.916889  20.423912  0.121446  0.875786  0.138582
21522  1453.359328  2007.647788  20.603637  0.134798  0.958749  0.298234
21525  316.954773  1181.317563  19.505551  0.091998  0.156290  0.087281
21527  1732.667233  773.512986  19.993101  0.312175  0.634094  0.200589
21529  1748.222999  1155.274015  19.514165  0.142633  0.020448  0.123119
21530  671.500930  797.441423  20.171368  0.094022  0.344811  0.101209
21531  1266.699490  1110.868774  19.292591  0.175139  -0.150282  0.205180
21534  1078.489724  340.524530  20.782719  0.403813  1.396803  0.212332
21537  1443.030088  1068.698171  20.706190  0.186267  0.325332  0.094132
21539  1613.789083  1637.596271  19.812043  0.170447  0.272283  0.179499
21541  1523.694123  187.034241  21.614494  0.176290  1.092529  0.140874
21545  219.150036  1340.378829  20.041880  0.205298  0.473251  0.091170
21546  633.817868  911.639936  20.082249  0.126157  0.241749  0.102786
21547  1752.475128  1141.394705  20.142784  0.089474  0.310982  0.102980
21548  549.934313  1392.598430  20.819290  0.275843  1.457913  0.488228
21550  933.736498  640.070200  21.496390  0.261333  0.700843  0.191900
21553  1831.921633  1374.362449  20.337338  0.110094  0.356497  0.130827
21563  1906.211399  320.418730  20.279334  0.228044  0.317632  0.103124
21564  172.299675  614.913043  19.398442  0.094096  -0.148823  0.070217
21567  1610.653663  43.198293  20.197023  0.145499  0.085334  0.314779
21584  1867.017050  796.177277  20.532164  0.115343  0.648972  0.240318
21585  1943.995846  1348.088931  20.033284  0.088713  0.599057  0.102607
21587  486.099671  1443.436525  20.701021  0.158193  0.985760  0.197816
21590  330.024786  1740.974235  21.944589  0.401245  1.029249  0.216458
21592  69.074783  1256.381927  20.989098  0.135686  0.829573  0.229346
21593  1511.079607  912.962379  20.225872  0.116728  0.542434  0.205526
21594  1574.097081  630.970354  20.465198  0.173119  0.605966  0.104177
21598  1671.606330  1911.031216  19.704932  0.087176  -0.023132  0.124698
21600  559.877167  112.289781  20.304664  0.174998  0.526890  0.178975
21602  1523.617656  875.418988  21.602402  0.263665  1.715659  0.501592
21609  312.759942  223.673387  19.758932  0.100900  0.230120  0.076421
21611  1340.525843  607.734551  20.386648  0.091946  0.434591  0.154198
21613  1267.262986  1058.978865  20.242957  0.117737  0.041844  0.170711
21614  2018.119778  810.928515  20.927885  0.209819  0.836038  0.111176
21621  1959.151573  1045.879854  20.805509  0.219980  0.735713  0.238191
21622  1247.367237  1732.542401  20.915928  0.149238  0.581085  0.156805
21623  4.430250  1053.690745  21.404058  0.277775  1.432695  0.162628
21626  1138.830064  1386.300335  20.779648  0.236881  0.852217  0.226104
21630  1104.974198  507.305941  20.223521  0.108336  0.347773  0.105005
21634  1882.852258  103.255136  20.494522  0.255526  0.660313  0.148230
21636  1651.539105  1708.528473  20.275852  0.243612  0.455503  0.151860
21640  1861.650142  1434.071678  19.331931  0.072709  0.032025  0.089141
21644  212.794417  617.163558  20.400194  0.133837  1.114175  0.230781
21655  925.151978  2029.634833  21.406158  0.453623  1.217462  0.275740
21656  1798.845652  920.396548  20.528888  0.150422  0.230214  0.169614
21660  583.753432  614.920685  20.041839  0.186402  0.419340  0.094337
21664  1408.132906  220.895228  20.509482  0.233199  0.692276  0.149792
21665  1120.333230  572.510375  21.176865  0.189188  0.669670  0.265105
21666  1926.693016  948.572371  20.968386  0.250525  0.817281  0.326904
21668  416.291568  1782.395584  21.160279  0.218586  0.541125  0.227638
21670  521.643003  1937.490051  20.252523  0.132165  0.482127  0.091073
21672  1656.732360  406.456186  20.626303  0.260599  0.622861  0.164043
21682  1821.465084  1218.638441  20.751813  0.156106  0.444089  0.238333
21684  774.598814  567.907443  20.418973  0.148529  0.778314  0.192512
21687  359.269285  1331.587471  21.067057  0.144770  0.971637  0.138123
21688  4.518315  670.313423  20.087102  0.078701  0.403661  0.179233
21691  1747.961814  982.877557  21.116153  0.373644  0.902575  0.239531
21692  989.037623  1150.687983  20.921399  0.236311  0.875617  0.144450
21693  855.110399  561.717729  20.989075  0.221596  0.460377  0.216155
21695  1762.789098  1909.263715  20.969535  0.130568  0.459452  0.176288
21699  681.325992  2001.590534  21.771967  0.214505  0.815254  0.138842
21705  590.068598  941.802100  20.984420  0.116940  0.342457  0.142790
21708  1401.659753  1866.657964  21.197157  0.293266  0.822895  0.286922
21711  1220.923215  83.264595  20.456981  0.200244  0.316254  0.227650
21718  1380.040138  1112.293575  21.033339  0.206307  0.482482  0.119401
21720  971.821316  1401.405490  20.995257  0.157712  0.709139  0.120150
21726  1974.235399  306.349407  20.729515  0.143727  0.570734  0.152640
21727  1505.874920  870.107299  21.064537  0.166911  0.893740  0.154817
21729  1062.409151  1307.150046  20.786031  0.202188  0.492032  0.226623
21731  890.470034  139.037074  21.136889  0.214477  1.013218  0.161982
21733  1524.440334  733.118199  21.398668  0.175496  0.472891  0.291893
21736  326.069763  1785.124175  20.493267  0.233178  0.211353  0.119374
21738  1442.818727  690.170618  20.399897  0.111313  0.282636  0.092613
21742  789.024745  1230.125071  20.607420  0.151088  0.367146  0.135815
21745  1254.292136  159.097364  20.516702  0.138029  0.583592  0.155118
21746  1806.078786  880.085738  21.497790  0.190276  0.777562  0.253482
21752  1734.266053  160.890368  20.648503  0.128317  0.549181  0.103810
21756  735.601936  809.141094  21.309047  0.201869  0.693387  0.272953
21760  1081.054720  542.108117  21.062336  0.249417  0.715840  0.115901
21771  124.534081  1776.543789  20.851418  0.259766  0.258037  0.217633
21772  893.659930  1912.714129  20.446804  0.178259  0.590068  0.273394
