# id  x  y  V  eV  BV  eBV
11  969.868595  1007.711887  21.106148  0.108289  1.542214  0.242913
14  1014.205256  1053.794939  20.736936  0.226132  1.901942  0.215850
17  1154.014536  1145.253171  20.776957  0.109980  1.804014  0.110814
18  1085.383762  1048.605942  21.057997  0.179022  1.273925  0.126245
19  1007.592305  1068.936868  20.849147  0.278378  1.903785  0.228840
110  841.721795  988.791480  20.931143  0.268664  2.256782  0.260976
111  1082.811126  883.599380  21.148575  0.146912  1.642584  0.149464
114  1119.878042  1162.694840  20.688575  0.164996  1.830571  0.173366
115  899.376763  1089.736192  20.945511  0.145735  1.395410  0.171143
119  1240.030065  1037.678141  20.907945  0.169685  1.977266  0.208220
122  1207.321969  1072.926372  20.890568  0.146133  1.903714  0.232949
125  1069.986529  1126.939505  21.019618  0.136291  1.764255  0.180875
126  1098.988298  1075.130900  21.029292  0.187573  1.198813  0.166645
128  1105.579172  1043.672699  20.804187  0.191433  1.536239  0.192854
131  1057.456579  990.113137  21.013207  0.165568  1.702210  0.128416
132  1077.448868  1033.636393  21.035287  0.271182  1.771993  0.162582
134  985.507389  960.589537  20.806423  0.154578  1.623172  0.116630
136  935.447880  1061.557965  20.930241  0.141776  1.469731  0.286971
138  935.069041  1110.134333  20.717013  0.189765  1.678377  0.118329
141  1072.364319  1013.226025  20.960975  0.173583  1.313613  0.315781
143  966.539039  1148.590019  20.525553  0.239762  1.557887  0.194152
145  1083.529728  1120.543396  20.691783  0.171380  1.739760  0.153633
147  874.002432  1007.692431  20.456139  0.259300  1.755269  0.191231
148  1096.007291  1070.783693  20.652023  0.214332  1.344556  0.183202
149  1057.168302  883.894886  20.600775  0.114890  1.764193  0.163406
151  881.138340  962.341253  20.477775  0.123588  1.553497  0.135314
153  969.126359  1027.885670  20.548102  0.185323  1.673358  0.174532
154  950.371328  1068.658299  20.294470  0.203202  1.886493  0.146850
156  1087.418020  999.346852  20.464516  0.166384  1.363175  0.176785
157  979.507098  1053.519340  20.397963  0.164433  1.352153  0.116947
158  979.125125  1193.944105  20.568545  0.095727  1.818377  0.166620
159  1019.299820  908.935905  20.611720  0.147059  1.500488  0.343086
161  1019.305001  1044.908380  20.658346  0.129397  1.599627  0.100401
162  956.676137  962.041426  20.778925  0.099673  1.502540  0.131362
163  1126.710231  1062.918902  20.387812  0.326667  1.574889  0.132256
167  1035.346780  1051.684925  20.584503  0.114686  1.683524  0.130880
168  1156.970394  1046.638305  20.211749  0.303163  1.667771  0.121603
169  940.406006  1040.844227  20.526318  0.147139  1.589631  0.201619
170  1039.835197  1133.125161  20.524731  0.129113  1.571508  0.092875
171  1072.165642  1039.433011  20.424509  0.145982  1.327436  0.127291
172  995.097846  985.043313  20.587741  0.131702  1.721146  0.258799
173  1112.926208  1048.354632  20.279918  0.092620  1.319908  0.172545
174  1109.198643  1021.640376  20.480007  0.338682  1.540641  0.150133
175  899.790234  983.546778  20.402844  0.105622  1.647902  0.131103
176  975.448986  1073.806316  20.581417  0.284515  1.464951  0.159404
177  1092.870513  979.362038  20.494499  0.141367  1.532499  0.150589
178  1004.602040  1076.492063  19.583398  0.358928  1.826324  0.187863
179  945.910333  1156.218941  20.006987  0.156038  1.934900  0.147408
180  1020.363796  1068.592026  20.195238  0.101821  1.693981  0.110300
181  1205.828649  1025.624863  20.063839  0.158591  1.467757  0.114178
182  975.237427  1101.055775  20.108308  0.091018  1.541832  0.128201
183  1015.683482  834.417582  20.073586  0.119230  1.530486  0.183018
184  1063.526687  1074.682532  20.122559  0.161398  1.424171  0.211075
185  1049.650094  950.353797  20.134547  0.131337  1.543982  0.188017
186  993.134940  959.183176  19.996564  0.129983  1.326604  0.150836
187  939.895542  996.034089  20.123743  0.079756  1.287149  0.165018
188  1040.134001  1128.816169  19.937581  0.189685  1.525372  0.092384
189  989.978296  1017.410888  20.324101  0.221533  1.608730  0.109791
190  1194.540216  1083.275080  19.737370  0.149789  1.483836  0.194103
191  1155.946271  917.388882  20.011244  0.084888  1.771192  0.151316
192  953.535222  1004.164649  20.011132  0.131543  1.546214  0.201706
193  924.031017  1087.607603  20.004281  0.208537  1.540859  0.090289
194  1102.561772  987.475988  20.072266  0.077278  1.426787  0.176174
195  1072.492872  1000.047084  20.074180  0.188631  1.828017  0.115158
196  898.725929  998.497853  19.686926  0.118234  1.629762  0.094678
197  1017.612820  959.326904  19.968499  0.194586  1.569302  0.137613
198  936.104980  1029.865021  20.031437  0.090458  1.427451  0.118991
199  1022.791107  1071.473111  19.976497  0.096493  1.667922  0.115828
1100  1020.891341  975.620710  19.989276  0.129115  1.611986  0.091864
1101  915.312148  1072.721285  20.146867  0.186338  1.676819  0.206625
1102  1142.545203  990.492897  20.225578  0.116892  1.400287  0.090582
1103  893.936988  1007.992320  19.810582  0.119642  1.534397  0.115097
1104  901.988577  975.487201  19.907393  0.076707  1.604375  0.162499
1105  971.150377  1153.347625  20.216848  0.182535  1.497994  0.112406
1106  945.387950  984.837325  19.803128  0.180076  1.530771  0.093254
1107  905.417646  1014.060401  20.043445  0.088013  1.684187  0.186275
1108  913.274327  949.940634  19.898907  0.081036  1.167144  0.277402
1109  823.329608  1039.646945  20.041496  0.110458  1.590554  0.105969
1110  1164.605645  958.617293  19.837725  0.126926  1.257590  0.155546
1111  1016.540836  960.645775  19.944937  0.172303  1.568162  0.119322
1112  1228.287693  1082.937262  20.017715  0.089875  1.367729  0.163321
1113  937.899766  943.405158  19.905171  0.147855  1.437894  0.105783
1114  1050.410107  1077.924250  19.806837  0.143268  1.338540  0.230891
1115  1038.573158  1116.165100  19.955292  0.081628  1.449955  0.076940
1116  1129.714074  907.119063  19.833609  0.137949  1.532508  0.123329
1117  1049.015276  893.466972  19.951970  0.079291  1.290529  0.126212
1118  926.650143  1065.282949  20.065459  0.171005  1.499840  0.089090
1119  953.341010  1102.346957  19.697140  0.139995  1.578810  0.103894
1120  896.220180  990.873682  19.502362  0.117189  1.527466  0.122928
1121  1096.936161  855.679406  19.978506  0.112803  1.704441  0.195459
1122  1001.619722  1081.445253  19.785809  0.187669  1.381895  0.104545
1123  969.014415  1003.961795  19.743404  0.081413  1.682830  0.151181
1124  900.656763  1109.804257  19.829685  0.141589  1.639182  0.114622
1125  851.848499  925.127782  19.648885  0.162551  1.511934  0.083341
1126  1034.091868  1020.962079  19.835192  0.070882  1.571035  0.074742
1127  1041.794417  984.718930  19.755337  0.157289  1.401883  0.075954
1128  1121.449820  899.394212  19.621793  0.139157  1.394384  0.144313
1129  1040.358400  1045.544325  19.861257  0.182398  1.480700  0.193572
1130  1005.737513  863.714673  19.719223  0.073605  1.485794  0.078654
1131  1010.420060  908.184248  19.660182  0.072072  1.614014  0.068673
1132  1065.534444  1059.885425  19.820709  0.071740  1.510958  0.118019
1133  1102.614159  1122.134508  19.712424  0.070440  1.446788  0.091252
1134  931.175956  881.307054  19.521262  0.148220  1.610565  0.171454
1135  916.149821  996.651622  19.638891  0.074043  1.545898  0.078710
1136  1112.771768  1073.318154  19.404022  0.171562  1.313854  0.153337
1137  1052.869427  937.646899  19.588362  0.110673  1.336175  0.073860
1138  999.771341  1048.976384  19.789080  0.131424  1.369558  0.111497
1139  971.108864  1001.375191  20.023020  0.201760  1.501474  0.083643
1140  961.297981  866.808975  19.790310  0.233965  1.474722  0.081656
1141  980.793262  1070.629990  19.820091  0.201392  1.457627  0.155545
1142  1034.273362  1028.829000  19.520083  0.081875  1.425351  0.167279
1143  895.017718  1107.732808  19.454147  0.110538  1.268201  0.168091
1144  958.582047  997.401129  19.422389  0.178663  1.390623  0.111761
1145  964.275794  1001.328271  19.346564  0.077952  1.563673  0.119063
1146  936.928973  1174.025093  19.474502  0.097876  1.468186  0.080636
1147  938.913669  992.065167  19.518130  0.125139  1.213038  0.111658
1148  1036.454646  1000.226447  19.404493  0.157167  1.585530  0.159773
1149  1050.620887  1030.654976  19.349307  0.085391  1.541377  0.131886
1150  986.164716  1032.025907  19.531934  0.098866  1.835765  0.213621
1151  1065.054822  1008.082760  19.428409  0.083031  1.438538  0.110624
1152  1088.548413  975.292436  19.444352  0.092692  1.361980  0.100254
1153  1062.650655  1177.801667  19.468733  0.097220  1.247431  0.163396
1154  1166.991831  918.282301  19.437000  0.077439  1.306546  0.088892
1155  963.205960  1059.957760  19.496405  0.091940  1.428683  0.107385
1156  1018.493112  1029.040988  19.345044  0.159281  1.502720  0.085693
1157  1088.611942  1113.066537  19.454426  0.090978  1.597983  0.165727
1158  1029.070848  1052.906639  19.522816  0.083767  1.513730  0.119790
1159  1126.650409  902.735258  19.219767  0.098079  1.385531  0.110617
1160  1103.025971  1079.094211  19.355319  0.146248  1.579155  0.196379
1161  1068.431565  1068.077834  19.525332  0.077905  1.523882  0.095868
1162  982.867661  1004.269855  19.450180  0.077780  1.364049  0.131442
1163  924.225618  1057.591316  19.540666  0.158817  1.567341  0.172741
1164  1083.821281  1107.514819  19.392103  0.082338  1.464345  0.068025
1165  1020.338094  1127.731016  19.343603  0.100109  1.492091  0.083331
1166  1121.012716  1019.670139  19.512445  0.162613  1.436648  0.139974
1167  975.091528  1126.927933  19.470208  0.131309  1.119226  0.104063
1168  926.043955  1097.605837  19.282166  0.091976  1.486228  0.074182
1169  913.129288  947.413074  19.324830  0.084744  1.390514  0.061744
1170  980.149002  992.045834  19.520089  0.113386  1.292502  0.106727
1171  1067.913544  1095.553208  19.366317  0.070976  1.443278  0.076838
1172  1075.588792  1123.141140  19.292274  0.105418  1.529384  0.076274
1173  1009.583596  1038.702039  19.333442  0.095573  1.307335  0.179348
1174  1089.137582  1128.588472  19.323257  0.098706  1.477582  0.071280
1175  1030.347776  1108.158464  19.204097  0.126642  1.462946  0.081073
1176  1019.161457  1040.866365  19.282811  0.159319  1.541053  0.084691
1177  923.978813  981.408768  19.191406  0.085306  1.329696  0.125340
1178  1086.755840  1031.209595  19.540082  0.150001  1.360776  0.107929
1179  1014.183875  958.861128  19.257651  0.129213  1.326577  0.124722
1180  1077.178798  1072.848445  19.062620  0.087984  1.574122  0.114131
1181  1063.557489  909.446205  19.148826  0.066788  1.516236  0.079391
1182  995.666555  1010.040996  19.199350  0.089160  1.309140  0.086300
1183  1070.635581  948.064215  19.046576  0.136574  1.353478  0.107294
1184  1025.373061  934.873846  19.088258  0.080845  1.482008  0.132228
1185  947.825725  1089.240207  19.139139  0.084938  1.498734  0.075109
1186  983.087964  1247.462973  18.911708  0.166305  1.361787  0.057178
1187  870.100173  970.506793  19.025001  0.084773  1.218335  0.085006
1188  942.912451  1047.100334  19.003083  0.085582  1.369041  0.103611
1189  1005.706240  958.534533  19.179530  0.120300  1.445682  0.104093
1190  930.159862  1119.112438  19.007494  0.111941  1.495288  0.073181
1191  1047.175496  1030.545900  19.218401  0.131645  1.189415  0.102346
1192  977.229885  1167.065805  19.004661  0.100450  1.331174  0.071486
1193  1133.642199  1105.884160  18.938132  0.103823  1.396443  0.098006
1194  1071.134761  1136.409805  19.068416  0.072252  1.445162  0.144707
1195  1042.195907  1177.882092  19.122716  0.080448  1.200539  0.182796
1196  1057.099940  1058.829230  18.993048  0.091769  1.246892  0.129273
1197  1044.940677  1117.153874  19.093053  0.119160  1.414752  0.059204
1198  1081.592545  979.546563  18.849540  0.080923  1.256900  0.082692
1199  849.912197  959.371203  19.074170  0.129203  1.148988  0.069765
1200  1086.085345  991.977943  18.931909  0.115252  1.410537  0.069406
1201  950.838436  851.493192  19.003753  0.097520  1.335519  0.088545
1202  968.353587  892.767744  18.895628  0.111751  1.365772  0.136895
1203  1102.472868  1042.122097  19.211158  0.160722  1.463619  0.074905
1204  950.708920  1172.506993  18.893854  0.088841  1.405790  0.063544
1205  969.882706  1122.619208  18.988697  0.070714  1.308939  0.073912
1206  884.973896  1076.737311  18.994961  0.066085  1.420716  0.129995
1207  929.481236  1092.211261  18.844151  0.069492  1.340868  0.116953
1208  1128.097362  1011.201925  18.811366  0.058679  1.341014  0.054470
1209  979.158303  960.650486  19.079093  0.122812  1.330655  0.054100
1210  1165.089751  1102.235075  18.848041  0.112886  1.295551  0.196363
1211  1005.710254  1012.162212  18.811231  0.057768  1.295215  0.117435
1212  1174.415012  1040.223109  19.001626  0.070694  1.316936  0.070570
1213  1052.874465  1055.928525  18.815158  0.135065  1.410471  0.160852
1214  1055.977492  1211.324621  18.578843  0.105975  1.312312  0.129026
1215  961.779548  857.890345  18.770174  0.054036  1.406221  0.130857
1216  1212.926095  1052.292731  18.743300  0.083447  1.485102  0.062523
1217  1156.767785  1107.409490  18.914210  0.123274  1.322800  0.079920
1218  1024.254321  1164.367585  18.826562  0.053316  1.313747  0.132321
1219  1097.286902  1054.878679  18.910924  0.074668  1.141039  0.083881
1220  869.212037  1186.483241  18.953262  0.085979  1.271196  0.112325
1221  948.483338  1113.059144  18.788588  0.075772  1.481414  0.155047
1222  1038.069576  1151.850230  18.806512  0.059384  1.457367  0.084442
1223  1053.005128  1106.621727  18.833905  0.065476  1.532406  0.138281
1224  983.270195  1041.798697  18.772338  0.092136  1.432244  0.137896
1225  1046.329426  953.424589  18.675843  0.121453  1.248991  0.069340
1226  1104.052593  972.467896  18.625049  0.053050  1.417136  0.076741
1227  1107.965030  1110.538056  18.471302  0.081380  1.411270  0.057490
1228  973.471048  1032.045957  18.636925  0.093315  1.564996  0.103966
1229  939.004232  1021.715599  18.638360  0.073634  1.333953  0.066254
1230  1212.985242  1076.496568  18.543504  0.112555  1.387674  0.082564
1231  1057.405706  1042.586911  18.670623  0.050894  1.198524  0.080323
1232  919.454413  1086.373028  18.569721  0.054637  1.386331  0.082020
1233  989.877412  1060.220703  18.604390  0.053490  1.344347  0.068893
1234  895.128637  1034.070733  18.569978  0.101963  1.309479  0.170517
1235  853.822157  953.591869  18.459606  0.125724  1.307220  0.151655
1236  1080.978022  1109.985608  18.606114  0.048879  1.272801  0.067358
1237  924.173496  844.168765  18.498759  0.084056  1.295939  0.078668
1238  928.724173  1130.299556  18.442765  0.072745  1.548580  0.080508
1239  1161.976259  992.680407  18.513033  0.090348  1.276754  0.107569
1240  1092.999352  1103.651779  18.497530  0.085810  1.287902  0.089793
1241  1027.320689  977.461985  18.484708  0.054591  1.341678  0.060934
1242  1018.760335  1044.617400  18.571446  0.082459  1.363059  0.091270
1243  975.347753  918.423388  18.325276  0.087002  1.408455  0.085782
1244  964.106220  1047.714038  18.454122  0.100682  1.309176  0.101631
1245  1071.097917  1199.542620  18.301467  0.069262  1.305922  0.091986
1246  1100.163686  1221.562020  18.501968  0.093175  1.333950  0.058288
1247  967.933297  996.163277  18.250478  0.141469  1.295755  0.072813
1248  854.389084  978.564301  18.419647  0.060975  1.223878  0.144430
1249  935.086387  1182.800855  18.410600  0.071158  1.387917  0.097793
1250  1128.720650  1000.246682  18.454519  0.088053  1.262486  0.107868
1251  1020.733604  1136.047821  18.233241  0.114418  1.208053  0.074858
1252  937.916006  1042.936340  18.253096  0.067893  1.371876  0.117813
1253  1019.767808  1102.160998  18.448298  0.106908  1.269174  0.129613
1254  1109.742776  1080.036782  18.359923  0.062187  1.415075  0.119900
1255  867.518054  1042.481132  18.260004  0.059052  1.291845  0.053943
1256  1043.398717  1016.701235  18.094093  0.140936  1.338400  0.060745
1257  1140.617257  1085.264179  18.124386  0.105484  1.310399  0.087169
1258  1116.290355  1105.382666  18.335227  0.102157  1.330658  0.047449
1259  1196.150395  1006.196060  18.216849  0.064564  1.175525  0.063006
1260  1068.344771  982.204027  18.209525  0.166246  1.234264  0.064491
1261  907.640791  966.199173  18.093363  0.060248  1.349150  0.112738
1262  1018.802319  1016.684933  18.015113  0.122259  1.339121  0.084085
1263  1007.087739  908.018217  18.325386  0.077928  1.378604  0.072512
1264  991.969157  874.982482  18.159150  0.057316  1.364067  0.053313
1265  1031.717335  1066.372321  18.161338  0.049177  1.254691  0.089978
1266  1096.706048  1059.013468  18.352278  0.071490  1.283900  0.080058
1267  995.615724  1072.561828  18.220594  0.054343  1.267692  0.151767
1268  966.899180  1058.102149  18.108818  0.057904  1.180100  0.067342
1269  1117.196739  1099.514491  17.923430  0.126463  1.309386  0.079074
1270  952.869315  975.876833  18.014959  0.061668  1.501631  0.056667
1271  943.758950  847.966065  17.966792  0.081004  1.347923  0.075193
1272  1064.999670  1021.274296  18.084727  0.082457  1.346822  0.093878
1273  1060.779766  1027.046994  18.177254  0.088520  1.360805  0.045060
1274  1132.248310  1090.084844  18.043595  0.080540  1.293534  0.057651
1275  1065.690767  960.057180  18.026140  0.096826  1.259377  0.048672
1276  959.252828  1038.318039  18.063734  0.076229  1.294370  0.051968
1277  1098.949693  1130.052874  18.073853  0.115663  1.435399  0.099306
1278  1051.851244  1035.303219  18.003633  0.053929  1.261243  0.070150
1279  1118.861722  1086.820413  17.783803  0.082643  1.340676  0.066653
1280  1015.137014  1052.975350  18.008406  0.054049  1.333593  0.058607
1281  962.871828  1063.367700  17.853590  0.062387  1.327805  0.086078
1282  929.805169  982.166405  17.818379  0.092376  1.207529  0.080992
1283  797.339832  1022.903951  17.831159  0.099022  1.261216  0.059302
1284  966.013604  1122.468372  17.854519  0.048862  1.393935  0.087802
1285  1056.324608  842.848215  17.757658  0.074476  1.218179  0.067870
1286  1091.213455  1107.413934  17.763882  0.074504  1.226742  0.055247
1287  918.554972  1128.395428  17.825370  0.064948  1.227444  0.052815
1288  942.920192  962.821100  17.838202  0.044981  1.355026  0.074764
1289  904.149770  1160.924897  17.752479  0.091762  1.253119  0.040695
1290  1035.315999  1133.580882  17.779032  0.046695  1.404223  0.054032
1291  826.163569  981.320684  17.717610  0.043122  1.324426  0.087503
1292  942.096282  1024.462090  17.515070  0.124229  1.468471  0.086171
1293  1114.156032  1019.144458  17.725361  0.058669  1.275022  0.043422
1294  1083.272438  1142.793318  17.727765  0.116935  1.132439  0.068146
1295  971.734589  1120.235315  17.781648  0.069172  1.258584  0.042000
1296  1021.620306  821.094318  17.701982  0.043255  1.312825  0.050207
1297  1122.037002  1022.710723  17.838216  0.111656  1.287593  0.042132
1298  1000.703631  1044.338217  17.723234  0.111147  1.253677  0.045104
1299  1053.065421  900.679311  17.621068  0.047943  1.254335  0.039499
1300  1036.615332  881.139180  17.668638  0.074868  1.258665  0.047284
1301  1016.337080  1024.778097  17.564486  0.038974  1.153785  0.070616
1302  1056.429875  913.316864  17.582415  0.050147  1.222953  0.056776
1303  1105.268531  1033.613046  17.505030  0.044792  1.239155  0.045936
1304  1071.823933  905.372549  17.582600  0.046445  1.282827  0.046147
1305  943.354450  1054.082929  17.565359  0.074336  1.275183  0.039657
1306  1055.804744  1015.677624  17.485640  0.044258  1.348402  0.087760
1307  1084.436705  1135.857213  17.363781  0.059697  1.257171  0.089190
1308  1019.095839  1133.825700  17.444079  0.060699  1.329270  0.037252
1309  934.467011  852.859208  17.395927  0.051431  1.300981  0.080820
1310  1124.277187  992.870093  17.448923  0.059974  1.262826  0.063411
1311  919.794954  937.260790  17.384365  0.036490  1.319487  0.044831
1312  1183.598490  998.512988  17.385472  0.059191  1.360873  0.058986
1313  1143.348142  959.884390  17.490978  0.079422  1.335643  0.089378
1314  1043.395994  1049.149788  17.320035  0.047877  1.193918  0.048971
1315  1136.301957  971.595551  17.326837  0.077967  1.250633  0.106380
1316  983.777628  1056.657736  17.201475  0.069802  1.290893  0.052887
1317  1119.441326  1092.413952  17.198504  0.082482  1.231073  0.071924
1318  984.348549  833.451807  17.294875  0.058473  1.301557  0.092652
1319  1046.076375  1130.585027  17.255474  0.037453  1.248751  0.080248
1320  979.689062  1230.546821  17.249253  0.080004  1.220096  0.066910
1321  1164.350259  970.708296  17.135386  0.036640  1.239166  0.038264
1322  938.282476  1082.229780  17.004495  0.082193  1.264393  0.050578
1323  982.772961  1009.380782  17.069278  0.056759  1.132268  0.050338
1324  1082.351616  930.203443  17.043126  0.055263  1.169058  0.078843
1325  971.829371  1088.901181  16.936359  0.047654  1.245505  0.043612
1326  972.410778  1197.828239  17.009245  0.044123  1.186913  0.056884
1327  1006.191821  914.868511  16.963399  0.042292  1.183529  0.056726
1328  863.421870  943.952425  17.015063  0.071715  1.252398  0.040015
1329  1102.647972  916.057149  16.977574  0.034707  1.191432  0.033964
1330  1103.232635  1144.088187  16.990011  0.047390  1.262781  0.075867
1331  926.223667  1195.405332  16.818777  0.055309  1.173961  0.056537
1332  971.602534  1044.937052  16.863164  0.068298  1.194882  0.043262
1333  1037.560320  1004.089876  16.908136  0.068233  1.147514  0.046726
1334  1019.928494  1165.696492  16.870116  0.047342  1.178050  0.080790
1335  1068.051517  993.802998  16.862625  0.041697  1.051652  0.061471
1336  939.659489  1085.960192  16.778239  0.077838  1.145671  0.036522
1337  997.545738  1006.688317  16.811798  0.068733  1.150759  0.032779
1338  1115.911721  1032.035594  16.626535  0.060846  1.185610  0.050255
1339  1001.120809  951.058104  16.710299  0.038224  1.139550  0.038138
1340  972.128625  1153.350124  16.632107  0.040137  1.288683  0.072572
1341  1058.926264  1141.411717  16.507580  0.062013  1.125981  0.044510
1342  1082.792346  1038.378476  16.556070  0.031032  1.194337  0.058057
1343  1016.568422  969.093878  16.688734  0.076420  1.117244  0.051005
1344  934.966170  1112.050074  16.558726  0.067210  1.149509  0.031475
1345  988.057928  1128.442716  16.561587  0.059140  1.136190  0.032332
1346  991.118254  1064.606454  16.302926  0.088320  1.061719  0.059666
1347  1015.244227  1066.855588  16.513323  0.031670  1.173082  0.034543
1348  1000.957440  899.215913  16.549125  0.036870  1.173658  0.050118
1349  1133.186253  1144.958853  16.432289  0.030970  1.153277  0.041141
1350  1050.651996  1040.312115  16.450478  0.052131  1.145552  0.052976
1351  1103.461786  915.146076  16.506348  0.056515  1.169672  0.047963
1352  1112.034038  982.845624  16.474953  0.046033  1.109005  0.056597
1353  1189.479977  1170.146345  16.472145  0.077905  1.200178  0.045586
1354  959.735173  882.536264  16.366792  0.039401  1.133346  0.032127
1355  891.248558  1033.625723  16.341040  0.041095  1.267233  0.085243
1356  1135.683809  1020.483707  16.238059  0.041248  1.170070  0.056553
1357  1001.049027  1067.325768  16.287140  0.060875  1.101005  0.038091
1358  981.545820  957.944095  16.167127  0.029005  1.081916  0.048411
1359  872.563917  989.989089  16.151129  0.048439  1.122347  0.049250
1360  1169.829007  1033.051771  16.007312  0.035989  1.072315  0.034927
1361  1022.455480  950.732268  15.980646  0.033017  1.172457  0.082664
1362  1241.842196  983.863378  15.905849  0.042297  1.050429  0.033592
1363  1153.480335  967.941038  15.622922  0.046944  1.155014  0.055150
1364  1082.501878  1138.355282  15.792494  0.061117  1.067800  0.032242
1365  1009.570222  1174.194565  15.664558  0.035829  1.010068  0.031105
1366  1125.496689  1044.549407  15.624695  0.027319  0.932625  0.061369
1367  1074.221568  981.346816  15.610626  0.042996  0.960706  0.037375
1368  1042.944451  981.030236  15.554002  0.034531  0.979255  0.061472
1369  1085.848289  1002.194903  15.515393  0.078730  0.969354  0.052332
1370  1081.448120  1051.482808  15.562754  0.038051  0.960696  0.054258
1371  1021.568102  1086.290104  15.455399  0.033638  0.939763  0.045273
1372  1085.065687  1047.047291  15.435533  0.028506  0.925975  0.030913
1373  1074.371809  995.350856  15.446790  0.043748  0.930862  0.046274
1374  952.758354  961.531924  15.390073  0.037673  0.944337  0.039442
1375  1045.665649  1049.155461  15.387951  0.044932  0.978295  0.034877
1376  1067.911209  1017.254912  15.099954  0.047941  0.955098  0.063176
1377  1057.030820  978.733281  15.192087  0.034787  0.909386  0.024021
1378  1073.081467  969.283686  15.135223  0.038225  0.943982  0.048773
1379  1092.708741  956.903956  14.884561  0.046950  0.869454  0.055647
1380  953.382523  948.527124  14.875260  0.032058  0.896513  0.028205
1381  999.641846  1015.725138  14.736720  0.035046  0.866938  0.028963
1382  931.479839  1105.919324  14.746954  0.042246  0.868241  0.032626
1383  1030.988718  921.411297  14.708069  0.046740  0.885728  0.050390
1384  875.118612  1016.982794  14.599046  0.056749  0.867756  0.026942
1385  1127.898685  1083.715113  14.656000  0.040396  0.864304  0.035144
1386  1141.206794  959.210721  14.506425  0.031246  0.894027  0.047177
1387  972.817265  1184.659190  14.506374  0.079636  0.770988  0.049998
1388  1129.513472  1092.017951  14.507709  0.022137  0.814666  0.024112
1389  1146.339860  907.149599  14.511197  0.074379  0.815536  0.022632
1390  1165.967974  966.615163  14.319309  0.022778  0.775282  0.036043
1391  1003.841618  1114.258186  14.236626  0.033019  0.748566  0.057439
1392  946.325504  1013.679616  14.186754  0.022584  0.845196  0.057146
1393  976.201728  952.042537  13.981232  0.045773  0.751901  0.028257
1394  962.835681  1185.882870  13.906258  0.046825  0.677132  0.024980
1395  1124.482068  1041.234780  13.927937  0.042079  0.710533  0.039922
1396  836.502979  972.112773  13.903705  0.026705  0.711202  0.041016
1397  1109.477294  945.216348  13.893161  0.029017  0.653410  0.025497
1398  904.590705  925.361664  13.815145  0.026041  0.736485  0.043898
1399  984.165171  1157.552599  13.769738  0.021890  0.656794  0.027171
1400  1178.290729  1055.600701  13.633864  0.035968  0.660749  0.021638
1401  1054.735012  1079.882424  13.615656  0.023430  0.649705  0.026221
1402  897.256653  1037.526671  13.516803  0.036211  0.626756  0.036647
1403  918.730772  1003.612037  13.399358  0.031203  0.664165  0.058489
1404  1094.206587  1004.908646  13.438461  0.024918  0.570111  0.029753
1405  900.016824  956.648940  13.374488  0.040371  0.547257  0.024966
1406  1137.684746  1024.087634  13.181465  0.041310  0.590424  0.031299
1407  1114.465567  995.626455  13.160906  0.020580  0.604760  0.050757
1408  923.763507  1039.753605  13.073177  0.035602  0.522759  0.033485
1409  977.865789  1161.420820  12.988511  0.030273  0.498379  0.030969
1410  980.860436  993.200845  12.888606  0.033264  0.560343  0.039619
1411  920.370258  941.767107  12.845382  0.030282  0.515205  0.036354
1412  1046.028841  1209.498604  12.758011  0.030666  0.485349  0.020564
1413  910.895718  1009.147126  12.722008  0.024810  0.389873  0.031361
1414  1002.181509  961.682637  12.608728  0.019472  0.474315  0.019275
1415  964.354621  1049.875804  12.473724  0.033464  0.422481  0.028357
1416  1076.852040  967.652864  12.410001  0.026621  0.480172  0.045104
1417  1016.553124  1083.886305  12.309096  0.034719  0.416227  0.033111
1418  954.259026  920.740495  12.309415  0.032350  0.372256  0.035746
1419  950.734131  1021.408256  12.197534  0.019677  0.423736  0.022867
1420  1024.645140  837.220413  12.096549  0.028081  0.374596  0.023828
1421  971.483771  1168.597156  12.016557  0.019830  0.335739  0.027803
1422  973.777961  884.753469  11.933267  0.040661  0.348174  0.020499
1423  1089.301647  1065.212436  11.833048  0.037267  0.303055  0.030181
1424  1090.819604  1008.848691  11.713321  0.017361  0.257497  0.035571
1425  1050.128794  1096.437268  11.636818  0.018825  0.207638  0.036853
1426  1021.394084  832.351580  11.532275  0.039116  0.255040  0.031936
1427  851.592397  1131.288084  11.471550  0.027523  0.246445  0.041438
1428  1116.586844  917.096837  11.317090  0.022368  0.221702  0.029941
1429  1033.978880  1106.983158  11.257934  0.044909  0.204030  0.033132
1430  964.701061  918.419354  11.128771  0.017129  0.062076  0.044736
1431  1078.890107  1093.720289  11.060933  0.031358  0.187186  0.036683
1432  950.668165  1081.999483  11.059257  0.040176  0.146057  0.022352
1433  967.032852  1110.420009  10.880270  0.017814  0.116060  0.023599
1434  946.483016  934.668636  10.796228  0.058680  0.109714  0.024918
1435  945.112023  1058.889421  10.713930  0.054446  0.081397  0.017662
1436  939.854930  1099.566244  10.600603  0.030960  0.032301  0.046331
1437  1007.715000  1105.411686  10.539454  0.019837  0.062825  0.037835
1438  1070.920745  1126.932378  10.519129  0.046793  0.039319  0.028861
1439  906.156298  1109.294899  10.356532  0.051768  0.014255  0.025174
1440  1050.042839  991.487672  10.354289  0.050820  -0.023810  0.021025
1441  1022.429921  809.377792  10.216081  0.026054  0.000841  0.059174
1442  1098.103009  1003.732808  10.190099  0.051688  -0.036437  0.036358
1443  1058.845020  1013.200159  10.081332  0.020546  0.068523  0.062453
1444  939.281981  983.366779  9.950018  0.042337  -0.048215  0.025400
1445  1112.426045  1101.267026  9.832064  0.030531  -0.025788  0.030677
1446  894.344356  1074.247086  9.824394  0.026306  0.059917  0.052809
1447  1103.082373  1109.380260  9.692224  0.037138  -0.109234  0.052452
1448  1071.469916  1080.319222  9.601664  0.016085  -0.098532  0.020346
1449  1065.283523  1013.185229  9.487724  0.046527  -0.061110  0.029152
1450  995.829821  1097.932820  9.401198  0.042462  -0.164243  0.038220
1451  923.736576  1047.608463  9.115277  0.034370  -0.117731  0.038794
1452  1183.397827  923.146301  9.003035  0.023743  -0.120737  0.031219
1453  1084.096000  913.000960  8.973605  0.030913  -0.110084  0.031522
1454  1065.105019  954.694676  8.799930  0.028622  -0.062661  0.061278
1455  1030.341857  1171.898368  8.573128  0.023417  -0.092359  0.032442
1456  848.940954  1078.196204  8.230126  0.025299  -0.157178  0.017233
1457  1018.599322  993.166070  8.003170  0.022223  -0.126297  0.037534
1458  955.002900  964.267336  7.727043  0.027021  -0.133021  0.017325
1459  1104.983757  891.986842  7.307633  0.028036  -0.202659  0.038496
1460  1006.432829  1017.332347  6.685355  0.032490  -0.204578  0.017303
1461  1163.415818  947.443548  6.334872  0.027168  -0.191337  0.026322
1462  932.237373  1077.614449  1.604205  0.033171  -0.085744  0.022205
20  1196.739725  1914.040235  8.262747  0.034436  0.783433  0.025649
21  148.469668  1200.167687  7.619411  0.024486  0.092810  0.049825
22  1931.594720  881.390990  8.073751  0.039913  -0.108255  0.021535
23  948.255159  1317.590022  8.365259  0.022258  -0.021999  0.031158
24  920.259808  818.629217  9.076297  0.016769  0.436624  0.039335
25  1852.299864  915.437033  9.713624  0.046370  0.551603  0.017152
26  1990.296654  1077.165936  9.203831  0.036861  0.069295  0.027772
27  29.906855  2036.141064  11.037419  0.017247  1.003914  0.016812
28  380.726746  1644.889913  13.424964  0.053206  2.538594  0.049661
29  520.415900  1869.279709  10.973978  0.031394  1.064836  0.025749
210  908.729199  1769.580435  14.441489  0.039491  2.858406  0.032226
211  897.722650  288.886994  14.202354  0.057590  2.522982  0.048654
212  1790.961919  1172.143703  17.010587  0.076196  3.729360  0.052047
213  518.671468  1436.129705  12.636145  0.031314  1.298174  0.058644
214  647.728694  1022.733200  10.936427  0.036680  0.151529  0.028102
215  757.244820  979.550708  11.202972  0.018388  0.401689  0.034299
216  788.108261  903.388907  14.221285  0.068025  1.946087  0.027769
217  1745.636750  1414.809333  12.297956  0.039558  0.673303  0.030115
218  771.099993  1526.334577  11.961412  0.037585  0.287620  0.044520
219  44.140384  1780.437071  16.740952  0.048388  2.999240  0.116210
220  328.021998  238.419703  12.785046  0.041145  0.815850  0.039207
221  372.187467  1098.338796  12.063043  0.018019  0.526717  0.027410
222  354.503136  1752.910050  14.069220  0.026183  1.152308  0.039519
223  234.714410  440.523166  14.702484  0.039665  1.435678  0.063917
224  1469.349871  1056.944139  12.696996  0.046822  0.293011  0.018358
225  14.817976  174.927375  12.113298  0.029133  0.341976  0.020160
226  1160.831248  1233.997511  12.600226  0.043759  0.554464  0.059302
227  417.201644  1243.269732  14.654655  0.049943  1.489202  0.029725
228  1815.043112  1352.168780  11.856897  0.029462  0.065039  0.018623
229  1955.137077  1866.990581  15.568660  0.053552  1.718393  0.030932
230  1105.949328  1296.325541  13.347062  0.021296  0.583230  0.035182
231  608.441820  931.926130  12.394457  0.032011  -0.065609  0.035954
232  1958.160463  1913.818645  14.069045  0.044758  0.951254  0.040124
233  168.100900  1814.117473  14.532248  0.054259  1.172145  0.026529
234  77.949097  1717.187419  13.367323  0.045942  0.388958  0.039984
235  134.250473  1867.959505  13.220798  0.037915  0.412057  0.041293
236  2015.380677  83.017144  14.671193  0.029895  1.289219  0.052345
237  1016.934966  684.328027  13.063240  0.060780  0.234506  0.019064
238  116.661773  726.149992  13.940831  0.020909  0.457363  0.044839
239  52.778599  1966.849788  14.193537  0.031651  0.675552  0.042431
240  22.820199  490.990242  12.692453  0.028270  -0.090437  0.021209
241  431.035380  1438.704107  14.649566  0.033358  0.747285  0.042396
242  1854.330719  417.527771  18.080509  0.101489  2.782842  0.050929
243  845.061084  1915.866193  18.245950  0.047006  2.742388  0.084140
244  203.588010  1821.039900  18.781396  0.093139  3.282885  0.073964
245  333.780878  560.710155  14.387481  0.040455  0.668314  0.032151
246  1148.296680  614.731910  13.519584  0.021294  0.206147  0.037741
247  167.831360  1578.415817  15.019238  0.052029  1.002920  0.024990
248  424.091956  449.057585  14.462120  0.067979  0.705355  0.039461
249  1603.893089  1480.162919  14.089723  0.048932  0.424630  0.029354
250  819.579576  1705.730223  15.260287  0.036483  1.056432  0.057540
251  1046.488356  658.581532  14.344721  0.033503  0.667726  0.052827
253  853.738967  2039.031160  19.801110  0.069599  3.471372  0.145995
254  1252.997978  614.666026  16.590166  0.035538  1.497692  0.034711
255  15.604649  48.026382  15.262217  0.037553  0.797041  0.026769
256  60.979110  799.817040  14.236481  0.045299  0.210182  0.035140
257  1353.746855  482.755589  19.153039  0.101191  3.330155  0.080719
258  195.158837  1531.135905  14.574819  0.023764  0.649892  0.032838
259  402.351590  1353.255590  14.911281  0.032738  0.594575  0.030289
260  228.372807  1050.204132  18.755949  0.067330  3.010809  0.083154
261  1500.023794  1209.829548  17.079024  0.072938  1.626600  0.045466
262  102.071391  1958.434522  15.045370  0.033385  1.169029  0.053296
263  498.482403  998.406360  16.977458  0.056722  1.852395  0.037243
264  717.426238  37.011629  15.620548  0.037077  0.878621  0.034463
265  138.758409  1540.065767  19.617713  0.155410  3.290324  0.109399
266  1170.622782  386.388801  17.109409  0.087541  2.087268  0.058234
267  1017.135976  636.529248  18.039652  0.047298  2.392096  0.050283
268  497.970575  300.511456  17.647431  0.086778  2.272243  0.060801
269  811.196728  1235.250281  15.074476  0.038256  0.769453  0.060890
270  867.389006  1571.885577  16.075705  0.045927  1.566362  0.033157
271  1461.458632  1131.954299  14.352577  0.050454  0.595177  0.042095
272  538.619742  1646.163396  17.845862  0.072276  1.776220  0.093118
273  417.919578  1764.120436  17.038648  0.063134  1.402787  0.042310
274  1087.395708  6.197232  16.360409  0.045735  0.958439  0.034149
275  707.631866  1089.294489  15.593807  0.026867  0.711585  0.049160
276  515.338270  1292.648285  16.315832  0.041237  1.158470  0.045571
277  1999.659334  572.934216  16.406335  0.045458  1.015902  0.043835
278  1300.200723  1356.394077  18.252825  0.056016  2.115453  0.148436
279  283.178080  338.278053  15.126743  0.028372  0.536943  0.030979
280  728.925091  1301.157559  19.143690  0.086523  2.478447  0.058970
281  1802.149254  1565.792945  14.219718  0.030786  -0.043357  0.023559
282  962.309510  97.379253  18.002758  0.105336  2.174973  0.054312
283  1209.133362  320.333951  16.792175  0.031948  1.608375  0.062061
284  1820.831484  436.983854  15.949727  0.035391  0.980612  0.029929
285  1073.636941  999.733761  16.946423  0.058029  1.404416  0.055065
286  227.915038  764.277850  15.738165  0.049629  0.818925  0.046359
287  949.025585  215.251897  15.886117  0.036454  0.920707  0.043171
288  1128.851680  886.825173  19.782922  0.154525  3.137683  0.107761
289  1788.834371  1770.238019  19.155670  0.074185  3.046782  0.072965
291  1407.800007  920.274678  19.892788  0.078929  3.525982  0.085976
292  1947.075051  2029.520657  17.502790  0.067726  1.876139  0.085411
293  2003.496412  1995.156325  17.447228  0.076769  1.987212  0.062159
294  1446.008798  1807.096381  14.759624  0.028942  0.330772  0.066719
295  1187.766784  18.842484  16.404722  0.040740  1.170381  0.046745
296  441.163880  1230.173183  16.287546  0.056142  1.128704  0.085369
297  348.070461  1303.916997  15.175311  0.078341  0.638045  0.028389
298  144.252391  402.045916  14.881036  0.038469  0.197507  0.053112
299  1978.047256  260.738288  15.989145  0.058801  0.980934  0.045442
2100  367.938289  1997.457790  15.916747  0.032403  1.020229  0.062584
2101  601.088964  1236.554282  20.534664  0.135319  3.249737  0.167791
2102  1762.670987  684.014811  16.462935  0.060222  0.786616  0.034547
2104  844.728768  334.915592  16.704477  0.040696  1.111524  0.051682
2105  258.440396  1147.175337  17.524312  0.053245  1.601769  0.053421
2106  1375.021194  1026.969694  15.281713  0.043091  0.305042  0.029169
2107  815.895681  1786.147261  16.357597  0.093363  0.773107  0.057792
2108  925.696700  1564.973939  15.977589  0.053091  0.629888  0.066861
2109  461.467282  1.349832  17.651398  0.055802  1.474268  0.063419
2110  1509.016960  1197.397604  16.187118  0.067336  1.090851  0.054373
2111  1670.554984  1336.111682  16.855351  0.063421  1.212969  0.049121
2112  877.476646  1348.854321  17.651403  0.085280  1.350879  0.074489
2113  1505.645371  31.945831  16.389146  0.053945  1.014410  0.048777
2114  2017.233357  1398.940185  16.002380  0.036354  0.726654  0.063140
2115  1843.035219  561.509220  17.619476  0.056287  1.432059  0.054739
2117  366.087717  921.377918  18.934195  0.147819  2.068506  0.116781
2118  41.046117  1900.429438  16.600595  0.047997  1.178057  0.033002
2119  1306.675130  311.614680  15.632804  0.073631  0.271873  0.064840
2120  1479.915811  44.878681  14.942382  0.039398  0.079249  0.041515
2121  1178.831323  547.197140  18.086377  0.107385  1.596290  0.061588
2122  1720.164721  1590.421998  17.767178  0.057608  1.753515  0.074960
2123  544.604449  560.590139  17.779174  0.049149  1.685645  0.053850
2124  1997.319552  933.911643  20.722591  0.126800  3.246089  0.096790
2125  1499.886525  232.159022  16.755181  0.037622  1.279521  0.046301
2126  647.769881  776.380430  17.444127  0.053621  1.251894  0.056310
2127  1679.991229  595.637442  16.161375  0.057267  0.879644  0.039349
2128  174.936086  1353.264010  16.411569  0.039401  0.868544  0.045760
2129  449.746702  644.202646  19.810356  0.090989  2.941380  0.119610
2130  1805.243275  974.269314  16.836755  0.049150  0.968161  0.037049
2131  1293.077496  297.848637  15.638523  0.057785  0.440139  0.026463
2132  1861.036384  206.667429  15.334002  0.026210  0.396137  0.052597
2133  178.380370  752.173799  16.344116  0.036807  1.036178  0.048575
2134  1492.592228  1203.573894  16.711705  0.061409  1.005878  0.031790
2135  39.262759  1913.693235  18.673520  0.091212  2.228863  0.057863
2136  1601.924766  2009.069555  18.945419  0.068991  1.975623  0.192296
2137  280.474185  1034.260228  17.172114  0.092714  0.910782  0.062478
2138  1987.652833  1205.308329  20.249835  0.143112  2.846695  0.111554
2139  452.928921  1478.270721  17.071702  0.046256  1.014144  0.043088
2140  374.923739  1763.732646  19.916040  0.146027  2.451065  0.115024
2141  1966.001228  952.204713  17.458642  0.044962  1.059449  0.063409
2142  1543.755374  162.568019  18.385921  0.054169  1.607307  0.110270
2143  149.469620  22.102771  19.728108  0.080099  2.289468  0.122212
2144  637.241350  895.643674  19.060316  0.070101  1.931901  0.093237
2145  874.134218  1625.623350  17.094703  0.039482  1.101490  0.128664
2146  60.755555  1482.834245  17.703961  0.077093  1.195180  0.037987
2147  1290.138880  108.648104  16.865846  0.077198  0.909493  0.049468
2148  803.441548  1319.283876  18.554676  0.065828  1.479241  0.104200
2149  594.788428  743.224386  18.570116  0.080612  1.914602  0.051356
2150  341.185516  480.126046  17.500438  0.055121  1.133119  0.064219
2152  1912.284027  1465.982390  19.913436  0.124767  2.479128  0.148216
2153  370.804223  23.765800  19.366120  0.082474  2.349413  0.135011
2154  1803.166675  421.345380  18.173782  0.068866  1.669133  0.068570
2155  768.273593  1313.997938  19.504037  0.090347  2.335051  0.080524
2156  1084.596478  1343.601039  19.109820  0.118861  2.244075  0.103075
2157  883.258379  159.546085  17.324189  0.069883  0.869661  0.062440
2158  619.677904  309.051429  17.445976  0.069260  1.243654  0.113666
2159  1016.490637  1207.344915  16.032907  0.078152  0.255617  0.047058
2160  792.715191  573.570914  20.284900  0.093188  2.620741  0.116734
2161  277.834163  2035.527587  16.988111  0.091998  1.214463  0.066244
2162  346.904777  23.196580  17.509090  0.057490  0.976162  0.047769
2163  1511.475284  654.671239  17.307423  0.077378  0.990364  0.039904
2164  1753.813250  132.377893  18.286373  0.106390  1.667979  0.127403
2165  2005.944528  1665.711142  17.736986  0.087775  1.371527  0.076714
2166  860.342246  349.239565  17.259204  0.070810  1.772163  0.040280
2167  711.928278  1042.343320  17.744889  0.083827  1.152602  0.075229
2168  1724.133169  1567.688511  17.766750  0.061432  2.031638  0.096059
2169  730.909128  75.698602  16.566193  0.052924  0.485412  0.040261
2170  1610.216211  502.093425  18.080133  0.078365  1.391664  0.135078
2171  1551.177397  1388.218651  15.797528  0.049806  -0.006640  0.026277
2172  575.602772  363.212123  17.330731  0.038788  0.869793  0.044761
2173  878.496200  690.514399  16.891788  0.049622  0.878628  0.034424
2174  1776.403695  383.597969  20.298742  0.201963  2.910129  0.140295
2175  1494.769870  1183.908027  18.462030  0.166966  1.803429  0.091137
2177  1116.586575  227.116152  16.833199  0.041432  0.534242  0.104905
2178  1415.324729  2004.908506  16.752018  0.049967  0.751047  0.072670
2179  2034.119740  1161.132679  16.722374  0.059905  0.630038  0.091950
2180  878.453524  258.370546  18.188230  0.060866  1.617102  0.153872
2181  555.567759  443.185108  17.794736  0.106891  1.380680  0.066561
2182  1667.193857  354.207325  19.808519  0.121486  2.331231  0.125319
2183  1168.112226  172.264302  16.188217  0.043773  0.550426  0.038415
2184  685.143930  1270.093970  17.787271  0.076981  1.350408  0.041495
2185  1602.011517  1311.566688  20.998205  0.227025  2.986536  0.127384
2186  1495.484432  1528.279851  17.444836  0.057880  0.955740  0.039601
2187  558.169111  260.131166  18.421878  0.068903  1.218742  0.115295
2188  586.872227  1670.199810  20.541652  0.186508  2.206126  0.145364
2189  1295.434279  699.403442  17.693996  0.124356  1.193756  0.069989
2190  1829.241907  129.987183  19.890240  0.136050  2.192270  0.135914
2191  916.637688  1128.667270  18.504491  0.088368  1.513901  0.074044
2192  1782.646194  1861.741323  18.931279  0.074470  1.505128  0.056796
2193  1841.639939  1382.476726  17.532694  0.045145  0.508661  0.082512
2194  765.533953  1477.653473  17.943042  0.046054  1.288016  0.068172
2195  111.983355  188.284245  18.140321  0.048018  1.194750  0.095353
2196  958.159631  1852.000216  16.962157  0.032840  0.481455  0.051494
2197  1702.813231  65.766212  18.261794  0.051364  1.091203  0.064496
2199  96.801100  1222.746262  18.298072  0.061723  1.222412  0.059512
2200  341.203002  1192.811510  19.603059  0.077369  2.052604  0.076554
2201  1091.427984  1706.065039  17.921776  0.044828  1.372967  0.118047
2202  1551.862294  1856.421721  20.372499  0.142532  2.222683  0.161049
2203  1400.488784  1842.332702  17.480351  0.047290  0.765137  0.062700
2205  1980.625817  292.196046  18.302586  0.085651  1.377985  0.061483
2206  2023.960352  1727.353614  18.354495  0.101303  1.188163  0.108166
2207  1179.534265  878.645068  18.702813  0.116489  2.285582  0.065602
2208  186.688721  1526.720033  18.072562  0.093647  1.205763  0.043678
2210  688.604371  579.473703  18.645140  0.094970  1.721343  0.054926
2212  1515.734838  1966.328658  18.297517  0.058793  1.050824  0.049519
2213  284.977142  564.651666  19.079131  0.102532  1.752838  0.139559
2214  1261.519312  1590.478336  17.619876  0.072285  1.005583  0.093892
2215  892.209411  39.394829  17.449233  0.046874  0.721737  0.162626
2217  673.686073  218.066703  17.994153  0.049174  1.094287  0.043616
2218  1132.650158  1447.298930  18.409312  0.065750  1.367518  0.048456
2219  772.243195  1725.531253  20.429801  0.199845  2.310759  0.114158
2220  563.408964  1129.363629  20.215723  0.109382  2.323634  0.084918
2221  1922.333894  960.866215  19.258715  0.099805  1.508909  0.134848
2222  1953.819159  1887.131316  17.726800  0.072292  0.872383  0.114961
2223  1916.999518  1771.362185  17.696451  0.049929  1.094392  0.091910
2224  1737.823529  371.437389  16.415302  0.060415  0.271622  0.040059
2225  2039.649866  575.864720  18.945998  0.097410  1.487898  0.074581
2226  896.903113  60.209521  18.731534  0.082094  1.470985  0.107005
2228  328.292109  116.806164  18.866527  0.085234  1.515752  0.083947
2229  1369.280630  1748.179782  19.972321  0.159984  2.107446  0.171974
2230  641.798635  901.469061  19.381031  0.123499  1.890630  0.077292
2231  121.698359  340.124262  19.899635  0.115630  1.904208  0.244085
2232  1063.758606  396.621597  18.583223  0.059950  1.411626  0.102127
2233  1848.098195  1441.594824  17.877077  0.059292  1.142225  0.047901
2234  1960.790295  2036.414529  18.219997  0.063392  1.107535  0.067713
2235  666.798864  870.851516  18.031790  0.138183  1.110981  0.077498
2236  1853.092135  1556.780016  18.591098  0.058733  1.580028  0.076717
2237  1346.211249  177.932924  18.726367  0.056077  1.495472  0.050938
2238  1724.299314  300.890659  17.484635  0.087609  0.707844  0.051733
2239  280.675462  1089.026142  17.051495  0.036756  0.470491  0.045093
2240  1204.638991  128.627853  16.767193  0.089906  0.106047  0.067581
2241  368.198277  1226.267440  19.814399  0.253131  1.651285  0.139479
2242  577.168357  220.490963  17.809055  0.059883  0.799259  0.053162
2243  787.162949  1488.756401  17.848323  0.056890  1.017604  0.065122
2244  2038.450839  1819.630151  18.095711  0.051276  1.147444  0.081444
2245  1766.338346  1160.122655  18.240937  0.118848  1.085268  0.105253
2246  458.625172  858.330153  16.051787  0.047621  -0.086998  0.070327
2247  845.962345  26.712284  18.259602  0.090087  1.385574  0.075213
2248  447.676706  1719.316347  18.321249  0.076801  0.968706  0.096203
2249  1312.479959  1933.113091  18.942985  0.101258  1.825668  0.138570
2250  563.959976  256.992029  17.540141  0.047015  0.700325  0.054989
2251  251.721434  177.898314  18.141086  0.124153  1.079090  0.106440
2252  1842.717621  1742.931485  18.100039  0.118991  1.032517  0.054945
2253  1340.500318  1419.475307  18.233084  0.077748  1.128961  0.057704
2254  931.280334  1837.159152  18.158707  0.045553  1.129400  0.104490
2255  89.732207  1750.006506  18.197531  0.079504  1.191198  0.045943
2256  1569.644187  1556.038147  20.654074  0.161570  1.954598  0.113813
2257  447.301963  375.821002  19.898061  0.135450  1.501607  0.226048
2258  880.860592  1254.003985  18.797821  0.095436  1.757827  0.058891
2259  1749.242219  74.926488  19.455172  0.102961  1.223571  0.060507
2261  310.878539  49.202638  18.704688  0.058122  1.171245  0.070502
2262  540.299835  1232.971239  20.768837  0.221709  2.161393  0.097127
2264  693.405923  2014.925087  19.797873  0.150764  2.011300  0.076821
2266  953.727545  622.485813  18.093029  0.097369  1.000098  0.079157
2267  1441.785197  1060.043280  18.806122  0.114344  1.287050  0.062680
2268  1371.654634  1914.801892  19.486987  0.099280  1.565470  0.122161
2269  545.279191  928.670020  19.294848  0.151538  1.647611  0.167353
2270  759.025039  29.954624  19.968390  0.081379  1.626369  0.193522
2271  930.137313  1347.462149  19.960591  0.165589  1.822866  0.124260
2272  1857.585706  821.532814  20.119933  0.222808  1.916430  0.087655
2273  597.381989  1253.942873  18.541196  0.062148  0.912108  0.064762
2274  357.060079  910.455145  18.773172  0.163118  1.237381  0.126346
2275  820.817434  1158.442336  19.522808  0.101643  1.384034  0.177013
2276  1091.853274  943.664016  20.095269  0.187500  1.744968  0.147356
2277  1094.135126  59.074353  17.980481  0.093058  0.798158  0.105755
2278  1595.569743  1590.973669  20.437274  0.178518  1.725425  0.211179
2279  1273.147271  1325.515974  18.781771  0.117715  1.287323  0.130226
2280  746.310779  294.161608  18.956510  0.069487  1.284483  0.087533
2281  697.648164  1387.879213  20.831333  0.269053  1.861655  0.197774
2282  184.055254  686.795553  18.538107  0.131658  1.375261  0.108159
2283  1087.260613  1330.306072  19.900220  0.091025  1.811988  0.093993
2284  1537.611615  1653.231990  18.625483  0.083496  1.339092  0.134359
2285  668.925078  1915.615715  21.120867  0.145292  2.440391  0.133078
2286  672.190439  784.502856  18.178483  0.095565  1.341334  0.201369
2287  1512.311678  1602.168708  20.426012  0.155764  1.953059  0.141169
2288  1511.327913  143.321273  20.604866  0.138544  1.892909  0.101894
2289  82.844591  1925.299296  19.408252  0.077921  1.601216  0.181117
2291  1588.877991  904.749125  20.142663  0.109770  1.808202  0.102237
2292  1255.417692  1338.978787  18.906845  0.087158  1.097353  0.075032
2293  1553.590871  183.653042  20.018992  0.097556  1.669464  0.146842
2294  1240.964655  1008.710101  21.278940  0.181473  2.537196  0.171007
2295  726.840280  458.101837  19.563474  0.151560  1.454214  0.152542
2296  1663.000940  1197.665209  19.808204  0.139003  1.452004  0.206165
2297  181.607276  696.455024  16.846089  0.053219  0.068420  0.061490
2298  1930.984783  1629.746188  19.937483  0.087651  1.750986  0.092242
2299  2017.623326  366.404898  19.509814  0.139379  2.487292  0.132480
2300  914.281397  654.023735  20.076363  0.083637  1.778384  0.142407
2301  914.745335  1517.578115  20.594532  0.255614  2.247572  0.165106
2302  705.341572  1355.049139  19.847106  0.110802  1.711903  0.103736
2303  2038.854654  700.412624  19.920430  0.097392  1.895711  0.176840
2304  90.951844  1712.231792  17.352477  0.045680  0.408900  0.082781
2305  1614.779816  1211.586658  18.069881  0.095629  0.710973  0.061860
2306  639.218225  128.247253  19.404260  0.156178  1.410731  0.075157
2307  1649.979628  82.605303  19.389437  0.082912  1.496273  0.099844
2308  969.895547  30.874310  19.158348  0.071293  1.303949  0.088375
2309  1291.075521  491.239930  19.500442  0.105547  1.530024  0.119539
2310  904.430011  556.022542  20.205476  0.292012  1.729793  0.141787
2311  386.859642  766.151471  20.130680  0.100050  2.106431  0.107968
2312  844.309948  1243.028469  19.086199  0.134519  1.242010  0.120073
2314  1302.207620  936.898894  18.872700  0.061505  1.527992  0.121908
2315  1690.304570  1144.599512  19.483133  0.161764  1.876355  0.099815
2316  962.505108  1679.890517  19.919410  0.177249  2.017844  0.171960
2317  129.855137  185.616272  20.230181  0.114501  1.678263  0.159905
2318  637.267950  1012.358565  20.019206  0.172592  2.037461  0.097704
2320  1747.621496  1416.965038  18.921005  0.165759  1.503590  0.179904
2321  264.043562  177.406835  20.770562  0.120114  1.674662  0.216595
2322  1734.627196  1144.541152  19.071044  0.071851  1.428954  0.115080
2323  226.074777  152.972102  20.985175  0.225542  2.218127  0.225986
2324  1006.724061  1811.748938  21.001710  0.184200  2.611119  0.154850
2326  1407.094093  830.894035  18.999604  0.154307  1.238732  0.148352
2327  465.869925  1449.008666  18.760623  0.085274  1.251593  0.070320
2329  1950.767792  991.068951  19.327424  0.070051  1.565907  0.105873
2330  900.403717  383.020797  19.741518  0.117784  1.915696  0.138155
2332  1123.273089  734.899198  19.309092  0.117307  1.151632  0.108593
2333  1163.613861  103.091231  17.603036  0.066898  0.435425  0.040787
2334  114.963099  1009.099797  19.696894  0.119048  1.524096  0.095112
2335  1897.860492  47.476231  18.147637  0.060841  0.828321  0.059762
2336  959.048763  821.777476  20.620812  0.094188  2.217167  0.278159
2337  1688.098714  1497.890882  19.269208  0.100226  1.495575  0.073212
2338  352.522496  684.563396  21.380035  0.145354  2.131456  0.265519
2339  1951.569707  1638.793397  18.682005  0.097144  0.967937  0.150338
2340  1135.941136  1901.015581  19.594426  0.106474  1.368590  0.097241
2341  639.277384  1029.421710  18.094107  0.128335  0.952451  0.046020
2343  153.789300  700.132913  20.593158  0.136994  2.414188  0.155889
2344  1945.265659  226.333054  19.516464  0.158475  1.761627  0.110827
2345  1920.752537  322.904910  19.631838  0.197881  1.700349  0.112198
2346  1654.715672  606.464518  18.687064  0.178226  1.156193  0.087985
2347  160.806197  887.699602  19.874322  0.104420  1.990849  0.136242
2348  238.369254  1006.856915  19.047699  0.070273  1.452198  0.062446
2351  1118.931738  1231.824866  20.376952  0.130036  2.030314  0.226124
2352  644.707536  427.206927  19.867087  0.150432  1.582815  0.143379
2353  1784.927668  572.659686  20.392324  0.146275  2.185151  0.217188
2356  79.736580  1060.471940  19.983440  0.117821  2.302771  0.077071
2357  1044.037045  1898.379630  19.884165  0.151858  1.914557  0.085454
2358  1399.986909  46.089421  20.588659  0.170463  1.727914  0.094925
2359  1441.775048  1026.638066  17.659881  0.057043  0.161921  0.058735
2362  757.117219  1940.659428  20.333984  0.112416  1.942675  0.235990
2363  1411.496031  148.351382  17.989573  0.064873  0.215661  0.051336
2364  1534.637651  399.302599  20.555018  0.145274  1.736790  0.118810
2368  474.946568  72.103128  19.938406  0.134057  1.979015  0.169745
2370  584.659829  1964.643184  19.799351  0.190787  1.435072  0.177816
2371  451.157055  1748.815962  20.048357  0.112985  1.422938  0.110750
2372  1316.182099  397.244586  20.685883  0.131927  1.502036  0.204615
2373  1304.288121  165.396694  20.793341  0.100840  2.064034  0.147711
2374  68.639162  602.601352  19.821532  0.098559  1.618137  0.156418
2375  1575.641597  1591.548905  19.560309  0.243986  1.792564  0.100634
2376  353.337320  113.783355  18.695702  0.057991  0.548374  0.062281
2377  1095.521521  1248.709349  17.982921  0.047811  0.414412  0.057702
2378  1291.541510  1853.159153  20.052155  0.119193  1.529041  0.126064
2379  1412.197118  1881.536068  19.911135  0.103018  2.507208  0.204476
2380  49.812074  715.392337  20.010027  0.156923  1.265994  0.156420
2382  286.344101  1221.525261  20.173327  0.092141  1.502100  0.078417
2383  1263.989095  1698.719831  20.976949  0.163664  2.076475  0.215730
2384  419.611388  1357.988111  20.271468  0.145989  1.711052  0.098196
2385  777.582273  1503.549824  18.435480  0.047151  0.443992  0.110059
2386  1320.207146  300.658451  20.794664  0.183371  1.844960  0.105891
2387  1516.650711  572.695495  19.557622  0.082641  1.568978  0.163714
2388  763.119802  645.136578  17.960430  0.105277  0.615099  0.064144
2389  1160.987123  1653.505270  17.630385  0.047319  0.175164  0.056022
2390  1012.367238  713.771144  20.125773  0.155665  2.603703  0.209494
2391  993.271534  436.721290  20.937358  0.194845  1.602975  0.289169
2392  1401.213115  1082.664291  20.116449  0.157446  1.132898  0.245421
2393  678.112056  1965.653598  20.121522  0.100218  2.166246  0.142476
2394  915.176805  339.768038  20.707429  0.228292  1.667744  0.124148
2396  878.097687  441.966252  20.007824  0.162620  1.765968  0.232509
2397  1910.057630  1821.556770  20.096899  0.103883  1.979816  0.161293
2398  1597.364286  826.221039  19.686292  0.107335  1.235318  0.124133
2399  152.337725  1829.154783  20.022707  0.109860  1.885079  0.260053
2401  1345.662695  831.582411  20.083114  0.088651  1.691529  0.079687
2402  1385.510437  353.738879  19.690535  0.115188  2.315822  0.083270
2404  1211.289034  531.557446  20.410052  0.145909  2.289119  0.158493
2406  45.375336  1066.511942  18.238788  0.050803  0.509556  0.137145
2408  1230.214232  312.155047  20.618114  0.101832  1.800821  0.184137
2409  1437.734244  1232.599394  19.957634  0.081922  1.430379  0.080625
2411  772.249097  1964.331604  20.011908  0.138644  1.749105  0.094770
2412  1865.205245  20.575401  19.622760  0.067345  1.717576  0.073300
2414  490.475876  1958.471428  20.184803  0.119164  2.211302  0.151061
2416  1776.413564  427.423904  19.797893  0.184473  1.501324  0.077744
2417  421.774662  1866.201500  20.450341  0.094971  2.256608  0.226777
2419  178.542521  570.749747  19.841684  0.081717  2.079540  0.236401
2420  1595.551046  484.849164  18.447242  0.114341  0.549775  0.068606
2422  1090.755638  1530.115464  19.886413  0.148056  1.686509  0.271335
2423  335.986745  925.622102  19.498467  0.145693  1.328992  0.117479
2424  580.264841  1117.325892  20.486245  0.164423  2.014628  0.082316
2425  1667.667802  801.857803  19.861020  0.091140  1.610393  0.125804
2426  368.758851  1938.611973  19.698001  0.124270  1.294262  0.079064
2427  485.766088  1396.426673  20.437031  0.090918  1.609129  0.128510
2429  636.088058  1040.623839  20.331611  0.148672  2.337241  0.144700
2430  436.867654  1204.648949  19.453795  0.128403  1.093587  0.087293
2431  962.910385  982.779279  20.058612  0.120220  1.528215  0.138581
2433  582.366309  1824.612535  17.614170  0.077600  0.248887  0.070862
2434  1993.971110  606.708325  20.514948  0.107283  1.893440  0.113759
2435  1099.170909  1886.444697  19.073928  0.092733  1.096200  0.100280
2436  1006.719618  1631.359900  20.055819  0.091683  1.177389  0.147828
2437  386.957068  1715.878002  20.164477  0.278204  1.583138  0.164529
2438  531.533656  102.623834  20.572406  0.153935  2.376285  0.120265
2440  2040.800612  1808.946534  20.719979  0.154597  1.541096  0.272410
2441  1696.681612  343.067428  20.184982  0.135261  1.535318  0.117765
2442  1168.345064  1994.037210  20.315491  0.093465  1.521542  0.157327
2443  1409.786426  917.499138  19.374040  0.079296  1.282912  0.147012
2444  801.613378  1842.858708  20.571771  0.105810  1.681986  0.242401
2445  806.198048  829.341821  19.887324  0.240557  1.127986  0.210171
2447  181.339517  1695.473626  19.245186  0.125305  1.218977  0.062386
2448  1675.921225  484.506313  20.673037  0.161268  1.302080  0.203779
2449  943.896602  1288.867479  20.076074  0.131338  1.349620  0.132478
2450  644.311939  914.423445  20.696234  0.174952  1.768216  0.093523
2451  502.139148  1064.076967  20.433588  0.102109  2.652981  0.141694
2452  849.983696  886.035484  19.349163  0.148182  1.371468  0.094027
2454  1926.560643  778.875846  19.537629  0.095677  1.481766  0.101772
2455  504.656518  346.060483  20.292664  0.089453  1.558054  0.136218
2457  1646.461471  399.214436  20.850461  0.205270  1.821726  0.173733
2458  297.954098  779.989697  20.337309  0.152355  2.110542  0.093906
2459  766.646145  1680.601604  19.260778  0.131418  0.672044  0.238960
2460  864.647182  1461.098711  20.391770  0.106028  1.805043  0.175501
2461  1434.707237  299.522027  20.392308  0.177372  1.626904  0.130951
2462  33.170686  849.982446  20.149577  0.124589  1.440577  0.157600
2464  649.118790  1446.051885  21.748652  0.164862  1.497111  0.131025
2466  1632.128714  1177.245360  18.498111  0.100796  0.182533  0.051581
2470  134.903075  679.059260  20.436808  0.124907  2.354466  0.181669
2473  255.686071  402.251973  21.420072  0.199152  2.073453  0.292280
2476  1143.087753  1094.995586  20.680163  0.111194  1.410441  0.186080
2477  1185.599712  924.608243  20.404791  0.087785  1.005434  0.162863
2478  640.238918  149.493987  20.471591  0.090715  1.534758  0.172643
2479  1801.163592  1916.895481  19.325636  0.064719  0.792501  0.084948
2480  983.958561  1762.131624  20.385218  0.159351  1.901324  0.203318
2481  473.180453  756.166937  20.740611  0.145086  1.421952  0.249623
2483  107.787067  505.953655  20.009813  0.139268  0.973855  0.177046
2484  255.822194  1417.424413  21.293872  0.386194  1.851182  0.131603
2485  1086.555622  510.337425  19.760217  0.071960  0.424151  0.179757
2487  140.789938  1537.468503  20.579029  0.100141  1.271819  0.202166
2488  88.053889  1066.744051  21.104917  0.142278  1.570093  0.234410
2489  880.447959  2015.915798  19.021812  0.087782  0.449238  0.111255
2490  1948.352179  109.978679  20.536816  0.206099  2.117767  0.224688
2491  338.520062  277.856255  20.620897  0.175104  1.545943  0.096685
2492  1407.926371  674.526046  20.187960  0.161602  0.803451  0.167207
2493  1141.940231  88.341195  20.378324  0.145550  1.138682  0.104009
2499  1016.717788  790.774867  19.967854  0.093678  0.853379  0.163544
2500  1812.884470  1994.515482  19.383508  0.083754  0.534806  0.092736
2501  1628.878721  156.591810  20.232942  0.153490  1.310009  0.142080
2505  68.127905  2042.585495  20.458414  0.217107  1.223170  0.099129
2506  1172.217233  216.660917  20.929141  0.312113  1.527650  0.154742
2507  372.707891  1470.465063  20.942319  0.138205  1.619569  0.282498
2508  591.065110  1546.517208  19.389197  0.065504  0.481098  0.070684
2510  2030.053899  1381.934953  21.270070  0.286551  2.089674  0.256067
2513  149.116464  460.358014  21.142337  0.201131  2.447121  0.111101
2514  1015.056820  828.746246  20.899619  0.239877  1.586744  0.148476
2515  1075.102461  929.287946  20.830437  0.272421  1.222623  0.226589
2516  1563.132054  381.062985  19.528122  0.171425  0.668026  0.154579
2517  1961.760924  1641.894868  21.248329  0.144041  1.812417  0.150602
2518  1104.622416  1087.883801  19.924606  0.125441  0.904732  0.092376
2519  106.792360  1307.474604  20.866535  0.096824  1.459330  0.126231
2521  1629.635787  66.219885  20.575843  0.143361  2.121938  0.113103
2522  1052.531749  1157.842831  19.124425  0.138800  0.550235  0.075387
2523  812.266521  985.941449  20.633315  0.230165  1.459510  0.155219
2524  2040.779581  1192.880665  21.263339  0.200797  1.474830  0.174788
2526  283.043254  1401.126391  18.654932  0.053953  0.270057  0.096027
2532  885.803213  1306.196836  20.956228  0.159783  1.476562  0.109461
2533  448.283318  84.597238  20.878964  0.118562  1.177288  0.183642
2534  1555.622211  93.805269  20.792875  0.104178  1.691800  0.156437
2536  1883.256114  594.317983  21.099946  0.140811  1.468579  0.309507
2540  366.626112  1706.302837  20.922141  0.338519  1.408445  0.164224
2550  32.162152  1703.969010  20.778719  0.178776  1.718922  0.328878
2551  1707.380618  703.435142  19.709454  0.203110  0.883413  0.135965
2552  1118.322524  430.249295  21.043552  0.260350  1.774916  0.138680
2553  817.231197  1883.250386  21.112465  0.113016  1.556387  0.184241
2557  1014.176357  1767.859198  19.847722  0.110938  0.899460  0.112570
2558  1544.273590  859.646709  20.968928  0.154788  1.687356  0.178654
2559  1311.269674  332.950964  19.346775  0.063276  1.040685  0.149312
2563  116.643009  715.652386  21.211073  0.125375  1.729002  0.268573
2565  1750.815475  1705.405766  20.221092  0.092102  1.265508  0.084415
2566  533.534792  229.179136  19.248682  0.138971  0.335435  0.076729
2567  144.267056  1694.518146  20.688060  0.125867  1.342219  0.099936
2569  1657.627468  1012.313558  21.321594  0.239752  2.015789  0.303684
2570  1807.026857  671.602722  20.638776  0.203494  1.922670  0.241783
2572  1331.443942  525.564698  21.199660  0.153713  2.405997  0.133158
2573  662.908392  883.040056  20.617345  0.147236  1.222289  0.191007
2575  85.771198  1375.404817  21.045789  0.262449  1.828332  0.129940
2577  376.499993  571.209738  20.742134  0.160610  1.534209  0.101343
2579  1800.160052  101.031100  21.057797  0.131269  2.278324  0.244548
2580  873.552277  1587.248846  21.637576  0.377980  1.662988  0.285264
2581  1530.041823  1160.983072  21.294486  0.136557  1.765091  0.110888
2583  394.435328  457.120905  20.409521  0.094404  1.211179  0.177563
2585  395.511009  787.148368  19.169028  0.113594  0.735804  0.071324
2587  88.940468  974.694209  20.149800  0.098877  0.769274  0.183329
2589  1815.294406  1586.284249  20.388644  0.204402  1.763160  0.172856
2591  448.762376  1421.529719  18.980963  0.071907  0.646402  0.062826
2595  68.759192  1670.018924  20.808703  0.207863  1.542381  0.299855
2596  277.168850  1392.825730  20.608143  0.104665  1.540259  0.122579
2610  480.352896  1330.101986  20.005019  0.153917  0.802726  0.139667
2612  1170.609452  2022.991204  20.788969  0.222271  1.468929  0.196458
2615  1643.320673  1145.914722  21.017604  0.198752  1.423300  0.200523
2616  287.593015  460.461715  21.216528  0.273621  1.514221  0.157475
2619  1532.813610  527.755288  20.733698  0.212195  1.030308  0.206959
2622  1610.240685  1650.582424  20.382974  0.130767  0.966697  0.187267
2625  1672.611262  1661.512798  20.511728  0.210329  0.795923  0.095787
2627  1469.379535  1437.746758  20.689842  0.179258  1.361106  0.105053
2631  85.927409  936.914752  20.415655  0.256386  1.172039  0.114919
2632  158.635518  308.044297  21.036704  0.441337  2.970410  0.200343
2633  1890.089037  1827.332477  20.864034  0.135192  0.930902  0.179503
2640  1328.344427  1362.948683  21.252710  0.250733  1.915234  0.264579
2649  1665.364540  745.550423  19.411772  0.161196  0.501673  0.174353
2650  1016.210827  1152.062382  20.199052  0.095081  0.867301  0.097903
2651  861.550080  814.034762  20.120952  0.092247  0.749683  0.152811
2653  366.024969  1916.177413  21.480281  0.134170  1.649173  0.182956
2659  491.113643  1252.507919  19.715351  0.168259  0.208619  0.212062
2660  165.557489  1856.630381  20.510548  0.093203  1.061993  0.114535
2661  470.071936  1080.791233  21.588343  0.168561  1.643255  0.210243
2662  76.821931  911.708490  21.044362  0.257567  1.157384  0.138721
2663  1056.412217  791.594402  20.664870  0.115111  1.275322  0.163320
2669  1833.692379  1301.717484  19.598129  0.092818  0.528948  0.067672
2671  1936.382986  1221.258013  20.373962  0.205783  1.178293  0.192856
2677  1648.756210  1725.296021  21.117736  0.175161  1.694808  0.164438
2683  1325.256500  486.666815  21.712353  0.365803  0.936703  0.196837
2685  492.629311  440.114479  21.645594  0.224902  1.060848  0.146575
2686  1582.175406  353.192211  21.197691  0.163435  0.762429  0.127617
2687  1887.530152  892.649553  20.433755  0.104010  0.990000  0.209167
2689  404.421655  1695.822009  20.370381  0.130528  0.480643  0.211378
2690  1140.647553  1165.143149  21.084244  0.290414  0.605067  0.246644
2691  1055.431125  1552.356605  21.092653  0.223891  0.831623  0.140516
2693  1421.449054  168.844960  21.960883  0.173565  0.877177  0.235908
2695  2037.360315  416.762936  20.339238  0.280600  0.958189  0.176358
2697  1454.042517  1815.541533  20.997670  0.130640  0.593045  0.199968
2698  961.408081  1896.873300  20.668013  0.209911  1.049014  0.207196
2699  1100.182960  1987.640303  21.238541  0.134837  1.431981  0.276375
2703  432.314877  201.241572  20.092504  0.091491  0.412614  0.120489
2707  907.068792  852.980411  21.423618  0.233735  1.092911  0.308685
2713  2024.177135  963.692823  21.159402  0.437658  0.154798  0.201080
