# id  x  y  V  eV  BV  eBV
135  1058.471711  942.296699  20.979164  0.318354  1.383900  0.342571
164  1147.113349  1141.862605  21.248138  0.191948  1.460419  0.206508
169  1141.510021  1036.503798  20.809794  0.140238  1.488266  0.219180
170  1075.776963  948.958126  21.010163  0.314008  1.666463  0.166644
174  1077.299405  1050.895094  21.058996  0.289489  2.076936  0.223121
182  982.039142  1058.869248  20.903092  0.100002  1.393179  0.174321
185  1119.240540  911.211581  20.918157  0.215539  1.583556  0.113533
188  940.409876  992.845087  20.364862  0.186452  1.481224  0.203887
190  984.802365  1077.917901  20.917241  0.160984  1.493633  0.272597
192  973.682586  1114.993746  20.023325  0.295780  1.603135  0.248072
193  1062.294897  1110.215516  20.570710  0.235849  1.454124  0.153143
195  851.871580  1017.934172  20.618709  0.106942  1.433575  0.134928
196  1085.026243  1058.574705  20.541200  0.128284  1.981080  0.222135
197  1025.807790  979.254190  20.821672  0.096730  1.514590  0.126019
199  1021.871165  1201.859215  20.242095  0.346899  1.229503  0.231808
1100  1197.153034  1047.190938  20.911304  0.168417  1.375142  0.141177
1101  1036.262052  1006.584033  20.843625  0.195326  1.270188  0.168066
1102  968.774636  1071.147725  20.532704  0.137874  1.935827  0.251913
1106  1116.756828  1093.545062  20.623552  0.181967  1.467268  0.250448
1107  1116.838359  1073.053798  20.710883  0.165174  1.770547  0.244705
1108  1011.098706  1096.899645  20.352153  0.141036  1.649462  0.110815
1110  1136.156283  939.993559  20.461672  0.248256  1.444128  0.101427
1112  978.570854  827.061064  20.885575  0.174790  1.463749  0.146206
1113  899.866747  1094.645576  20.334089  0.198129  1.391190  0.164358
1114  951.015076  1086.806200  20.560343  0.092906  1.469661  0.121876
1115  1004.134482  1109.761843  20.479471  0.205047  1.461639  0.182745
1117  1031.517184  953.634099  20.524343  0.128437  1.804980  0.112702
1118  871.217275  1044.886077  20.468642  0.109884  1.549519  0.151839
1119  990.971617  915.833836  20.557744  0.189722  1.517438  0.109335
1120  978.501407  1065.986396  20.641061  0.105853  1.274248  0.149352
1121  998.117151  1094.390845  20.565616  0.121570  1.693872  0.163755
1124  862.119035  1012.810957  20.445259  0.124765  1.633966  0.120893
1127  1055.789322  963.823350  20.424187  0.126196  1.598354  0.190695
1128  1128.279327  935.702548  20.246543  0.110609  1.656159  0.165215
1129  984.288932  1254.190510  20.503603  0.087300  1.676493  0.145173
1130  1012.706017  869.775524  20.266974  0.111476  1.675398  0.187986
1132  1035.024773  1054.181437  20.428195  0.085621  1.656117  0.123770
1133  1040.434278  918.195528  20.394024  0.095739  1.617342  0.109119
1134  1116.582359  1068.166267  20.375984  0.135864  1.511203  0.227733
1135  982.139146  954.598523  20.314995  0.087219  1.557087  0.133581
1136  1128.067441  912.267796  20.411526  0.131352  1.521520  0.113652
1138  1011.095306  1080.699494  20.207002  0.113858  1.609209  0.117854
1139  1025.946870  1094.374564  20.350420  0.104548  1.508144  0.094056
1141  1075.307213  1025.026478  20.230270  0.081783  1.548202  0.108236
1142  946.545951  1104.645448  20.258741  0.187893  1.536130  0.082694
1143  1119.774454  899.240387  20.276276  0.093774  1.378224  0.151735
1144  1134.495232  1200.604017  20.244484  0.092948  1.698731  0.143577
1145  968.896553  918.109143  20.183855  0.119244  1.432775  0.118773
1146  1185.998705  961.194967  20.286556  0.186799  1.418668  0.104564
1147  1059.515331  1011.062661  20.475957  0.158853  1.645856  0.209946
1148  1000.682414  1037.705974  20.103618  0.158495  1.604102  0.121525
1149  1024.207237  1120.261345  20.103785  0.113309  1.565361  0.099111
1150  915.725292  1114.173686  20.119030  0.128526  1.758939  0.174228
1151  942.740378  1026.093302  20.315572  0.126142  1.710145  0.106016
1152  1022.702449  1015.212360  20.095065  0.118442  1.249627  0.161304
1153  905.487258  914.184172  20.092076  0.141165  1.419673  0.177700
1154  1106.966856  838.706647  20.057067  0.111110  1.425186  0.184404
1155  1047.306301  1059.096822  20.048145  0.115499  1.540249  0.152350
1156  1006.902088  1142.121042  20.396686  0.175651  1.514333  0.100466
1157  1051.883602  994.118922  20.109339  0.077640  1.490208  0.077973
1158  980.765041  1023.961211  20.169324  0.152393  1.505410  0.184333
1159  966.200463  1107.633848  20.127798  0.131627  1.594376  0.085409
1160  910.097183  1013.488804  20.027802  0.083646  1.181366  0.143772
1161  1101.350359  1026.958705  20.141446  0.131200  1.374497  0.184031
1162  1057.014989  1070.338990  20.088700  0.127510  1.521446  0.108659
1163  855.592182  1072.976384  20.067360  0.136806  1.666168  0.123594
1164  938.397307  1124.434432  20.086265  0.137653  1.756991  0.199933
1165  1089.268122  1020.647834  20.074371  0.161554  1.726822  0.129176
1166  809.682924  948.237414  20.179250  0.135783  1.572418  0.138105
1167  981.517681  1160.779121  20.060407  0.089158  1.576659  0.095866
1168  970.465219  1217.885983  19.973189  0.087626  1.437413  0.232319
1169  953.740001  863.043215  19.970495  0.162299  1.481549  0.085764
1170  1106.175078  1089.882644  20.305004  0.194646  1.578021  0.294950
1171  1003.353682  1007.983206  20.032900  0.131849  1.714114  0.161205
1172  1149.289533  862.982124  20.015447  0.079349  1.534290  0.084899
1173  975.023084  988.494930  19.953544  0.078637  1.649478  0.193407
1174  933.693768  1054.369915  19.975366  0.091071  1.217279  0.276781
1175  1134.465065  969.006449  20.083735  0.095442  1.490565  0.083483
1176  1004.376637  1019.704361  20.299334  0.242818  1.459991  0.193155
1177  1034.410189  1081.056113  19.773571  0.127496  1.401260  0.109389
1178  994.783457  916.586025  19.890034  0.087939  1.577562  0.078008
1179  1057.884897  1080.740352  19.802039  0.103138  1.543875  0.175916
1180  1040.186839  1079.827558  19.827533  0.080971  1.255745  0.159612
1181  985.217987  1053.322322  19.833387  0.184852  1.419279  0.143407
1182  1082.863575  981.765714  19.789088  0.166832  1.822854  0.184070
1183  1216.851210  1141.542851  20.040866  0.110724  1.520677  0.111929
1184  985.598710  955.668685  19.728221  0.073390  1.519082  0.075975
1185  1002.674995  1005.848863  19.788367  0.071015  1.478667  0.078403
1186  813.045883  981.492367  19.878519  0.080522  1.639817  0.091943
1187  1009.169818  1119.143711  19.880131  0.080670  1.790153  0.160024
1188  1076.426568  1084.027843  19.579507  0.101059  1.568522  0.247596
1189  984.452710  827.109130  19.634689  0.136602  1.608489  0.114252
1190  1013.061304  933.774418  19.971150  0.139657  1.373560  0.138462
1191  932.434493  932.850668  19.646281  0.093776  1.457595  0.078004
1192  985.913897  978.723635  19.963382  0.132130  1.494518  0.073487
1193  1057.346458  855.749468  19.781838  0.095561  1.585615  0.107739
1194  1068.540539  994.508820  19.374578  0.166847  1.485598  0.072061
1195  948.899697  1125.443072  19.672477  0.113618  1.344229  0.103912
1196  897.971425  942.542807  19.909090  0.102909  1.467625  0.071318
1197  921.466880  965.954232  19.595931  0.084821  1.398420  0.150037
1198  890.632786  1082.504643  19.750523  0.070148  1.367935  0.074794
1199  831.693353  1129.508557  19.752486  0.123942  1.405730  0.158273
1200  1158.442947  1105.691689  19.769289  0.087369  1.290603  0.199311
1201  1051.020923  1101.111030  19.719572  0.092385  1.678810  0.093167
1202  1029.951058  1150.894817  19.646042  0.096994  1.573714  0.131456
1203  1058.006794  988.454011  19.611134  0.238082  1.573933  0.141794
1204  1138.948076  1140.388372  19.509508  0.102147  1.598455  0.094943
1205  1054.272594  983.642542  19.584869  0.102842  1.511733  0.097496
1206  1164.508815  1165.049754  19.509911  0.134946  1.536012  0.114994
1207  1147.453030  1043.569029  19.670043  0.098993  1.443850  0.109068
1208  1153.019576  985.438884  19.342358  0.139197  1.436927  0.067543
1209  965.304484  1031.955046  19.648899  0.194765  1.445860  0.227228
1210  970.250752  1046.056612  19.535506  0.074132  1.501487  0.064672
1211  1040.118948  930.304737  19.619368  0.176012  1.567606  0.132829
1212  1080.374190  942.431949  19.531675  0.081041  1.616427  0.188005
1213  1093.864387  1064.371077  19.304974  0.197755  1.380189  0.102032
1214  1128.686326  838.249492  19.481809  0.097581  1.443964  0.146611
1215  1066.209546  957.421793  19.509904  0.076260  1.794708  0.208286
1216  1138.793656  1077.442929  19.566771  0.135255  1.522619  0.091539
1217  1001.631805  970.361999  19.459971  0.112471  1.528558  0.158623
1218  977.663959  1127.844332  19.510854  0.234713  1.495296  0.091895
1219  942.999450  794.304840  19.350366  0.078234  1.491232  0.159055
1220  882.295849  1069.480038  19.354148  0.123889  1.321248  0.192832
1221  961.757635  998.410322  19.438198  0.067450  1.419265  0.087287
1222  1138.147860  1009.961595  19.293272  0.115369  1.544669  0.093382
1223  1147.369841  985.314099  19.322653  0.109200  1.325908  0.191377
1224  1017.669140  1151.386583  19.368297  0.096865  1.354189  0.066979
1225  1069.181522  1044.198380  19.569139  0.248321  1.448305  0.149324
1226  826.917601  986.510172  19.354157  0.129176  1.404288  0.074457
1227  1066.518036  1086.755738  19.228975  0.149449  1.363928  0.092651
1228  998.753546  951.899341  19.161374  0.098022  1.174596  0.126624
1229  951.958630  1022.711849  19.268360  0.077385  1.405809  0.060377
1230  962.770760  1017.020027  19.406341  0.072877  1.409174  0.060660
1231  993.581978  1102.436250  19.263734  0.103066  1.549154  0.100648
1232  896.204124  1178.275697  19.185879  0.078779  1.427928  0.083796
1233  936.578580  1081.258988  19.230559  0.062986  1.381560  0.125980
1234  1137.092096  1045.303603  19.278647  0.134339  1.426861  0.101196
1235  977.371341  968.064942  18.883273  0.151665  1.335778  0.124020
1236  996.250378  904.649830  19.103260  0.087950  1.507044  0.076674
1237  973.935370  970.920468  19.123919  0.113499  1.438244  0.122605
1238  892.719288  941.505577  19.173575  0.061869  1.657192  0.103110
1239  1181.025608  885.465170  19.073313  0.094186  1.381775  0.085824
1240  1139.749827  1142.266532  19.200880  0.066405  1.157751  0.114505
1241  1069.366518  993.301627  19.209123  0.111285  1.288370  0.098858
1242  1176.841585  1023.677768  19.163880  0.112233  1.339409  0.073039
1243  853.861294  1101.205443  19.140154  0.075204  1.431702  0.147590
1244  991.027118  918.275707  19.187024  0.090170  1.383784  0.075154
1245  1040.951849  1022.247547  19.009334  0.097060  1.416376  0.101986
1246  913.646694  1150.390702  19.197064  0.094624  1.358745  0.087370
1247  1016.723599  806.489825  19.140799  0.058999  1.316487  0.104221
1248  830.596751  1066.059960  19.112141  0.056561  1.312659  0.092478
1249  946.099610  959.073935  19.102832  0.060722  1.411714  0.118449
1250  1103.253135  973.248348  19.000245  0.157254  1.264158  0.098875
1251  1083.683922  1079.313797  18.914161  0.138189  1.307919  0.166127
1252  939.054572  1027.934577  19.034298  0.100312  1.398317  0.087002
1253  949.590426  1062.302536  18.994348  0.059873  1.525097  0.086116
1254  968.364155  998.012908  18.922831  0.160106  1.383773  0.074353
1255  1054.018519  1209.971855  18.858270  0.084279  1.420555  0.072432
1256  926.632550  886.440673  19.065320  0.105274  1.346796  0.072869
1257  1071.993631  1101.549548  18.951586  0.083159  1.406973  0.101298
1258  967.872369  929.110569  19.078938  0.101183  1.606339  0.161539
1259  976.877425  978.643886  18.868122  0.054172  1.541305  0.123031
1260  976.160502  1117.695345  19.016885  0.081925  1.467599  0.110715
1261  1014.484828  1106.635223  19.365161  0.173926  1.525317  0.169883
1262  1036.879053  1079.525888  18.892903  0.053904  1.355528  0.194491
1263  976.404890  965.972849  18.904298  0.070467  1.399125  0.091532
1264  1112.676209  1208.382812  18.854123  0.155735  1.242363  0.081965
1265  1153.132093  942.972928  18.855264  0.102418  1.443443  0.069535
1266  1017.500611  962.276864  18.769602  0.058925  1.146345  0.058950
1267  869.141197  1136.262308  18.834937  0.057007  1.312425  0.179641
1268  1008.039813  950.836204  18.676051  0.158740  1.364437  0.111420
1269  1021.044736  1077.404037  19.023375  0.225533  1.351641  0.066843
1270  1209.288335  902.267740  18.832001  0.093532  1.651649  0.115042
1271  1096.126607  1092.423516  18.763372  0.126811  1.509551  0.078031
1272  1097.584189  977.977221  18.858755  0.068197  1.201288  0.071873
1273  1065.621422  1092.509819  18.591694  0.066054  1.330495  0.084490
1274  941.750682  1031.196856  18.673547  0.058730  1.371114  0.105899
1275  1112.550564  1095.980954  18.599928  0.059498  1.411782  0.081253
1276  1000.741724  1119.381934  18.580008  0.069127  1.276555  0.107912
1277  1025.184870  847.029740  18.737639  0.063082  1.400003  0.104966
1278  1119.742198  1016.886395  18.647092  0.054237  1.268738  0.078266
1279  828.353495  1044.439286  18.690035  0.080970  1.333787  0.095794
1280  1014.855270  1020.807905  18.201883  0.205453  1.350483  0.076358
1281  1025.000079  969.141166  18.567602  0.090858  1.369885  0.069146
1282  1138.515988  841.061622  18.646385  0.066203  1.274731  0.069600
1283  970.137108  1047.926395  18.727812  0.101314  1.328493  0.068027
1284  1017.667236  949.707182  18.472194  0.060458  1.411548  0.070667
1285  1081.805332  1129.110077  18.511556  0.055088  1.195096  0.111657
1286  1048.415355  982.335713  18.580243  0.063034  1.297957  0.096016
1287  892.729201  1058.340127  18.404931  0.056429  1.276635  0.071359
1288  895.874335  864.729580  18.503535  0.137237  1.168337  0.104053
1289  881.036718  879.611331  18.481633  0.053147  1.244515  0.064612
1290  1006.672486  952.274575  18.360217  0.052351  1.369755  0.059665
1291  1062.911283  1170.642760  18.331747  0.085170  1.202002  0.072140
1292  1107.104256  1104.745882  18.394273  0.055358  1.329067  0.061775
1293  1137.926820  1055.654810  18.384160  0.083512  1.285666  0.088670
1294  952.015462  905.578660  18.461578  0.087622  1.488011  0.150457
1295  1230.202081  942.519112  18.461252  0.101554  1.167556  0.123730
1296  995.779420  967.850168  18.309017  0.047719  1.393929  0.089749
1297  1005.461320  1092.023255  18.289884  0.053604  1.158622  0.056849
1298  930.631946  979.363185  18.235805  0.081999  1.196107  0.084211
1299  964.675564  1029.038121  18.397147  0.078542  1.361614  0.060313
1300  1218.735247  1004.342313  18.382000  0.085675  1.373170  0.110668
1301  959.596319  1064.904417  18.250867  0.081348  1.507523  0.135414
1302  988.589056  1043.063316  18.083873  0.058275  1.450300  0.068196
1303  1055.724339  878.639104  18.183840  0.068297  1.282304  0.071497
1304  958.088663  1155.723121  18.109325  0.075764  1.382449  0.064982
1305  1029.622088  867.018711  18.189638  0.085490  1.354526  0.044603
1306  910.446100  877.649449  18.093748  0.071076  1.263934  0.094736
1307  1205.096243  1000.112026  18.086135  0.073134  1.339690  0.071248
1308  966.384640  967.983452  17.995623  0.065806  1.391647  0.063084
1309  1020.238684  1068.103721  17.986830  0.056211  1.409113  0.087219
1310  1052.637082  1167.734989  18.117781  0.101524  1.385902  0.073547
1311  909.791539  1118.598615  18.005251  0.107234  1.298774  0.062416
1312  1000.169042  1076.147671  18.034251  0.045869  1.303814  0.049427
1313  979.213251  926.840709  17.969528  0.045066  1.336704  0.092841
1314  983.155077  1054.388818  17.904867  0.048786  1.381512  0.125760
1315  1080.015258  1119.543357  17.931624  0.052791  1.249820  0.062413
1316  1165.201859  1064.103956  17.927040  0.054788  1.269791  0.114070
1317  897.216594  1094.260695  17.872601  0.051435  1.390345  0.111676
1318  972.286833  1017.023570  17.880816  0.080525  1.245163  0.050213
1319  1036.961587  971.329782  17.853177  0.068532  1.359696  0.082771
1320  1036.165427  961.117000  17.867519  0.050576  1.286074  0.088406
1321  1192.736604  1020.077240  17.777735  0.059099  1.308477  0.084006
1322  1087.680348  1077.791724  17.785358  0.040464  1.216361  0.095545
1323  931.260211  1032.074035  17.710964  0.081861  1.247677  0.047766
1324  1072.264806  1045.804442  17.705101  0.046957  1.313833  0.063298
1325  1167.889859  937.316188  17.730505  0.060190  1.226614  0.051461
1326  1179.109519  1117.987553  17.531525  0.083706  1.212016  0.071287
1327  991.716618  1011.120701  17.587798  0.070616  1.305801  0.040401
1328  1031.905997  982.698127  17.520925  0.055683  1.280878  0.049893
1329  1091.086049  935.933194  17.635106  0.103265  1.403523  0.081855
1330  1204.791562  1064.134574  17.605105  0.065921  1.258442  0.058322
1331  1040.205537  1050.159329  17.508873  0.045429  1.309144  0.099572
1332  943.449805  935.924388  17.582239  0.074511  1.249295  0.077450
1333  1088.195256  1104.404746  17.486544  0.059631  1.267728  0.050306
1334  910.609695  1085.916897  17.464641  0.044129  1.199652  0.098966
1335  1082.278441  920.315433  17.480282  0.087906  1.187603  0.050828
1336  1050.993418  1014.153257  17.412939  0.054076  1.343719  0.069976
1337  1082.331279  1040.609587  17.337824  0.049669  1.252620  0.047335
1338  940.564132  1048.062341  17.272762  0.044039  1.318507  0.040424
1339  1054.032835  968.886886  17.282136  0.037025  1.303996  0.040933
1340  1017.563075  874.019471  17.235048  0.048388  1.264109  0.062698
1341  968.292168  1053.145006  17.316998  0.070816  1.408943  0.128523
1342  998.523044  1064.358932  17.120592  0.072719  1.225287  0.086276
1343  981.453496  1134.078915  17.092110  0.125032  1.186599  0.051274
1344  959.093780  979.914076  17.200863  0.087738  1.260390  0.061919
1345  965.998510  1097.268224  17.053283  0.063435  1.226703  0.041421
1346  1143.263724  990.021939  17.133697  0.108057  1.328789  0.072972
1347  948.222996  1115.235471  17.121009  0.049266  1.384108  0.080538
1348  974.644265  1013.829038  16.832007  0.114145  1.269760  0.038439
1349  1015.228068  1085.467341  17.042383  0.058993  1.270722  0.034611
1350  943.866941  1103.078687  16.986482  0.050571  1.319608  0.034773
1351  989.169500  947.673539  16.723076  0.112320  1.205463  0.054082
1352  853.477274  957.858734  16.916519  0.054089  1.275007  0.037410
1353  1036.693217  1046.609592  17.029850  0.061539  1.202020  0.051124
1354  974.822277  1040.021565  16.910425  0.039328  1.227654  0.043925
1355  1133.962527  1136.446444  16.950664  0.069208  1.215967  0.070015
1356  928.676925  930.923008  16.811001  0.091999  1.231008  0.071573
1357  1025.259008  1194.234307  16.796476  0.042709  1.187405  0.039523
1358  836.833444  1052.508815  16.771573  0.058818  1.116933  0.046448
1359  995.411804  855.926231  16.720197  0.030910  1.225927  0.047733
1360  1018.916024  1029.998653  16.582223  0.030840  1.202116  0.040464
1361  874.234982  1087.099003  16.482381  0.040068  1.193166  0.065825
1362  854.695567  1048.352481  16.415900  0.041241  1.128181  0.046151
1363  917.713060  1040.027914  16.344258  0.060120  1.122800  0.034593
1364  1008.590070  895.094886  16.231034  0.054384  1.210791  0.029001
1365  1081.993667  1094.862275  16.287944  0.037011  1.202433  0.044959
1366  1157.833032  825.673421  16.267535  0.031495  1.232193  0.041035
1367  924.111647  1167.630316  16.298819  0.040867  1.193012  0.045549
1368  882.649149  1015.634780  16.158254  0.030739  1.222096  0.064753
1369  1005.017989  1002.997064  16.181908  0.051790  1.205389  0.029270
1370  959.658557  883.445924  16.148846  0.027845  1.182942  0.035956
1371  1015.881912  863.197614  16.046359  0.053670  1.200171  0.040981
1372  994.774405  780.374426  15.956428  0.056323  1.202322  0.038900
1373  1020.836803  1062.039245  16.061690  0.066556  1.174257  0.059294
1374  906.240840  1002.914468  15.968824  0.030427  1.165494  0.051631
1375  1035.226993  984.360489  15.913956  0.036451  1.131924  0.067421
1376  1197.771366  1076.107305  15.896860  0.038359  1.140605  0.037678
1377  914.057585  886.102979  15.774842  0.085977  1.160320  0.046667
1378  1067.458499  1186.254234  15.565462  0.057454  1.137833  0.036815
1379  969.806070  1000.068321  15.539897  0.042201  1.087907  0.080012
1380  920.427622  1051.803361  15.353240  0.037124  1.115035  0.075614
1381  917.113078  1068.915323  15.453776  0.026730  1.051077  0.047459
1382  852.498166  1084.805775  15.360684  0.038743  1.088038  0.031840
1383  800.595927  1080.422871  15.327828  0.028493  1.034273  0.036998
1384  1058.927514  1091.071508  15.346593  0.042784  1.120298  0.049417
1385  1006.901432  921.372529  15.205953  0.035162  1.065211  0.038020
1386  1094.532506  1111.333806  15.124020  0.037121  1.094718  0.070544
1387  1066.500772  1028.989952  15.126196  0.041805  1.066186  0.039994
1388  1051.212698  913.362944  15.124580  0.046799  1.068821  0.028390
1389  977.756774  821.125939  15.029891  0.076425  1.049122  0.028922
1390  995.058074  822.421873  14.797471  0.049309  1.042643  0.039484
1391  1163.334840  1110.388920  14.926159  0.057479  0.950723  0.041938
1392  1037.229281  934.472356  14.764765  0.048911  0.977278  0.036139
1393  999.135375  1037.138268  14.547553  0.060491  0.959775  0.029492
1394  991.032422  985.107169  14.537145  0.027110  0.912273  0.032679
1395  972.038820  998.804193  14.435382  0.027178  0.965718  0.026564
1396  1037.035192  947.468882  14.438365  0.054173  0.907786  0.027471
1397  1035.837256  1135.820636  14.338717  0.057383  0.949170  0.038794
1398  1012.510085  1116.298404  14.211658  0.036870  0.915467  0.052008
1399  1052.879258  991.822520  14.079925  0.033575  0.917289  0.023817
1400  964.762132  985.081733  14.094687  0.026087  0.885272  0.037623
1401  957.344993  1076.969083  13.983672  0.035406  0.835032  0.024166
1402  1097.819075  937.363927  13.907731  0.021628  0.878803  0.049289
1403  993.887805  1009.987809  13.789019  0.048322  0.737693  0.060567
1404  1069.688668  960.217027  13.712136  0.034975  0.772495  0.052799
1405  1014.614036  1066.255606  13.677313  0.022741  0.760793  0.032378
1406  914.021294  1070.498427  13.599935  0.021355  0.832666  0.020172
1407  1136.732611  1065.267507  13.495494  0.038321  0.789819  0.038308
1408  985.766912  942.838477  13.442707  0.048678  0.716594  0.048416
1409  1015.974994  1039.067279  13.359688  0.024330  0.721550  0.033306
1410  1008.051302  916.603986  13.227201  0.025659  0.700202  0.022402
1411  1042.745487  926.722478  13.157366  0.019015  0.746682  0.046780
1412  931.864556  881.362616  13.057991  0.022708  0.640145  0.035822
1413  938.016051  983.943148  12.977303  0.020447  0.677513  0.023795
1414  1094.897644  1083.966915  12.923020  0.035205  0.634954  0.056299
1415  978.269491  1009.144381  12.756506  0.018867  0.622788  0.026610
1416  941.971702  1003.287839  12.707911  0.026619  0.605101  0.028520
1417  1131.723284  923.454300  12.615434  0.019376  0.610101  0.047776
1418  1132.406088  1005.194568  12.483654  0.026737  0.539819  0.025716
1419  980.515574  947.428024  12.384304  0.019328  0.598443  0.031632
1420  1050.968556  1064.613499  12.297507  0.022460  0.489722  0.048156
1421  1181.393531  1022.772367  12.237146  0.035270  0.520132  0.023859
1422  1071.151636  1117.073592  12.113474  0.029118  0.583467  0.033346
1423  804.077425  1046.171628  12.005881  0.044338  0.530635  0.025110
1424  1057.923666  990.526710  11.948419  0.025010  0.512534  0.017713
1425  977.561211  1182.572667  11.726254  0.050898  0.511758  0.038429
1426  974.334362  1000.068157  11.689344  0.023930  0.464967  0.024331
1427  1019.892367  1149.053317  11.650644  0.028487  0.499354  0.028550
1428  994.006712  1188.877824  11.622423  0.024729  0.448826  0.026502
1429  909.060096  1027.453153  11.357760  0.017922  0.409899  0.019936
1430  1067.401277  991.287091  11.306795  0.022680  0.443841  0.019209
1431  868.002755  993.719931  11.142034  0.036393  0.414751  0.038916
1432  1140.637082  968.814100  11.016686  0.022031  0.428948  0.024323
1433  890.981949  983.250493  10.886404  0.072895  0.439779  0.020239
1434  1064.100106  852.885115  10.800714  0.028515  0.368552  0.028194
1435  1163.802255  1092.078531  10.603444  0.036934  0.412062  0.024752
1436  1014.695322  1052.205404  10.555358  0.027661  0.369241  0.020391
1437  1044.810875  1062.200115  10.261539  0.032734  0.397123  0.017514
1438  967.766323  928.579666  10.212195  0.029872  0.440258  0.029993
1439  958.712504  1102.029906  10.023432  0.027851  0.421574  0.019186
1440  1092.184084  1144.889733  9.960076  0.029346  0.472871  0.023343
1441  1022.317609  1006.028268  9.432223  0.040902  1.209089  0.023115
1442  999.906038  1097.422418  9.569197  0.020702  1.057412  0.037221
1443  1055.519273  1124.395950  9.209656  0.031433  1.188854  0.030668
20  1196.739725  1914.040235  8.279201  0.024950  0.732957  0.035899
21  148.469668  1200.167687  7.656664  0.020717  0.163982  0.018844
22  1931.594720  881.390990  7.982932  0.024899  -0.099341  0.016819
23  948.255159  1317.590022  8.303183  0.029531  -0.102288  0.039449
24  920.259808  818.629217  9.119541  0.024702  0.385587  0.018518
25  1852.299864  915.437033  9.800501  0.019109  0.540009  0.027658
26  1990.296654  1077.165936  9.282684  0.018900  0.061958  0.039414
27  29.906855  2036.141064  11.044900  0.021438  1.022713  0.031871
28  380.726746  1644.889913  13.449847  0.034287  2.400324  0.022152
29  520.415900  1869.279709  10.937312  0.019399  1.130815  0.026611
210  908.729199  1769.580435  14.442004  0.035729  2.828202  0.034779
211  897.722650  288.886994  14.235082  0.029270  2.629990  0.073417
212  1790.961919  1172.143703  17.139280  0.052734  3.704138  0.053066
213  518.671468  1436.129705  12.723208  0.037096  1.336369  0.021102
214  647.728694  1022.733200  10.927206  0.019936  0.138480  0.025031
215  757.244820  979.550708  11.180714  0.019371  0.382601  0.033020
216  788.108261  903.388907  14.298809  0.051771  1.973867  0.031968
217  1745.636750  1414.809333  12.260031  0.020779  0.684810  0.035986
218  771.099993  1526.334577  11.972581  0.059719  0.190008  0.025935
219  44.140384  1780.437071  16.782303  0.070988  2.949401  0.056529
220  328.021998  238.419703  12.664026  0.020375  0.763929  0.033655
221  372.187467  1098.338796  12.065319  0.027931  0.529909  0.030390
222  354.503136  1752.910050  14.094823  0.022962  1.206163  0.050228
223  234.714410  440.523166  14.662012  0.030304  1.329736  0.025167
224  1469.349871  1056.944139  12.611117  0.050249  0.301492  0.026076
225  14.817976  174.927375  12.145131  0.018909  0.318561  0.035291
226  1160.831248  1233.997511  12.630382  0.048288  0.525679  0.025198
227  417.201644  1243.269732  14.569345  0.036326  1.476734  0.025017
228  1815.043112  1352.168780  11.840156  0.032495  0.066253  0.018828
229  1955.137077  1866.990581  15.475268  0.074006  1.753030  0.047106
230  1105.949328  1296.325541  13.273192  0.049239  0.603457  0.023060
231  608.441820  931.926130  12.319435  0.020146  -0.082465  0.063201
232  1958.160463  1913.818645  14.124328  0.033621  0.935047  0.052276
233  168.100900  1814.117473  14.496527  0.026465  1.149747  0.042765
234  77.949097  1717.187419  13.436990  0.022497  0.419416  0.024501
235  134.250473  1867.959505  13.168789  0.035429  0.414470  0.031590
236  2015.380677  83.017144  14.669637  0.045163  1.329009  0.034438
237  1016.934966  684.328027  12.915167  0.022329  0.234195  0.051538
238  116.661773  726.149992  13.874094  0.057787  0.553315  0.021936
239  52.778599  1966.849788  14.235042  0.066743  0.694339  0.038545
240  22.820199  490.990242  12.703822  0.026446  -0.115870  0.032789
241  431.035380  1438.704107  14.681502  0.042467  0.721864  0.025879
242  1854.330719  417.527771  18.057989  0.058402  2.680321  0.110188
243  845.061084  1915.866193  18.486659  0.104526  2.918946  0.068235
244  203.588010  1821.039900  18.690942  0.098437  3.106219  0.170428
245  333.780878  560.710155  14.315692  0.038759  0.678011  0.025743
246  1148.296680  614.731910  13.516335  0.028530  0.230011  0.019820
247  167.831360  1578.415817  14.871233  0.040689  0.981469  0.048264
248  424.091956  449.057585  14.432598  0.028245  0.752701  0.034661
249  1603.893089  1480.162919  14.037215  0.061559  0.536521  0.049599
250  819.579576  1705.730223  15.248209  0.024614  1.092243  0.035153
251  1046.488356  658.581532  14.368010  0.040522  0.570772  0.067321
252  1760.801926  1275.976940  20.699542  0.220963  3.491039  0.284006
253  853.738967  2039.031160  19.720575  0.087478  3.341084  0.124189
254  1252.997978  614.666026  16.592103  0.042502  1.421388  0.078931
255  15.604649  48.026382  15.323798  0.039771  0.875197  0.028697
256  60.979110  799.817040  14.271390  0.038309  0.271896  0.040184
257  1353.746855  482.755589  19.159040  0.091222  3.389041  0.062686
258  195.158837  1531.135905  14.531147  0.035766  0.614635  0.039893
259  402.351590  1353.255590  14.948727  0.053014  0.616831  0.027503
260  228.372807  1050.204132  18.682685  0.108705  2.824047  0.075536
261  1500.023794  1209.829548  16.899156  0.065364  1.628490  0.059413
262  102.071391  1958.434522  15.070166  0.035955  1.121981  0.036094
263  498.482403  998.406360  16.892023  0.058904  1.846157  0.081991
264  717.426238  37.011629  15.543061  0.029612  0.943558  0.030882
265  138.758409  1540.065767  19.555112  0.067088  3.413921  0.064568
266  1170.622782  386.388801  17.168853  0.082305  2.030915  0.045903
267  1017.135976  636.529248  18.075287  0.050702  2.537948  0.091998
268  497.970575  300.511456  17.710530  0.094585  2.200292  0.083680
269  811.196728  1235.250281  15.105644  0.050527  0.768320  0.023407
270  867.389006  1571.885577  16.041362  0.041816  1.473107  0.102782
271  1461.458632  1131.954299  14.367747  0.035909  0.584825  0.027353
272  538.619742  1646.163396  17.735537  0.062578  1.721043  0.044062
273  417.919578  1764.120436  17.188217  0.075072  1.418438  0.043769
274  1087.395708  6.197232  16.322284  0.089109  0.893047  0.042833
275  707.631866  1089.294489  15.583623  0.045386  0.768173  0.028367
276  515.338270  1292.648285  16.313969  0.054211  1.079636  0.039305
277  1999.659334  572.934216  16.368312  0.031182  0.996137  0.040554
278  1300.200723  1356.394077  18.241202  0.070739  1.986806  0.141661
279  283.178080  338.278053  15.206145  0.043116  0.450340  0.039196
280  728.925091  1301.157559  19.271154  0.093790  2.391286  0.179834
281  1802.149254  1565.792945  14.205844  0.052749  -0.118632  0.024005
282  962.309510  97.379253  18.010508  0.089624  2.437496  0.106126
283  1209.133362  320.333951  16.837923  0.040610  1.510894  0.040635
284  1820.831484  436.983854  15.913879  0.027076  0.968186  0.031736
285  1073.636941  999.733761  16.985603  0.040501  1.453279  0.034285
286  227.915038  764.277850  15.720882  0.088774  0.767252  0.034205
287  949.025585  215.251897  15.918487  0.075260  0.869838  0.057465
288  1128.851680  886.825173  19.534500  0.132876  2.950638  0.121911
289  1788.834371  1770.238019  19.436444  0.142373  2.892348  0.073309
290  807.107739  864.550226  20.909764  0.195493  4.005710  0.114243
291  1407.800007  920.274678  19.493439  0.209301  3.572920  0.201842
292  1947.075051  2029.520657  17.610249  0.064441  1.943976  0.044396
293  2003.496412  1995.156325  17.430723  0.047186  1.815214  0.047232
294  1446.008798  1807.096381  14.841729  0.056888  0.288278  0.030760
295  1187.766784  18.842484  16.394114  0.042038  1.156440  0.072826
296  441.163880  1230.173183  16.214569  0.029835  1.151177  0.066342
297  348.070461  1303.916997  15.312642  0.039119  0.676115  0.030067
298  144.252391  402.045916  14.825843  0.091458  0.240993  0.042871
299  1978.047256  260.738288  15.960319  0.053138  1.097837  0.042636
2100  367.938289  1997.457790  15.994888  0.056149  0.903248  0.044224
2101  601.088964  1236.554282  20.465908  0.176070  3.362669  0.110215
2102  1762.670987  684.014811  16.478004  0.078179  0.804264  0.030996
2104  844.728768  334.915592  16.690938  0.041994  1.057414  0.071629
2105  258.440396  1147.175337  17.387390  0.063574  1.618727  0.048555
2106  1375.021194  1026.969694  15.325559  0.046939  0.530399  0.056644
2107  815.895681  1786.147261  16.415371  0.033867  0.737844  0.033324
2108  925.696700  1564.973939  15.957022  0.036922  0.621527  0.036584
2109  461.467282  1.349832  17.599479  0.085743  1.300674  0.075838
2110  1509.016960  1197.397604  16.106714  0.052516  1.055565  0.035784
2111  1670.554984  1336.111682  16.871043  0.041415  1.129626  0.058712
2112  877.476646  1348.854321  17.698402  0.055513  1.355569  0.057488
2113  1505.645371  31.945831  16.476495  0.051234  0.923120  0.056472
2114  2017.233357  1398.940185  15.924742  0.044667  0.880492  0.056278
2115  1843.035219  561.509220  17.399594  0.073155  1.423566  0.042589
2116  425.075001  1872.365453  20.733978  0.125420  3.450219  0.168882
2117  366.087717  921.377918  19.297483  0.085347  2.288528  0.098708
2118  41.046117  1900.429438  16.564843  0.049252  1.188745  0.048020
2119  1306.675130  311.614680  15.678662  0.036674  0.259671  0.042776
2120  1479.915811  44.878681  14.997849  0.025456  0.165048  0.045382
2121  1178.831323  547.197140  17.966719  0.078820  1.633732  0.052521
2122  1720.164721  1590.421998  17.735370  0.047980  1.797815  0.051498
2123  544.604449  560.590139  17.864240  0.075079  1.578307  0.097339
2124  1997.319552  933.911643  20.723940  0.158660  3.361678  0.128926
2125  1499.886525  232.159022  16.635280  0.042697  1.206142  0.051679
2126  647.769881  776.380430  17.474111  0.083658  1.275836  0.045917
2127  1679.991229  595.637442  16.170470  0.037546  0.877910  0.055237
2128  174.936086  1353.264010  16.372638  0.061839  0.830539  0.033202
2129  449.746702  644.202646  20.096203  0.191228  2.922991  0.094064
2130  1805.243275  974.269314  16.729495  0.080115  0.850037  0.057358
2131  1293.077496  297.848637  15.652128  0.029165  0.465692  0.036169
2132  1861.036384  206.667429  15.398984  0.032266  0.359468  0.051324
2133  178.380370  752.173799  16.372726  0.039115  1.044663  0.046295
2134  1492.592228  1203.573894  16.831691  0.060674  0.982970  0.067727
2135  39.262759  1913.693235  18.918004  0.108886  2.293247  0.062898
2136  1601.924766  2009.069555  18.910627  0.100245  2.106580  0.079584
2137  280.474185  1034.260228  17.060196  0.085348  0.760413  0.071189
2138  1987.652833  1205.308329  20.171042  0.139191  2.586394  0.128716
2139  452.928921  1478.270721  17.098461  0.045712  0.941454  0.110627
2140  374.923739  1763.732646  19.798826  0.097711  2.449159  0.076021
2141  1966.001228  952.204713  17.373868  0.048181  1.041308  0.048312
2142  1543.755374  162.568019  18.389336  0.070555  1.441762  0.074194
2143  149.469620  22.102771  19.720890  0.128611  2.369133  0.096427
2144  637.241350  895.643674  19.026391  0.072380  2.042487  0.071809
2145  874.134218  1625.623350  17.096351  0.059195  1.090691  0.054300
2146  60.755555  1482.834245  17.517271  0.041774  1.191647  0.115204
2147  1290.138880  108.648104  16.933795  0.047674  0.946358  0.066423
2148  803.441548  1319.283876  18.223925  0.137853  1.430155  0.112931
2149  594.788428  743.224386  18.662850  0.073513  1.966426  0.069373
2150  341.185516  480.126046  17.551347  0.080682  1.078295  0.089642
2152  1912.284027  1465.982390  19.663862  0.122265  2.415573  0.094994
2153  370.804223  23.765800  19.242331  0.068512  2.022421  0.120217
2154  1803.166675  421.345380  18.177468  0.051658  1.604299  0.097413
2155  768.273593  1313.997938  19.388561  0.189923  2.381002  0.108459
2156  1084.596478  1343.601039  19.508304  0.159234  2.210548  0.128919
2157  883.258379  159.546085  17.277342  0.053492  0.887659  0.044590
2158  619.677904  309.051429  17.456096  0.066211  1.026052  0.087407
2159  1016.490637  1207.344915  16.014110  0.063826  0.274189  0.044888
2160  792.715191  573.570914  20.069933  0.122033  2.614230  0.120182
2161  277.834163  2035.527587  17.296688  0.094622  1.215022  0.054635
2162  346.904777  23.196580  17.502051  0.082770  1.023685  0.039312
2163  1511.475284  654.671239  17.325736  0.043815  0.924675  0.124240
2164  1753.813250  132.377893  18.297113  0.130476  1.537807  0.056099
2165  2005.944528  1665.711142  17.888697  0.040139  1.267882  0.064294
2166  860.342246  349.239565  17.358748  0.047479  1.832758  0.084568
2167  711.928278  1042.343320  17.896674  0.082434  1.184494  0.064994
2168  1724.133169  1567.688511  17.742626  0.080607  1.984849  0.057653
2169  730.909128  75.698602  16.586178  0.064162  0.578374  0.040463
2170  1610.216211  502.093425  18.149598  0.048633  1.752053  0.126238
2171  1551.177397  1388.218651  15.763229  0.034775  -0.045148  0.038785
2172  575.602772  363.212123  17.268632  0.082382  0.914692  0.064373
2173  878.496200  690.514399  16.855233  0.042592  0.809236  0.082623
2174  1776.403695  383.597969  20.612175  0.166438  2.799640  0.138943
2175  1494.769870  1183.908027  18.776016  0.054257  1.713928  0.072692
2177  1116.586575  227.116152  16.804073  0.032360  0.529758  0.040902
2178  1415.324729  2004.908506  16.764136  0.040948  0.911627  0.077276
2179  2034.119740  1161.132679  16.696983  0.034674  0.701557  0.065898
2180  878.453524  258.370546  18.183000  0.062855  1.514744  0.056615
2181  555.567759  443.185108  17.757190  0.058433  1.482691  0.046996
2182  1667.193857  354.207325  19.939908  0.090974  2.416641  0.109539
2183  1168.112226  172.264302  16.240156  0.064717  0.474186  0.051880
2184  685.143930  1270.093970  17.914653  0.057757  1.251853  0.047523
2186  1495.484432  1528.279851  17.285091  0.038789  0.857431  0.070043
2187  558.169111  260.131166  18.457229  0.070905  1.195732  0.066074
2188  586.872227  1670.199810  20.323853  0.118446  2.168935  0.157220
2189  1295.434279  699.403442  17.715324  0.046662  1.151600  0.066397
2190  1829.241907  129.987183  19.701010  0.124514  2.088752  0.087761
2191  916.637688  1128.667270  18.660424  0.051815  1.488900  0.121548
2192  1782.646194  1861.741323  18.875284  0.151775  1.529331  0.105173
2193  1841.639939  1382.476726  17.570840  0.048839  0.732839  0.062926
2194  765.533953  1477.653473  17.836562  0.079816  1.224751  0.079665
2195  111.983355  188.284245  18.214601  0.101744  1.111936  0.058574
2196  958.159631  1852.000216  16.963785  0.034159  0.454750  0.051449
2197  1702.813231  65.766212  18.283355  0.084645  1.235414  0.052769
2199  96.801100  1222.746262  18.398287  0.110445  1.048374  0.109392
2200  341.203002  1192.811510  19.477958  0.132502  1.980145  0.078328
2201  1091.427984  1706.065039  17.962092  0.062933  1.081730  0.117058
2202  1551.862294  1856.421721  20.068214  0.114294  2.339213  0.078072
2203  1400.488784  1842.332702  17.536618  0.056672  0.772526  0.051518
2205  1980.625817  292.196046  18.219993  0.089945  1.670501  0.143692
2206  2023.960352  1727.353614  18.341343  0.064101  1.273614  0.046871
2207  1179.534265  878.645068  18.792112  0.089481  2.141577  0.102397
2208  186.688721  1526.720033  18.026213  0.082540  1.188318  0.048799
2209  892.100794  161.474586  20.672124  0.131468  2.589374  0.113117
2210  688.604371  579.473703  18.911526  0.142386  1.439443  0.143798
2212  1515.734838  1966.328658  18.219206  0.047407  1.182198  0.079897
2213  284.977142  564.651666  18.910274  0.114459  1.605255  0.176216
2214  1261.519312  1590.478336  17.761736  0.101522  0.970778  0.118448
2215  892.209411  39.394829  17.417181  0.048367  0.648204  0.057417
2217  673.686073  218.066703  17.889844  0.085725  1.166610  0.064078
2218  1132.650158  1447.298930  18.346004  0.070956  1.221066  0.132207
2219  772.243195  1725.531253  20.952203  0.235138  2.412317  0.102271
2220  563.408964  1129.363629  20.320786  0.109622  2.560544  0.108891
2221  1922.333894  960.866215  19.393230  0.118352  1.598911  0.073373
2222  1953.819159  1887.131316  17.769502  0.125274  0.992474  0.045406
2223  1916.999518  1771.362185  17.664125  0.042719  0.996064  0.058763
2224  1737.823529  371.437389  16.549254  0.039138  0.306856  0.046620
2225  2039.649866  575.864720  18.770304  0.141935  1.648734  0.104037
2226  896.903113  60.209521  18.735066  0.057341  1.506983  0.106266
2228  328.292109  116.806164  18.969656  0.070591  1.461921  0.065734
2229  1369.280630  1748.179782  20.110714  0.157704  2.202659  0.158472
2230  641.798635  901.469061  19.300262  0.098932  1.694842  0.141240
2231  121.698359  340.124262  19.873215  0.094101  1.985253  0.086906
2232  1063.758606  396.621597  18.603820  0.048730  1.371630  0.156902
2233  1848.098195  1441.594824  17.954965  0.070094  1.065773  0.078023
2234  1960.790295  2036.414529  18.188950  0.115846  0.918658  0.093936
2235  666.798864  870.851516  18.090410  0.056425  1.167449  0.089250
2236  1853.092135  1556.780016  18.691648  0.158975  1.495547  0.064706
2237  1346.211249  177.932924  18.746990  0.153411  1.319596  0.052459
2238  1724.299314  300.890659  17.408984  0.043833  0.727103  0.094491
2239  280.675462  1089.026142  16.979581  0.047077  0.546363  0.060373
2240  1204.638991  128.627853  16.817986  0.042280  0.249396  0.037550
2241  368.198277  1226.267440  19.582159  0.086258  1.730207  0.087245
2242  577.168357  220.490963  17.738913  0.084087  0.821568  0.047526
2243  787.162949  1488.756401  17.896447  0.076241  1.130006  0.084751
2244  2038.450839  1819.630151  18.062678  0.059265  1.277554  0.068409
2245  1766.338346  1160.122655  18.231607  0.123857  1.278638  0.070669
2246  458.625172  858.330153  16.058962  0.044199  -0.162145  0.050746
2247  845.962345  26.712284  18.329415  0.074194  1.426125  0.120210
2248  447.676706  1719.316347  18.562464  0.076140  1.174895  0.107984
2249  1312.479959  1933.113091  18.976096  0.103117  2.066043  0.118667
2250  563.959976  256.992029  17.589526  0.067444  0.745555  0.066553
2251  251.721434  177.898314  18.186604  0.122397  1.106902  0.103991
2252  1842.717621  1742.931485  18.384662  0.111008  1.164595  0.050004
2253  1340.500318  1419.475307  18.050149  0.108647  1.275624  0.070248
2254  931.280334  1837.159152  18.180865  0.051541  1.260203  0.119325
2255  89.732207  1750.006506  18.263259  0.045217  1.204140  0.073508
2257  447.301963  375.821002  19.950589  0.203097  1.553019  0.078020
2258  880.860592  1254.003985  18.596585  0.067853  1.646260  0.062815
2259  1749.242219  74.926488  19.156337  0.130832  1.143915  0.080161
2261  310.878539  49.202638  18.658462  0.050713  1.229872  0.113897
2262  540.299835  1232.971239  20.716613  0.257289  2.207653  0.096600
2264  693.405923  2014.925087  19.694221  0.144974  1.829975  0.105111
2266  953.727545  622.485813  18.147783  0.109425  0.843321  0.068916
2267  1441.785197  1060.043280  18.995244  0.089700  1.215303  0.081978
2268  1371.654634  1914.801892  19.574725  0.083865  1.539763  0.106663
2269  545.279191  928.670020  19.261625  0.081114  1.732601  0.078991
2271  930.137313  1347.462149  20.136031  0.093446  1.674873  0.115863
2272  1857.585706  821.532814  20.262864  0.173587  2.069949  0.109351
2273  597.381989  1253.942873  18.490202  0.173054  0.885769  0.129373
2274  357.060079  910.455145  18.711123  0.072591  1.109426  0.077502
2275  820.817434  1158.442336  19.604645  0.175506  1.519177  0.154005
2276  1091.853274  943.664016  19.699598  0.073968  1.712331  0.147686
2277  1094.135126  59.074353  17.987072  0.096463  0.696426  0.085148
2278  1595.569743  1590.973669  20.302981  0.141904  1.609752  0.234510
2279  1273.147271  1325.515974  18.886542  0.054308  1.302355  0.130184
2280  746.310779  294.161608  18.929135  0.056222  1.283803  0.112231
2281  697.648164  1387.879213  20.490585  0.108951  2.207456  0.172868
2282  184.055254  686.795553  18.673899  0.088425  1.129244  0.049275
2283  1087.260613  1330.306072  19.911331  0.098009  1.779160  0.093975
2284  1537.611615  1653.231990  18.786916  0.098310  1.254706  0.094978
2286  672.190439  784.502856  18.059905  0.093706  0.768463  0.091038
2287  1512.311678  1602.168708  20.337402  0.096246  1.499945  0.149529
2288  1511.327913  143.321273  19.905153  0.235174  1.820848  0.136677
2289  82.844591  1925.299296  19.450445  0.064039  1.813318  0.168767
2291  1588.877991  904.749125  19.908206  0.138139  1.884083  0.126877
2292  1255.417692  1338.978787  18.933296  0.102096  1.171668  0.089846
2293  1553.590871  183.653042  19.995380  0.220384  1.634198  0.106356
2295  726.840280  458.101837  19.529738  0.085412  1.572966  0.072984
2296  1663.000940  1197.665209  19.688327  0.068456  1.671140  0.071405
2297  181.607276  696.455024  16.801572  0.048151  0.001387  0.051689
2298  1930.984783  1629.746188  19.593314  0.085103  1.475592  0.148508
2299  2017.623326  366.404898  19.350421  0.124769  2.548473  0.108198
2300  914.281397  654.023735  20.223221  0.158151  1.795138  0.106075
2302  705.341572  1355.049139  19.801304  0.166388  1.540242  0.164917
2303  2038.854654  700.412624  20.052397  0.106263  1.678271  0.158321
2304  90.951844  1712.231792  17.432653  0.063398  0.481547  0.069324
2305  1614.779816  1211.586658  18.108971  0.081934  0.823665  0.118640
2306  639.218225  128.247253  19.259274  0.060218  1.473497  0.092054
2307  1649.979628  82.605303  19.673494  0.150590  1.600099  0.110032
2308  969.895547  30.874310  19.066659  0.203547  1.601705  0.175467
2309  1291.075521  491.239930  19.571155  0.132123  1.656905  0.089813
2310  904.430011  556.022542  19.478132  0.131791  1.513069  0.151063
2311  386.859642  766.151471  20.252635  0.135393  2.169072  0.158778
2312  844.309948  1243.028469  19.229919  0.101700  1.435670  0.114124
2314  1302.207620  936.898894  18.890176  0.054445  1.246061  0.100645
2315  1690.304570  1144.599512  19.799962  0.091450  1.653674  0.168899
2316  962.505108  1679.890517  20.285884  0.128407  1.824735  0.154012
2317  129.855137  185.616272  20.142502  0.115982  2.145237  0.169105
2318  637.267950  1012.358565  19.949950  0.100294  1.781849  0.138287
2319  252.627305  713.512520  20.646425  0.102984  2.355526  0.134975
2320  1747.621496  1416.965038  19.495838  0.184357  1.817364  0.153909
2322  1734.627196  1144.541152  19.144974  0.090868  1.595984  0.145113
2326  1407.094093  830.894035  18.986153  0.063399  1.335514  0.057545
2327  465.869925  1449.008666  18.745713  0.054910  1.272247  0.164611
2329  1950.767792  991.068951  19.304428  0.099040  1.502756  0.142296
2330  900.403717  383.020797  19.801253  0.176919  1.407505  0.135669
2332  1123.273089  734.899198  19.224725  0.074261  1.273737  0.082953
2333  1163.613861  103.091231  17.464392  0.041613  0.241095  0.097504
2334  114.963099  1009.099797  20.227058  0.265478  1.657911  0.097389
2335  1897.860492  47.476231  18.089213  0.076159  0.759232  0.065788
2337  1688.098714  1497.890882  19.575531  0.082704  1.508025  0.106264
2339  1951.569707  1638.793397  18.694179  0.066260  1.192660  0.054746
2340  1135.941136  1901.015581  19.083737  0.114851  1.288366  0.091063
2341  639.277384  1029.421710  18.361422  0.075764  0.773283  0.098330
2344  1945.265659  226.333054  19.423805  0.144788  1.555133  0.128182
2345  1920.752537  322.904910  19.666886  0.121465  1.663123  0.122029
2346  1654.715672  606.464518  18.703421  0.126037  1.062234  0.084639
2347  160.806197  887.699602  19.876199  0.104092  1.915206  0.109895
2348  238.369254  1006.856915  19.172488  0.134607  1.456788  0.097875
2350  1119.121092  1300.845354  21.050930  0.122869  2.509867  0.168085
2351  1118.931738  1231.824866  20.527667  0.163127  1.725844  0.086281
2352  644.707536  427.206927  19.746314  0.111529  1.883444  0.104548
2356  79.736580  1060.471940  20.203271  0.158018  2.237225  0.177554
2357  1044.037045  1898.379630  19.663550  0.078516  1.901937  0.136389
2358  1399.986909  46.089421  20.554710  0.117099  1.868634  0.224688
2359  1441.775048  1026.638066  17.721904  0.049708  0.192780  0.059963
2362  757.117219  1940.659428  20.304829  0.109657  2.272079  0.131221
2363  1411.496031  148.351382  17.937322  0.060232  0.242326  0.077539
2364  1534.637651  399.302599  20.260479  0.252142  1.591639  0.140715
2367  867.114648  2034.844801  20.660129  0.123505  1.933210  0.218398
2368  474.946568  72.103128  19.924998  0.213460  2.452473  0.098723
2370  584.659829  1964.643184  19.992402  0.124977  1.551035  0.155086
2371  451.157055  1748.815962  20.128525  0.153429  1.277509  0.097688
2372  1316.182099  397.244586  20.543288  0.114381  1.672240  0.114360
2374  68.639162  602.601352  19.706110  0.129058  1.870695  0.092401
2375  1575.641597  1591.548905  19.983701  0.109418  1.612756  0.228571
2376  353.337320  113.783355  18.755212  0.120497  0.593712  0.072067
2377  1095.521521  1248.709349  17.984720  0.074177  0.403138  0.114212
2378  1291.541510  1853.159153  20.082906  0.205010  1.518888  0.107542
2379  1412.197118  1881.536068  19.987562  0.124537  2.508460  0.150994
2380  49.812074  715.392337  20.119216  0.163460  1.276114  0.104948
2382  286.344101  1221.525261  20.088901  0.131582  1.516438  0.098245
2384  419.611388  1357.988111  20.038868  0.121623  1.555047  0.144166
2385  777.582273  1503.549824  18.491406  0.091048  0.537264  0.144113
2386  1320.207146  300.658451  20.363128  0.191331  1.797407  0.097394
2387  1516.650711  572.695495  19.441508  0.143080  1.470573  0.115252
2388  763.119802  645.136578  18.215800  0.078528  0.741594  0.095452
2389  1160.987123  1653.505270  17.646512  0.053873  0.386292  0.073761
2390  1012.367238  713.771144  20.364727  0.151766  2.632045  0.175796
2392  1401.213115  1082.664291  20.003880  0.183383  0.990934  0.181697
2393  678.112056  1965.653598  20.167812  0.122800  2.564971  0.186042
2394  915.176805  339.768038  21.248352  0.291703  1.442503  0.104615
2396  878.097687  441.966252  19.865544  0.100887  1.668148  0.098166
2397  1910.057630  1821.556770  19.928278  0.102866  2.521013  0.200531
2398  1597.364286  826.221039  19.913166  0.133397  1.452009  0.106973
2399  152.337725  1829.154783  19.650225  0.179224  1.166299  0.167177
2401  1345.662695  831.582411  20.115405  0.095288  1.878736  0.157179
2402  1385.510437  353.738879  20.096658  0.094881  2.566441  0.147107
2406  45.375336  1066.511942  18.218644  0.072392  -0.002627  0.125800
2411  772.249097  1964.331604  20.222048  0.186226  1.642447  0.154643
2412  1865.205245  20.575401  19.709810  0.076221  1.787536  0.141361
2413  5.589236  77.753164  20.901172  0.117415  1.970564  0.201475
2414  490.475876  1958.471428  19.778780  0.275541  2.418587  0.076564
2416  1776.413564  427.423904  19.779808  0.153362  1.680006  0.156913
2417  421.774662  1866.201500  20.685184  0.172091  1.380852  0.097732
2418  917.451206  1706.321241  20.826334  0.160304  1.560121  0.249678
2419  178.542521  570.749747  19.823199  0.071442  1.666446  0.191678
2420  1595.551046  484.849164  18.642155  0.055565  0.453672  0.054114
2422  1090.755638  1530.115464  19.839151  0.082327  2.035763  0.081962
2423  335.986745  925.622102  19.503077  0.169772  1.242079  0.098681
2425  1667.667802  801.857803  19.909790  0.127796  1.401997  0.162647
2426  368.758851  1938.611973  19.538318  0.096096  1.420847  0.131177
2429  636.088058  1040.623839  20.156770  0.172158  2.657288  0.173390
2430  436.867654  1204.648949  19.363717  0.066937  0.998122  0.067492
2431  962.910385  982.779279  20.304836  0.166843  1.758202  0.111343
2433  582.366309  1824.612535  17.728977  0.061130  0.220018  0.072639
2434  1993.971110  606.708325  20.815770  0.117286  1.849094  0.122509
2435  1099.170909  1886.444697  19.135530  0.081775  1.198157  0.097612
2436  1006.719618  1631.359900  19.882170  0.142846  1.603746  0.174328
2437  386.957068  1715.878002  20.553823  0.142608  1.588529  0.127126
2438  531.533656  102.623834  20.697585  0.126991  2.397004  0.226909
2440  2040.800612  1808.946534  20.526763  0.156167  1.615722  0.171954
2441  1696.681612  343.067428  19.975159  0.131579  1.449531  0.101967
2442  1168.345064  1994.037210  20.416150  0.193539  1.308524  0.174758
2443  1409.786426  917.499138  19.466914  0.066269  1.327997  0.082502
2444  801.613378  1842.858708  20.361423  0.203770  1.460624  0.190453
2445  806.198048  829.341821  19.887760  0.123725  1.386413  0.128808
2447  181.339517  1695.473626  19.102047  0.111515  1.187906  0.101193
2448  1675.921225  484.506313  20.567479  0.123134  1.512582  0.103579
2449  943.896602  1288.867479  19.908511  0.129280  1.114893  0.120473
2451  502.139148  1064.076967  20.469674  0.162599  2.771243  0.089374
2452  849.983696  886.035484  19.476109  0.123555  1.465368  0.071131
2454  1926.560643  778.875846  19.621123  0.107080  1.362185  0.119427
2457  1646.461471  399.214436  20.503218  0.152732  1.901282  0.130233
2458  297.954098  779.989697  20.317149  0.199372  2.103111  0.086750
2459  766.646145  1680.601604  19.270039  0.143949  0.860474  0.118058
2460  864.647182  1461.098711  20.196401  0.168959  1.447096  0.312181
2462  33.170686  849.982446  20.001546  0.143862  1.492450  0.167842
2466  1632.128714  1177.245360  18.484240  0.065308  0.188449  0.061582
2477  1185.599712  924.608243  20.373518  0.186488  1.186088  0.126709
2478  640.238918  149.493987  20.223298  0.156022  1.586709  0.156040
2479  1801.163592  1916.895481  19.339763  0.143678  0.771814  0.121869
2480  983.958561  1762.131624  20.450899  0.264027  1.699600  0.121972
2481  473.180453  756.166937  20.663644  0.109651  1.875865  0.239408
2483  107.787067  505.953655  19.985348  0.107027  0.870915  0.138246
2485  1086.555622  510.337425  19.939756  0.139460  0.906015  0.193904
2487  140.789938  1537.468503  20.785305  0.170279  1.628345  0.206709
2489  880.447959  2015.915798  19.154461  0.156669  0.333828  0.057847
2491  338.520062  277.856255  20.461018  0.192360  1.245691  0.124721
2492  1407.926371  674.526046  19.922293  0.073815  0.949994  0.168899
2493  1141.940231  88.341195  20.174795  0.191189  1.018673  0.131690
2498  274.380394  85.337123  20.908797  0.552677  1.558019  0.165993
2499  1016.717788  790.774867  19.754396  0.104909  1.121123  0.089512
2500  1812.884470  1994.515482  19.402161  0.106550  0.503070  0.104191
2505  68.127905  2042.585495  20.282584  0.107480  1.152298  0.146903
2508  591.065110  1546.517208  19.245130  0.234593  0.529795  0.064944
2510  2030.053899  1381.934953  21.095259  0.121524  1.753499  0.251120
2512  725.079286  1573.494765  20.430448  0.191363  1.703609  0.250531
2516  1563.132054  381.062985  19.625277  0.185606  0.570599  0.147330
2518  1104.622416  1087.883801  19.811304  0.092904  0.922534  0.162137
2519  106.792360  1307.474604  20.846995  0.171892  1.455631  0.108543
2521  1629.635787  66.219885  20.621498  0.144356  1.743080  0.146891
2522  1052.531749  1157.842831  19.429531  0.157408  0.486848  0.121536
2523  812.266521  985.941449  20.539015  0.095070  1.369351  0.106035
2526  283.043254  1401.126391  18.754400  0.063413  0.381090  0.090946
2532  885.803213  1306.196836  21.079114  0.102365  1.384586  0.120964
2534  1555.622211  93.805269  20.564723  0.148457  1.135780  0.180979
2535  1492.635526  500.357552  20.756549  0.369937  1.513754  0.150700
2541  869.402113  160.378382  20.441493  0.099467  1.520103  0.147942
2547  1334.305494  215.419900  21.708992  0.223229  2.587285  0.366053
2551  1707.380618  703.435142  19.946548  0.171406  0.869569  0.178837
2554  505.983440  1697.710086  20.756873  0.105803  2.134092  0.198687
2557  1014.176357  1767.859198  19.718045  0.144545  1.098957  0.111737
2559  1311.269674  332.950964  19.348367  0.084958  0.814012  0.121523
2560  1936.283811  1683.039705  21.290185  0.216313  1.691342  0.287770
2561  931.871195  941.289778  20.624995  0.129378  1.479058  0.331978
2565  1750.815475  1705.405766  20.253272  0.157809  1.174326  0.151214
2566  533.534792  229.179136  18.814987  0.121787  0.375655  0.097624
2567  144.267056  1694.518146  20.712961  0.238746  1.029949  0.199372
2568  855.807355  829.307160  21.434845  0.193106  1.879388  0.193266
2573  662.908392  883.040056  20.257001  0.263331  1.475549  0.105786
2577  376.499993  571.209738  20.761388  0.222131  2.273625  0.206383
2579  1800.160052  101.031100  20.940839  0.146538  2.265467  0.136296
2583  394.435328  457.120905  20.301514  0.102817  1.388101  0.121977
2585  395.511009  787.148368  19.190660  0.102204  0.726510  0.112831
2587  88.940468  974.694209  20.355541  0.157726  1.039748  0.174245
2589  1815.294406  1586.284249  20.627900  0.105803  1.850995  0.109412
2591  448.762376  1421.529719  18.770306  0.080631  0.587307  0.076219
2608  1608.619230  172.321848  20.838171  0.161273  1.425954  0.129551
2610  480.352896  1330.101986  20.360453  0.180908  0.309155  0.209568
2612  1170.609452  2022.991204  21.070790  0.315032  1.551031  0.183441
2620  239.301942  67.424970  21.075641  0.378447  1.503922  0.222294
2622  1610.240685  1650.582424  20.430353  0.142069  0.911342  0.139641
2623  41.506672  411.631914  21.258632  0.380497  1.484554  0.307861
2627  1469.379535  1437.746758  21.131095  0.167425  1.317953  0.295533
2628  1078.382808  1423.383573  20.556236  0.179410  1.028000  0.116580
2641  1903.401835  586.275552  20.739591  0.126842  1.053685  0.149996
2644  1095.074741  926.485259  21.545990  0.254629  1.654999  0.371571
2646  1103.767661  135.583709  20.867784  0.192570  1.758986  0.180331
2649  1665.364540  745.550423  19.198079  0.122254  0.563692  0.083484
2650  1016.210827  1152.062382  20.127602  0.138076  0.768952  0.077452
2651  861.550080  814.034762  20.063085  0.077306  0.659184  0.090818
2659  491.113643  1252.507919  19.838673  0.101713  0.296099  0.071101
2669  1833.692379  1301.717484  19.671062  0.113419  0.792677  0.133307
2671  1936.382986  1221.258013  20.509374  0.221230  0.880976  0.174422
2684  1507.892462  332.737990  20.422314  0.180122  0.375572  0.191633
2686  1582.175406  353.192211  20.995993  0.174989  1.016651  0.167909
2687  1887.530152  892.649553  20.529193  0.114041  0.281319  0.243640
2689  404.421655  1695.822009  20.356949  0.221483  0.163924  0.320890
2696  176.267797  419.480676  20.725354  0.237362  1.014190  0.252048
2698  961.408081  1896.873300  20.515922  0.106965  0.790560  0.159418
2703  432.314877  201.241572  20.302189  0.125779  0.229677  0.115421
