# id  x  y  V  eV  BV  eBV
10  1027.705938  871.386112  20.322205  0.129072  1.474102  0.237479
13  1118.795428  1117.233664  20.285321  0.133700  1.463478  0.184239
14  1177.016361  989.001257  20.369355  0.100562  1.607298  0.100156
16  1076.480860  1099.141939  20.378323  0.106363  1.406231  0.094820
113  870.712566  1096.339661  20.440889  0.145285  1.724124  0.106292
114  949.339750  916.335288  20.702305  0.231769  1.495128  0.128909
115  1000.536576  1008.495063  20.505997  0.161650  2.379568  0.262150
116  1051.102577  1072.422318  20.552114  0.120585  1.604485  0.100501
117  1095.181414  1077.806039  20.418700  0.197988  1.466462  0.107978
118  882.066760  1043.959521  20.125072  0.131367  1.860814  0.201006
119  1018.041078  1054.674575  20.597150  0.206683  1.630518  0.213748
120  891.473388  1043.811963  20.412500  0.147281  1.703754  0.191369
121  1215.381053  1018.271744  20.420162  0.218402  1.518524  0.151715
122  922.823148  1116.446413  20.196893  0.096214  1.664687  0.106176
123  1064.342897  1169.155072  20.260143  0.200458  1.507287  0.085629
124  1054.226493  1139.030610  20.240309  0.124478  1.615994  0.115509
125  976.388854  1034.266378  20.455669  0.227678  1.440345  0.139120
127  1146.267341  994.758738  20.614359  0.158357  1.721374  0.093547
129  1054.904156  1033.229373  20.170958  0.118129  1.531797  0.100483
130  963.137864  980.875407  20.128852  0.272833  1.873743  0.257180
131  1044.976189  1179.567493  20.139164  0.142472  1.507497  0.191993
132  1071.959941  1091.148964  20.249803  0.139139  1.571449  0.086884
133  1025.243484  914.108764  20.427472  0.123182  1.561035  0.092754
134  1104.533135  1038.536315  20.195887  0.105234  1.175488  0.191594
135  1021.218714  1035.756401  20.221565  0.104504  1.424244  0.106465
137  1037.571297  973.957345  20.302024  0.136178  1.536686  0.196503
138  1106.887250  997.102879  20.040749  0.200278  1.412125  0.092311
139  1067.955364  978.373775  20.444103  0.167963  1.555546  0.128406
141  879.566418  1094.380872  20.109174  0.099010  1.688585  0.113874
142  1057.520292  992.779837  20.004004  0.161286  1.448443  0.210050
143  1026.249953  1054.057841  20.149615  0.153169  1.536079  0.095677
144  1088.088535  930.836050  20.095365  0.114942  1.697098  0.095743
145  1109.375119  1063.233659  20.439972  0.134969  1.465543  0.082533
146  1170.086339  1094.705091  20.236743  0.180217  1.674662  0.083976
147  915.996795  940.402586  20.176528  0.124158  1.506658  0.105399
148  1113.462047  999.078584  20.283593  0.152181  1.552977  0.093783
149  1121.276068  1072.198287  20.105694  0.138973  1.554787  0.136043
150  1007.960125  1086.957793  20.167223  0.179749  1.463716  0.096831
151  1111.912694  1020.074926  20.206949  0.099398  1.700771  0.087128
152  1016.494387  1126.012109  20.071331  0.086054  1.548796  0.223343
153  1043.090924  890.196808  20.345427  0.150891  1.775451  0.262320
154  1066.752758  927.725711  20.041591  0.200286  1.454520  0.115705
155  953.873613  991.894262  20.068114  0.105137  1.562206  0.082941
156  1061.452513  957.869568  20.200929  0.154352  1.440262  0.118946
157  981.620265  1010.080195  19.832669  0.164611  1.556332  0.089918
158  1024.019087  1112.865690  20.020177  0.111734  1.590260  0.173314
159  925.738353  890.037473  19.946462  0.103228  1.482491  0.131097
160  1085.525791  998.546330  20.213765  0.190051  1.526044  0.133690
161  1051.016438  1109.884969  19.948621  0.102549  1.518348  0.076652
162  1136.886661  1205.533368  19.995383  0.165121  0.937421  0.273600
163  1099.990528  963.617034  19.899451  0.102281  1.458706  0.087620
164  925.215355  1074.438144  19.828869  0.147354  1.472515  0.146611
165  960.618660  1094.966231  19.951004  0.090744  1.706045  0.156924
166  1030.105006  1001.987768  20.031054  0.099238  1.462211  0.137837
168  1026.853458  1128.243139  20.239438  0.184488  1.447337  0.146547
169  993.871892  1000.844575  19.885711  0.086735  1.293081  0.176872
170  1036.944220  983.788585  19.953194  0.181492  1.603704  0.123911
171  846.546493  909.656883  19.815761  0.082566  1.340062  0.122205
172  1223.338701  961.282785  19.729771  0.186776  1.679087  0.158671
173  884.944855  977.055560  20.049606  0.209318  1.382014  0.087689
174  973.517824  1072.242688  19.789190  0.171952  1.583278  0.099167
175  955.852657  1057.700946  19.623669  0.107049  1.493874  0.077802
176  1049.566659  1052.246405  19.859243  0.075597  1.431729  0.108772
177  1092.935496  1067.902771  19.733191  0.147545  1.552214  0.265860
178  891.553751  927.795589  19.387357  0.142533  1.249239  0.077790
179  1079.631606  1119.934751  19.406625  0.124043  1.565369  0.083900
180  1000.186593  902.345994  19.694082  0.116639  1.424708  0.087937
181  928.414536  994.534543  19.466990  0.138379  1.374730  0.144425
182  879.259361  975.083663  19.573770  0.066608  1.451055  0.083989
183  960.223416  991.409295  19.629698  0.096132  1.145169  0.122805
184  960.489226  1106.014208  19.479588  0.071773  1.459413  0.106285
185  1108.453868  1201.155686  19.497953  0.085497  1.223371  0.064755
186  951.022592  1127.861002  19.475355  0.065279  1.566592  0.214595
187  794.734326  1021.283062  19.361694  0.089318  1.338968  0.079336
188  1084.354458  1180.304527  19.410855  0.137151  1.176783  0.139042
189  1209.097093  1090.679828  19.538434  0.133931  1.377841  0.117830
190  1114.509107  1100.603105  19.400145  0.095655  1.279664  0.074488
191  1124.361933  1130.378895  19.503676  0.141159  1.395704  0.141842
192  901.750231  1075.981394  19.371421  0.063928  1.537950  0.145739
193  1126.315172  1014.058168  19.447585  0.073960  1.263405  0.062802
194  1008.244306  1217.003581  19.444931  0.089384  1.246301  0.165414
195  993.271316  976.962499  19.456572  0.071606  1.391619  0.084415
196  1038.683832  894.048563  19.399541  0.071237  1.205336  0.091514
197  1001.921618  962.945823  19.437212  0.074894  1.309412  0.066197
198  1078.021345  1078.342001  19.463448  0.160399  1.562898  0.144610
199  1071.657923  967.499489  19.395522  0.156996  1.284059  0.065898
1100  923.402117  1129.034547  19.352670  0.090707  1.439728  0.079798
1101  1073.183805  983.442575  19.792149  0.247189  1.285972  0.074558
1102  975.187948  1147.094323  19.284249  0.105816  1.326402  0.088242
1103  890.325688  1002.498355  19.307394  0.121587  1.548488  0.117410
1104  1012.445655  963.053445  19.340493  0.107808  1.214643  0.105556
1105  925.313659  1100.667003  19.283941  0.081492  1.432831  0.067935
1106  977.420493  1040.083190  19.221755  0.094450  1.279561  0.148133
1107  1036.822917  918.900060  19.372576  0.074900  1.432422  0.123623
1108  924.205036  1126.390579  19.153216  0.207839  1.383482  0.106794
1109  937.451643  950.458778  19.333219  0.106908  1.265287  0.074717
1110  894.477926  1085.440512  19.376017  0.061827  1.362799  0.076928
1111  1110.266532  1087.130317  19.264637  0.060834  1.324729  0.099398
1112  984.857620  1152.639222  19.293583  0.116681  1.009394  0.182053
1113  913.963643  1052.344422  19.504453  0.147639  1.494410  0.129420
1114  1014.215762  1165.915853  19.174734  0.062125  1.381204  0.124148
1115  1045.301289  1091.108475  19.294121  0.119546  1.380481  0.061926
1116  1041.613373  873.535222  19.293488  0.067816  1.331820  0.065208
1117  1107.170857  1052.740588  19.301588  0.091195  1.380940  0.106137
1118  966.476841  1056.111964  19.348484  0.088921  1.344858  0.062030
1119  1014.380544  1048.344965  19.256656  0.126324  1.354633  0.105431
1120  927.009812  1007.814799  19.319893  0.134484  1.482705  0.093642
1121  1120.195072  1006.488433  19.191088  0.073363  1.372885  0.062959
1122  1102.196695  983.878513  19.252578  0.091553  1.261399  0.078689
1123  1000.041185  1094.978294  19.167986  0.066135  1.119955  0.093733
1124  991.833989  915.629425  19.155512  0.065668  1.390534  0.099732
1125  1162.374021  933.483213  19.011718  0.161456  1.345240  0.063078
1126  1052.776182  1141.841838  19.177591  0.096510  1.391280  0.186278
1127  1073.459364  1051.981701  19.184298  0.104081  1.506129  0.137574
1128  1100.573860  1171.901747  19.107185  0.082737  1.317966  0.064572
1129  982.825718  975.534797  19.166603  0.122700  1.314394  0.116641
1130  946.190049  957.601505  19.221862  0.093206  1.380400  0.088079
1131  995.417620  938.754785  19.103364  0.063986  1.365038  0.065223
1132  1045.533143  916.254966  19.181224  0.071707  1.507682  0.108980
1133  930.125783  1144.879800  19.073074  0.134271  1.140998  0.193822
1134  972.912435  1126.800876  19.103629  0.088041  1.252653  0.066928
1135  1045.475533  1163.803095  19.070962  0.110763  1.220259  0.063901
1136  972.008735  980.546396  18.925354  0.106749  1.393134  0.154644
1137  1078.223053  1159.671030  19.029546  0.065061  1.427721  0.142691
1138  1025.189110  1014.792745  18.863493  0.098542  1.482218  0.135570
1139  968.013373  1009.697976  19.039300  0.064750  1.222097  0.089596
1140  996.730286  1014.313103  18.953116  0.080028  1.439505  0.069470
1141  1018.116076  1031.529759  19.029310  0.111771  1.233995  0.102500
1142  987.567084  1177.521480  18.939361  0.111286  1.186376  0.057591
1143  1087.682150  835.377316  18.965389  0.054852  1.287232  0.094986
1144  1048.301548  1227.848028  18.830707  0.078055  1.223695  0.071707
1145  1021.824061  1069.671690  18.904162  0.118084  1.348506  0.062983
1146  1087.960801  1015.265239  18.836555  0.086322  1.220869  0.098488
1147  1145.946952  988.921672  19.161172  0.165133  1.305977  0.078831
1148  989.830492  1120.233820  18.779554  0.082292  1.366700  0.066414
1149  912.720138  907.282043  19.057663  0.141188  1.332451  0.052977
1150  1021.540475  1142.617641  18.806547  0.064741  1.320147  0.123422
1151  1134.149407  1115.946516  18.734570  0.121092  1.322795  0.101586
1152  983.148237  1027.101532  18.949790  0.054681  1.340968  0.063995
1153  1201.612636  958.942904  18.699727  0.103773  1.266152  0.087663
1154  977.166787  1079.930245  18.867591  0.122000  1.266630  0.122761
1155  1052.982354  1023.342735  18.936175  0.084270  1.241578  0.105018
1156  1036.194181  1012.908626  18.774297  0.147798  1.273570  0.067688
1157  919.737815  1168.435180  18.586841  0.105276  1.139268  0.131679
1158  836.662272  1061.163622  18.794999  0.076546  1.281660  0.070887
1159  977.363169  1177.160561  18.709650  0.133208  1.300481  0.064852
1160  1201.744998  1109.826417  18.745070  0.070967  1.175594  0.124384
1161  1088.221082  1114.167788  18.841296  0.058334  1.295471  0.157648
1162  1034.290729  847.955415  18.724882  0.068575  1.286896  0.081532
1163  1173.551534  1064.152596  18.777475  0.060209  1.267416  0.100941
1164  1045.763256  1076.323594  18.829780  0.092660  1.339753  0.074848
1165  1036.289884  926.481510  18.492676  0.141253  1.179559  0.073686
1166  1071.313838  869.400392  18.707699  0.107467  1.168762  0.096911
1167  989.382861  1025.766994  18.734668  0.105053  1.241919  0.059519
1168  1085.683876  1005.847020  18.722063  0.090611  1.282551  0.068035
1169  1157.873930  1047.044977  18.745391  0.053646  1.424379  0.067196
1170  1080.677130  1022.610309  18.701107  0.118756  1.340779  0.052122
1171  976.868229  816.527135  18.793014  0.082035  1.110257  0.095784
1172  911.610286  914.839859  18.820136  0.175606  1.330222  0.056683
1173  1017.696543  984.153252  18.773404  0.113493  1.196299  0.131947
1174  1093.662413  866.318787  18.725273  0.119126  1.198623  0.090374
1175  927.651594  955.908526  18.472605  0.142684  1.255516  0.068836
1176  969.697260  945.224929  18.657656  0.094981  1.316385  0.067628
1177  904.801587  1003.291402  18.493244  0.125546  1.261138  0.053757
1178  1129.950188  1067.682632  18.650085  0.094899  1.209279  0.061828
1179  931.736064  808.765235  18.609754  0.105068  1.306417  0.054201
1180  855.967252  1090.721198  18.635296  0.054252  1.339891  0.073479
1181  929.495306  1176.808243  18.643059  0.067268  1.393764  0.110250
1182  920.392335  947.869635  18.611437  0.062622  1.360270  0.055798
1183  1215.575962  1131.373445  18.527501  0.107557  1.257131  0.113359
1184  1218.498519  947.429458  18.460670  0.082047  1.424093  0.061902
1185  1026.912113  1071.208325  18.634367  0.087503  1.341344  0.099226
1186  1119.290225  1036.803523  18.472987  0.048146  1.260822  0.094469
1187  1102.547251  1035.856261  18.467551  0.048794  1.262835  0.064041
1188  1070.865183  922.677985  18.528980  0.083436  1.137126  0.091211
1189  1058.316472  1061.187011  18.421133  0.066916  1.312110  0.050346
1190  1112.615629  942.888632  18.455542  0.130156  1.327911  0.083962
1191  1009.538703  947.247063  18.432343  0.048801  1.266010  0.084083
1192  916.739256  1017.878692  18.330012  0.051818  1.225202  0.105106
1193  1128.569057  1110.990295  18.466169  0.137397  1.290817  0.072152
1194  941.912351  856.086221  18.358104  0.089078  1.171283  0.134229
1195  890.323190  1086.737613  18.511489  0.097631  1.209598  0.113227
1196  918.574182  874.493481  18.486161  0.057982  1.306964  0.064292
1197  1096.961352  1067.613123  18.532103  0.158805  1.280665  0.063581
1198  935.304192  941.992346  18.496003  0.076583  1.238655  0.048635
1199  1002.283684  1056.342651  18.469741  0.065243  1.176075  0.078166
1200  1120.032379  1007.263662  18.399351  0.069252  1.276983  0.049964
1201  1071.002952  1049.876029  18.395351  0.096417  1.227553  0.101881
1202  1072.565801  1106.626601  18.420573  0.053452  1.257232  0.058392
1203  1075.404554  1056.248074  18.283149  0.073292  1.270788  0.097659
1204  1073.158738  936.957215  18.417770  0.080237  1.323194  0.135114
1205  1185.351209  1104.080425  18.748483  0.187958  1.138058  0.071236
1206  938.592522  974.854697  18.414787  0.113332  1.228758  0.061264
1207  1022.853775  1006.250578  18.312544  0.067648  1.247724  0.060282
1208  1140.087009  953.165865  18.553668  0.111403  1.199297  0.121554
1209  1115.955630  989.542748  18.269436  0.046215  1.207179  0.060964
1210  1000.236134  972.527800  18.363223  0.098090  1.315128  0.118735
1211  964.804424  882.230108  18.343607  0.120332  1.266329  0.052554
1212  965.745152  987.414753  18.287371  0.081933  1.333294  0.095831
1213  1154.217083  1053.908419  18.171133  0.070032  1.341163  0.102106
1214  1039.469056  1014.938808  18.244633  0.047347  1.288397  0.057352
1215  1078.819328  1131.191910  18.323193  0.067705  1.133722  0.059990
1216  970.605691  1105.805476  18.219316  0.140496  1.261785  0.082034
1217  1016.400097  1090.092667  18.337504  0.080250  1.187813  0.066810
1218  1040.535122  934.202839  18.230598  0.097384  1.299138  0.063263
1219  1056.222679  1105.039565  18.312067  0.051066  1.234831  0.082582
1220  856.039281  1032.547287  18.240600  0.045991  1.132983  0.053071
1221  1014.437089  1056.630395  18.285707  0.113577  1.183004  0.050666
1222  1065.871729  1061.908296  18.178701  0.065930  1.140384  0.127361
1223  933.702390  1051.332157  18.222042  0.077209  1.231625  0.073106
1224  1066.513695  1013.047624  18.129438  0.045410  0.834333  0.164371
1225  1105.863209  1136.484966  18.134515  0.052264  1.129809  0.099213
1226  932.297748  895.476511  18.124963  0.090157  1.204074  0.052487
1227  1062.955684  1007.752909  18.006151  0.074981  1.290620  0.080550
1228  964.034908  1106.414203  18.172054  0.086725  1.307361  0.066152
1229  1066.716774  999.421563  18.131202  0.049218  1.082038  0.111212
1230  1002.791793  933.988516  18.263331  0.101507  1.091110  0.115280
1231  1097.976259  1031.620465  18.117691  0.091073  1.078845  0.073873
1232  1190.102446  954.983752  18.066588  0.054262  1.422925  0.080761
1233  1101.832888  1162.311455  18.010140  0.067404  1.175410  0.072516
1234  1169.243709  1189.746360  17.996378  0.044158  1.273351  0.062312
1235  1145.534648  1154.710036  18.077965  0.052848  1.131421  0.069125
1236  1009.584681  932.665856  17.875438  0.094080  1.302369  0.085164
1237  1157.255967  1102.486159  18.016494  0.094706  1.387434  0.101432
1238  970.491126  898.743665  18.015650  0.074683  1.167514  0.071023
1239  938.476851  1142.967398  17.956565  0.094412  1.515627  0.143072
1240  946.209157  1014.377349  17.648610  0.128196  1.224872  0.065151
1241  1050.293023  1122.446356  18.136031  0.102242  1.158178  0.050652
1242  997.497487  967.005307  17.953819  0.054678  1.132883  0.059236
1243  1080.774697  1054.579159  17.983235  0.086845  1.218227  0.105704
1244  1076.574433  1191.190405  17.954192  0.044566  1.155557  0.067165
1245  1171.693138  1022.130975  17.883220  0.074427  1.392587  0.077627
1246  919.358464  1007.947407  17.852467  0.073008  1.264158  0.051897
1247  985.382625  1013.859553  18.008820  0.101706  1.102986  0.049074
1248  1019.178025  1077.392937  17.870772  0.050356  1.101989  0.076043
1249  1084.329902  1123.128750  17.749286  0.084420  1.247806  0.079896
1250  1144.038359  1069.658624  17.870239  0.049284  1.248550  0.056502
1251  884.330066  1085.104005  17.891036  0.048711  1.253107  0.076551
1252  1151.649546  889.474458  17.932635  0.111592  1.093035  0.048015
1253  940.341105  1006.424842  17.756368  0.086758  1.313741  0.074838
1254  1102.401352  1036.851794  17.621605  0.074016  1.204608  0.087485
1255  1154.730844  1046.632059  17.750430  0.043549  1.131127  0.062161
1256  1079.111619  1022.507069  17.743161  0.048594  1.174191  0.043147
1257  1023.804805  1132.038021  17.655921  0.041730  1.178992  0.081773
1258  1171.228488  847.215903  17.713035  0.052538  1.093650  0.128477
1259  969.489244  982.528840  17.733014  0.042320  1.210680  0.050805
1260  963.501548  1159.173120  17.793490  0.121745  1.278446  0.077850
1261  1004.111217  1080.079790  17.652165  0.071954  1.179044  0.048909
1262  1082.263470  999.187415  17.700797  0.039872  1.110796  0.057683
1263  1070.109614  1109.583647  17.674977  0.082850  1.222165  0.051391
1264  982.593249  1203.459645  17.566875  0.077779  1.119003  0.051515
1265  939.960832  967.669268  17.740871  0.099546  1.094239  0.061666
1266  1057.157386  1079.511511  17.449649  0.079235  1.167675  0.062471
1267  950.220493  1068.160164  17.684506  0.047882  1.221377  0.100900
1268  1009.081795  904.536310  17.675668  0.069684  1.116458  0.045789
1269  875.404902  915.480392  17.639029  0.059917  1.210497  0.079067
1270  1035.614188  1028.229816  17.642399  0.051881  1.128487  0.044810
1271  963.135099  1045.459968  17.496412  0.052158  1.266129  0.066330
1272  978.514371  964.631491  17.435645  0.105491  1.198445  0.063976
1273  1105.060577  1101.418250  17.506949  0.046857  1.109078  0.074864
1274  966.224957  895.188685  17.596701  0.050663  1.182629  0.053563
1275  964.442092  982.396621  17.503948  0.043323  1.168746  0.048690
1276  926.553416  1129.404908  17.564070  0.055284  1.142091  0.050159
1277  1108.900823  1039.437804  17.515807  0.081863  1.004223  0.116253
1278  1143.475241  887.171072  17.451931  0.037026  1.124490  0.057877
1279  1044.569047  1100.469002  17.406963  0.040595  1.125188  0.098891
1280  1101.879132  1081.006121  17.442012  0.071892  1.143507  0.098679
1281  993.784095  928.019272  17.467346  0.053185  1.068487  0.114015
1282  992.539279  944.171274  17.385233  0.040861  1.081345  0.056518
1283  1032.050975  843.858166  17.327693  0.062664  1.174595  0.070774
1284  1109.587292  888.446054  17.368246  0.044935  1.052442  0.058708
1285  972.389786  1056.298762  17.345630  0.044474  1.152085  0.089405
1286  838.918984  956.464579  17.386465  0.079623  1.164885  0.066654
1287  960.091054  1084.056351  17.220927  0.054425  1.000813  0.118555
1288  1118.592860  974.481818  17.261945  0.067779  1.101425  0.053852
1289  1059.641242  1052.984525  17.406903  0.070839  1.192977  0.123240
1290  1122.170163  1068.664586  17.291290  0.035891  1.172714  0.055467
1291  1069.160899  1088.718008  17.373346  0.079620  1.123356  0.048091
1292  1056.977469  1067.723981  17.267222  0.037194  1.075433  0.083619
1293  1068.789801  1048.567501  17.269831  0.050092  1.113363  0.072288
1294  1186.239468  1158.402314  17.175594  0.097331  1.103779  0.066126
1295  1016.484393  1036.281262  17.335106  0.095441  1.166062  0.040393
1296  870.104556  1002.532270  17.157422  0.035913  1.189057  0.038176
1297  1014.997258  1015.591649  17.191849  0.038438  1.098908  0.100601
1298  1076.654572  1012.851855  17.136790  0.038888  1.183774  0.102355
1299  867.199242  1070.502502  17.176586  0.058368  1.068562  0.061159
1300  1172.154573  969.596252  17.155099  0.057407  1.119933  0.039147
1301  935.880745  1108.646277  17.196468  0.067436  1.049510  0.044754
1302  983.637955  914.706084  17.116292  0.060445  1.397104  0.093770
1303  886.278308  917.547008  17.143026  0.052588  1.178249  0.048894
1304  1160.778117  1150.212669  17.130362  0.041521  1.059366  0.046349
1305  1006.419968  1092.847473  16.885757  0.064553  1.133213  0.053133
1306  860.442563  1006.420398  17.061012  0.108740  1.019534  0.057320
1307  1162.065203  997.824369  16.968972  0.041755  1.072272  0.082489
1308  883.877724  1103.199191  16.924952  0.046549  1.197402  0.108596
1309  1162.026435  890.912113  16.944075  0.062311  1.003657  0.065180
1310  1059.978486  1011.218248  16.913722  0.039425  1.250822  0.052953
1311  942.682911  1102.425436  16.862491  0.052891  1.165583  0.079239
1312  986.507162  1072.990659  16.948346  0.045829  1.161714  0.053105
1313  824.694764  1126.630810  16.892104  0.065415  1.048662  0.048461
1314  1177.514742  964.086374  16.801396  0.037515  1.004481  0.059951
1315  1085.040947  1141.940019  16.867035  0.057407  1.026382  0.050104
1316  903.865999  939.328799  16.836649  0.036215  1.075559  0.051521
1317  1049.472451  1012.313170  16.752295  0.045650  1.064341  0.041696
1318  1181.573960  881.994711  16.755402  0.043191  1.064794  0.066495
1319  1085.832806  1082.261053  16.727833  0.073400  1.085721  0.097318
1320  827.645604  951.343841  16.671553  0.050773  1.058243  0.075119
1321  1003.585372  1140.941210  16.691378  0.074587  1.170092  0.082442
1322  1075.277148  1132.817674  16.622203  0.035144  1.093168  0.071165
1323  1051.791196  1005.076972  16.605373  0.054285  1.073880  0.036474
1324  968.146104  945.581466  16.703524  0.059459  1.082829  0.037599
1325  1178.511094  1155.973898  16.566685  0.040539  1.053582  0.072439
1326  1057.554780  849.078170  16.504685  0.052785  1.023142  0.032699
1327  945.081590  1061.745889  16.520602  0.052976  1.051088  0.032158
1328  977.566085  971.967365  16.429751  0.055428  1.032506  0.047993
1329  867.905044  904.374682  16.426288  0.072432  1.164321  0.071906
1330  935.141560  1096.355308  16.424280  0.070464  1.096568  0.038074
1331  1023.729541  947.217285  16.360475  0.088314  1.038368  0.031074
1332  898.153554  1098.109276  16.442483  0.057440  1.079358  0.060199
1333  929.549435  899.003290  16.379444  0.064440  1.076965  0.055975
1334  1149.253837  969.034179  16.402007  0.076236  1.034898  0.037328
1335  1061.740667  884.655104  16.262231  0.037331  1.018419  0.042518
1336  1186.065142  1027.185992  16.410587  0.064097  1.065363  0.051343
1337  1111.278162  951.148913  16.225307  0.054045  1.058624  0.094461
1338  977.576038  1055.155302  16.184448  0.035797  1.095035  0.031551
1339  963.650499  1155.196948  16.161930  0.039749  0.973755  0.043102
1340  949.486305  1018.683494  16.032619  0.033529  1.019802  0.037759
1341  1154.160087  1069.625549  16.012100  0.039893  1.021975  0.057253
1342  954.713457  1123.152957  16.028828  0.035319  0.952265  0.027241
1343  1020.518707  1083.589284  16.000110  0.027645  0.980334  0.032090
1344  1088.490824  943.832207  16.031573  0.096573  0.957417  0.047049
1345  1004.869673  976.413164  16.028589  0.038284  1.048855  0.049315
1346  892.224369  1147.931238  16.055322  0.063988  0.928952  0.064856
1347  1042.130207  1142.747873  15.930026  0.027243  0.874268  0.046893
1348  1108.559032  1088.598077  15.873602  0.027267  0.891088  0.046951
1349  897.895178  1007.430287  15.916280  0.046089  0.994414  0.029481
1350  1135.822152  1211.198177  15.865182  0.056209  1.056878  0.087703
1351  1110.486405  1074.527334  15.876664  0.040514  0.991031  0.042054
1352  1109.094011  952.601068  15.814558  0.066856  0.917629  0.034496
1353  862.829855  911.899730  15.831177  0.061401  0.975024  0.043474
1354  1148.182589  1062.788588  15.808343  0.074619  0.881301  0.071623
1355  991.257313  974.703370  15.737072  0.059573  0.992996  0.046070
1356  975.818179  1129.690706  15.649090  0.033742  0.949390  0.047265
1357  1098.587976  1066.787533  15.635131  0.034372  0.964538  0.029524
1358  1026.356081  948.717117  15.617766  0.062838  0.937157  0.035750
1359  891.303014  942.893957  15.533965  0.078952  0.988725  0.042356
1360  1066.480722  1064.873513  15.401302  0.063428  0.894617  0.040196
1361  972.131676  1065.039155  15.375177  0.028086  0.863148  0.030499
1362  1089.129964  1166.197965  15.434804  0.073427  0.922092  0.028127
1363  853.610516  1093.428838  15.158921  0.055159  0.855976  0.027946
1364  1105.683231  976.434586  15.076503  0.050209  0.803829  0.089904
1365  1037.436068  1088.777708  15.159658  0.029014  0.847041  0.046479
1366  1051.325645  825.732608  15.041100  0.032433  0.951695  0.075612
1367  1158.355169  1036.320399  15.020896  0.026496  0.881924  0.024408
1368  1055.879066  849.436078  15.101303  0.039969  0.782910  0.036360
1369  1104.966328  1016.572355  15.048041  0.053717  0.814005  0.034469
1370  929.445908  1035.102618  14.970930  0.040407  0.645720  0.066692
1371  1101.184717  1016.409764  15.007413  0.058956  0.800497  0.037077
1372  987.494892  1095.007764  14.872328  0.023492  0.804813  0.049556
1373  963.571610  968.358072  14.792050  0.024411  0.800752  0.027858
1374  1071.289139  1124.473078  14.767658  0.052654  0.753674  0.023560
1375  936.368497  1051.009188  14.806710  0.048127  0.771279  0.028944
1376  1043.217940  916.776755  14.694602  0.026369  0.765613  0.025960
1377  1117.495296  998.404751  14.672607  0.033872  0.789281  0.028248
1378  1055.706153  1129.980273  14.609127  0.022494  0.729992  0.052207
1379  929.185628  996.701389  14.463244  0.023042  0.685822  0.034086
1380  1106.467799  1019.744215  14.372484  0.024799  0.581597  0.059258
1381  883.695923  961.712538  14.326720  0.037899  0.602629  0.031931
1382  1108.791255  961.165332  14.367106  0.054136  0.543783  0.067223
1383  1001.067868  953.051750  14.231852  0.039214  0.658192  0.045953
1384  990.910034  999.929201  14.203909  0.033101  0.618584  0.021153
1385  1017.835397  961.140900  14.178331  0.034002  0.625264  0.028571
1386  1031.649792  1061.302620  14.090602  0.045668  0.617641  0.035170
1387  929.321001  884.617687  14.198544  0.065323  0.591503  0.039462
1388  1116.375060  1087.869174  14.082605  0.039325  0.567986  0.022650
1389  1048.752538  1060.021207  14.036240  0.026988  0.567227  0.030532
1390  996.924498  911.231058  13.998041  0.052466  0.599463  0.025333
1391  1021.215560  1061.183508  13.789753  0.026920  0.579920  0.052019
1392  1030.821990  1092.752466  13.730860  0.045911  0.478330  0.035410
1393  957.780378  1076.967363  13.729877  0.045155  0.530950  0.029999
1394  1041.204695  1118.057984  13.549754  0.068482  0.527957  0.025518
1395  925.455442  1096.418406  13.661804  0.039333  0.576260  0.061460
1396  1019.655557  1022.360166  13.712793  0.057621  0.508218  0.026056
1397  1043.471933  1128.824955  13.546646  0.022612  0.468087  0.048993
1398  1100.472218  968.357417  13.500709  0.028727  0.514406  0.026537
1399  881.382564  969.335931  13.462372  0.038226  0.522124  0.034781
1400  978.790359  925.032120  13.393595  0.031742  0.522921  0.049558
1401  945.162424  1115.710628  13.369877  0.025545  0.503302  0.023625
1402  955.870351  1237.243064  13.344297  0.055565  0.479571  0.026530
1403  1128.061338  1222.148342  13.227566  0.025025  0.470745  0.036995
1404  1014.259200  932.260413  13.160195  0.026003  0.458772  0.029281
1405  1084.772372  933.465436  12.985470  0.038061  0.428776  0.032354
1406  916.047053  1018.528379  12.883627  0.027749  0.327995  0.038881
1407  975.186801  1060.525240  12.861657  0.035609  0.380454  0.033068
1408  1155.339059  912.860365  12.804364  0.051803  0.397171  0.050371
1409  1047.960494  969.609564  12.778965  0.049126  0.334772  0.019125
1410  1093.848371  1021.974508  12.651059  0.042006  0.397858  0.047718
1411  1016.016159  1112.731382  12.515537  0.039789  0.360106  0.021745
1412  1036.298711  978.992681  12.380014  0.029773  0.352219  0.038573
1413  1085.715988  1006.204805  12.317301  0.026108  0.307291  0.024505
1414  968.496640  935.048622  12.321421  0.018618  0.244722  0.032345
1415  1086.027899  1054.507540  12.238776  0.026304  0.252447  0.031725
1416  1067.418542  1167.249940  12.165212  0.060825  0.308771  0.029595
1417  989.884928  1175.001477  11.993101  0.027517  0.260891  0.030331
1418  1086.913065  1036.169441  12.009900  0.022049  0.282116  0.019120
1419  1059.580948  1028.116173  11.885786  0.018803  0.259958  0.033931
1420  958.664090  909.047726  11.795680  0.048901  0.225891  0.037279
1421  937.989366  1037.713142  11.744596  0.018082  0.239235  0.023578
1422  1006.965105  871.487734  11.665507  0.020861  0.156480  0.020119
1423  1153.761935  1056.289956  11.524175  0.026244  0.252910  0.041247
1424  1145.705820  1087.889797  11.476583  0.023033  0.165137  0.025684
1425  841.874227  945.981604  11.373579  0.035931  0.165772  0.033829
1426  887.863357  1011.022541  11.333610  0.043489  0.117129  0.044083
1427  890.275942  996.657992  11.300636  0.027525  0.081536  0.019969
1428  1018.565140  954.162258  11.186450  0.027835  0.126089  0.027311
1429  1000.410071  1025.017610  11.116203  0.024081  0.074696  0.029346
1430  1118.203290  1072.012861  11.030658  0.029923  0.058837  0.022900
1431  1125.667410  1033.978245  10.970225  0.050497  0.026566  0.025300
1432  1116.342968  937.078067  10.948848  0.041208  0.030141  0.021846
1433  1075.750502  1146.930995  10.873110  0.030568  0.020850  0.042801
1434  1037.556122  1007.602463  10.808788  0.043017  0.012519  0.017084
1435  1080.316027  912.901161  10.681268  0.029607  -0.021953  0.023719
1436  1017.259069  1066.166989  10.585405  0.030427  -0.023225  0.022009
1437  1096.435589  991.510856  10.548649  0.045180  -0.016904  0.024791
1438  1014.407578  1083.921674  10.557707  0.038057  -0.065843  0.032112
1439  1022.221660  995.661394  10.441477  0.017371  -0.006549  0.017673
1440  1111.664353  1017.099469  10.338190  0.016476  -0.014048  0.028267
1441  1089.973617  975.770829  10.245114  0.023779  -0.037910  0.018298
1442  986.501632  876.755988  10.225012  0.047638  -0.084473  0.021912
1443  1009.326100  1105.951724  10.082188  0.017170  -0.049577  0.018323
1444  1128.410726  951.252685  9.993683  0.030992  -0.054200  0.022004
1445  955.477299  1050.132869  9.868281  0.019116  -0.104569  0.020147
1446  1070.579794  1058.360340  9.663765  0.032405  -0.046424  0.025460
1447  1074.816840  866.243420  9.586518  0.019219  -0.071559  0.022370
1448  1042.294538  949.257134  9.550951  0.033819  -0.057932  0.026721
1449  1176.209777  1031.419146  9.416224  0.031237  -0.118404  0.032962
1450  1115.744113  1095.917281  9.297125  0.036783  -0.048892  0.031703
1451  1170.434314  1148.631491  9.010728  0.021397  -0.128296  0.029796
1452  994.768056  1164.269363  8.748713  0.028652  -0.134248  0.026416
1453  959.365755  1188.937708  8.499310  0.016430  -0.140773  0.025031
1454  975.455334  948.410839  8.220051  0.024814  -0.099655  0.036743
1455  917.701468  948.979753  8.018743  0.029605  -0.136984  0.015917
1456  989.926011  959.196631  6.933956  0.030864  -0.102654  0.020310
1457  1126.997586  1050.781266  14.940793  0.026097  0.737297  0.031982
1458  1174.543094  1076.785398  14.943429  0.027549  0.814885  0.060891
20  1196.739725  1914.040235  8.329549  0.023582  0.765915  0.036059
21  148.469668  1200.167687  7.597162  0.027256  0.141294  0.025407
22  1931.594720  881.390990  8.019861  0.016964  -0.073183  0.015984
23  948.255159  1317.590022  8.423630  0.037063  -0.062114  0.016810
24  920.259808  818.629217  9.095264  0.022433  0.439706  0.027842
25  1852.299864  915.437033  9.784184  0.042558  0.517125  0.016073
26  1990.296654  1077.165936  9.282369  0.030969  0.029691  0.020223
27  29.906855  2036.141064  11.023539  0.018088  1.005993  0.031675
28  380.726746  1644.889913  13.441959  0.040052  2.454292  0.021773
29  520.415900  1869.279709  10.924189  0.022807  1.102265  0.018456
210  908.729199  1769.580435  14.479190  0.022783  2.819670  0.027223
211  897.722650  288.886994  14.244134  0.039085  2.592278  0.028791
212  1790.961919  1172.143703  17.169555  0.045901  3.962925  0.056136
213  518.671468  1436.129705  12.636261  0.032650  1.330029  0.022573
214  647.728694  1022.733200  10.873394  0.035864  0.158737  0.020976
215  757.244820  979.550708  11.094155  0.042632  0.345745  0.021029
216  788.108261  903.388907  14.234984  0.029728  1.964842  0.029577
217  1745.636750  1414.809333  12.290901  0.043315  0.675700  0.024978
218  771.099993  1526.334577  12.007812  0.018639  0.245684  0.028507
219  44.140384  1780.437071  16.650093  0.061862  2.999857  0.076626
220  328.021998  238.419703  12.707939  0.034237  0.774014  0.034450
221  372.187467  1098.338796  12.061008  0.019737  0.501314  0.027855
222  354.503136  1752.910050  14.113129  0.028993  1.223044  0.038667
223  234.714410  440.523166  14.705820  0.023052  1.392354  0.039323
224  1469.349871  1056.944139  12.689597  0.033635  0.323991  0.040438
225  14.817976  174.927375  12.150784  0.031650  0.350489  0.023292
226  1160.831248  1233.997511  12.678796  0.019960  0.566346  0.023968
227  417.201644  1243.269732  14.658824  0.030045  1.485615  0.039695
228  1815.043112  1352.168780  11.759472  0.053662  0.104718  0.041072
229  1955.137077  1866.990581  15.599874  0.054241  1.771455  0.035819
230  1105.949328  1296.325541  13.399741  0.061876  0.606267  0.019952
231  608.441820  931.926130  12.329566  0.023948  -0.033350  0.030447
232  1958.160463  1913.818645  14.101680  0.046115  1.033575  0.075512
233  168.100900  1814.117473  14.528900  0.026126  1.140895  0.046577
234  77.949097  1717.187419  13.418870  0.028904  0.451268  0.035376
235  134.250473  1867.959505  13.177286  0.039772  0.433329  0.027873
236  2015.380677  83.017144  14.634942  0.024631  1.301355  0.038712
237  1016.934966  684.328027  12.916733  0.033538  0.335771  0.033073
238  116.661773  726.149992  14.021106  0.050190  0.564313  0.038861
239  52.778599  1966.849788  14.323472  0.044465  0.797135  0.055704
240  22.820199  490.990242  12.718590  0.019287  -0.109403  0.020084
241  431.035380  1438.704107  14.620222  0.025929  0.746017  0.045457
242  1854.330719  417.527771  18.145858  0.085905  2.765603  0.061490
243  845.061084  1915.866193  18.526211  0.097370  2.999046  0.068373
244  203.588010  1821.039900  18.938714  0.095530  3.135905  0.109908
245  333.780878  560.710155  14.340609  0.047172  0.658828  0.052630
246  1148.296680  614.731910  13.450515  0.035636  0.211395  0.047341
247  167.831360  1578.415817  14.786814  0.067925  1.024419  0.032208
248  424.091956  449.057585  14.484504  0.032347  0.735229  0.024824
249  1603.893089  1480.162919  14.110053  0.048086  0.483593  0.035461
250  819.579576  1705.730223  15.249795  0.024864  1.087915  0.027416
251  1046.488356  658.581532  14.387011  0.025262  0.607834  0.039350
252  1760.801926  1275.976940  20.748569  0.261778  3.801810  0.174345
253  853.738967  2039.031160  19.643706  0.113021  3.139254  0.172342
254  1252.997978  614.666026  16.545869  0.043841  1.445509  0.051003
255  15.604649  48.026382  15.243430  0.063084  0.830098  0.048148
256  60.979110  799.817040  14.277138  0.023243  0.238317  0.024024
257  1353.746855  482.755589  19.236000  0.159695  3.267112  0.106360
258  195.158837  1531.135905  14.537319  0.030827  0.629928  0.037553
259  402.351590  1353.255590  14.925536  0.039588  0.540667  0.035329
260  228.372807  1050.204132  18.690231  0.135334  2.909110  0.120228
261  1500.023794  1209.829548  16.910406  0.040852  1.748569  0.043105
262  102.071391  1958.434522  15.048407  0.034526  1.042575  0.058995
263  498.482403  998.406360  16.951434  0.034152  1.779080  0.056732
264  717.426238  37.011629  15.510708  0.070360  0.934763  0.064222
265  138.758409  1540.065767  19.076758  0.200185  3.509791  0.086411
266  1170.622782  386.388801  17.222851  0.055940  2.095096  0.037615
267  1017.135976  636.529248  18.092017  0.049106  2.398185  0.051484
268  497.970575  300.511456  17.654697  0.047763  2.269514  0.101829
269  811.196728  1235.250281  14.870066  0.067801  0.702799  0.045633
270  867.389006  1571.885577  16.125554  0.056519  1.555212  0.051482
271  1461.458632  1131.954299  14.368647  0.034009  0.648759  0.089701
272  538.619742  1646.163396  17.689740  0.045111  1.617514  0.089356
273  417.919578  1764.120436  17.227459  0.063408  1.406197  0.047495
274  1087.395708  6.197232  16.259721  0.072077  0.912954  0.060774
275  707.631866  1089.294489  15.601685  0.038166  0.898104  0.067619
276  515.338270  1292.648285  16.354243  0.029714  1.077398  0.045612
277  1999.659334  572.934216  16.325478  0.059329  0.991834  0.054715
278  1300.200723  1356.394077  18.184310  0.059202  2.143065  0.085563
279  283.178080  338.278053  15.221409  0.035484  0.546588  0.029582
280  728.925091  1301.157559  19.326676  0.105313  2.740147  0.075564
281  1802.149254  1565.792945  14.189019  0.028203  -0.041080  0.037372
282  962.309510  97.379253  18.024653  0.079710  2.155027  0.092440
283  1209.133362  320.333951  16.812492  0.037520  1.530433  0.035738
284  1820.831484  436.983854  15.947814  0.041399  0.932302  0.052285
285  1073.636941  999.733761  16.950494  0.046881  1.330265  0.083251
286  227.915038  764.277850  15.725091  0.047074  0.778667  0.045506
287  949.025585  215.251897  15.933260  0.028207  0.847792  0.041010
288  1128.851680  886.825173  19.602821  0.137265  2.965448  0.070039
289  1788.834371  1770.238019  19.183451  0.058284  2.958553  0.136858
291  1407.800007  920.274678  20.100916  0.180696  3.244677  0.087341
292  1947.075051  2029.520657  17.511057  0.043842  1.974152  0.041899
293  2003.496412  1995.156325  17.337564  0.067660  2.008191  0.106485
294  1446.008798  1807.096381  14.832094  0.041358  0.360566  0.033202
295  1187.766784  18.842484  16.426447  0.041090  1.228058  0.041289
296  441.163880  1230.173183  16.347337  0.045076  1.009707  0.078874
297  348.070461  1303.916997  15.308302  0.031674  0.663348  0.039026
298  144.252391  402.045916  14.923087  0.044134  0.236145  0.037930
299  1978.047256  260.738288  15.892660  0.044512  0.932319  0.056083
2100  367.938289  1997.457790  15.952302  0.051012  0.919196  0.061544
2101  601.088964  1236.554282  20.400242  0.094353  3.178758  0.140096
2102  1762.670987  684.014811  16.449360  0.085856  0.918859  0.047570
2104  844.728768  334.915592  16.725303  0.036193  1.095354  0.072108
2105  258.440396  1147.175337  17.525105  0.044805  1.597511  0.064185
2106  1375.021194  1026.969694  15.290020  0.061724  0.374774  0.025368
2107  815.895681  1786.147261  16.399973  0.039348  0.646807  0.067693
2108  925.696700  1564.973939  15.947785  0.032783  0.731170  0.055691
2109  461.467282  1.349832  17.595855  0.063365  1.443250  0.072964
2110  1509.016960  1197.397604  16.028637  0.036801  0.903828  0.050227
2111  1670.554984  1336.111682  16.788755  0.034844  1.098337  0.054800
2112  877.476646  1348.854321  17.580495  0.108354  1.452886  0.081187
2113  1505.645371  31.945831  16.556074  0.044701  1.019795  0.030339
2114  2017.233357  1398.940185  15.919046  0.034303  0.747344  0.073655
2115  1843.035219  561.509220  17.583244  0.078761  1.382879  0.053712
2116  425.075001  1872.365453  20.421750  0.132255  3.296331  0.170725
2117  366.087717  921.377918  18.851998  0.144515  2.315218  0.110058
2118  41.046117  1900.429438  16.523979  0.056636  1.199185  0.049067
2119  1306.675130  311.614680  15.630171  0.068101  0.228098  0.037858
2120  1479.915811  44.878681  15.010760  0.042937  0.119943  0.049858
2121  1178.831323  547.197140  18.115807  0.064368  1.825810  0.095285
2122  1720.164721  1590.421998  17.650318  0.082716  1.703952  0.072597
2123  544.604449  560.590139  18.070141  0.176419  1.692044  0.042017
2124  1997.319552  933.911643  20.746321  0.094719  3.278390  0.185824
2125  1499.886525  232.159022  16.726491  0.040435  1.246165  0.059544
2126  647.769881  776.380430  17.394322  0.055564  1.268529  0.063427
2127  1679.991229  595.637442  16.124280  0.031353  0.908231  0.042425
2128  174.936086  1353.264010  16.526827  0.042611  0.847961  0.054223
2129  449.746702  644.202646  19.990594  0.105650  2.747275  0.228901
2130  1805.243275  974.269314  16.824812  0.033780  0.888118  0.049115
2131  1293.077496  297.848637  15.554612  0.063596  0.408329  0.033401
2132  1861.036384  206.667429  15.362656  0.035259  0.371995  0.037672
2133  178.380370  752.173799  16.297794  0.052230  1.065100  0.030897
2134  1492.592228  1203.573894  16.705369  0.069091  0.904392  0.059269
2135  39.262759  1913.693235  18.857258  0.089112  2.359774  0.147384
2136  1601.924766  2009.069555  18.832367  0.157556  2.107049  0.056093
2137  280.474185  1034.260228  16.936631  0.094442  0.848984  0.067902
2138  1987.652833  1205.308329  20.107645  0.195129  2.891209  0.148883
2139  452.928921  1478.270721  17.138637  0.085272  1.078981  0.079039
2140  374.923739  1763.732646  19.855122  0.107743  2.369539  0.139937
2141  1966.001228  952.204713  17.371104  0.052802  1.194439  0.128265
2142  1543.755374  162.568019  18.252181  0.088290  1.616016  0.139856
2143  149.469620  22.102771  19.592792  0.137065  2.349984  0.119083
2144  637.241350  895.643674  19.039781  0.068676  1.929658  0.078915
2145  874.134218  1625.623350  17.092379  0.046371  1.202388  0.117391
2146  60.755555  1482.834245  17.559257  0.067579  1.237886  0.050765
2147  1290.138880  108.648104  17.073222  0.062855  0.927696  0.037392
2148  803.441548  1319.283876  18.465282  0.084401  1.577804  0.055764
2149  594.788428  743.224386  18.796084  0.105822  1.941765  0.085939
2150  341.185516  480.126046  17.557069  0.050794  1.162615  0.055227
2152  1912.284027  1465.982390  19.969625  0.095360  2.416933  0.162192
2153  370.804223  23.765800  19.288563  0.102234  2.284435  0.068431
2154  1803.166675  421.345380  18.042977  0.148949  1.521874  0.052703
2155  768.273593  1313.997938  19.776088  0.171000  2.483644  0.112102
2156  1084.596478  1343.601039  19.095442  0.122942  2.289385  0.098956
2157  883.258379  159.546085  17.417163  0.044765  0.913739  0.076984
2158  619.677904  309.051429  17.544400  0.067416  1.062819  0.081961
2159  1016.490637  1207.344915  15.982115  0.048943  0.281144  0.043633
2160  792.715191  573.570914  20.417762  0.140022  2.839430  0.091113
2161  277.834163  2035.527587  17.156268  0.048872  1.238297  0.045482
2162  346.904777  23.196580  17.525364  0.056578  0.822064  0.084495
2163  1511.475284  654.671239  17.324222  0.071285  1.069553  0.065060
2164  1753.813250  132.377893  18.199031  0.131456  1.800777  0.117730
2165  2005.944528  1665.711142  17.806325  0.067288  1.435113  0.062277
2166  860.342246  349.239565  17.289957  0.072474  1.650721  0.057434
2167  711.928278  1042.343320  17.880386  0.055147  1.147049  0.062644
2168  1724.133169  1567.688511  17.712886  0.042690  2.085320  0.091389
2169  730.909128  75.698602  16.648303  0.032152  0.536048  0.046815
2170  1610.216211  502.093425  18.191778  0.071273  1.623264  0.051752
2171  1551.177397  1388.218651  15.759778  0.030447  0.007360  0.033660
2172  575.602772  363.212123  17.204298  0.096803  0.862553  0.054038
2173  878.496200  690.514399  16.894298  0.077754  0.992830  0.069047
2174  1776.403695  383.597969  20.483003  0.122071  2.804403  0.136742
2175  1494.769870  1183.908027  18.734198  0.137421  1.877154  0.107134
2177  1116.586575  227.116152  16.832622  0.066992  0.613149  0.067745
2178  1415.324729  2004.908506  16.723091  0.049763  0.693894  0.087444
2179  2034.119740  1161.132679  16.842041  0.050031  0.671746  0.054712
2180  878.453524  258.370546  18.158582  0.054597  1.386872  0.070260
2181  555.567759  443.185108  17.834210  0.052024  1.328466  0.040942
2182  1667.193857  354.207325  19.898565  0.075042  2.533089  0.089540
2183  1168.112226  172.264302  16.369227  0.037057  0.578499  0.078047
2184  685.143930  1270.093970  17.942131  0.096943  1.364722  0.109836
2185  1602.011517  1311.566688  20.741451  0.118896  3.055767  0.098771
2186  1495.484432  1528.279851  17.512937  0.083025  0.997653  0.052214
2187  558.169111  260.131166  18.428672  0.061380  1.122417  0.069459
2188  586.872227  1670.199810  20.249532  0.079853  2.323674  0.179670
2189  1295.434279  699.403442  17.685546  0.119363  1.110619  0.042410
2190  1829.241907  129.987183  19.561541  0.101120  2.209275  0.110931
2191  916.637688  1128.667270  18.602013  0.066708  1.559720  0.113850
2192  1782.646194  1861.741323  18.896660  0.055153  1.417759  0.092731
2193  1841.639939  1382.476726  17.572509  0.053897  0.534645  0.077251
2194  765.533953  1477.653473  17.867823  0.086745  1.144964  0.125934
2195  111.983355  188.284245  18.138505  0.059750  1.249748  0.063129
2196  958.159631  1852.000216  16.929896  0.041970  0.445111  0.058536
2197  1702.813231  65.766212  18.334007  0.145826  1.250660  0.072641
2199  96.801100  1222.746262  18.287170  0.108014  1.157343  0.093862
2200  341.203002  1192.811510  19.525125  0.129660  2.075708  0.120730
2201  1091.427984  1706.065039  17.949662  0.087934  1.214413  0.064660
2202  1551.862294  1856.421721  20.262253  0.208794  2.495180  0.192435
2203  1400.488784  1842.332702  17.537594  0.086166  0.730200  0.066225
2205  1980.625817  292.196046  18.247309  0.059061  1.238624  0.058955
2206  2023.960352  1727.353614  18.209543  0.078779  1.358771  0.114413
2207  1179.534265  878.645068  19.001843  0.091332  2.363114  0.065274
2208  186.688721  1526.720033  18.070782  0.070626  1.142999  0.096175
2209  892.100794  161.474586  20.441475  0.099916  2.533783  0.141638
2210  688.604371  579.473703  18.966557  0.080034  1.538672  0.073308
2212  1515.734838  1966.328658  18.190885  0.109106  1.103951  0.047099
2213  284.977142  564.651666  19.216032  0.084904  1.699570  0.070195
2214  1261.519312  1590.478336  17.790350  0.070732  0.918235  0.079954
2215  892.209411  39.394829  17.463264  0.039969  0.549585  0.098159
2216  8.424880  237.921917  20.735944  0.146241  2.595164  0.132349
2217  673.686073  218.066703  17.955024  0.076554  1.016931  0.073665
2218  1132.650158  1447.298930  18.224969  0.089196  1.398548  0.077994
2219  772.243195  1725.531253  20.669644  0.210385  2.544833  0.130206
2220  563.408964  1129.363629  20.382301  0.160391  2.349803  0.140849
2221  1922.333894  960.866215  19.367087  0.143711  1.403298  0.143902
2222  1953.819159  1887.131316  17.925378  0.083656  0.858650  0.051791
2223  1916.999518  1771.362185  17.801466  0.085365  1.031739  0.061936
2224  1737.823529  371.437389  16.529682  0.047861  0.240336  0.053109
2225  2039.649866  575.864720  19.015510  0.082454  1.388224  0.080229
2226  896.903113  60.209521  18.762888  0.087634  1.186502  0.083228
2228  328.292109  116.806164  18.732773  0.098659  1.362435  0.109602
2229  1369.280630  1748.179782  19.947203  0.149125  2.279825  0.078633
2230  641.798635  901.469061  19.533623  0.106564  2.010534  0.139864
2231  121.698359  340.124262  19.715444  0.142570  1.996878  0.112252
2232  1063.758606  396.621597  18.623455  0.070156  1.490639  0.109275
2233  1848.098195  1441.594824  17.877406  0.107903  1.109538  0.110637
2234  1960.790295  2036.414529  18.281781  0.094215  1.078690  0.089317
2235  666.798864  870.851516  18.062702  0.067575  1.117850  0.044483
2236  1853.092135  1556.780016  18.748505  0.157028  1.517764  0.067417
2237  1346.211249  177.932924  18.826177  0.077824  1.642105  0.093937
2238  1724.299314  300.890659  17.428123  0.114527  0.831727  0.058618
2239  280.675462  1089.026142  16.966260  0.040701  0.503043  0.074165
2240  1204.638991  128.627853  16.806768  0.032149  0.074744  0.062694
2241  368.198277  1226.267440  19.402544  0.117222  1.719108  0.082388
2242  577.168357  220.490963  17.883437  0.069512  0.747490  0.063223
2243  787.162949  1488.756401  17.782945  0.064179  1.247164  0.100350
2244  2038.450839  1819.630151  18.221806  0.078381  1.076468  0.070484
2245  1766.338346  1160.122655  18.375992  0.078693  1.040966  0.140719
2246  458.625172  858.330153  16.086914  0.042425  -0.095330  0.058384
2247  845.962345  26.712284  18.413522  0.062577  1.375602  0.099091
2248  447.676706  1719.316347  18.371280  0.104883  1.080996  0.119693
2249  1312.479959  1933.113091  18.966859  0.055532  1.886428  0.119474
2250  563.959976  256.992029  17.531224  0.098902  0.675641  0.064651
2251  251.721434  177.898314  18.260598  0.114600  0.866306  0.142055
2252  1842.717621  1742.931485  18.218179  0.053575  1.196916  0.099498
2253  1340.500318  1419.475307  18.228270  0.084947  1.304715  0.045599
2254  931.280334  1837.159152  18.184711  0.066147  0.995654  0.107796
2255  89.732207  1750.006506  18.204880  0.048043  1.144399  0.174948
2256  1569.644187  1556.038147  20.631690  0.184384  2.076373  0.111614
2257  447.301963  375.821002  19.786863  0.088796  1.578627  0.075747
2258  880.860592  1254.003985  18.738473  0.087870  1.715492  0.067160
2259  1749.242219  74.926488  19.063982  0.115676  1.321769  0.091299
2261  310.878539  49.202638  18.402368  0.091012  1.175466  0.081179
2262  540.299835  1232.971239  20.392940  0.295522  2.131690  0.135613
2264  693.405923  2014.925087  19.511199  0.159888  1.864163  0.072218
2266  953.727545  622.485813  18.058120  0.094815  0.921651  0.082028
2267  1441.785197  1060.043280  18.997921  0.073248  1.225974  0.068899
2268  1371.654634  1914.801892  19.633094  0.101803  1.365661  0.132897
2269  545.279191  928.670020  19.191651  0.120743  1.859904  0.106329
2270  759.025039  29.954624  19.903888  0.148712  1.319379  0.130143
2271  930.137313  1347.462149  19.932416  0.081784  1.839374  0.088531
2272  1857.585706  821.532814  20.375723  0.211962  2.243901  0.088841
2273  597.381989  1253.942873  18.584063  0.114788  1.085717  0.078554
2274  357.060079  910.455145  18.764833  0.053600  1.094689  0.064596
2275  820.817434  1158.442336  19.408019  0.112669  1.570601  0.070027
2276  1091.853274  943.664016  19.828974  0.102943  1.556971  0.143407
2277  1094.135126  59.074353  17.854125  0.098138  0.769749  0.085338
2278  1595.569743  1590.973669  20.351943  0.154323  1.877585  0.105965
2279  1273.147271  1325.515974  18.932414  0.062636  1.466828  0.069264
2280  746.310779  294.161608  19.063210  0.146958  1.320279  0.094556
2281  697.648164  1387.879213  20.446876  0.105923  1.940462  0.173391
2282  184.055254  686.795553  18.531622  0.085763  1.251252  0.140694
2283  1087.260613  1330.306072  19.944952  0.080870  1.669451  0.115083
2284  1537.611615  1653.231990  18.533201  0.092570  1.210111  0.094861
2286  672.190439  784.502856  18.205849  0.056920  0.914733  0.093398
2287  1512.311678  1602.168708  20.283069  0.141725  1.992727  0.126009
2288  1511.327913  143.321273  20.261461  0.122291  2.033119  0.117329
2289  82.844591  1925.299296  19.463001  0.091589  1.463574  0.075369
2291  1588.877991  904.749125  19.838234  0.105779  1.865042  0.075228
2292  1255.417692  1338.978787  18.893244  0.092176  1.214235  0.133902
2293  1553.590871  183.653042  19.996136  0.080396  1.619149  0.116889
2295  726.840280  458.101837  19.411545  0.073663  1.604780  0.148114
2296  1663.000940  1197.665209  19.666506  0.130521  1.618584  0.073094
2297  181.607276  696.455024  16.824353  0.048309  0.040212  0.074708
2298  1930.984783  1629.746188  19.344701  0.268281  1.631196  0.103851
2299  2017.623326  366.404898  19.445334  0.063744  2.511190  0.073827
2300  914.281397  654.023735  20.113881  0.106451  1.806895  0.193054
2302  705.341572  1355.049139  20.003450  0.157500  1.777861  0.136612
2303  2038.854654  700.412624  19.678275  0.245145  1.827665  0.139966
2304  90.951844  1712.231792  17.236248  0.072219  0.408615  0.045826
2305  1614.779816  1211.586658  18.153693  0.056834  0.787491  0.075688
2306  639.218225  128.247253  19.223021  0.091990  1.387476  0.070475
2307  1649.979628  82.605303  19.356153  0.112655  1.580336  0.097498
2308  969.895547  30.874310  19.314183  0.126763  1.259034  0.060447
2309  1291.075521  491.239930  19.490526  0.109219  1.466000  0.081177
2310  904.430011  556.022542  19.972201  0.072488  1.573740  0.071225
2311  386.859642  766.151471  20.139650  0.129997  1.913491  0.147266
2312  844.309948  1243.028469  18.979862  0.089255  1.486257  0.102482
2314  1302.207620  936.898894  18.786910  0.066143  1.299187  0.066726
2315  1690.304570  1144.599512  19.451023  0.160068  1.548744  0.162597
2316  962.505108  1679.890517  20.346894  0.174746  1.922812  0.146244
2317  129.855137  185.616272  20.258462  0.156572  1.697621  0.278067
2318  637.267950  1012.358565  20.061099  0.153833  2.022395  0.133401
2319  252.627305  713.512520  20.836947  0.112738  2.162094  0.106143
2320  1747.621496  1416.965038  19.308950  0.106862  1.623545  0.091840
2321  264.043562  177.406835  20.768928  0.221341  2.213803  0.151944
2322  1734.627196  1144.541152  19.128030  0.161755  1.325764  0.079150
2326  1407.094093  830.894035  18.988483  0.068440  1.182079  0.086643
2327  465.869925  1449.008666  18.682306  0.075337  1.218762  0.104075
2328  1761.099794  2026.764108  20.448168  0.166480  2.424996  0.100745
2329  1950.767792  991.068951  19.465338  0.086722  1.675384  0.183396
2330  900.403717  383.020797  19.610202  0.128811  1.612253  0.156798
2331  1705.635009  1061.257786  20.690945  0.245589  2.416292  0.140561
2332  1123.273089  734.899198  19.024169  0.181096  1.569599  0.119647
2333  1163.613861  103.091231  17.444866  0.061094  0.493265  0.066747
2334  114.963099  1009.099797  19.801051  0.075644  1.090513  0.203229
2335  1897.860492  47.476231  18.205101  0.065424  0.782765  0.144427
2336  959.048763  821.777476  20.786970  0.184591  2.031042  0.216063
2337  1688.098714  1497.890882  19.434863  0.071163  1.370932  0.098645
2338  352.522496  684.563396  21.172576  0.140640  2.390409  0.187259
2339  1951.569707  1638.793397  18.707407  0.058637  1.198821  0.062826
2340  1135.941136  1901.015581  19.328034  0.065623  1.220669  0.095927
2341  639.277384  1029.421710  18.073371  0.085065  0.920353  0.056824
2343  153.789300  700.132913  20.438587  0.134923  1.862063  0.255059
2344  1945.265659  226.333054  19.255552  0.180158  1.549787  0.123688
2345  1920.752537  322.904910  19.993806  0.228331  1.589362  0.170251
2346  1654.715672  606.464518  18.832599  0.118669  1.096424  0.071547
2347  160.806197  887.699602  19.743769  0.099004  1.827781  0.089114
2348  238.369254  1006.856915  19.023109  0.109275  1.586062  0.105786
2350  1119.121092  1300.845354  20.951007  0.249875  2.304449  0.272224
2351  1118.931738  1231.824866  20.072638  0.219869  1.677713  0.137815
2352  644.707536  427.206927  19.532335  0.111298  1.834361  0.092022
2353  1784.927668  572.659686  20.596129  0.115077  1.831325  0.152357
2354  782.247676  1748.063684  20.802597  0.237955  1.782947  0.135894
2356  79.736580  1060.471940  20.061485  0.089597  2.213796  0.085317
2357  1044.037045  1898.379630  19.882323  0.226440  2.044000  0.172446
2358  1399.986909  46.089421  20.317298  0.220140  1.796318  0.151838
2359  1441.775048  1026.638066  17.856120  0.093574  0.236381  0.058395
2362  757.117219  1940.659428  20.491136  0.180447  2.264626  0.150931
2363  1411.496031  148.351382  17.846483  0.088444  0.241954  0.050500
2364  1534.637651  399.302599  20.249463  0.182534  1.781265  0.141525
2367  867.114648  2034.844801  20.801570  0.174244  1.740182  0.099145
2368  474.946568  72.103128  19.715324  0.089435  2.303311  0.179938
2370  584.659829  1964.643184  19.704660  0.170542  1.453212  0.127335
2371  451.157055  1748.815962  20.202197  0.089484  1.548221  0.132708
2373  1304.288121  165.396694  20.616657  0.156705  1.858903  0.154408
2374  68.639162  602.601352  19.757715  0.103629  2.023814  0.176091
2375  1575.641597  1591.548905  19.875845  0.127340  1.459401  0.136032
2376  353.337320  113.783355  18.614241  0.053680  0.612072  0.074432
2377  1095.521521  1248.709349  18.062350  0.054755  0.417434  0.086206
2378  1291.541510  1853.159153  19.846993  0.166819  1.664095  0.137101
2379  1412.197118  1881.536068  20.173268  0.096215  2.460015  0.160574
2380  49.812074  715.392337  19.976326  0.155060  1.569363  0.146114
2382  286.344101  1221.525261  20.033871  0.081029  1.665894  0.128320
2383  1263.989095  1698.719831  21.128119  0.161124  2.035782  0.107022
2384  419.611388  1357.988111  20.056953  0.173732  1.646138  0.079839
2385  777.582273  1503.549824  18.500706  0.085856  0.475999  0.048798
2387  1516.650711  572.695495  19.585765  0.129377  1.311342  0.128641
2388  763.119802  645.136578  18.078942  0.084897  0.312438  0.099984
2389  1160.987123  1653.505270  17.634000  0.078626  0.250265  0.047186
2390  1012.367238  713.771144  20.045020  0.149759  2.361041  0.163699
2391  993.271534  436.721290  20.643263  0.131943  1.855522  0.161866
2392  1401.213115  1082.664291  19.710654  0.217750  1.230732  0.137783
2393  678.112056  1965.653598  20.184585  0.128460  2.197475  0.126365
2394  915.176805  339.768038  20.688831  0.097357  1.674552  0.119382
2396  878.097687  441.966252  20.369277  0.183783  1.678947  0.103351
2397  1910.057630  1821.556770  20.130227  0.132619  2.192482  0.078249
2398  1597.364286  826.221039  19.786808  0.082609  1.312588  0.080359
2399  152.337725  1829.154783  19.842591  0.081870  1.264765  0.079992
2401  1345.662695  831.582411  20.050867  0.134834  1.749862  0.161874
2402  1385.510437  353.738879  19.907807  0.119916  2.232317  0.118173
2403  757.615506  1771.153118  21.215669  0.234672  2.148098  0.284704
2404  1211.289034  531.557446  20.280495  0.121794  2.384683  0.106991
2406  45.375336  1066.511942  18.296164  0.086470  0.416784  0.080987
2407  2035.106543  346.529033  21.193011  0.169757  2.036316  0.175464
2408  1230.214232  312.155047  20.676305  0.114994  1.978568  0.179220
2409  1437.734244  1232.599394  20.122040  0.093295  1.262361  0.185905
2410  1189.034186  1503.740139  21.118676  0.211627  1.952558  0.148194
2411  772.249097  1964.331604  20.299142  0.135746  1.758372  0.105805
2412  1865.205245  20.575401  19.952867  0.212402  1.415988  0.173657
2413  5.589236  77.753164  20.907151  0.295975  1.687183  0.227506
2414  490.475876  1958.471428  20.004646  0.211999  2.422151  0.082605
2416  1776.413564  427.423904  19.855424  0.083937  1.807116  0.076781
2417  421.774662  1866.201500  20.564767  0.098423  1.398597  0.094332
2419  178.542521  570.749747  19.915058  0.110038  1.491022  0.228424
2420  1595.551046  484.849164  18.507884  0.070922  0.510373  0.055194
2422  1090.755638  1530.115464  19.846811  0.157896  2.168194  0.215492
2423  335.986745  925.622102  19.454352  0.073661  1.101240  0.166430
2424  580.264841  1117.325892  20.375469  0.145276  1.663198  0.162489
2425  1667.667802  801.857803  19.692372  0.116560  1.653320  0.198079
2426  368.758851  1938.611973  19.533528  0.081435  1.257983  0.111894
2427  485.766088  1396.426673  20.522734  0.096526  1.663573  0.125290
2429  636.088058  1040.623839  20.474235  0.180306  2.534961  0.196463
2430  436.867654  1204.648949  19.263469  0.147876  0.917023  0.075633
2431  962.910385  982.779279  20.212566  0.086180  1.572449  0.145172
2433  582.366309  1824.612535  17.716047  0.041008  0.199048  0.067709
2434  1993.971110  606.708325  20.688992  0.100387  1.789629  0.096326
2435  1099.170909  1886.444697  19.098956  0.095428  1.347327  0.220325
2436  1006.719618  1631.359900  19.855998  0.161504  1.587078  0.185317
2438  531.533656  102.623834  20.421498  0.092080  2.685901  0.169826
2439  1380.835223  125.139747  20.836090  0.189837  2.135865  0.146381
2440  2040.800612  1808.946534  20.651042  0.183939  1.783066  0.100412
2441  1696.681612  343.067428  19.775044  0.181044  1.913430  0.271269
2442  1168.345064  1994.037210  20.516109  0.152641  1.391814  0.089650
2443  1409.786426  917.499138  19.661385  0.083409  1.300029  0.116553
2444  801.613378  1842.858708  20.460685  0.144336  1.576957  0.099154
2445  806.198048  829.341821  19.945041  0.113115  1.231395  0.107030
2447  181.339517  1695.473626  19.345600  0.098832  1.158928  0.173483
2448  1675.921225  484.506313  20.615814  0.209295  1.582568  0.089581
2449  943.896602  1288.867479  19.909958  0.091117  1.049978  0.115301
2451  502.139148  1064.076967  20.175615  0.120981  2.907224  0.271299
2452  849.983696  886.035484  19.378704  0.103965  1.709302  0.156805
2454  1926.560643  778.875846  19.629910  0.088242  1.589739  0.161886
2455  504.656518  346.060483  20.233504  0.151789  1.513895  0.130545
2457  1646.461471  399.214436  20.416897  0.155048  1.716955  0.124783
2458  297.954098  779.989697  20.198530  0.128111  2.151212  0.092664
2459  766.646145  1680.601604  19.436269  0.137684  0.948477  0.062460
2460  864.647182  1461.098711  20.271894  0.088148  1.672687  0.135587
2462  33.170686  849.982446  20.097346  0.092460  1.575761  0.130531
2463  885.544854  1104.856552  20.158544  0.272838  1.588002  0.111398
2466  1632.128714  1177.245360  18.365387  0.060967  0.235751  0.076501
2470  134.903075  679.059260  20.836279  0.139181  2.328585  0.222943
2476  1143.087753  1094.995586  20.763422  0.231920  1.311744  0.109054
2477  1185.599712  924.608243  20.400263  0.099465  1.056241  0.089642
2478  640.238918  149.493987  20.608639  0.148349  1.476290  0.181687
2479  1801.163592  1916.895481  19.355748  0.139312  0.749743  0.083555
2480  983.958561  1762.131624  20.940023  0.310949  1.614064  0.178606
2483  107.787067  505.953655  20.010257  0.164398  0.990112  0.123347
2485  1086.555622  510.337425  19.690603  0.117533  0.679973  0.088180
2487  140.789938  1537.468503  20.098988  0.194517  1.476724  0.151423
2489  880.447959  2015.915798  19.083115  0.106387  0.431656  0.082888
2490  1948.352179  109.978679  20.869428  0.249346  2.086064  0.122154
2491  338.520062  277.856255  20.363617  0.116720  1.572248  0.161159
2492  1407.926371  674.526046  19.621962  0.229578  0.908246  0.082297
2493  1141.940231  88.341195  20.390975  0.165418  1.211318  0.162316
2499  1016.717788  790.774867  20.128523  0.206169  1.022660  0.092492
2500  1812.884470  1994.515482  19.448212  0.088701  0.478612  0.122679
2501  1628.878721  156.591810  20.334805  0.163081  1.372289  0.159783
2505  68.127905  2042.585495  20.431310  0.189103  1.181804  0.160387
2506  1172.217233  216.660917  21.222439  0.176609  1.652269  0.166134
2508  591.065110  1546.517208  19.346680  0.081487  0.598006  0.130971
2511  243.675836  1077.730098  21.227637  0.158465  1.687109  0.244825
2512  725.079286  1573.494765  20.760877  0.207081  1.679788  0.142554
2513  149.116464  460.358014  21.175138  0.133310  2.251605  0.180983
2515  1075.102461  929.287946  20.983058  0.148421  2.146873  0.265368
2516  1563.132054  381.062985  19.479845  0.095031  0.440273  0.098753
2518  1104.622416  1087.883801  20.096213  0.170532  0.996693  0.109394
2519  106.792360  1307.474604  20.344800  0.163810  1.364371  0.216726
2521  1629.635787  66.219885  20.479822  0.095486  2.016967  0.110895
2522  1052.531749  1157.842831  19.663527  0.076834  0.515398  0.091430
2523  812.266521  985.941449  20.522484  0.167355  1.482153  0.117139
2526  283.043254  1401.126391  18.807606  0.114663  0.217708  0.145339
2532  885.803213  1306.196836  20.600395  0.201028  1.378195  0.193051
2534  1555.622211  93.805269  20.274554  0.215594  1.458449  0.133068
2538  1043.283607  204.763193  21.150694  0.168316  1.979448  0.243971
2540  366.626112  1706.302837  20.811507  0.278477  1.361638  0.162411
2541  869.402113  160.378382  20.566880  0.097127  1.574358  0.122642
2551  1707.380618  703.435142  19.848748  0.099759  0.667599  0.110519
2554  505.983440  1697.710086  20.789518  0.102671  2.676990  0.194789
2557  1014.176357  1767.859198  19.577007  0.078366  0.751379  0.236806
2559  1311.269674  332.950964  19.286453  0.070029  0.876924  0.061579
2561  931.871195  941.289778  20.645148  0.132379  1.016960  0.179577
2563  116.643009  715.652386  21.411722  0.149906  2.187247  0.183905
2565  1750.815475  1705.405766  20.261091  0.208809  1.025834  0.157189
2566  533.534792  229.179136  19.064322  0.072772  0.219074  0.119231
2567  144.267056  1694.518146  20.814674  0.097638  1.316921  0.120549
2570  1807.026857  671.602722  20.408466  0.337783  1.883295  0.135607
2571  1352.342323  1283.055966  21.013555  0.162628  1.527963  0.108129
2573  662.908392  883.040056  20.719947  0.229202  1.444930  0.127157
2575  85.771198  1375.404817  21.004655  0.121612  1.591418  0.157513
2576  1334.580021  352.785089  21.353272  0.252248  1.599506  0.155401
2577  376.499993  571.209738  20.611648  0.329774  1.173963  0.176964
2578  966.943185  1466.120658  20.540965  0.111548  1.661166  0.117558
2579  1800.160052  101.031100  20.926874  0.315873  2.240150  0.127730
2583  394.435328  457.120905  20.543715  0.111889  1.275391  0.253058
2584  1225.657511  1698.133761  20.816142  0.209727  1.692960  0.166716
2585  395.511009  787.148368  19.088338  0.073799  0.835193  0.071595
2586  261.068323  1785.239405  20.898263  0.217274  1.390177  0.171917
2587  88.940468  974.694209  20.030968  0.124437  1.170604  0.192399
2588  390.835662  1376.921535  20.641969  0.099002  1.747252  0.125537
2589  1815.294406  1586.284249  20.575245  0.127882  1.646369  0.094153
2591  448.762376  1421.529719  18.911378  0.103219  0.476483  0.136632
2592  973.489695  98.829063  20.996833  0.149107  1.777565  0.272279
2596  277.168850  1392.825730  20.546901  0.148308  1.811333  0.261362
2597  1576.119483  423.323754  20.711197  0.141597  2.093496  0.144563
2602  843.664211  160.661457  21.641919  0.289161  0.931895  0.165649
2608  1608.619230  172.321848  21.223536  0.118323  1.908587  0.195883
2609  1966.800876  35.493237  20.833176  0.110948  1.195727  0.170649
2610  480.352896  1330.101986  20.092522  0.128923  0.802230  0.248129
2611  1124.866071  1536.666692  21.012000  0.240085  1.237904  0.214929
2615  1643.320673  1145.914722  20.678026  0.169335  1.389925  0.167178
2619  1532.813610  527.755288  20.931877  0.256171  1.068570  0.127329
2625  1672.611262  1661.512798  20.525224  0.189399  0.597879  0.155314
2627  1469.379535  1437.746758  20.896791  0.162788  1.293303  0.140401
2628  1078.382808  1423.383573  20.386414  0.203021  0.731074  0.259188
2630  570.648866  822.781830  21.377073  0.284708  2.188797  0.314473
2631  85.927409  936.914752  20.693311  0.149308  1.012864  0.162496
2633  1890.089037  1827.332477  20.712684  0.162924  1.134931  0.134886
2649  1665.364540  745.550423  19.505123  0.086127  0.550553  0.085935
2650  1016.210827  1152.062382  19.858777  0.134075  0.926221  0.082486
2651  861.550080  814.034762  19.990128  0.192657  0.569651  0.109527
2654  1349.245676  1089.374272  21.607890  0.293943  1.586443  0.333160
2659  491.113643  1252.507919  19.433295  0.162268  0.512364  0.091065
2662  76.821931  911.708490  20.973675  0.197696  1.047952  0.177467
2663  1056.412217  791.594402  20.621365  0.111775  1.174760  0.102089
2664  1787.457192  118.364540  21.179119  0.218860  1.409862  0.179883
2669  1833.692379  1301.717484  19.528331  0.066594  0.585212  0.070704
2671  1936.382986  1221.258013  20.554998  0.211659  0.832503  0.140216
2679  1451.267935  1090.333379  20.908077  0.150850  0.802520  0.131511
2684  1507.892462  332.737990  20.389929  0.304698  0.643853  0.184018
2685  492.629311  440.114479  21.196722  0.155015  1.034067  0.131288
2686  1582.175406  353.192211  20.974702  0.171176  1.043457  0.128351
2687  1887.530152  892.649553  20.485932  0.151508  0.630808  0.100491
2689  404.421655  1695.822009  20.478578  0.136617  0.124267  0.206663
2692  2042.366467  1398.250072  21.530961  0.213472  1.340206  0.178117
2694  607.971478  189.970610  20.834540  0.110826  0.853180  0.101503
2695  2037.360315  416.762936  20.435140  0.199357  0.615171  0.145419
2697  1454.042517  1815.541533  20.689349  0.106756  0.738219  0.114298
2698  961.408081  1896.873300  20.674082  0.178621  0.729340  0.111659
2707  907.068792  852.980411  21.290905  0.184548  1.046473  0.158860
