# id  x  y  V  eV  BV  eBV
11  1121.253396  967.008932  21.713942  0.214003  1.516313  0.159935
14  821.294162  957.167575  21.836472  0.403206  1.416225  0.149398
17  1028.536545  821.091676  21.859895  0.232194  1.365730  0.383258
111  853.444116  935.361413  21.509579  0.260992  1.282302  0.299493
113  1017.751204  844.669071  21.616114  0.226386  1.954196  0.480745
118  1136.589476  1087.865344  21.940475  0.258090  1.635640  0.200777
119  997.576438  987.844854  21.288987  0.140501  1.394400  0.229218
121  959.807652  1262.521999  21.443913  0.200393  1.610952  0.166438
122  1042.581688  1109.118095  21.176152  0.275415  1.545712  0.148783
127  982.040125  975.716393  21.373347  0.162488  2.147714  0.361263
132  1002.336174  1019.252531  21.064077  0.270716  1.889040  0.372649
135  980.369900  1053.513503  20.969393  0.264725  1.664533  0.145142
136  1000.155791  958.465065  20.978132  0.211549  1.481032  0.207283
138  865.101210  964.710523  21.211103  0.323378  1.647949  0.131088
142  1037.750415  1025.827779  20.990483  0.344143  1.527795  0.186660
143  1019.406848  1115.846984  21.231840  0.155355  1.591098  0.119193
144  879.392604  998.607155  21.508050  0.165960  1.484170  0.145534
145  930.105897  980.234506  21.204758  0.162078  1.744267  0.152124
148  1054.617211  1014.846136  21.546146  0.209952  1.370362  0.134705
150  1047.495332  956.012995  21.309693  0.299216  1.593212  0.126380
151  1043.086643  992.099389  21.138681  0.199200  1.665203  0.159750
153  1132.051395  1047.560602  20.829615  0.301193  1.641996  0.177212
154  1013.507891  966.356972  21.359611  0.144696  1.628441  0.231845
155  1074.207867  822.330778  21.122517  0.315376  1.355481  0.409075
158  999.446262  1075.852247  20.999393  0.179080  1.331978  0.319392
159  1053.972787  1012.172329  21.075273  0.144878  1.522077  0.125162
160  1014.412657  1107.986166  21.093857  0.165223  1.596022  0.131267
163  899.681812  1070.790124  21.181091  0.195135  1.618488  0.124014
165  1030.148792  1003.891077  20.918663  0.171386  1.450639  0.150949
170  1085.419274  913.803264  21.137585  0.140300  1.710764  0.184505
174  1097.413693  970.323804  20.772148  0.196977  1.367897  0.128041
175  1153.774019  932.474102  20.835252  0.123253  1.620318  0.113785
176  1003.862282  1077.537464  20.992399  0.367436  1.494274  0.145815
178  1130.429686  1012.772844  20.965596  0.137572  1.711181  0.137944
180  958.439752  1063.023493  20.812376  0.166227  1.538632  0.286033
181  1182.978253  1019.315589  20.500361  0.162608  1.510099  0.097928
184  981.342392  943.090647  20.248954  0.156871  1.517850  0.157904
185  1132.927304  1003.047547  20.482177  0.114241  1.587935  0.112346
186  1078.411653  1212.865905  20.630985  0.209361  1.683995  0.210453
188  1002.604892  852.767519  20.312868  0.153684  1.444629  0.101563
189  978.571428  1067.810345  20.557527  0.090977  2.159957  0.227372
190  908.755804  1002.622607  20.480023  0.129972  1.464478  0.111671
191  1074.879099  1020.577034  20.504202  0.211862  1.483942  0.124029
192  959.142625  978.392474  20.411630  0.189671  1.692695  0.166658
193  1060.082565  1093.323182  19.947836  0.256455  1.360707  0.202678
194  926.483210  934.469489  20.873312  0.177117  1.507262  0.108382
195  1157.193769  1003.817349  20.463497  0.109794  1.253877  0.214875
196  1013.236736  798.709228  20.694273  0.221371  1.772036  0.264319
197  1130.985021  978.865582  20.397677  0.118571  1.587983  0.315309
198  1038.175539  1080.856515  20.252415  0.108471  1.503294  0.118904
199  1112.339702  1104.193229  20.482758  0.110102  1.232388  0.200947
1100  989.044716  1005.865267  20.400431  0.131196  1.775248  0.219335
1101  918.050611  879.386563  20.449704  0.090865  1.496724  0.132545
1102  1122.174464  949.832376  20.229065  0.159479  1.504551  0.094638
1103  974.919414  1077.689672  20.434173  0.126411  1.382449  0.200806
1105  887.804785  1031.577784  20.541372  0.096837  1.620322  0.154671
1106  1111.326904  1150.019645  20.386821  0.103596  1.540351  0.102586
1107  1010.642227  1042.072207  20.323386  0.130171  1.406613  0.178195
1108  1100.400681  1016.710328  20.484959  0.134412  1.307102  0.146172
1109  922.819564  1130.567680  20.464352  0.126734  1.434391  0.207914
1110  1020.236001  909.966991  20.490523  0.167415  1.416489  0.154661
1111  980.815933  1043.275571  20.241742  0.139733  1.664276  0.262431
1112  967.050138  975.596216  20.415305  0.196193  1.545965  0.157165
1113  1022.788035  1125.138043  20.404324  0.229903  1.338940  0.143035
1114  1068.652360  1110.833992  20.395719  0.091551  1.534410  0.201440
1115  1056.241664  1032.981156  20.521162  0.129752  1.467947  0.092674
1116  976.487035  1019.598664  20.367535  0.088689  1.510853  0.098511
1117  932.720579  1183.179100  20.541706  0.250679  1.660018  0.094814
1118  918.683034  936.575304  20.349445  0.121395  1.464944  0.111733
1119  914.547220  1100.178883  20.291206  0.097896  1.746482  0.170691
1120  885.268972  1116.154941  20.207440  0.182872  1.238167  0.169009
1121  1047.610122  1106.467676  20.330737  0.099494  1.446125  0.121292
1122  1038.882181  1038.906450  20.180917  0.169871  1.535908  0.115222
1123  959.898071  955.054715  20.296913  0.168087  1.638943  0.106361
1124  1064.670249  1033.583473  20.157719  0.264100  1.403915  0.103416
1125  1125.083464  902.434796  20.261927  0.084694  1.532920  0.108072
1126  1041.992684  972.475412  20.264261  0.112495  1.582517  0.223246
1127  1145.869353  885.542810  20.174540  0.193812  1.623819  0.132262
1128  1008.218583  1042.110996  20.181795  0.153043  1.312709  0.237409
1129  1036.867994  1023.250780  20.212385  0.148850  1.608052  0.126781
1130  1038.023598  1084.520755  20.313542  0.202819  1.656445  0.109964
1131  930.035794  859.540439  20.169316  0.096932  1.294307  0.094289
1132  853.962404  935.146619  20.290733  0.100283  1.536859  0.136865
1133  1016.757391  962.550436  20.243343  0.162000  1.457600  0.081568
1134  999.350067  1014.191636  20.169169  0.094097  1.686775  0.087466
1135  903.404667  1204.536013  20.316551  0.088046  1.441414  0.116375
1136  1095.181947  988.437238  20.137684  0.080228  1.536633  0.166679
1137  991.548273  935.156449  20.001391  0.161217  1.583935  0.107417
1138  966.423020  996.119736  20.230149  0.118953  1.317888  0.118316
1139  992.602931  975.575265  20.139012  0.090145  1.629096  0.213514
1140  1088.161423  1094.256620  20.394274  0.136071  1.382947  0.105910
1141  1049.688883  987.316634  20.160762  0.145704  1.713017  0.170345
1142  915.711918  970.606387  20.019207  0.080449  1.578175  0.119266
1143  898.366259  939.205816  19.915280  0.105812  1.433994  0.075654
1144  862.194627  1151.956029  19.815483  0.108069  1.576675  0.101249
1145  1203.858309  1157.826908  20.012674  0.136589  1.636775  0.158637
1146  993.756959  1067.448422  20.188237  0.140707  1.504403  0.085452
1147  1040.885289  1099.100938  20.274330  0.199697  1.532203  0.087003
1148  1030.866821  996.273091  20.140222  0.110694  1.426365  0.112868
1149  986.856673  1072.537641  20.012396  0.132206  1.528049  0.199641
1150  1072.794235  959.080960  20.014917  0.094952  1.617804  0.104187
1151  1007.234089  1043.256852  20.374893  0.216374  1.566988  0.174214
1152  1064.237773  943.318446  19.863512  0.192541  1.592003  0.095735
1153  1064.085914  1130.409861  19.986547  0.079736  1.406115  0.089589
1154  829.523313  1082.799985  19.972702  0.138033  1.865661  0.262154
1155  1061.993615  970.481439  20.090710  0.110792  1.445678  0.110781
1156  1114.722284  1100.524012  19.933285  0.145932  1.393229  0.149804
1157  995.002552  1025.080300  19.917796  0.186012  1.601870  0.140377
1158  856.577761  988.756296  19.961136  0.207205  1.404582  0.234264
1159  976.963256  1150.852465  19.899259  0.143981  1.494848  0.110397
1160  1050.533437  879.764398  19.803124  0.081558  1.170916  0.225208
1161  1087.776215  1017.204756  19.710778  0.123941  1.592197  0.172526
1162  929.842442  1071.773860  20.146215  0.147887  1.355779  0.095412
1163  1154.676797  1060.639826  19.941278  0.105936  1.775470  0.165550
1164  1011.817595  888.146084  19.849863  0.145009  1.262022  0.169753
1165  845.585203  970.351596  19.918819  0.110816  1.320572  0.170741
1166  859.495854  1112.016200  19.721114  0.125221  1.467358  0.148575
1167  1108.383580  1029.623276  19.803455  0.114108  1.424534  0.093508
1168  950.285763  967.037542  19.994852  0.121822  1.427364  0.142831
1169  940.916244  1001.531187  19.933398  0.121669  1.431320  0.124188
1170  1110.310789  1066.160783  19.661459  0.108250  1.464632  0.075773
1171  914.326221  921.573478  19.866673  0.085901  1.884217  0.212470
1172  924.647649  960.007639  19.827452  0.129553  1.488580  0.109937
1173  1012.993454  921.985884  19.781412  0.121407  1.392176  0.081541
1174  1054.689382  1100.773396  19.627784  0.074542  1.519654  0.075260
1175  1045.961482  1045.730509  20.006954  0.138223  1.516943  0.187742
1176  970.224271  996.265554  19.702507  0.129941  1.672877  0.140346
1177  1021.499924  1045.654917  19.765658  0.082349  1.520392  0.165703
1178  1051.829412  961.854587  19.617851  0.107777  1.551975  0.095111
1179  1171.487744  1048.231137  19.478651  0.108551  1.635514  0.156035
1180  1057.150956  1062.107484  19.606969  0.091340  1.479736  0.071935
1181  1098.283786  1015.362417  19.582281  0.086949  1.541476  0.088593
1182  1127.258051  1072.165437  19.669324  0.122927  1.172039  0.151673
1183  1073.726710  1038.381199  19.237179  0.161844  1.412842  0.213770
1184  1089.638093  864.623514  19.591168  0.086034  1.417411  0.074199
1185  1041.028321  1159.327334  19.625557  0.075487  1.486871  0.116174
1186  960.265441  1034.496389  19.556418  0.097585  1.417615  0.076071
1187  1064.614502  1065.286963  19.751622  0.114408  1.409815  0.122813
1188  1186.035896  985.571246  19.494829  0.106910  1.526399  0.136929
1189  885.633352  997.573816  19.564561  0.080609  1.350428  0.130817
1190  848.372490  933.614428  19.467031  0.110400  1.711290  0.199572
1191  936.806380  1139.508941  19.587710  0.129106  1.499152  0.091175
1192  1073.133240  980.340511  19.218982  0.129204  1.468867  0.072974
1193  1005.475758  1178.658775  19.570575  0.064980  1.514757  0.113291
1194  1055.882486  971.896218  19.533116  0.065947  1.217227  0.127254
1195  1167.603425  1103.231324  19.482336  0.108061  1.492379  0.114456
1196  963.657257  1168.011858  19.537325  0.093621  1.548354  0.123562
1197  973.730038  996.331131  19.368293  0.175380  1.446943  0.068904
1198  947.461120  1095.378473  19.384416  0.123307  1.425083  0.155242
1199  1059.205120  970.848092  19.290426  0.155621  1.352264  0.138164
1200  885.086433  945.617592  19.647718  0.136299  1.431376  0.124938
1201  1093.659259  1009.706762  19.505616  0.177473  1.330898  0.081569
1202  1014.061937  871.390781  19.550672  0.107926  1.355694  0.091588
1203  998.813082  1105.449964  19.509460  0.083131  1.213501  0.134504
1204  1072.085115  913.270313  19.655931  0.117218  1.400506  0.072878
1205  976.980500  1095.714304  19.394035  0.130160  1.349959  0.197332
1206  995.987661  1008.870707  19.368731  0.106005  1.515903  0.067210
1207  991.120486  1050.533745  19.219249  0.109506  1.286911  0.079655
1208  1069.531197  1162.233078  19.229947  0.068979  1.388482  0.074600
1209  902.895350  1120.523551  19.394985  0.104542  1.278196  0.102330
1210  1042.106163  858.750587  19.279160  0.093452  1.381431  0.066036
1211  1054.392627  1106.789028  19.431826  0.089957  1.152271  0.082388
1212  948.608717  980.068762  19.341049  0.069868  1.372065  0.120110
1213  1023.426540  924.484997  19.447669  0.162158  1.278015  0.152065
1214  1096.567071  1044.554568  19.300062  0.125185  1.361064  0.082026
1215  1179.715277  1034.162033  19.411506  0.084593  1.220783  0.091467
1216  1038.408602  1204.158013  19.373603  0.116314  1.391407  0.068829
1217  1152.477102  1000.003891  19.325264  0.094852  1.455730  0.156046
1218  1072.984822  1054.236611  19.300284  0.081051  1.538364  0.068742
1219  999.321846  1053.245993  19.300618  0.073743  1.442835  0.087026
1220  1223.262147  1048.672358  19.285050  0.082970  1.516910  0.100443
1221  1068.888023  957.167165  19.402836  0.115061  1.401087  0.092459
1222  933.173699  1000.262779  19.416665  0.150010  1.758226  0.126840
1223  939.446620  962.371379  19.326534  0.077573  1.234630  0.173290
1224  1150.087229  988.733522  19.138551  0.082819  1.421309  0.089174
1225  999.730668  1020.921180  19.161401  0.072984  1.295709  0.103868
1226  917.188588  928.662077  19.121841  0.128811  1.496344  0.097843
1227  1090.435133  1106.555146  19.105206  0.068019  1.341939  0.086780
1228  995.152200  1023.990129  19.045162  0.102244  1.537482  0.090748
1229  992.214241  923.466506  19.209095  0.156624  1.459161  0.083881
1230  1073.309327  1091.338916  19.046803  0.111605  1.246738  0.159821
1231  1117.005783  1037.597737  19.175433  0.106960  1.295161  0.125995
1232  942.836572  922.362061  19.051882  0.059377  1.206850  0.104088
1233  985.180549  1000.209592  18.845368  0.096488  1.275167  0.079418
1234  959.574876  986.116485  19.015487  0.107486  1.414799  0.111496
1235  1021.657518  978.918892  19.231056  0.101628  1.380397  0.082423
1236  1022.258524  941.853676  18.894193  0.104704  1.340710  0.084859
1237  967.955026  958.993715  19.033725  0.079640  1.197358  0.094286
1238  1046.902088  957.448335  18.968987  0.065976  1.299138  0.099949
1239  1045.485384  1050.439373  19.014089  0.074804  1.480804  0.177236
1240  995.965932  974.209495  18.959642  0.081737  1.342195  0.125841
1241  1043.400704  1041.693778  18.770824  0.140956  1.357075  0.083083
1242  1145.094308  1012.769423  18.994156  0.073970  1.257882  0.120007
1243  1032.541532  992.326738  18.995731  0.062712  1.153177  0.184117
1244  1000.713544  918.505882  18.867028  0.062326  1.381014  0.077092
1245  1041.894523  1087.390515  18.870530  0.100907  1.405691  0.083168
1246  1141.103493  1169.664307  18.775664  0.089713  1.470095  0.078807
1247  952.982835  983.375831  19.099286  0.098899  1.295469  0.101229
1248  918.985687  1048.315515  18.880073  0.114926  1.406198  0.083931
1249  978.327265  1039.408947  19.140296  0.142901  1.220507  0.077625
1250  1037.900636  1126.474158  19.020494  0.080873  1.320035  0.094623
1251  1079.089439  992.595907  18.919611  0.110425  1.409169  0.057037
1252  1018.268836  913.675960  18.803646  0.081792  1.308813  0.068626
1253  990.653358  1065.468703  18.850982  0.070699  1.560071  0.174522
1254  1036.664566  910.810030  18.755537  0.150724  1.447999  0.169792
1255  974.483190  1017.040527  18.898883  0.160846  1.287904  0.073669
1256  1066.842624  976.170086  18.475791  0.121055  1.306276  0.085192
1257  967.868805  1152.144445  18.776885  0.075336  1.253616  0.120498
1258  1106.357494  1074.926633  18.482685  0.127330  1.375087  0.097833
1259  992.086467  1022.544036  18.725764  0.141363  1.321793  0.056633
1260  867.569029  1031.611986  18.647492  0.054130  1.430855  0.139389
1261  966.566011  1084.906189  18.755512  0.078399  1.428906  0.148042
1262  1011.405578  984.712847  18.625438  0.069033  1.293105  0.112198
1263  938.273382  899.018056  18.581908  0.090105  1.455882  0.064006
1264  1185.707745  973.472584  18.833230  0.092535  1.300504  0.066556
1265  940.806287  1165.454029  18.611623  0.074284  1.417043  0.058209
1266  989.498819  1013.311406  18.534469  0.147890  1.429722  0.074025
1267  1028.426895  930.902958  18.530664  0.063064  1.280189  0.066365
1268  1032.878490  995.487846  18.503122  0.076186  1.321457  0.100382
1269  1106.952376  989.863506  18.241080  0.124380  1.298976  0.118559
1270  1149.619589  1072.302531  18.550097  0.075375  1.444122  0.102910
1271  933.760696  972.436337  18.694704  0.152084  1.329216  0.094637
1272  1035.057418  1064.018657  18.549764  0.071203  1.399208  0.076815
1273  979.209994  1134.605517  18.494312  0.053801  1.228540  0.112710
1274  1096.270705  1172.972483  18.529551  0.085346  1.335459  0.120311
1275  970.220257  1087.239946  18.427315  0.107505  1.327316  0.054033
1276  1006.461010  1059.140649  18.465958  0.060406  1.363346  0.050385
1277  1060.386263  988.954767  18.493249  0.185335  1.225215  0.118771
1278  1105.063444  1075.145933  18.485343  0.072101  1.431243  0.062197
1279  1112.644690  1101.873234  18.491421  0.095589  1.344206  0.068727
1280  1014.804644  1006.903583  18.288604  0.060802  1.248866  0.056795
1281  950.107197  1013.858243  18.410269  0.051539  1.316284  0.063585
1282  994.594898  1063.635067  18.344414  0.067397  1.375446  0.089397
1283  1138.979389  1171.296174  18.371673  0.069916  1.240314  0.110445
1284  996.937339  922.216694  18.375312  0.106259  1.353225  0.076032
1285  1050.445824  1019.604111  18.255681  0.048395  1.381766  0.105174
1286  1107.004600  992.065311  18.347826  0.062787  1.279135  0.083746
1287  1006.188073  1030.608835  18.312940  0.084458  1.156819  0.101574
1288  1163.936952  1030.167941  18.223940  0.048195  1.233881  0.060009
1289  1140.760269  888.595845  18.329065  0.060870  1.312058  0.050055
1290  1084.458025  1127.599657  18.221271  0.113080  1.309772  0.060050
1291  987.854828  940.158976  18.018606  0.091904  1.353927  0.097344
1292  907.059180  1153.673605  18.262949  0.079551  1.354599  0.111612
1293  996.016497  1002.310840  18.169181  0.047458  1.385420  0.098048
1294  1014.812017  872.746824  18.019595  0.119394  1.358130  0.056447
1295  991.513129  1139.056026  18.200138  0.078937  1.286998  0.098428
1296  1079.058309  1033.765601  18.163516  0.060678  1.411998  0.068011
1297  1225.144259  1043.125064  18.213196  0.092959  1.469142  0.110739
1298  1068.322632  954.789540  18.102990  0.095757  1.392389  0.059709
1299  1052.064727  1107.251528  18.034385  0.047914  1.214529  0.114410
1300  845.838336  1053.367583  18.110001  0.059735  1.359560  0.084693
1301  980.174234  1016.346071  18.426907  0.122632  1.341733  0.045673
1302  984.139858  1092.696637  18.055880  0.044167  1.386541  0.138317
1303  1065.391780  1051.650744  17.999336  0.082491  1.314172  0.070193
1304  1172.548628  993.664102  17.842863  0.129422  1.224068  0.059288
1305  1097.728635  979.818496  17.791813  0.128881  1.276016  0.064027
1306  893.894083  1068.998390  17.842180  0.076664  1.312258  0.052718
1307  1117.784044  892.567962  17.953611  0.098076  1.250364  0.070632
1308  1055.853978  994.481398  17.995295  0.100063  1.476621  0.084317
1309  956.848517  1145.893151  17.829554  0.044855  1.397160  0.092276
1310  1111.199252  1190.281708  17.846107  0.102459  1.396604  0.069896
1311  897.550582  977.754808  17.894272  0.087666  1.299444  0.059090
1312  1206.967316  1145.229926  17.903636  0.118358  1.308762  0.050946
1313  952.902410  1100.823122  17.789227  0.075777  1.265742  0.065551
1314  1153.261814  926.461501  17.799651  0.053887  1.301763  0.064996
1315  970.270802  1089.107456  17.707515  0.071520  1.229215  0.046053
1316  990.557286  1204.051784  17.856506  0.085747  1.270328  0.049103
1317  947.617014  883.097231  17.767852  0.053166  1.233009  0.127593
1318  1014.082970  826.781614  17.712482  0.091606  1.362239  0.068323
1319  1166.302638  1043.585044  17.531828  0.135868  1.309596  0.048613
1320  1176.748319  994.711388  17.640531  0.081516  1.232394  0.043326
1321  948.075786  906.899784  17.512315  0.111674  1.213204  0.056446
1322  1225.700557  928.012042  17.620076  0.049381  1.334865  0.068476
1323  1017.046979  1078.976901  17.603213  0.045130  1.302897  0.074403
1324  920.020152  887.745270  17.514450  0.053836  1.299393  0.039375
1325  914.254377  1142.934303  17.422087  0.039386  1.138427  0.082304
1326  984.581632  1037.353452  17.466750  0.047342  1.293236  0.073999
1327  1239.410278  957.817958  17.405489  0.054438  1.303607  0.072066
1328  1022.460826  1159.771709  17.250513  0.125224  1.179919  0.076560
1329  923.892961  1104.135414  17.270053  0.059766  1.239333  0.059825
1330  996.074414  1117.596426  17.353285  0.070470  1.359749  0.073926
1331  978.540790  973.018317  17.279100  0.057750  1.221307  0.039858
1332  1052.122481  845.957673  17.318412  0.053023  1.260378  0.058214
1333  1015.928545  1040.578314  17.230590  0.043104  1.216033  0.053087
1334  1140.724490  1046.271959  17.251010  0.044753  1.274546  0.056122
1335  1116.760494  1089.454469  17.185816  0.059993  1.257206  0.048229
1336  1121.112535  1166.277980  17.118903  0.123955  1.304514  0.056723
1337  1012.085760  1015.175700  17.152777  0.046128  1.300548  0.039160
1338  1108.584899  1190.996029  17.335545  0.102751  1.279144  0.040506
1339  1072.291983  1186.654679  17.126915  0.070436  1.185702  0.044122
1340  1062.054973  1066.547057  17.013226  0.056140  1.198007  0.053347
1341  1010.478428  1125.571994  17.004178  0.061701  1.214833  0.068562
1342  960.764826  1207.144817  17.018095  0.035997  1.422943  0.070996
1343  1031.985418  938.059674  17.035691  0.066898  1.230288  0.056196
1344  1153.831137  978.172068  16.960298  0.048143  1.266296  0.052252
1345  1057.301217  1097.882337  16.924913  0.051283  1.282229  0.038674
1346  961.130988  946.230702  16.894011  0.057451  1.309265  0.071944
1347  1104.781517  1249.027727  16.948030  0.048363  1.294744  0.060069
1348  1043.268321  1025.436713  16.890417  0.052337  1.359850  0.089669
1349  1094.651556  1000.117821  16.989686  0.058667  1.197557  0.047417
1350  1050.126479  1124.839137  16.872819  0.042569  1.192063  0.106518
1351  953.218642  1072.216474  16.841958  0.034608  1.360572  0.086718
1352  1228.571156  1024.886907  16.812556  0.036562  1.151012  0.103473
1353  975.910666  1065.159660  16.719892  0.033035  1.226895  0.045764
1354  1067.732460  932.806246  16.790796  0.079104  1.185718  0.065835
1355  1105.184297  958.443479  16.643960  0.049109  1.206150  0.052752
1356  1030.002749  977.529221  16.661472  0.061755  1.247491  0.079184
1357  1164.623483  1033.063670  16.634880  0.039436  1.182195  0.051191
1358  905.462170  917.044818  16.397325  0.079623  1.230992  0.049455
1359  994.973123  1071.447777  16.488862  0.033948  1.169006  0.040236
1360  976.795566  1056.893747  16.520403  0.047299  1.355033  0.094345
1361  1064.066355  1131.556475  16.460955  0.070036  1.234484  0.055353
1362  994.807091  933.604209  16.391397  0.066886  1.216963  0.043009
1363  1057.150894  1076.789801  16.265990  0.035579  1.200425  0.093687
1364  1022.072095  1082.783887  16.043658  0.050582  1.126189  0.047161
1365  917.515919  1000.225219  16.119518  0.028037  0.987694  0.059953
1366  1002.275676  1056.425329  16.073616  0.052484  1.183121  0.044268
1367  947.714662  963.493007  16.173493  0.075747  1.095453  0.059965
1368  1046.451999  987.975188  15.940264  0.096664  1.157768  0.071032
1369  1063.961190  912.027996  15.973895  0.073936  1.163242  0.033757
1370  1075.113677  979.825213  16.006582  0.044073  1.118005  0.037446
1371  1070.140662  920.778301  16.042760  0.098250  1.179911  0.027858
1372  1031.454843  1054.124134  15.933178  0.032335  1.135697  0.042129
1373  989.173617  843.696148  15.902134  0.031176  1.151078  0.030736
1374  982.525215  1093.975450  15.802802  0.028202  1.148642  0.026473
1375  1101.635277  1049.458504  15.778658  0.042296  1.123859  0.032699
1376  1229.265920  1007.838454  15.750828  0.036174  1.125817  0.029375
1377  842.165576  1015.117926  15.687026  0.086810  1.104110  0.034542
1378  1017.280819  938.359419  15.532571  0.025414  1.206492  0.082383
1379  1009.562173  1099.938673  15.474045  0.029170  1.203252  0.073752
1380  1121.760154  889.069752  15.248387  0.027147  1.020688  0.024804
1381  1010.115973  1013.664829  15.188881  0.051250  1.006932  0.028426
1382  945.031537  1095.146045  15.203622  0.037798  1.036745  0.048561
1383  1057.699553  846.032978  15.238758  0.040597  1.036764  0.044173
1384  957.167698  847.051387  15.102698  0.036386  0.996315  0.053224
1385  1130.518118  1154.979082  15.131114  0.037901  1.021706  0.029702
1386  1160.760320  1143.330898  15.084766  0.025146  1.015641  0.026081
1387  943.913411  968.240927  14.963646  0.026366  1.059720  0.054247
1388  1095.040266  1128.239043  14.967940  0.028919  0.954605  0.031201
1389  905.803633  983.315558  14.911581  0.025961  1.048459  0.039913
1390  917.076726  1140.514202  14.880540  0.028283  0.955211  0.025415
1391  952.840479  1042.472305  14.667614  0.052518  0.959473  0.032514
1392  929.322742  987.120271  14.583856  0.047388  0.920640  0.041394
1393  1184.401551  982.990971  14.474204  0.032536  0.883943  0.026122
1394  975.132037  1033.742868  14.416392  0.041030  0.866608  0.025569
1395  1117.073224  1113.017754  14.341400  0.066275  0.925966  0.027594
1396  1041.028731  971.776307  14.374297  0.041527  0.892053  0.021843
1397  1045.970883  987.480637  14.269598  0.052160  0.910042  0.050054
1398  933.716767  963.478548  14.254067  0.041677  0.858223  0.023055
1399  1075.111649  966.631342  14.146888  0.059753  0.863420  0.032621
1400  1092.976148  941.872005  14.080272  0.039933  0.897153  0.054550
1401  1056.210964  954.914243  14.034349  0.041643  0.773156  0.028494
1402  1037.600092  1199.256146  13.876249  0.034301  0.757354  0.034350
1403  1041.555804  1008.201175  13.844603  0.032932  0.790175  0.036856
1404  1123.776573  1097.919734  13.840810  0.047109  0.715486  0.033871
1405  1094.651535  1016.375706  13.680481  0.025335  0.746885  0.053248
1406  954.148884  981.985034  13.658735  0.025325  0.786839  0.037509
1407  945.562931  820.548116  13.557437  0.021592  0.731321  0.039443
1408  1075.604173  997.195674  13.574929  0.052259  0.726911  0.023292
1409  1033.896038  959.657226  13.391733  0.026146  0.684633  0.054995
1410  1060.597146  958.503916  13.293867  0.033289  0.689281  0.032124
1411  828.257997  1060.728934  13.215354  0.035111  0.654795  0.035780
1412  986.706924  1025.361265  13.171534  0.025168  0.688588  0.048093
1413  851.632579  949.088666  13.072585  0.034587  0.690382  0.054410
1414  969.882542  1055.310909  13.027014  0.031596  0.644104  0.037161
1415  956.099154  978.550292  12.885415  0.033438  0.573911  0.020384
1416  1124.795945  838.082355  12.719733  0.036108  0.542693  0.049290
1417  927.108260  1080.178729  12.726595  0.041441  0.541587  0.030400
1418  912.351150  918.182154  12.576905  0.034367  0.538104  0.028934
1419  995.468001  982.438216  12.426941  0.023789  0.493770  0.023054
1420  944.025887  946.402796  12.293391  0.030057  0.453894  0.041003
1421  1007.969526  961.505935  12.287291  0.030383  0.430230  0.033726
1422  1033.330852  865.686385  12.225448  0.027062  0.463975  0.029473
1423  1021.603041  936.795423  12.021076  0.038207  0.423789  0.029290
1424  888.955556  1025.812234  12.005235  0.040482  0.457519  0.029599
1425  1036.341555  1086.802657  11.866208  0.018188  0.409030  0.027518
1426  1149.385236  1062.141624  11.800440  0.044010  0.416743  0.057227
1427  1122.100244  904.466678  11.652947  0.031459  0.387078  0.036078
1428  1066.054717  1213.881795  11.514875  0.021001  0.338208  0.043163
1429  954.657772  1044.538327  11.478593  0.025159  0.349301  0.026113
1430  1006.223831  1047.240212  11.446635  0.017869  0.332232  0.022302
1431  986.718249  1111.550874  11.172712  0.026689  0.270204  0.034661
1432  840.279880  1014.376325  11.190982  0.022156  0.271931  0.041721
1433  1184.778260  1129.375130  10.955051  0.031221  0.288737  0.038905
1434  989.534474  1045.188608  10.846875  0.018045  0.206506  0.018064
1435  894.199910  1037.158789  10.871989  0.017171  0.173087  0.017735
1436  1115.593523  871.037092  10.707259  0.032538  0.178957  0.048471
1437  975.235564  1104.985661  10.590080  0.017587  0.116681  0.025884
1438  1068.009800  1033.400566  10.546290  0.021156  0.137167  0.016786
1439  1105.683210  1144.212521  10.462824  0.020317  0.047724  0.020908
1440  1070.019420  972.316611  10.311991  0.045741  0.097037  0.036263
1441  1014.837924  1179.440701  10.216193  0.019353  0.020428  0.028487
1442  1129.755996  944.780493  10.157819  0.041983  0.039550  0.051621
1443  1017.379308  1044.735590  10.070025  0.052597  0.017921  0.025341
1444  1114.559304  990.639411  9.962181  0.032967  -0.004592  0.017953
1445  1154.195374  985.155236  9.875820  0.040339  0.036001  0.021606
1446  963.028091  1141.529027  9.770290  0.021812  -0.037624  0.049430
1447  1075.775549  1156.736287  9.645674  0.045204  0.013705  0.022081
1448  1010.395853  1009.282621  9.518197  0.020314  -0.070215  0.018681
1449  1013.784699  1019.320177  9.417720  0.026460  -0.042146  0.026190
1450  1075.189023  1125.045780  9.250652  0.034644  -0.058950  0.031809
1451  986.097050  1098.820383  9.113051  0.016246  -0.039711  0.019933
1452  1093.060301  1064.457277  8.886084  0.026577  -0.089904  0.026046
1453  957.229302  1054.307983  8.761634  0.022408  -0.113299  0.026357
1454  1021.171814  1091.360625  8.603168  0.033755  -0.118409  0.049541
1455  966.648259  1043.487764  8.409598  0.040302  -0.100862  0.026830
1456  972.142633  873.294336  8.234706  0.028384  -0.141459  0.024950
1457  987.151831  963.402424  7.818280  0.020366  -0.129094  0.018180
1458  1111.641457  995.313500  7.719897  0.015516  -0.123823  0.028700
1459  1042.461491  1052.532429  7.097659  0.021202  -0.132166  0.032359
1460  1006.634414  1013.785027  6.399101  0.015399  -0.184267  0.028443
1461  1039.323320  984.005612  6.033844  0.022509  -0.111528  0.036374
1462  1121.258803  884.708311  3.044493  0.017828  -0.178751  0.027415
20  1196.739725  1914.040235  8.293596  0.017744  0.767350  0.033663
21  148.469668  1200.167687  7.667918  0.016072  0.144911  0.022126
22  1931.594720  881.390990  8.020953  0.026672  -0.083589  0.022711
23  948.255159  1317.590022  8.340775  0.031724  -0.077906  0.031940
24  920.259808  818.629217  9.102012  0.018105  0.383921  0.022296
25  1852.299864  915.437033  9.855126  0.031282  0.483112  0.049604
26  1990.296654  1077.165936  9.234641  0.016138  0.000643  0.033414
27  29.906855  2036.141064  11.032976  0.022874  1.017916  0.044005
28  380.726746  1644.889913  13.514884  0.049172  2.495665  0.046445
29  520.415900  1869.279709  10.975435  0.021664  1.118137  0.024426
210  908.729199  1769.580435  14.505183  0.048515  2.770509  0.076202
211  897.722650  288.886994  14.231384  0.024918  2.631175  0.045319
212  1790.961919  1172.143703  17.097379  0.041725  3.835543  0.061192
213  518.671468  1436.129705  12.582548  0.072146  1.295137  0.024529
214  647.728694  1022.733200  10.875381  0.027511  0.130051  0.017161
215  757.244820  979.550708  11.242616  0.043582  0.379339  0.043414
216  788.108261  903.388907  14.178949  0.036375  1.988952  0.025027
217  1745.636750  1414.809333  12.230931  0.025546  0.680401  0.035304
218  771.099993  1526.334577  11.986876  0.028386  0.148640  0.021655
219  44.140384  1780.437071  16.771771  0.076939  3.010739  0.035269
220  328.021998  238.419703  12.690845  0.023844  0.802624  0.029047
221  372.187467  1098.338796  12.046787  0.031258  0.543865  0.047998
222  354.503136  1752.910050  14.060761  0.043579  1.231690  0.025506
223  234.714410  440.523166  14.686671  0.033781  1.432713  0.034509
224  1469.349871  1056.944139  12.712246  0.024360  0.350352  0.033331
225  14.817976  174.927375  12.171784  0.033265  0.356148  0.027197
226  1160.831248  1233.997511  12.640849  0.031167  0.522504  0.052145
227  417.201644  1243.269732  14.646545  0.041240  1.465583  0.023027
228  1815.043112  1352.168780  11.781997  0.018720  0.075390  0.023131
229  1955.137077  1866.990581  15.596785  0.037870  1.798127  0.045199
230  1105.949328  1296.325541  13.395962  0.037913  0.645379  0.032479
231  608.441820  931.926130  12.306211  0.027906  -0.081513  0.044010
232  1958.160463  1913.818645  14.113757  0.026308  0.965920  0.030010
233  168.100900  1814.117473  14.536754  0.026913  1.123726  0.027938
234  77.949097  1717.187419  13.495748  0.046968  0.381137  0.029828
235  134.250473  1867.959505  13.121068  0.048203  0.397190  0.027185
236  2015.380677  83.017144  14.701192  0.052860  1.272827  0.041825
237  1016.934966  684.328027  12.956961  0.045496  0.258309  0.022369
238  116.661773  726.149992  13.923166  0.042779  0.492512  0.040681
239  52.778599  1966.849788  14.264567  0.037387  0.702017  0.049517
240  22.820199  490.990242  12.738249  0.028111  -0.110784  0.021431
241  431.035380  1438.704107  14.656976  0.053194  0.742100  0.032658
242  1854.330719  417.527771  18.199010  0.073270  2.862968  0.069867
243  845.061084  1915.866193  18.325287  0.065989  2.858798  0.118934
244  203.588010  1821.039900  18.795992  0.092894  3.352167  0.098829
245  333.780878  560.710155  14.291376  0.032263  0.648833  0.029956
246  1148.296680  614.731910  13.493755  0.030944  0.201145  0.020666
247  167.831360  1578.415817  14.986674  0.056534  1.079092  0.031830
248  424.091956  449.057585  14.534453  0.051956  0.732753  0.043584
249  1603.893089  1480.162919  14.022607  0.062270  0.562869  0.064407
250  819.579576  1705.730223  15.291582  0.037764  1.110014  0.049140
251  1046.488356  658.581532  14.364681  0.033500  0.643559  0.033822
252  1760.801926  1275.976940  20.946821  0.187792  4.240537  0.190016
253  853.738967  2039.031160  19.822563  0.112218  3.144185  0.125705
254  1252.997978  614.666026  16.631944  0.041461  1.338679  0.068225
255  15.604649  48.026382  15.241407  0.049431  0.857048  0.052585
256  60.979110  799.817040  14.265729  0.043920  0.206031  0.065138
257  1353.746855  482.755589  19.077711  0.110041  3.524676  0.190186
258  195.158837  1531.135905  14.502436  0.041962  0.649253  0.037365
259  402.351590  1353.255590  14.913713  0.022937  0.574785  0.027087
260  228.372807  1050.204132  18.703213  0.089639  2.802178  0.090930
261  1500.023794  1209.829548  16.978931  0.057289  1.727939  0.097052
262  102.071391  1958.434522  15.085752  0.045178  1.112281  0.066123
263  498.482403  998.406360  16.913903  0.062753  1.803724  0.065993
264  717.426238  37.011629  15.556204  0.032568  0.921925  0.047999
265  138.758409  1540.065767  19.337470  0.190718  3.472733  0.095171
266  1170.622782  386.388801  17.249219  0.065048  2.119755  0.040791
267  1017.135976  636.529248  18.245456  0.108638  2.582469  0.098538
268  497.970575  300.511456  17.603065  0.077176  2.210582  0.055497
269  811.196728  1235.250281  15.032404  0.030968  0.720360  0.027920
270  867.389006  1571.885577  16.120390  0.057415  1.545987  0.029512
271  1461.458632  1131.954299  14.375729  0.027115  0.609221  0.028556
272  538.619742  1646.163396  17.677576  0.097344  1.829521  0.045542
273  417.919578  1764.120436  17.072020  0.046322  1.450094  0.042174
274  1087.395708  6.197232  16.239134  0.057024  0.979185  0.032375
275  707.631866  1089.294489  15.605060  0.031554  0.759383  0.044597
276  515.338270  1292.648285  16.418176  0.092455  1.160569  0.058232
277  1999.659334  572.934216  16.306201  0.048137  1.033289  0.069452
278  1300.200723  1356.394077  18.441491  0.077688  2.134641  0.063922
279  283.178080  338.278053  15.207396  0.024788  0.455455  0.054423
280  728.925091  1301.157559  18.910835  0.148460  2.586095  0.104054
281  1802.149254  1565.792945  14.196977  0.056501  -0.011481  0.059186
282  962.309510  97.379253  18.028730  0.041794  2.306204  0.074070
283  1209.133362  320.333951  16.742470  0.051686  1.508680  0.061030
284  1820.831484  436.983854  15.907791  0.033710  0.938158  0.027335
285  1073.636941  999.733761  17.021235  0.047093  1.386109  0.079148
286  227.915038  764.277850  15.692498  0.068598  0.862067  0.041340
287  949.025585  215.251897  15.876317  0.027999  1.008419  0.060875
288  1128.851680  886.825173  19.593372  0.078191  3.114635  0.078218
289  1788.834371  1770.238019  19.156982  0.078985  2.945097  0.122167
291  1407.800007  920.274678  19.859081  0.126202  3.402089  0.099276
292  1947.075051  2029.520657  17.459460  0.051413  1.925754  0.051759
293  2003.496412  1995.156325  17.509493  0.082807  1.889845  0.048218
294  1446.008798  1807.096381  14.774337  0.036240  0.356223  0.026878
295  1187.766784  18.842484  16.536793  0.039230  1.229075  0.048809
296  441.163880  1230.173183  16.258718  0.058638  1.113532  0.033254
297  348.070461  1303.916997  15.373978  0.025592  0.674847  0.051902
298  144.252391  402.045916  14.916933  0.058903  0.157828  0.048245
299  1978.047256  260.738288  15.905976  0.033135  0.959508  0.050023
2100  367.938289  1997.457790  15.990078  0.028083  0.947527  0.082633
2101  601.088964  1236.554282  20.781221  0.335700  3.448209  0.166728
2102  1762.670987  684.014811  16.380712  0.077894  0.806624  0.059262
2104  844.728768  334.915592  16.707326  0.053098  1.097234  0.038594
2105  258.440396  1147.175337  17.519849  0.071959  1.520458  0.061840
2106  1375.021194  1026.969694  15.275882  0.041153  0.378402  0.064058
2107  815.895681  1786.147261  16.452291  0.036275  0.624993  0.050265
2108  925.696700  1564.973939  15.970233  0.078134  0.537894  0.049350
2109  461.467282  1.349832  17.550305  0.068943  1.539262  0.083170
2110  1509.016960  1197.397604  16.093167  0.048896  1.044798  0.050694
2111  1670.554984  1336.111682  16.870392  0.039131  1.138567  0.074242
2112  877.476646  1348.854321  17.695476  0.049756  1.384844  0.039893
2113  1505.645371  31.945831  16.448504  0.058311  0.985776  0.036404
2114  2017.233357  1398.940185  15.979414  0.056084  0.818495  0.041523
2115  1843.035219  561.509220  17.726777  0.121943  1.533896  0.092248
2116  425.075001  1872.365453  20.584093  0.201553  2.922827  0.173278
2117  366.087717  921.377918  19.167637  0.089518  2.296237  0.058342
2118  41.046117  1900.429438  16.537151  0.038346  1.133205  0.060164
2119  1306.675130  311.614680  15.630647  0.033644  0.121430  0.074431
2120  1479.915811  44.878681  15.038930  0.025588  0.111896  0.042911
2121  1178.831323  547.197140  18.158447  0.098612  1.680292  0.057103
2122  1720.164721  1590.421998  17.798574  0.070057  1.769521  0.063709
2123  544.604449  560.590139  17.815988  0.040804  1.638325  0.085087
2124  1997.319552  933.911643  20.760462  0.187216  3.576853  0.112134
2125  1499.886525  232.159022  16.717526  0.036393  1.129983  0.095575
2126  647.769881  776.380430  17.390374  0.054145  1.292434  0.040131
2127  1679.991229  595.637442  16.170826  0.058139  0.941865  0.049768
2128  174.936086  1353.264010  16.478394  0.041824  0.945126  0.041784
2129  449.746702  644.202646  19.853382  0.151648  3.173602  0.175318
2130  1805.243275  974.269314  16.782551  0.069759  0.923576  0.054495
2131  1293.077496  297.848637  15.752964  0.069431  0.459041  0.045118
2132  1861.036384  206.667429  15.419641  0.073886  0.325927  0.060862
2133  178.380370  752.173799  16.343998  0.046762  1.026944  0.032718
2134  1492.592228  1203.573894  16.762532  0.051836  1.003619  0.040636
2135  39.262759  1913.693235  18.814478  0.087850  2.275605  0.087740
2136  1601.924766  2009.069555  18.940222  0.086231  1.837017  0.143485
2137  280.474185  1034.260228  17.068876  0.059656  0.978054  0.078641
2138  1987.652833  1205.308329  20.100690  0.103158  2.458954  0.145579
2139  452.928921  1478.270721  16.993926  0.058623  1.043292  0.061371
2140  374.923739  1763.732646  19.764925  0.150363  2.405327  0.090080
2141  1966.001228  952.204713  17.419742  0.044772  1.122459  0.065296
2142  1543.755374  162.568019  18.364167  0.090741  1.375531  0.080473
2143  149.469620  22.102771  19.786718  0.124379  2.310615  0.085301
2144  637.241350  895.643674  19.050348  0.088374  1.741078  0.175613
2145  874.134218  1625.623350  17.082121  0.041681  1.111957  0.051691
2146  60.755555  1482.834245  17.463631  0.068748  1.306430  0.067807
2147  1290.138880  108.648104  16.941356  0.048934  0.909899  0.056803
2148  803.441548  1319.283876  18.517421  0.104819  1.592449  0.060353
2149  594.788428  743.224386  18.827015  0.161043  2.006615  0.053796
2150  341.185516  480.126046  17.598162  0.089571  1.061504  0.054035
2152  1912.284027  1465.982390  19.765963  0.087758  2.441347  0.103961
2153  370.804223  23.765800  19.225068  0.098009  2.207294  0.124604
2154  1803.166675  421.345380  18.166423  0.045059  1.486050  0.098598
2155  768.273593  1313.997938  19.602225  0.065697  2.200654  0.146042
2156  1084.596478  1343.601039  19.285963  0.088363  2.074672  0.078553
2157  883.258379  159.546085  17.280666  0.106320  0.930101  0.056236
2158  619.677904  309.051429  17.498898  0.037412  1.207893  0.045004
2159  1016.490637  1207.344915  15.974925  0.063104  0.313132  0.054304
2160  792.715191  573.570914  20.382146  0.099982  2.800819  0.102177
2161  277.834163  2035.527587  17.163752  0.062837  1.241872  0.038309
2162  346.904777  23.196580  17.587850  0.074544  1.050480  0.084231
2163  1511.475284  654.671239  17.261737  0.035941  1.024719  0.048682
2164  1753.813250  132.377893  18.177198  0.074973  1.670940  0.085033
2165  2005.944528  1665.711142  17.865319  0.052063  1.403997  0.043003
2166  860.342246  349.239565  17.272627  0.055773  1.720771  0.073153
2167  711.928278  1042.343320  17.779806  0.060731  1.116275  0.075063
2168  1724.133169  1567.688511  17.717589  0.040654  2.044195  0.081129
2169  730.909128  75.698602  16.701730  0.034746  0.435163  0.060843
2170  1610.216211  502.093425  18.221637  0.105571  1.484530  0.098000
2171  1551.177397  1388.218651  15.750743  0.043471  -0.083351  0.045595
2172  575.602772  363.212123  17.314410  0.062824  0.939593  0.109744
2173  878.496200  690.514399  16.822585  0.045813  0.761325  0.087039
2174  1776.403695  383.597969  20.128457  0.255530  2.902150  0.160923
2175  1494.769870  1183.908027  18.645920  0.094317  1.780002  0.092315
2177  1116.586575  227.116152  16.791987  0.051304  0.464541  0.074578
2178  1415.324729  2004.908506  16.685433  0.045343  0.890224  0.055352
2179  2034.119740  1161.132679  16.769378  0.057415  0.825991  0.033733
2180  878.453524  258.370546  18.128143  0.050785  1.455752  0.064653
2181  555.567759  443.185108  17.740863  0.068965  1.280915  0.130110
2182  1667.193857  354.207325  19.935629  0.189237  2.286514  0.160294
2183  1168.112226  172.264302  16.296198  0.045421  0.482812  0.033126
2184  685.143930  1270.093970  17.851835  0.105129  1.311211  0.054998
2185  1602.011517  1311.566688  20.727910  0.108386  3.097355  0.107097
2186  1495.484432  1528.279851  17.316094  0.042800  0.775074  0.078161
2187  558.169111  260.131166  18.432998  0.073112  1.232253  0.072656
2188  586.872227  1670.199810  20.315110  0.160044  2.275766  0.106027
2189  1295.434279  699.403442  17.742494  0.045757  1.137132  0.119320
2190  1829.241907  129.987183  19.708116  0.102397  2.081192  0.098591
2191  916.637688  1128.667270  18.688345  0.051836  1.433645  0.080128
2192  1782.646194  1861.741323  19.165095  0.195708  1.438862  0.110511
2193  1841.639939  1382.476726  17.542426  0.053530  0.611153  0.081309
2194  765.533953  1477.653473  17.904066  0.075107  1.218305  0.064842
2195  111.983355  188.284245  18.060991  0.110119  1.130418  0.074172
2196  958.159631  1852.000216  16.897751  0.051425  0.438771  0.038057
2197  1702.813231  65.766212  18.212710  0.089759  1.178281  0.052242
2199  96.801100  1222.746262  18.242091  0.082258  1.248709  0.083572
2200  341.203002  1192.811510  19.510093  0.122406  1.966177  0.164886
2201  1091.427984  1706.065039  18.060808  0.104632  1.392569  0.118823
2202  1551.862294  1856.421721  20.217333  0.124357  2.404373  0.101849
2203  1400.488784  1842.332702  17.606270  0.051156  0.707936  0.038934
2205  1980.625817  292.196046  18.234969  0.049727  1.280999  0.049071
2206  2023.960352  1727.353614  18.343571  0.065568  1.193993  0.045622
2207  1179.534265  878.645068  18.959370  0.125363  2.201811  0.072045
2208  186.688721  1526.720033  17.943945  0.093160  1.137255  0.064512
2209  892.100794  161.474586  20.535849  0.217395  2.712811  0.139426
2210  688.604371  579.473703  18.894178  0.102842  1.429059  0.090732
2212  1515.734838  1966.328658  18.174916  0.081717  1.041883  0.052619
2213  284.977142  564.651666  19.135610  0.140044  1.751732  0.127793
2214  1261.519312  1590.478336  17.642654  0.097603  1.034571  0.114003
2215  892.209411  39.394829  17.398161  0.038464  0.671686  0.079254
2216  8.424880  237.921917  20.788550  0.147806  2.585698  0.203039
2217  673.686073  218.066703  17.921541  0.046436  1.028661  0.100065
2218  1132.650158  1447.298930  18.351019  0.083138  1.362322  0.061227
2219  772.243195  1725.531253  20.565448  0.160062  2.569713  0.085890
2220  563.408964  1129.363629  20.131026  0.145279  2.265252  0.108488
2221  1922.333894  960.866215  19.263151  0.096583  1.575761  0.062545
2222  1953.819159  1887.131316  17.860492  0.060790  0.917128  0.070528
2223  1916.999518  1771.362185  17.765823  0.058026  1.058252  0.086896
2224  1737.823529  371.437389  16.413492  0.080369  0.279746  0.038611
2225  2039.649866  575.864720  18.958621  0.058585  1.557811  0.064506
2226  896.903113  60.209521  18.643283  0.056104  1.427495  0.065831
2228  328.292109  116.806164  18.865176  0.058236  1.441917  0.081872
2229  1369.280630  1748.179782  20.003359  0.197141  2.880066  0.312208
2230  641.798635  901.469061  19.531956  0.131639  1.971885  0.146528
2231  121.698359  340.124262  19.996121  0.143004  1.878520  0.117430
2232  1063.758606  396.621597  18.644513  0.052213  1.367659  0.097179
2233  1848.098195  1441.594824  17.893686  0.085081  1.098670  0.060530
2234  1960.790295  2036.414529  18.236716  0.074585  1.121280  0.085474
2235  666.798864  870.851516  18.000360  0.055844  1.236257  0.046245
2236  1853.092135  1556.780016  18.624937  0.083520  1.502585  0.072522
2237  1346.211249  177.932924  18.654923  0.110559  1.409943  0.060815
2238  1724.299314  300.890659  17.487074  0.069259  0.635671  0.074210
2239  280.675462  1089.026142  17.110615  0.058974  0.475528  0.058109
2240  1204.638991  128.627853  16.751041  0.065378  0.182101  0.040928
2241  368.198277  1226.267440  19.570278  0.087099  1.617163  0.089594
2242  577.168357  220.490963  17.787518  0.102443  0.628174  0.080212
2243  787.162949  1488.756401  17.954865  0.089689  1.026970  0.052011
2244  2038.450839  1819.630151  18.087805  0.050396  1.272046  0.045884
2245  1766.338346  1160.122655  18.279423  0.055056  1.078297  0.089352
2246  458.625172  858.330153  16.061342  0.032165  -0.130572  0.027609
2247  845.962345  26.712284  18.462676  0.057513  1.328349  0.103241
2248  447.676706  1719.316347  18.333560  0.096784  1.047282  0.168568
2249  1312.479959  1933.113091  18.764296  0.115364  1.770523  0.094507
2250  563.959976  256.992029  17.546403  0.103607  0.672830  0.059957
2251  251.721434  177.898314  18.181802  0.080461  1.069236  0.090137
2252  1842.717621  1742.931485  18.245654  0.111430  0.929651  0.123940
2253  1340.500318  1419.475307  18.308332  0.061459  1.204222  0.071512
2254  931.280334  1837.159152  18.278118  0.072860  1.108709  0.057888
2255  89.732207  1750.006506  18.233177  0.100278  1.144890  0.114482
2256  1569.644187  1556.038147  20.642214  0.232007  2.100427  0.102643
2257  447.301963  375.821002  19.830958  0.120489  1.554848  0.127538
2258  880.860592  1254.003985  18.683736  0.053798  1.505358  0.142258
2259  1749.242219  74.926488  19.094610  0.070888  1.160241  0.149790
2260  536.867165  191.142736  21.266299  0.128938  2.390954  0.111405
2261  310.878539  49.202638  18.750026  0.055631  1.207812  0.051797
2262  540.299835  1232.971239  20.585920  0.144229  2.166313  0.138902
2263  1831.852189  1022.609588  21.127151  0.202329  2.154621  0.269758
2264  693.405923  2014.925087  19.439506  0.123157  2.374427  0.191955
2266  953.727545  622.485813  18.164541  0.059401  1.045577  0.102830
2267  1441.785197  1060.043280  18.953517  0.077595  1.258941  0.095787
2268  1371.654634  1914.801892  19.558069  0.130703  1.548797  0.079557
2269  545.279191  928.670020  19.312482  0.072545  1.686448  0.094537
2270  759.025039  29.954624  20.101374  0.086795  1.580144  0.102417
2271  930.137313  1347.462149  19.985883  0.122690  2.023689  0.282711
2272  1857.585706  821.532814  20.339009  0.095399  2.279076  0.091974
2273  597.381989  1253.942873  18.499680  0.067287  0.848228  0.092570
2274  357.060079  910.455145  18.740585  0.061509  1.186148  0.061244
2275  820.817434  1158.442336  19.506264  0.153974  1.349318  0.108393
2276  1091.853274  943.664016  19.621779  0.107441  1.516915  0.116078
2277  1094.135126  59.074353  18.027022  0.127472  0.707282  0.081266
2278  1595.569743  1590.973669  20.383174  0.124636  1.935942  0.102052
2279  1273.147271  1325.515974  18.795278  0.098697  1.376983  0.112529
2280  746.310779  294.161608  19.020538  0.134677  1.243419  0.074887
2281  697.648164  1387.879213  20.588996  0.190366  2.035352  0.139901
2282  184.055254  686.795553  18.598103  0.068419  1.094765  0.068449
2283  1087.260613  1330.306072  19.779115  0.091337  1.685056  0.087711
2284  1537.611615  1653.231990  18.705344  0.079573  1.219588  0.079943
2286  672.190439  784.502856  18.311767  0.093028  0.880077  0.074331
2287  1512.311678  1602.168708  20.243062  0.116970  1.900550  0.163639
2288  1511.327913  143.321273  20.155991  0.149815  1.831313  0.227372
2289  82.844591  1925.299296  19.313958  0.071659  1.377334  0.099829
2291  1588.877991  904.749125  19.698417  0.131840  1.877921  0.121777
2292  1255.417692  1338.978787  19.004224  0.123810  1.238184  0.066129
2293  1553.590871  183.653042  20.225318  0.169911  1.686197  0.106694
2295  726.840280  458.101837  19.344464  0.105044  1.600165  0.072940
2296  1663.000940  1197.665209  19.580983  0.075192  1.568074  0.173661
2297  181.607276  696.455024  16.823702  0.042096  0.029963  0.076576
2298  1930.984783  1629.746188  19.730149  0.100127  1.708032  0.083803
2299  2017.623326  366.404898  19.619143  0.174393  2.537952  0.140438
2300  914.281397  654.023735  19.595936  0.274366  1.775829  0.192693
2302  705.341572  1355.049139  19.930098  0.150549  1.624165  0.078221
2303  2038.854654  700.412624  19.803887  0.181665  1.982575  0.197036
2304  90.951844  1712.231792  17.232959  0.047991  0.446234  0.053008
2305  1614.779816  1211.586658  18.080001  0.082788  0.729754  0.110949
2306  639.218225  128.247253  19.263817  0.072143  1.335499  0.136514
2307  1649.979628  82.605303  19.582544  0.145077  1.679815  0.159571
2308  969.895547  30.874310  19.322602  0.137977  1.343461  0.099009
2309  1291.075521  491.239930  19.756058  0.161037  1.513821  0.075182
2310  904.430011  556.022542  19.661657  0.149908  1.440239  0.116469
2311  386.859642  766.151471  20.110576  0.099868  2.236756  0.129827
2312  844.309948  1243.028469  19.235325  0.101201  1.365924  0.083740
2314  1302.207620  936.898894  18.771203  0.136157  1.207066  0.116312
2315  1690.304570  1144.599512  19.502426  0.084129  1.588342  0.104809
2316  962.505108  1679.890517  20.175533  0.278851  1.873185  0.157121
2317  129.855137  185.616272  20.244621  0.088738  1.873087  0.187057
2318  637.267950  1012.358565  19.804203  0.222772  1.886272  0.091241
2320  1747.621496  1416.965038  19.394203  0.140757  1.830518  0.123107
2321  264.043562  177.406835  20.673432  0.136817  2.325454  0.175123
2322  1734.627196  1144.541152  19.081322  0.088980  1.340185  0.094535
2324  1006.724061  1811.748938  21.248563  0.251130  2.226423  0.233860
2325  2012.781232  1318.561253  21.262047  0.264204  2.612223  0.129636
2326  1407.094093  830.894035  18.929528  0.166249  1.258457  0.063550
2327  465.869925  1449.008666  18.611141  0.052208  1.229148  0.122049
2328  1761.099794  2026.764108  20.555595  0.293249  2.476736  0.183464
2329  1950.767792  991.068951  19.185800  0.140997  1.754309  0.123315
2330  900.403717  383.020797  19.564090  0.076624  1.625269  0.093589
2331  1705.635009  1061.257786  20.996273  0.113355  2.532143  0.156098
2332  1123.273089  734.899198  19.173159  0.127095  1.220877  0.151840
2333  1163.613861  103.091231  17.509794  0.042284  0.483930  0.065674
2334  114.963099  1009.099797  19.701519  0.095998  1.515971  0.144065
2335  1897.860492  47.476231  18.137558  0.044006  0.795296  0.053147
2336  959.048763  821.777476  20.593811  0.136603  1.665647  0.169041
2337  1688.098714  1497.890882  19.261843  0.127647  1.413147  0.113863
2339  1951.569707  1638.793397  18.575993  0.090486  0.977497  0.134581
2340  1135.941136  1901.015581  19.238916  0.132171  1.111821  0.128242
2341  639.277384  1029.421710  18.272482  0.079485  0.908550  0.049090
2343  153.789300  700.132913  20.734261  0.132539  2.108289  0.156718
2344  1945.265659  226.333054  19.702598  0.122633  1.556485  0.103827
2345  1920.752537  322.904910  19.834158  0.101781  1.633142  0.089351
2346  1654.715672  606.464518  18.552110  0.138530  0.981970  0.099464
2347  160.806197  887.699602  19.672737  0.156746  1.892538  0.121670
2348  238.369254  1006.856915  19.211686  0.077470  1.280717  0.122623
2349  104.543908  2041.129877  21.217152  0.192293  2.497676  0.311855
2350  1119.121092  1300.845354  21.097565  0.119813  2.100100  0.127254
2351  1118.931738  1231.824866  20.449696  0.088044  1.735378  0.190301
2352  644.707536  427.206927  19.559414  0.127621  1.738319  0.125492
2353  1784.927668  572.659686  20.860919  0.286891  1.983041  0.301800
2354  782.247676  1748.063684  20.906356  0.174952  1.965906  0.122169
2356  79.736580  1060.471940  20.156911  0.187934  2.242585  0.100622
2357  1044.037045  1898.379630  19.773383  0.083519  2.127147  0.099555
2358  1399.986909  46.089421  20.221907  0.244157  1.630788  0.106940
2359  1441.775048  1026.638066  17.699688  0.064281  0.117002  0.059810
2362  757.117219  1940.659428  20.214779  0.124553  2.315411  0.085449
2363  1411.496031  148.351382  17.886691  0.054467  0.222125  0.044302
2364  1534.637651  399.302599  20.344187  0.093032  1.735083  0.105986
2367  867.114648  2034.844801  20.587412  0.118540  1.825809  0.175393
2368  474.946568  72.103128  20.003969  0.085979  2.284531  0.111568
2369  634.236300  37.935616  21.125544  0.237314  2.347956  0.259178
2370  584.659829  1964.643184  19.907932  0.097279  1.248249  0.111940
2371  451.157055  1748.815962  19.949471  0.086792  1.313607  0.091627
2372  1316.182099  397.244586  20.890579  0.108512  2.036969  0.161622
2373  1304.288121  165.396694  20.850130  0.197051  1.553814  0.107574
2374  68.639162  602.601352  20.008652  0.080389  1.763243  0.301608
2375  1575.641597  1591.548905  20.005141  0.184037  1.869473  0.114882
2376  353.337320  113.783355  18.691562  0.092586  0.457325  0.125159
2377  1095.521521  1248.709349  17.928527  0.108135  0.446817  0.081712
2378  1291.541510  1853.159153  19.637410  0.111777  1.648489  0.107759
2379  1412.197118  1881.536068  20.152580  0.105925  2.518287  0.115538
2380  49.812074  715.392337  20.028998  0.107048  1.505374  0.113282
2381  1817.428910  323.201755  21.222408  0.161363  2.086072  0.214398
2382  286.344101  1221.525261  19.993948  0.088212  1.393603  0.138090
2383  1263.989095  1698.719831  20.938973  0.215646  1.706296  0.108210
2384  419.611388  1357.988111  20.234925  0.134885  1.571584  0.145547
2385  777.582273  1503.549824  18.448107  0.065664  0.349384  0.050764
2386  1320.207146  300.658451  20.642653  0.096089  1.594143  0.120255
2387  1516.650711  572.695495  19.473014  0.104174  1.394141  0.088453
2388  763.119802  645.136578  18.101450  0.077427  0.469010  0.118955
2389  1160.987123  1653.505270  17.796472  0.129553  0.172663  0.112007
2390  1012.367238  713.771144  19.979786  0.089417  2.577579  0.168689
2391  993.271534  436.721290  20.582102  0.211827  1.625669  0.108677
2392  1401.213115  1082.664291  20.160481  0.097351  1.410650  0.098279
2393  678.112056  1965.653598  20.369663  0.169152  2.396140  0.104985
2394  915.176805  339.768038  20.586275  0.101714  1.891598  0.251785
2396  878.097687  441.966252  19.647258  0.156779  1.490670  0.097875
2397  1910.057630  1821.556770  20.252666  0.086439  2.322054  0.106672
2398  1597.364286  826.221039  20.127177  0.227400  1.093378  0.141233
2399  152.337725  1829.154783  19.762202  0.191337  1.273744  0.203312
2401  1345.662695  831.582411  20.010454  0.077888  1.696173  0.078444
2402  1385.510437  353.738879  19.775938  0.117296  2.345093  0.094630
2404  1211.289034  531.557446  20.376891  0.110378  2.051911  0.170148
2406  45.375336  1066.511942  18.157747  0.067777  0.351709  0.065233
2407  2035.106543  346.529033  21.019619  0.334425  1.751580  0.125658
2408  1230.214232  312.155047  20.740518  0.138660  2.110068  0.214129
2409  1437.734244  1232.599394  20.082213  0.168750  1.389169  0.192969
2410  1189.034186  1503.740139  21.415966  0.128866  2.197727  0.122689
2411  772.249097  1964.331604  20.100508  0.102918  1.881579  0.172930
2412  1865.205245  20.575401  19.584897  0.112153  1.681871  0.086607
2414  490.475876  1958.471428  19.911723  0.250743  2.275297  0.149483
2416  1776.413564  427.423904  19.796929  0.080204  1.558993  0.127383
2417  421.774662  1866.201500  20.402212  0.089447  1.432961  0.148039
2418  917.451206  1706.321241  21.193702  0.331768  2.099238  0.225239
2419  178.542521  570.749747  19.915624  0.087778  1.570387  0.076749
2420  1595.551046  484.849164  18.600594  0.055906  0.541316  0.071640
2422  1090.755638  1530.115464  19.553156  0.134085  1.850271  0.126095
2423  335.986745  925.622102  19.651771  0.135069  1.384787  0.129419
2424  580.264841  1117.325892  20.191382  0.180665  1.866932  0.084589
2425  1667.667802  801.857803  19.867767  0.177715  1.282064  0.117420
2426  368.758851  1938.611973  19.579313  0.116137  1.155481  0.142078
2427  485.766088  1396.426673  20.594160  0.234956  1.994117  0.287535
2428  891.793221  1374.947196  21.524793  0.250730  2.738404  0.451511
2429  636.088058  1040.623839  20.298961  0.274801  2.253982  0.089515
2430  436.867654  1204.648949  19.258413  0.128781  0.746876  0.120488
2431  962.910385  982.779279  20.182648  0.217974  1.722875  0.148168
2433  582.366309  1824.612535  17.718119  0.070651  0.291569  0.046365
2434  1993.971110  606.708325  20.511336  0.118123  1.895084  0.117305
2435  1099.170909  1886.444697  19.168973  0.092070  1.082227  0.059205
2436  1006.719618  1631.359900  19.901736  0.124737  1.302066  0.126127
2438  531.533656  102.623834  20.505169  0.167394  2.221925  0.119050
2440  2040.800612  1808.946534  20.406859  0.128588  1.852036  0.095894
2441  1696.681612  343.067428  20.223316  0.095821  1.495197  0.105807
2442  1168.345064  1994.037210  20.438463  0.101998  0.946576  0.188423
2443  1409.786426  917.499138  19.426530  0.189140  1.266861  0.081675
2444  801.613378  1842.858708  20.684719  0.095917  1.849587  0.133805
2445  806.198048  829.341821  19.821051  0.137557  1.209599  0.103009
2447  181.339517  1695.473626  19.560636  0.132412  1.281504  0.081280
2448  1675.921225  484.506313  20.766530  0.217728  1.898327  0.125912
2449  943.896602  1288.867479  19.911740  0.119542  1.220065  0.159901
2450  644.311939  914.423445  20.436584  0.185844  1.543049  0.131787
2451  502.139148  1064.076967  20.091155  0.134630  3.124504  0.151105
2452  849.983696  886.035484  19.713151  0.113543  1.600546  0.144579
2454  1926.560643  778.875846  19.779863  0.200452  1.295773  0.107552
2455  504.656518  346.060483  20.108031  0.196533  1.472988  0.118196
2456  1777.207438  1798.066906  21.234628  0.171617  1.612149  0.192990
2457  1646.461471  399.214436  20.565071  0.169293  1.680273  0.128057
2458  297.954098  779.989697  20.021923  0.127777  2.032157  0.147742
2459  766.646145  1680.601604  19.266612  0.092542  0.848498  0.070448
2460  864.647182  1461.098711  20.290318  0.242869  1.355762  0.136096
2461  1434.707237  299.522027  20.481706  0.193786  1.488701  0.111691
2462  33.170686  849.982446  20.137435  0.078785  1.632822  0.141797
2463  885.544854  1104.856552  20.795952  0.092925  1.797288  0.168300
2466  1632.128714  1177.245360  18.245968  0.094797  0.067213  0.075424
2469  807.143456  1388.294385  21.170472  0.245827  2.540413  0.322750
2470  134.903075  679.059260  20.814608  0.115795  2.565427  0.183081
2471  870.050159  146.721604  20.848152  0.133494  1.575496  0.242532
2475  175.049389  890.004185  22.264174  0.316959  2.188955  0.168558
2477  1185.599712  924.608243  20.653037  0.182283  1.085419  0.089050
2478  640.238918  149.493987  20.706636  0.248097  1.452026  0.203743
2479  1801.163592  1916.895481  19.258831  0.162014  0.746687  0.171927
2480  983.958561  1762.131624  20.670222  0.145608  1.687217  0.188621
2482  1775.199863  1134.287844  21.464621  0.255139  1.642083  0.275711
2483  107.787067  505.953655  19.912633  0.093936  0.978147  0.102283
2484  255.822194  1417.424413  21.407452  0.204090  1.840915  0.275087
2485  1086.555622  510.337425  19.954914  0.107033  0.631775  0.099353
2487  140.789938  1537.468503  20.793334  0.113478  1.550650  0.118963
2489  880.447959  2015.915798  18.964305  0.067173  0.530260  0.100190
2490  1948.352179  109.978679  20.582084  0.117529  2.046944  0.124613
2491  338.520062  277.856255  20.668717  0.281184  1.558544  0.108374
2492  1407.926371  674.526046  19.943290  0.142316  0.879707  0.113608
2493  1141.940231  88.341195  20.241792  0.129105  1.062372  0.141880
2499  1016.717788  790.774867  19.833704  0.180544  1.022376  0.073600
2500  1812.884470  1994.515482  19.759990  0.186547  0.497229  0.090647
2501  1628.878721  156.591810  20.066643  0.170437  1.166389  0.119394
2503  575.229321  453.193282  20.785432  0.198214  1.760777  0.234288
2505  68.127905  2042.585495  20.228192  0.239157  1.237886  0.133639
2508  591.065110  1546.517208  19.465776  0.068447  0.475719  0.068612
2510  2030.053899  1381.934953  21.072069  0.140049  1.418119  0.225046
2512  725.079286  1573.494765  20.633343  0.155035  1.472172  0.112241
2513  149.116464  460.358014  20.858024  0.169628  2.197667  0.132332
2515  1075.102461  929.287946  20.893443  0.102517  1.247925  0.223314
2516  1563.132054  381.062985  19.347798  0.123042  0.483456  0.119584
2518  1104.622416  1087.883801  19.831881  0.096511  1.089386  0.072477
2521  1629.635787  66.219885  20.661252  0.176866  2.115260  0.286225
2522  1052.531749  1157.842831  19.522912  0.105839  0.554449  0.112794
2523  812.266521  985.941449  20.531620  0.153114  1.769020  0.248238
2526  283.043254  1401.126391  18.839142  0.072613  0.395038  0.074717
2528  1917.841912  1935.130749  21.769086  0.327268  2.533630  0.166263
2530  1970.400450  1036.456615  21.213081  0.151017  1.599318  0.122860
2532  885.803213  1306.196836  21.001915  0.113343  1.666164  0.173990
2533  448.283318  84.597238  20.321868  0.184684  1.384813  0.129310
2534  1555.622211  93.805269  20.561533  0.216735  1.076638  0.164631
2538  1043.283607  204.763193  21.408642  0.201150  2.197911  0.395362
2541  869.402113  160.378382  20.793452  0.205812  1.601244  0.122576
2550  32.162152  1703.969010  20.878290  0.125568  1.586114  0.119753
2551  1707.380618  703.435142  19.657253  0.203960  1.039839  0.118624
2552  1118.322524  430.249295  20.847944  0.297398  1.757413  0.146599
2554  505.983440  1697.710086  20.859718  0.152477  2.213648  0.142608
2557  1014.176357  1767.859198  19.712430  0.170568  0.772465  0.084738
2559  1311.269674  332.950964  19.305352  0.075228  0.727711  0.101627
2560  1936.283811  1683.039705  21.224771  0.225454  2.259683  0.139741
2561  931.871195  941.289778  20.856324  0.121804  1.096294  0.159759
2564  176.227752  1181.731161  21.702397  0.291406  2.290763  0.231646
2565  1750.815475  1705.405766  20.308932  0.105350  1.229041  0.082811
2566  533.534792  229.179136  18.975520  0.173334  0.336963  0.091071
2567  144.267056  1694.518146  20.532705  0.164825  1.432208  0.107911
2568  855.807355  829.307160  20.885680  0.200700  1.633091  0.125347
2571  1352.342323  1283.055966  21.010991  0.226847  1.301493  0.102689
2572  1331.443942  525.564698  21.339343  0.133506  2.411892  0.195440
2573  662.908392  883.040056  20.432812  0.279139  1.639068  0.149375
2575  85.771198  1375.404817  21.270322  0.200102  1.890374  0.225971
2576  1334.580021  352.785089  21.382789  0.191920  1.223144  0.342790
2578  966.943185  1466.120658  20.721450  0.175116  1.547196  0.104084
2579  1800.160052  101.031100  20.908173  0.285900  2.256281  0.180817
2581  1530.041823  1160.983072  21.075595  0.257840  1.900817  0.110696
2583  394.435328  457.120905  20.104313  0.233956  1.268363  0.137198
2584  1225.657511  1698.133761  20.770954  0.294414  1.629331  0.178299
2585  395.511009  787.148368  19.152307  0.178082  0.636559  0.159548
2587  88.940468  974.694209  19.996115  0.114559  1.098422  0.156777
2588  390.835662  1376.921535  20.408483  0.097731  1.399794  0.123773
2589  1815.294406  1586.284249  20.947089  0.268090  1.477539  0.313393
2590  195.733238  1324.619888  21.483751  0.185949  1.831836  0.155632
2591  448.762376  1421.529719  18.808579  0.095527  0.592516  0.063548
2596  277.168850  1392.825730  20.519086  0.116752  1.125017  0.236841
2597  1576.119483  423.323754  20.817093  0.101196  2.359149  0.140073
2598  540.969837  1879.228047  21.279129  0.118148  2.380437  0.452294
2601  1782.416236  338.424726  21.268415  0.164717  1.384923  0.163130
2602  843.664211  160.661457  21.128033  0.221726  1.189294  0.339560
2603  860.473639  619.236292  21.331052  0.142437  1.102551  0.179298
2608  1608.619230  172.321848  21.512616  0.334312  1.518766  0.148349
2609  1966.800876  35.493237  20.254201  0.214426  0.981144  0.139937
2610  480.352896  1330.101986  20.166202  0.086787  0.870775  0.119101
2611  1124.866071  1536.666692  20.975123  0.171200  1.365982  0.159779
2615  1643.320673  1145.914722  21.036687  0.157445  1.197781  0.126299
2622  1610.240685  1650.582424  20.479090  0.105184  0.983946  0.089890
2625  1672.611262  1661.512798  20.278079  0.122480  0.907619  0.108982
2626  45.953444  1509.887624  21.683408  0.154968  1.720491  0.176546
2628  1078.382808  1423.383573  20.327548  0.199138  1.250267  0.187926
2630  570.648866  822.781830  21.446860  0.189956  2.027940  0.141214
2633  1890.089037  1827.332477  20.882457  0.142512  0.965485  0.114439
2635  1489.075068  1769.670266  21.604007  0.226696  2.039626  0.307945
2636  364.574526  771.388391  21.225839  0.315761  1.438668  0.247664
2638  1982.436108  1542.342326  21.044259  0.204843  1.666994  0.233850
2639  153.618587  272.243218  20.780695  0.383224  1.209699  0.169743
2645  1277.783665  244.738373  21.682618  0.229129  1.722719  0.310669
2648  561.529475  1346.301732  21.624105  0.255969  1.563688  0.366835
2649  1665.364540  745.550423  19.414404  0.116520  0.620597  0.121608
2650  1016.210827  1152.062382  20.010490  0.184594  0.630301  0.169820
2651  861.550080  814.034762  19.928178  0.157476  0.752529  0.237615
2653  366.024969  1916.177413  21.756666  0.147603  1.412004  0.219302
2659  491.113643  1252.507919  19.602144  0.249252  0.280607  0.151122
2662  76.821931  911.708490  21.059200  0.205453  1.074108  0.155514
2663  1056.412217  791.594402  20.726689  0.135356  1.602214  0.271525
2669  1833.692379  1301.717484  19.636022  0.165283  0.446183  0.067819
2671  1936.382986  1221.258013  20.376255  0.204419  0.954172  0.125600
2672  446.111771  573.819670  21.485907  0.158831  2.043224  0.304165
2676  1813.831295  1271.503498  21.315626  0.193464  1.726876  0.270427
2677  1648.756210  1725.296021  21.038983  0.241263  1.318483  0.303777
2679  1451.267935  1090.333379  21.040811  0.132304  1.154838  0.131756
2682  1587.166331  562.555101  21.270576  0.247219  0.969159  0.158563
2684  1507.892462  332.737990  20.599924  0.191076  0.690044  0.128171
2685  492.629311  440.114479  20.908606  0.290167  1.242866  0.275558
2686  1582.175406  353.192211  20.972159  0.140272  0.882670  0.190252
2687  1887.530152  892.649553  20.602922  0.170259  0.833304  0.218002
2689  404.421655  1695.822009  20.383638  0.114586  0.366584  0.089026
2690  1140.647553  1165.143149  21.239578  0.232383  0.895512  0.293891
2694  607.971478  189.970610  20.551333  0.254922  0.719708  0.121141
2695  2037.360315  416.762936  20.579059  0.148808  0.634983  0.110811
2697  1454.042517  1815.541533  20.708691  0.120225  0.971520  0.285163
2698  961.408081  1896.873300  20.456149  0.113392  0.883943  0.162578
2699  1100.182960  1987.640303  21.076290  0.122665  0.842182  0.271183
2703  432.314877  201.241572  20.205943  0.121125  0.477666  0.126734
2704  1455.225954  1627.609384  21.041381  0.302257  1.183405  0.234733
2706  925.008605  1371.651187  20.964459  0.358884  0.866421  0.238252
2708  664.422312  408.345458  20.924933  0.203719  0.933481  0.280769
