# id  x  y  V  eV  BV  eBV
115  1093.277635  1043.778703  21.424514  0.223278  2.143487  0.311798
126  1157.692436  956.721828  21.150652  0.137582  1.669220  0.338001
135  1042.233938  997.180682  20.736427  0.108276  1.641537  0.109350
136  990.802022  1006.125486  20.732518  0.171635  1.687454  0.103793
139  902.230426  1088.693494  20.899571  0.143903  1.422504  0.115201
142  958.573588  1037.403648  20.568362  0.253163  1.557656  0.155584
143  1144.461967  1125.925519  20.482247  0.120596  1.336717  0.128322
144  1104.841789  922.325299  20.152813  0.138065  1.577955  0.089051
147  1022.657126  1070.501642  20.438834  0.218475  1.339583  0.093780
148  1136.182047  1061.728338  20.292488  0.126955  1.562117  0.208954
149  1048.474092  961.086751  20.301556  0.152620  1.325537  0.166235
150  1039.554601  1109.014180  20.164742  0.138172  1.544861  0.105288
151  1102.891622  1030.638305  20.008077  0.153449  1.302997  0.100550
152  1170.198303  915.155333  20.138827  0.122090  1.356060  0.101489
153  1004.386017  943.170519  20.139513  0.143737  1.304842  0.134503
154  1076.081377  963.088200  20.046216  0.103204  1.382593  0.077388
155  1013.110907  1047.374316  20.162235  0.078483  1.418329  0.099539
156  1161.447793  905.355858  19.678225  0.202475  1.380603  0.093040
157  1129.005158  909.580943  19.980780  0.157653  1.375362  0.083274
158  1040.363766  987.438531  20.094522  0.135151  1.271631  0.079852
159  989.831332  1160.097792  19.816447  0.089293  1.274881  0.108078
160  986.468311  1048.976548  19.722641  0.189733  1.543318  0.128591
161  1089.324954  984.294420  19.898045  0.076269  1.459005  0.089049
162  1085.397668  916.708844  19.618610  0.190089  1.427292  0.116474
163  1086.201098  890.333266  19.626378  0.207667  1.087420  0.133690
164  1063.017226  921.436099  19.784378  0.124268  1.693107  0.130238
165  984.744305  983.262351  19.634999  0.074103  1.304178  0.113033
166  1074.532516  1003.504599  19.495492  0.101855  1.236783  0.068604
167  1000.064655  1025.819607  19.547029  0.070555  1.302085  0.065930
168  895.471206  929.507471  19.366420  0.182635  1.292152  0.125621
169  970.763571  1028.116460  19.352915  0.088444  1.286339  0.126112
170  1211.830026  1135.565025  19.504433  0.150196  1.497995  0.114345
171  1014.307942  946.307441  19.379091  0.121979  1.585264  0.189683
172  910.035538  963.636306  19.196292  0.097041  1.363330  0.084756
173  1049.504154  1181.609062  19.185498  0.062721  1.241640  0.111486
174  1132.789535  1086.730035  19.316212  0.141872  1.034264  0.135059
175  1126.531154  1117.149020  19.153300  0.081166  1.570251  0.138890
176  1010.349445  1197.248676  19.037625  0.085958  1.244226  0.070937
177  923.718205  1116.408033  19.112266  0.139887  1.310487  0.069466
178  1083.767460  1149.037404  18.985003  0.070119  1.064745  0.162116
179  1023.486587  996.926935  19.007083  0.062253  1.137708  0.066214
180  920.132301  1019.129897  18.889532  0.117845  1.119658  0.080948
181  1106.238587  1009.885778  18.961961  0.091218  1.045071  0.113834
182  1031.705559  1125.858755  18.851812  0.193314  1.057521  0.058248
183  882.018079  886.064169  18.816724  0.132990  1.179939  0.062102
184  1160.460493  1096.615260  18.658696  0.106086  1.164625  0.053713
185  910.094234  1112.951788  18.669364  0.064565  1.019515  0.057550
186  896.065843  962.990879  18.777422  0.092850  1.170991  0.142841
187  1072.061460  992.513331  18.561582  0.073935  1.053911  0.065215
188  1131.680338  1114.807542  18.585586  0.061083  1.105536  0.129663
189  1056.896963  1041.162117  18.565212  0.095312  0.539178  0.151308
190  835.387269  911.536148  18.542959  0.077915  1.047275  0.082299
191  1010.057216  964.059566  18.409309  0.107502  1.120449  0.084335
192  1148.415816  994.118103  18.282182  0.060848  0.962802  0.047200
193  841.589371  941.316321  18.264334  0.070876  1.120167  0.105374
194  951.577518  1104.774963  18.132918  0.170037  1.063415  0.054988
195  1113.926103  1121.103155  18.281972  0.071220  1.031496  0.094506
196  1107.142451  949.110702  18.191528  0.070689  0.897998  0.046104
197  1035.167990  1076.749783  18.196003  0.046048  0.971564  0.149863
198  950.094500  971.260109  18.080044  0.047895  0.852052  0.063053
199  986.610156  1069.095506  17.952991  0.064467  0.894187  0.067112
1100  936.821678  933.265244  18.057280  0.044483  0.826507  0.069568
1101  879.708570  944.521585  17.943119  0.086305  0.828027  0.079917
1102  1086.244762  1139.040031  17.854054  0.090270  0.900209  0.052333
1103  1151.773655  991.968358  17.729393  0.048192  0.870682  0.113771
1104  992.016630  910.720471  17.804091  0.050348  0.827063  0.096825
1105  1129.137029  1041.234063  17.794933  0.059175  0.890075  0.064867
1106  1029.079020  1093.313044  17.768623  0.072912  0.765639  0.071059
1107  969.437983  1046.063411  17.524672  0.059922  0.990826  0.042536
1108  952.434545  840.604918  17.601224  0.060571  0.803907  0.059682
1109  1040.037048  1046.522757  17.552787  0.043237  0.871043  0.041467
1110  1025.726546  1131.331891  17.483050  0.068157  0.971612  0.054594
1111  1169.679954  854.658314  17.614322  0.054155  0.846422  0.041691
1112  972.997325  1102.955172  17.510293  0.083083  0.904098  0.047656
1113  833.491845  1017.268060  17.545583  0.059580  0.743907  0.078851
1114  937.627136  959.510221  17.440477  0.068029  1.057478  0.129393
1115  946.108232  920.029061  17.383915  0.090014  0.815273  0.036891
1116  860.671283  1034.829107  17.263793  0.051389  0.886192  0.054452
1117  1049.635963  1127.964692  17.205182  0.071582  0.853989  0.084756
1118  1067.111424  989.917839  17.257417  0.047595  0.867407  0.036272
1119  1025.657979  848.976282  17.294875  0.072835  0.813965  0.036437
1120  1132.882166  1151.385846  17.066427  0.037896  0.807392  0.040520
1121  974.019564  927.293870  17.021277  0.035575  0.836097  0.052118
1122  1026.991985  1047.798272  16.983273  0.035655  0.738113  0.045550
1123  1089.835397  932.789187  16.823621  0.103583  0.884750  0.075108
1124  1040.299356  1147.753390  16.872045  0.073478  0.741581  0.087739
1125  1044.768133  1116.830720  16.633144  0.080963  0.721982  0.044793
1126  891.942093  937.789256  16.653358  0.043903  0.668281  0.069108
1127  1085.409587  1067.846349  16.518088  0.043024  0.751258  0.042740
1128  967.634391  1069.042442  16.500893  0.054452  0.774432  0.050959
1129  1063.782011  1058.533560  16.427460  0.033834  0.693278  0.102012
1130  996.729672  1102.202307  16.322124  0.032154  0.836399  0.080785
1131  892.832297  1007.176643  16.231910  0.038721  0.755137  0.028614
1132  1135.157084  1087.088558  16.122631  0.063479  0.719335  0.069485
1133  1102.960271  1107.780137  16.100954  0.050835  0.738688  0.029405
1134  1058.917827  981.770752  15.991573  0.031745  0.795893  0.044357
1135  1016.440709  1040.676721  15.847603  0.028274  0.780605  0.036471
1136  1054.426235  940.214415  15.703581  0.047353  0.691381  0.037096
1137  1112.081121  965.681541  15.685848  0.026589  0.768152  0.045220
1138  954.078126  1000.661545  15.518643  0.025872  0.765073  0.043220
1139  1081.261998  1189.888778  15.346070  0.029878  0.700702  0.060547
1140  966.889288  1101.401108  15.171870  0.030605  0.754007  0.033693
1141  1030.176584  1084.412109  15.023432  0.039593  0.733399  0.035299
1142  1119.918612  1096.601887  14.890913  0.023088  0.682578  0.025431
1143  1072.128983  869.716869  14.862990  0.044839  0.700561  0.030643
1144  1137.468867  1072.022118  14.381973  0.025645  0.815150  0.061605
1145  1055.120015  1006.536458  14.158088  0.045568  0.680993  0.059190
1146  828.005499  1029.498184  13.700071  0.039642  0.641539  0.032354
1147  1179.852390  1033.758249  13.478444  0.021673  0.670120  0.025706
1148  1028.235858  1036.599890  12.485307  0.038174  0.686393  0.034579
1149  1090.320466  1025.106698  11.951757  0.047323  0.658144  0.027442
1150  1034.623652  1111.798272  14.168398  0.023366  0.736132  0.034024
20  1273.579944  318.756189  9.343892  0.023976  0.862495  0.025598
21  1190.135756  407.818833  9.401472  0.016519  0.744442  0.024535
22  473.980186  1548.471779  13.665622  0.029921  2.780307  0.046705
23  1623.369679  690.200655  11.665506  0.029298  1.509171  0.031025
24  2041.255750  498.258705  10.534207  0.036653  0.578005  0.023384
25  520.034408  585.672102  11.382997  0.028751  1.141767  0.046906
26  1725.398239  383.785311  11.022416  0.025981  0.776858  0.040985
27  1097.366989  126.062818  15.492212  0.061067  3.439962  0.030984
28  43.919129  1344.479239  10.619252  0.038509  0.697368  0.042832
29  381.446241  1491.315768  10.744046  0.021568  0.503713  0.054135
210  1337.151186  1279.160729  12.367037  0.060168  1.125898  0.034736
211  421.628751  1136.672418  12.016610  0.018908  0.960349  0.028178
212  726.609277  821.548141  11.995883  0.028356  0.715825  0.030601
213  796.716971  417.046883  11.527371  0.025060  0.566100  0.064045
214  1529.441432  550.506033  12.387895  0.018205  0.716759  0.021477
215  1623.529283  1384.242312  16.606579  0.083617  3.101673  0.128517
216  1504.869140  690.101332  12.211497  0.046898  0.730294  0.035831
217  723.847500  1949.300311  12.688190  0.038273  0.760227  0.056957
218  74.059288  1308.638604  14.216695  0.023023  1.510512  0.022973
219  835.338360  1311.829441  13.465509  0.033536  1.068218  0.027782
220  648.073277  1418.112936  14.915559  0.050600  2.055429  0.045996
221  2016.608129  131.937387  14.549799  0.036694  1.482206  0.035508
222  1241.203232  1694.275061  13.728116  0.036535  1.039996  0.027807
223  1903.581537  1084.598970  13.541269  0.034250  0.895714  0.057554
224  1748.652137  1504.234258  13.998571  0.048578  1.064373  0.036240
225  1962.513241  98.517356  13.915649  0.021512  0.946438  0.058165
226  1421.156561  1403.029827  12.908352  0.033233  0.463732  0.048338
227  1608.583697  268.864623  16.892911  0.038090  2.527514  0.058014
228  1918.433528  1115.720564  13.059617  0.019221  0.464552  0.020676
229  838.410386  1254.649700  14.455049  0.071578  0.984416  0.029991
230  291.152106  852.687689  14.668637  0.051160  1.170472  0.029993
231  2047.963534  1969.535111  15.300309  0.046615  1.430986  0.030334
232  2025.245004  1708.951966  14.981646  0.042091  1.395455  0.030525
233  623.591530  1785.730886  13.959143  0.044829  1.117700  0.021260
234  872.122294  454.751489  14.175442  0.047031  0.849091  0.038001
235  1649.038248  1094.434146  15.118693  0.029295  1.518823  0.033609
236  1565.244923  1340.052511  14.423085  0.021706  1.025209  0.052915
237  1789.400088  1159.496981  17.778510  0.166569  2.909446  0.116301
238  478.413844  873.364837  15.561369  0.050215  1.404543  0.027743
239  247.795695  1290.634526  18.777088  0.126370  3.241013  0.083455
240  394.325837  1230.266479  13.971523  0.050887  0.612399  0.035935
241  394.246349  414.663565  14.971048  0.041129  1.078863  0.023286
242  958.371731  1285.755899  13.434024  0.060017  0.146474  0.021399
243  1286.222236  816.518579  16.247340  0.041615  1.796830  0.085648
244  1654.601244  1413.112883  19.690237  0.087001  3.663097  0.100745
245  1729.344502  461.257944  13.727727  0.058181  0.327213  0.043178
246  984.389584  1496.430308  21.005209  0.405311  4.690051  0.111353
247  1434.767525  606.852265  14.166857  0.026778  0.859490  0.043234
248  1089.985003  277.023997  16.756932  0.066961  2.039836  0.066806
249  1046.053049  1149.109087  17.427800  0.055830  2.454415  0.054013
250  18.050622  1862.489297  17.945707  0.065575  2.913286  0.080203
251  362.446298  213.974131  14.664003  0.040291  0.846715  0.023568
252  404.886847  1877.659461  17.421256  0.115982  2.217296  0.100783
253  1500.688845  1651.966336  15.530055  0.067405  0.916172  0.027075
254  1983.103422  2002.209222  14.700000  0.029460  0.362942  0.044212
255  1608.705891  350.084875  18.513787  0.062959  2.730866  0.083879
256  1760.965968  1040.676916  15.065138  0.035606  0.831202  0.037243
257  31.357552  1520.554826  15.136845  0.074078  1.004378  0.056794
258  1714.386829  21.269616  18.746414  0.075631  3.072178  0.178807
259  510.849720  1630.927739  16.769261  0.053791  1.727064  0.031648
260  1504.137801  1437.069190  15.950959  0.038251  1.283487  0.076793
261  1889.724359  1983.569111  15.341046  0.040320  1.045765  0.044826
262  1662.279036  913.872725  14.975988  0.048167  0.738119  0.051394
263  1542.372347  128.372584  15.389014  0.029938  1.076165  0.044076
264  1377.976781  99.795994  14.663871  0.033529  0.650570  0.039166
265  598.687037  1420.373416  17.851493  0.053842  2.448260  0.110635
266  1782.278715  889.271245  14.869378  0.040029  0.659347  0.040622
267  89.243444  381.363142  18.787501  0.082672  3.284652  0.113376
268  11.018680  245.895596  19.408076  0.122276  3.471372  0.111147
269  2017.064194  1533.295943  15.234222  0.053561  0.795921  0.052709
270  1482.429562  368.306351  20.164419  0.086410  3.768928  0.125822
271  1964.024124  2041.192053  16.115027  0.030468  1.338106  0.043936
272  1422.389578  186.250503  18.788405  0.059669  2.623097  0.092701
273  188.421145  186.003817  14.382143  0.050643  0.373873  0.029336
274  481.754241  1636.228658  15.258899  0.026839  0.845766  0.027858
275  1097.854091  297.602060  17.830095  0.066515  2.180052  0.062030
276  462.575898  1671.031281  19.852088  0.115610  3.148914  0.078914
277  1678.203175  353.282031  16.594337  0.089619  1.598484  0.074888
278  1580.611848  928.177778  19.180063  0.154201  2.656058  0.079959
280  1946.778631  552.268987  15.479170  0.056521  1.318349  0.026570
281  453.161563  594.600353  14.409385  0.037543  0.215792  0.030238
283  94.552329  893.806684  20.229609  0.108240  3.079870  0.279183
284  1337.314662  1896.075997  16.769491  0.032587  1.520223  0.046129
285  1258.758338  509.193713  15.573776  0.059304  0.691979  0.049296
286  232.934391  1277.500457  18.547636  0.051832  2.644974  0.068311
287  1500.370226  946.095950  15.582513  0.053437  0.902287  0.067009
288  1354.454626  1290.161389  19.384466  0.070976  3.232399  0.154062
289  107.584377  1902.765038  15.203397  0.028605  0.595791  0.040962
290  924.014766  6.143355  15.187361  0.037296  0.627467  0.036109
291  1964.925600  1107.987057  15.629723  0.062974  1.384538  0.099482
292  1370.174170  275.820972  16.786866  0.061405  1.411316  0.055847
293  777.783937  1328.698946  14.335959  0.029418  0.010995  0.022530
294  1795.751572  640.309945  17.231767  0.076883  1.697330  0.074215
295  244.476910  1962.135996  15.369325  0.027464  0.965162  0.060281
296  336.815848  807.139879  14.953052  0.038511  0.445775  0.038527
297  1011.874271  1769.626023  15.560951  0.036102  1.306466  0.039208
298  1509.797790  73.727077  18.065037  0.063097  2.230850  0.082970
299  702.627025  1240.707211  15.667858  0.056113  0.768523  0.044113
2100  1919.197196  472.108191  15.023006  0.047635  0.133200  0.038183
2101  803.470731  1910.122993  16.022765  0.038244  1.289673  0.035459
2103  970.690655  1170.624651  16.148731  0.069996  0.886133  0.050279
2104  430.454677  604.018496  16.867138  0.052152  1.250579  0.057845
2105  1047.181512  1751.367780  19.705306  0.126462  2.967538  0.110870
2106  993.898816  1422.255431  17.921311  0.056596  1.685356  0.065319
2107  852.569465  1964.958647  14.869625  0.054997  0.231551  0.048333
2108  185.808197  165.150360  16.231456  0.035717  0.994785  0.085462
2109  1943.547166  1240.182456  15.489441  0.046930  0.441554  0.049140
2110  1868.307945  1737.771854  20.765195  0.461389  4.370032  0.321839
2111  1940.194817  1449.790082  16.051367  0.048077  0.948003  0.039128
2112  831.947676  421.908611  17.948990  0.060311  1.768218  0.073055
2113  741.532079  1398.758855  20.363953  0.104231  3.301915  0.104566
2114  1468.463196  997.318381  15.161690  0.023672  0.277691  0.025871
2115  132.219923  1660.407487  18.131377  0.055213  2.278092  0.118687
2116  387.212100  1173.230360  16.094432  0.034480  0.883617  0.031646
2117  44.529064  288.454159  14.999876  0.038629  0.188508  0.040620
2118  1234.749202  560.363578  16.224511  0.031110  0.970099  0.078923
2119  1246.179987  23.998008  16.609253  0.043329  1.357962  0.074483
2120  158.171782  742.124848  14.492412  0.026151  0.084844  0.026502
2121  1752.981627  259.396671  16.835894  0.080947  1.297944  0.039953
2122  1429.049920  1267.075648  18.884728  0.077574  2.488879  0.076673
2123  33.837955  1713.085151  18.771657  0.089844  2.409982  0.067052
2124  1292.452072  1476.582879  18.345805  0.135983  2.201188  0.068927
2125  972.862185  310.605807  16.692007  0.052263  1.337976  0.045184
2126  1812.306195  1554.800164  17.788059  0.040776  1.876708  0.040026
2127  772.486416  1630.418586  15.534593  0.030172  0.546359  0.069113
2129  433.668846  1399.145623  20.868858  0.143750  3.309683  0.161696
2130  857.523950  444.552049  19.762804  0.144362  2.846391  0.159948
2131  1885.080333  1125.466533  19.244474  0.079968  2.581639  0.099656
2133  1596.596989  742.825360  17.365453  0.054603  1.486261  0.059337
2136  1947.517660  42.874090  16.513558  0.054295  0.938501  0.049014
2137  1397.358193  1736.041273  16.204354  0.058349  0.885061  0.070542
2138  407.305427  1439.688920  19.812025  0.081901  2.391190  0.208663
2139  1131.306772  905.341272  20.707590  0.234957  3.397819  0.103554
2140  1126.077847  300.451287  19.052914  0.085767  2.220495  0.143699
2141  493.923340  2012.161957  16.554758  0.055480  0.908464  0.050070
2142  1257.034253  1316.199450  16.903350  0.085306  1.046606  0.055130
2143  1876.523905  630.309712  17.202297  0.100847  1.224368  0.057978
2144  678.208457  917.353296  16.542869  0.045921  0.646489  0.030419
2145  1399.909152  1179.438905  17.027975  0.035372  1.060360  0.056456
2147  765.774991  1035.187111  18.198451  0.047475  1.883795  0.099114
2148  2028.712938  697.493752  19.219568  0.126632  2.304795  0.086760
2149  1571.305268  1303.501937  16.899487  0.059420  1.574839  0.050951
2150  1948.022337  1714.863472  20.084137  0.101048  2.742480  0.095441
2151  525.913664  1798.866268  15.533318  0.077032  0.236278  0.048662
2152  233.004607  1715.082614  16.119124  0.095425  0.478269  0.050868
2153  159.268384  971.114722  19.180397  0.090926  2.299797  0.090708
2154  406.654425  436.845862  19.725041  0.092680  2.286676  0.085922
2155  1066.040421  501.063740  16.400956  0.051904  1.018402  0.030690
2156  1137.003232  1262.101534  16.691438  0.059127  0.930454  0.082310
2157  663.896921  989.602231  16.489987  0.054962  0.704034  0.076901
2158  591.984778  1804.736805  16.757433  0.037309  1.954001  0.079051
2159  1476.657825  551.240085  16.396552  0.032883  0.735895  0.071996
2160  1083.257143  1700.807780  16.887872  0.062710  1.172903  0.041406
2161  218.156796  1849.113461  17.516976  0.079094  1.352045  0.088720
2163  846.241417  1410.004273  16.882062  0.090511  0.965922  0.034948
2164  1101.657958  1182.541194  16.511947  0.034200  0.736553  0.061955
2165  686.351810  187.994785  17.707023  0.044297  1.465522  0.044552
2166  1324.865881  121.653351  19.807729  0.161882  2.534032  0.088771
2167  721.706966  247.996139  16.763579  0.050124  1.231296  0.065827
2168  1405.395244  523.838413  17.520711  0.093459  1.294328  0.077749
2169  1404.688751  838.991657  16.604352  0.043094  1.656694  0.036055
2170  966.415376  1303.379221  16.718877  0.069034  0.996065  0.084139
2171  561.858065  1126.271794  16.630221  0.050397  0.832803  0.048566
2172  1615.598764  1029.649905  17.407776  0.038507  1.475584  0.050851
2173  863.619992  1280.697417  18.537483  0.089744  1.789851  0.105770
2174  1738.613348  908.874030  16.736401  0.076324  1.132406  0.103985
2175  1720.867783  666.972273  16.954083  0.051057  1.505434  0.038068
2176  593.178066  343.462055  16.535573  0.037149  0.849873  0.084370
2177  305.143631  1473.663953  15.690714  0.038344  0.371487  0.042103
2178  359.858747  1980.513619  16.402915  0.030564  0.479288  0.104358
2179  307.026184  1357.730448  15.682308  0.037764  0.248410  0.070885
2180  624.937287  1627.843499  15.652544  0.035026  0.280436  0.033415
2181  1072.592422  1043.491084  16.187755  0.043634  0.580483  0.031399
2182  1339.727282  603.069315  16.684176  0.041435  0.890798  0.069752
2184  1757.861758  2013.332397  16.017309  0.053651  0.765259  0.055445
2185  2001.819561  276.248030  19.852089  0.099884  2.606021  0.091011
2186  526.541578  292.422787  16.821413  0.098586  1.272646  0.050512
2187  1268.732902  1995.406510  18.632368  0.064030  1.981209  0.088503
2188  1666.928969  127.010911  20.358098  0.180538  2.763880  0.103488
2189  494.094918  1761.242533  17.777652  0.056737  1.462206  0.073613
2190  1808.886686  1069.604725  16.893527  0.059065  0.879794  0.038912
2191  1915.306293  1952.380964  19.207423  0.064980  2.228110  0.164703
2192  1571.569688  1335.893780  15.029487  0.039169  -0.173909  0.038502
2193  2009.849504  235.928276  17.595427  0.064655  0.866093  0.144718
2194  1658.964136  628.962953  15.947370  0.027981  0.096268  0.039519
2195  1945.829082  2035.675241  18.170828  0.123802  1.443176  0.075574
2196  1266.114121  971.266493  21.250249  0.159269  2.776635  0.234228
2197  1009.412197  206.390986  17.288573  0.047710  1.266170  0.071081
2198  1499.789406  601.142715  17.583877  0.085796  1.294470  0.110531
2199  1700.687277  1836.837666  17.297300  0.036499  1.003013  0.043382
2200  1004.099480  665.505327  16.970377  0.049081  0.709789  0.050365
2201  2047.691612  1041.184273  20.824097  0.105798  3.063087  0.123299
2202  266.146996  906.865953  17.465670  0.080394  0.942692  0.077374
2203  1610.620963  1233.340826  17.390306  0.085319  1.733068  0.075130
2204  1738.785849  1348.435080  20.769553  0.207856  2.759138  0.132930
2205  556.690482  1242.633143  15.348321  0.034693  -0.197806  0.050972
2206  1190.659627  1711.081492  15.109699  0.029325  -0.239134  0.036398
2208  942.489216  1150.704884  18.017462  0.066197  1.454973  0.078097
2209  15.844322  1973.855158  16.981332  0.035398  0.918155  0.083846
2210  273.838613  1100.910614  17.513367  0.080837  1.002341  0.043720
2211  386.165486  917.655883  17.455579  0.046386  1.367045  0.067639
2212  144.549870  832.449917  19.652983  0.101972  2.430939  0.099427
2213  1025.496017  1358.829756  17.103752  0.043730  0.985280  0.039807
2214  519.927034  783.092008  15.722657  0.058441  0.129215  0.030010
2215  849.667231  2034.508410  17.396059  0.080483  1.729852  0.061710
2216  693.786598  1546.212490  17.773935  0.040537  1.270353  0.060685
2217  2031.815451  98.294796  20.474250  0.106035  2.446988  0.178215
2218  1832.558381  1169.483986  19.103484  0.083618  1.883779  0.107459
2219  997.018849  1244.099427  17.180856  0.049686  0.913620  0.037992
2220  706.579615  19.030594  17.143935  0.046955  0.679848  0.054577
2221  1801.465410  1342.404394  17.608966  0.061057  2.016689  0.070149
2222  1280.095169  177.909611  17.240665  0.043939  0.996462  0.063823
2223  1245.294095  384.543416  17.099277  0.040708  1.550590  0.094345
2224  1149.301197  746.368723  17.036858  0.071543  0.866992  0.076528
2225  311.168989  800.100440  17.192528  0.083068  1.252034  0.044875
2226  404.579405  1073.682805  19.277746  0.101602  2.025562  0.171310
2228  774.062320  1730.023311  17.116694  0.052328  0.894087  0.081269
2229  764.014178  303.488712  16.701016  0.035163  0.565064  0.050243
2230  827.100852  1997.583618  17.607220  0.043759  1.038440  0.120809
2231  121.793871  101.710651  17.723563  0.115570  1.975207  0.072524
2232  916.085152  1145.651721  17.320042  0.081664  0.809144  0.038594
2233  563.172270  1749.197738  20.409800  0.208174  2.568751  0.170995
2234  683.503377  1624.683969  18.500052  0.127163  1.375812  0.048657
2235  362.767693  1966.298784  18.980402  0.093144  1.814653  0.098736
2236  78.211220  1853.912941  16.940486  0.036040  0.770276  0.052597
2237  4.300023  349.695843  17.449252  0.043043  1.132836  0.055157
2238  1754.590096  1476.621797  17.684150  0.042802  1.145953  0.059774
2239  1073.393075  1535.073027  17.940845  0.048594  1.391728  0.060901
2240  462.879230  1789.351581  17.231921  0.101085  0.968849  0.093410
2241  584.397902  352.997410  17.039550  0.042457  0.813864  0.061497
2243  824.868851  1124.222626  18.461559  0.074959  1.610228  0.082028
2244  225.191882  1481.176531  15.377434  0.025374  0.035199  0.037499
2245  206.870875  1298.085861  19.451199  0.083713  2.165972  0.069178
2246  1749.476458  2033.545992  15.881871  0.062831  0.118527  0.046906
2247  378.550759  216.833869  17.725846  0.039133  1.205430  0.044324
2248  1722.548766  343.567236  20.079040  0.222412  2.298953  0.080896
2249  19.932920  625.441406  17.005432  0.087249  0.918417  0.048555
2250  148.682460  1001.169833  17.235183  0.045646  1.565369  0.034457
2251  153.164059  114.900382  19.599086  0.159600  2.148404  0.139024
2252  675.891958  1244.689943  17.382342  0.051781  1.868296  0.131689
2253  1725.722467  362.704904  17.313462  0.142272  1.154766  0.079281
2254  1871.618136  1564.810356  17.209269  0.037043  1.055394  0.055759
2255  1649.112086  682.816007  17.382770  0.044573  1.806439  0.044928
2256  646.412826  554.183029  15.033653  0.049611  -0.421233  0.035604
2257  1162.781511  1821.177333  18.940957  0.074225  1.626295  0.071241
2258  928.425968  1015.133480  19.966329  0.198003  2.283231  0.093056
2259  1653.629504  2029.247862  16.208978  0.063337  0.419500  0.043723
2260  947.086608  1559.297976  18.169346  0.120031  1.403292  0.078925
2261  93.267467  1674.706551  17.526338  0.067119  1.522678  0.054666
2262  86.392829  420.625477  16.553182  0.031920  0.374608  0.054396
2263  1003.486676  771.153888  16.590788  0.036847  0.408710  0.066436
2264  1527.408004  2008.495082  17.701656  0.048869  1.174205  0.046943
2265  828.647296  821.482329  16.773896  0.048211  0.570302  0.051807
2268  496.740511  1641.899833  19.070173  0.140958  2.037289  0.190155
2269  1230.165786  608.162749  19.977470  0.081498  2.156227  0.081145
2270  368.771475  67.813646  19.521854  0.077167  1.699594  0.093726
2272  1423.846126  1683.603068  18.045757  0.066593  1.785532  0.063211
2273  410.050671  988.977687  17.507625  0.047943  0.658678  0.089791
2274  1178.601162  857.489861  17.111905  0.051021  0.779479  0.132996
2275  1879.306208  1371.167315  18.051729  0.042264  0.881375  0.056315
2276  1663.138786  1267.399968  17.321337  0.074073  0.581925  0.064037
2277  1419.692375  1338.810692  18.341501  0.057934  1.304585  0.051203
2278  1082.848093  1579.577072  16.403856  0.042027  0.064737  0.047804
2279  1337.602697  1922.127687  18.191648  0.056287  1.666175  0.051978
2280  1946.278342  681.155077  17.539056  0.054470  0.873443  0.068123
2281  660.934318  1629.889603  17.620021  0.053026  1.000774  0.085895
2282  946.906655  527.084170  19.092792  0.069404  1.495360  0.060131
2283  116.008675  460.534053  20.653211  0.173107  2.616946  0.118947
2284  57.401932  1242.746999  17.629795  0.039057  1.134049  0.072575
2285  2015.301130  469.496676  17.736258  0.050073  1.276038  0.057145
2286  811.481859  1635.170465  17.817264  0.051334  0.946159  0.093597
2287  451.764932  344.988824  19.409130  0.061591  1.759804  0.071249
2290  429.409886  1133.157417  18.959027  0.065584  1.586398  0.062067
2291  570.800814  892.241109  15.894867  0.028785  -0.018619  0.039660
2292  1647.137231  1253.757629  16.264426  0.046377  -0.097258  0.043437
2293  1557.249613  1337.809985  18.181674  0.078756  1.181442  0.094174
2294  1793.318053  511.062928  20.280863  0.121461  2.202992  0.090902
2295  1532.713153  1058.660000  20.067475  0.174045  2.053469  0.136697
2296  882.610809  963.635092  17.570471  0.079428  0.954888  0.099870
2297  1705.953225  189.608365  18.056693  0.070797  0.901571  0.056414
2298  1991.817801  586.108894  18.829752  0.110542  1.344002  0.149628
2299  65.037173  1577.158675  21.036633  0.210508  2.404190  0.249204
2300  702.222316  876.573884  17.696597  0.047743  1.127620  0.046923
2301  687.947584  1313.779259  17.376481  0.049357  0.618457  0.045404
2302  2033.192879  268.988597  20.510849  0.168515  2.430230  0.245108
2303  1942.815067  1376.384464  18.079010  0.079047  0.983591  0.048583
2304  1303.004175  1053.602284  17.819282  0.061599  0.866371  0.055469
2305  371.475820  1928.725817  16.636970  0.035539  0.116802  0.043751
2307  17.164225  821.983972  17.013875  0.068388  0.475976  0.100852
2308  597.335453  1520.890661  17.830117  0.048911  0.931158  0.094953
2309  768.240016  477.295300  18.870694  0.085665  1.644149  0.069285
2310  980.183855  1096.879628  17.295919  0.079639  0.752496  0.044656
2311  314.312323  1599.874052  18.369373  0.102429  1.721836  0.076918
2312  476.824513  278.373025  17.942157  0.049234  0.988940  0.100351
2313  1043.975697  1723.008549  18.219602  0.081274  1.467670  0.081223
2314  1850.437403  59.911709  17.659662  0.078162  1.021326  0.082096
2315  253.339906  1822.820479  17.709643  0.115038  0.910905  0.047027
2316  893.264692  79.106416  17.704088  0.069696  1.033283  0.056812
2317  784.970526  1637.861706  17.685320  0.094689  1.157351  0.045700
2318  1730.792628  581.701648  17.984992  0.103578  0.831009  0.068716
2319  1590.245722  584.669798  16.116662  0.075266  -0.149084  0.047037
2321  1656.569908  595.876894  17.918674  0.072054  0.982323  0.048565
2322  333.654182  1204.433469  18.964991  0.075612  1.361906  0.060345
2323  1314.971575  307.053866  17.861966  0.128581  0.873155  0.042040
2325  726.621422  631.157063  19.244597  0.130286  1.838075  0.070728
2326  688.307255  779.349586  18.841819  0.175306  1.351844  0.088902
2327  1573.059464  1188.805904  20.458145  0.167140  2.409093  0.125277
2328  1072.025571  1124.959102  20.980261  0.123074  2.411143  0.276928
2330  184.824744  594.268503  19.040429  0.087979  1.536129  0.069452
2331  608.256219  224.902246  19.674928  0.119719  1.837753  0.158285
2333  801.488748  646.289711  18.057710  0.085220  1.283390  0.084467
2334  285.780092  1016.415988  17.892950  0.041991  1.149409  0.085036
2335  358.724195  303.135386  18.071000  0.110323  1.075201  0.137444
2336  1138.471771  1113.335930  18.894441  0.157207  1.640911  0.157076
2337  1853.646914  1094.742356  17.608776  0.078069  0.811716  0.069125
2338  1087.984222  1214.746554  18.781805  0.105511  1.569489  0.103058
2339  1958.970505  1655.309795  19.045052  0.079358  1.638974  0.084770
2340  1230.184855  733.357673  19.922582  0.108349  2.164384  0.136108
2341  391.067455  1571.637681  17.751741  0.063492  0.858102  0.086106
2342  919.124653  466.670026  17.678964  0.086666  0.930838  0.110405
2343  781.617898  2043.225728  19.116848  0.219338  1.777529  0.088741
2344  621.855134  1337.262461  20.175385  0.105490  2.267046  0.188183
2346  686.568338  1197.541547  18.839720  0.106736  1.420818  0.080397
2347  162.480033  2007.802435  18.225225  0.071788  1.233463  0.109535
2348  895.121490  1823.430515  18.077614  0.058338  0.948085  0.069360
2349  1806.743370  1620.474232  20.069740  0.131167  2.287926  0.118378
2350  445.168902  115.840929  16.830957  0.058903  0.267893  0.036848
2351  39.236661  508.529251  20.170364  0.134645  1.957543  0.186150
2352  1110.523834  593.921288  17.435173  0.074402  0.751814  0.096984
2353  703.547141  83.013142  19.076391  0.129974  1.644782  0.071713
2354  381.662728  618.027852  19.056192  0.152890  1.803581  0.105177
2355  1777.838035  946.839029  17.911845  0.048483  0.932084  0.069919
2356  1998.184764  1328.571169  17.767434  0.047331  1.210920  0.058813
2358  1380.913529  1798.712578  17.252055  0.092750  0.719460  0.057334
2359  1889.881734  337.992491  19.059515  0.088060  1.633834  0.075821
2360  274.042427  1033.979845  18.528767  0.110818  1.359880  0.090133
2361  1845.521119  2023.339963  20.542192  0.180082  2.235250  0.101127
2362  1258.271087  874.008040  18.320447  0.095879  1.036962  0.073586
2363  1138.122684  542.053901  16.260359  0.039626  0.075929  0.033352
2364  209.441632  746.600096  18.279189  0.165977  1.222216  0.106044
2366  1951.053871  1612.373480  18.578712  0.118233  1.249105  0.183413
2367  638.959720  75.261286  19.926140  0.114891  1.999603  0.113819
2369  1025.051335  1657.745522  18.333930  0.150486  1.041216  0.063190
2370  227.161940  873.995031  19.235963  0.120211  1.257001  0.152535
2371  1654.583895  1493.689847  19.065808  0.076686  1.470598  0.101270
2372  1582.523781  1516.821019  19.963829  0.092708  1.976520  0.082275
2373  233.084788  1467.460215  19.184808  0.118276  1.429384  0.098829
2374  871.766013  1676.896416  19.316625  0.095750  1.709898  0.120413
2375  502.906678  1932.441963  20.684514  0.104015  2.384175  0.124411
2377  1037.827773  1013.950738  18.347144  0.075267  0.951089  0.053965
2378  1655.886223  823.642552  18.070140  0.098841  0.873223  0.109925
2379  225.514838  242.302473  18.857518  0.085982  1.400396  0.106648
2380  634.503737  1104.578174  18.180214  0.106666  1.031490  0.046775
2381  1094.024986  1261.960233  18.608068  0.081148  1.180860  0.133059
2382  1270.398949  1046.908696  18.478465  0.062300  1.239258  0.086880
2384  434.756622  88.412630  20.186380  0.127274  2.015505  0.128053
2385  1497.983303  870.402961  18.643548  0.056888  1.000460  0.133794
2386  1612.071865  851.840048  19.017362  0.148367  1.640400  0.067911
2387  1298.267395  282.193295  19.562009  0.215715  1.334123  0.090693
2388  520.489315  300.227315  19.259589  0.169428  1.241926  0.151745
2389  1205.695688  703.621006  19.052667  0.166983  1.249519  0.118663
2390  1411.467702  1739.974867  20.650543  0.135565  2.097923  0.129585
2392  761.364860  1905.138875  18.672095  0.057603  1.225075  0.071850
2393  1761.945055  1597.567068  20.008024  0.114712  1.807445  0.120947
2396  1344.372505  507.141568  20.335850  0.168682  1.901174  0.131065
2397  1018.184464  1830.468638  18.749523  0.056080  0.905477  0.094575
2398  298.525655  138.240099  20.488358  0.180303  1.887778  0.184303
2399  1887.884685  877.924556  18.715537  0.088287  1.282259  0.103624
2400  1345.078991  1006.731937  18.743720  0.051593  0.985848  0.055154
2401  755.836194  467.911213  19.002302  0.069483  1.256873  0.096475
2403  1892.953370  1083.259400  18.644756  0.097095  1.880163  0.069675
2404  1684.508096  330.343681  19.137748  0.060509  1.179220  0.069276
2405  694.695888  218.610885  16.355074  0.040009  -0.196059  0.045137
2406  1542.407726  423.141319  19.184893  0.086429  1.395418  0.064580
2407  1217.033761  468.835493  18.874467  0.086699  1.302394  0.069132
2408  773.236814  1000.826298  18.624776  0.093863  0.894311  0.051173
2409  1171.265407  922.715490  19.454778  0.074769  1.403133  0.085673
2410  270.977334  812.873510  18.118579  0.065299  0.778776  0.074971
2411  853.800724  443.408563  18.554441  0.114386  0.846228  0.084133
2412  1166.977268  1591.658049  18.703418  0.095330  2.189945  0.071832
2413  575.215156  1665.450164  19.443778  0.078721  1.423074  0.191323
2414  1740.631597  325.683305  18.882233  0.112196  0.971894  0.088639
2415  208.986115  1623.927735  18.299625  0.060145  0.946760  0.076908
2416  1326.079379  1744.360937  20.059863  0.174212  1.787272  0.170857
2417  1662.662858  9.772598  19.223755  0.173312  1.507489  0.111340
2418  1513.745284  1156.360695  18.373732  0.077685  0.926761  0.085910
2419  1747.078959  1758.982280  18.221124  0.078053  1.492977  0.104396
2420  791.790234  1083.318668  19.426657  0.140017  1.551580  0.129843
2422  324.579006  403.895988  17.666428  0.089336  0.652378  0.112577
2423  1072.712587  805.121619  17.956369  0.096486  0.866178  0.074472
2424  383.361987  1264.860202  18.787283  0.123325  1.171308  0.157070
2426  609.302039  1079.432467  19.184898  0.064225  1.636297  0.129863
2427  1593.478522  1823.886578  18.893516  0.087815  1.188510  0.091718
2428  57.857562  1979.577101  18.326212  0.123624  1.316434  0.057611
2429  1170.792827  1187.781965  18.214315  0.106134  1.004307  0.068739
2430  680.041609  435.515014  17.274232  0.054523  0.140030  0.060455
2432  499.720414  480.061553  18.848099  0.062463  1.254716  0.083964
2434  1772.128122  1927.001889  18.302042  0.046898  1.032521  0.076906
2436  1906.428910  466.874396  18.516101  0.109624  0.984571  0.073682
2437  709.868478  1899.455096  18.168845  0.043806  0.722071  0.043283
2438  54.792803  1154.080786  17.260852  0.066575  0.270101  0.051776
2439  1498.920750  1495.674488  18.536576  0.064210  0.925158  0.070736
2440  1266.330702  1483.247012  18.201949  0.048431  0.739701  0.045428
2441  1183.093373  276.041796  19.563934  0.084829  1.258794  0.132235
2442  1367.418774  2037.838580  17.227994  0.065462  0.206768  0.057048
2443  625.211173  845.663454  19.353230  0.168050  1.563544  0.155860
2444  698.572362  439.373543  21.854413  0.214553  2.571084  0.211848
2445  1742.712961  1214.651720  18.495703  0.080951  1.066837  0.200316
2446  396.177754  1790.899193  19.515997  0.188410  1.781931  0.125892
2447  157.850513  219.842162  16.350951  0.041935  -0.117491  0.034053
2448  918.365632  527.704848  19.085542  0.089884  1.441789  0.058850
2449  1244.379824  673.919773  19.481688  0.062999  1.543059  0.125043
2450  435.952735  505.069696  19.168840  0.096685  1.553972  0.105658
2451  412.658966  1304.300817  18.641013  0.101323  0.851890  0.088040
2452  916.703691  61.684943  17.454852  0.102665  0.486008  0.068316
2453  430.030081  466.865890  18.334646  0.086971  1.412523  0.073206
2454  778.161694  2045.397681  18.678667  0.063502  1.045090  0.071427
2455  1065.463838  1022.277213  18.102727  0.139241  0.575381  0.042284
2456  1874.215905  1174.579787  18.503214  0.105023  0.896808  0.051098
2457  1995.026925  692.660542  18.346303  0.070112  1.067859  0.048214
2458  2015.885517  1532.623494  19.470548  0.089657  1.250637  0.161043
2459  1245.045613  284.473503  18.229141  0.127148  1.178723  0.068323
2461  566.172161  160.706898  18.985016  0.097700  1.632090  0.085941
2462  359.946942  135.357080  19.807837  0.105875  1.895439  0.131919
2463  902.658080  294.202151  18.775775  0.106563  1.211474  0.080534
2464  1882.429752  2005.778088  18.377268  0.055185  0.968182  0.121007
2465  698.023336  1558.272438  19.417581  0.075137  1.464399  0.081518
2466  1013.528295  1488.574751  19.599100  0.084249  1.594967  0.130267
2467  622.398060  259.789650  17.999825  0.079446  0.591483  0.058671
2468  1974.635813  1857.278918  18.182399  0.051058  0.878796  0.086188
2469  1259.044593  1278.800982  20.024281  0.120903  1.879109  0.104589
2470  211.926891  1251.810105  18.678479  0.083937  1.092018  0.068256
2472  363.775560  1792.520010  18.132923  0.061902  0.773578  0.052090
2473  1231.912334  1496.483691  18.721950  0.136181  1.275650  0.054234
2474  1727.145568  987.409467  18.824685  0.081087  1.140366  0.088706
2475  359.161133  521.074952  18.338949  0.060852  0.881879  0.133309
2476  696.487160  304.747293  19.888610  0.115956  1.512780  0.167908
2477  1936.241760  1433.119802  18.748098  0.078049  1.026996  0.057829
2479  1487.353363  278.115783  19.165137  0.060375  1.350163  0.085588
2480  659.335770  151.412576  16.785062  0.054074  -0.060034  0.067874
2481  1516.586872  1799.961313  18.470951  0.064513  1.842146  0.157935
2483  205.820521  1658.154119  20.642667  0.142839  2.372779  0.097058
2485  1606.483828  953.458222  19.174980  0.061929  1.324901  0.059569
2487  1419.859982  568.099838  16.485793  0.082256  -0.021871  0.064584
2488  972.009906  1474.416195  18.848876  0.066421  0.956826  0.129876
2489  1496.559279  190.751731  18.246782  0.101967  1.006092  0.072052
2490  696.371452  1230.121647  18.623346  0.079881  0.963271  0.077580
2492  32.692302  1460.053610  18.500882  0.105444  0.995215  0.086735
2493  1765.985387  1184.311308  19.038885  0.130750  1.583570  0.083253
2494  1919.873700  1787.029957  18.748317  0.073243  1.285961  0.086882
2496  337.593195  370.678965  16.538535  0.089152  -0.069516  0.069126
2497  229.410717  1506.681209  19.248842  0.077930  1.192278  0.181913
2498  1961.209783  1314.717691  18.554157  0.121081  1.413987  0.049895
2499  749.197351  433.327214  18.553620  0.065765  1.293526  0.101494
2500  223.920756  978.039232  18.184146  0.101106  0.730324  0.054168
2501  1817.466885  1452.128145  18.216198  0.091917  0.603247  0.112005
2502  1143.372595  1361.467439  16.932949  0.061179  0.064952  0.053634
2503  1775.151400  1456.605185  19.912915  0.081128  1.657358  0.109175
2504  1201.466136  1693.587935  17.243246  0.055879  0.308638  0.075053
2505  1849.673478  284.209711  17.981161  0.051226  0.866741  0.113930
2506  258.765619  208.007456  18.923780  0.103228  0.922382  0.089888
2507  1927.455826  1603.371972  17.316267  0.084842  0.191255  0.107117
2510  1932.045007  640.027998  19.890190  0.223559  1.771122  0.136158
2511  1016.031225  529.814783  18.152247  0.048160  1.004291  0.087508
2512  1377.938441  2035.532923  17.493239  0.048924  0.511047  0.043635
2513  759.364346  1801.705530  19.886223  0.123925  1.179783  0.251080
2514  564.798950  1687.388289  19.316116  0.090626  1.528461  0.176739
2516  1829.157271  349.110697  18.538115  0.051133  0.571724  0.137310
2517  1910.882128  1792.214913  18.641395  0.050365  0.882322  0.076569
2518  2046.763814  879.869948  17.777725  0.047060  0.121773  0.079055
2519  1435.468602  941.567644  19.308768  0.169079  1.021708  0.063991
2520  568.581743  1184.535788  18.943601  0.141984  1.091771  0.114735
2521  119.168711  1307.432053  20.046046  0.079264  1.711601  0.091634
2522  954.090891  416.381441  20.164264  0.152856  1.791225  0.107207
2523  1972.860008  108.827880  19.331715  0.100624  1.197710  0.184263
2524  37.716559  495.743845  18.988359  0.095102  0.852198  0.082832
2526  279.867450  849.433475  17.480395  0.103056  -0.132713  0.055579
2527  1932.339330  2029.116436  19.754526  0.083444  1.368057  0.173585
2528  1697.102937  1931.573274  18.912651  0.090368  0.977623  0.104985
2529  1797.136540  1526.102062  19.360498  0.080561  1.153043  0.091766
2531  1579.661462  734.719751  17.229898  0.053049  -0.142134  0.043764
2532  1574.580595  1002.687398  19.547326  0.085535  1.230715  0.094907
2533  1286.310182  653.679312  19.743879  0.183202  2.443655  0.119163
2534  1407.692148  1679.958417  18.739142  0.123798  0.783103  0.144008
2537  1464.020334  1585.371220  19.167459  0.064461  1.316983  0.180859
2538  1674.844514  1132.423513  19.395106  0.134837  1.409645  0.106094
2539  228.182991  162.443933  20.047511  0.117047  1.720598  0.160499
2540  1916.204723  1390.370389  19.922569  0.150805  1.252666  0.264606
2541  1373.960452  856.863352  17.923849  0.060950  0.235833  0.069062
2542  235.939294  466.950392  18.994496  0.072101  1.908218  0.077574
2543  1858.288074  1213.606320  19.401724  0.073955  1.147300  0.085190
2544  1411.509693  708.870174  19.286384  0.090516  1.130248  0.075935
2545  321.337006  1468.990366  17.884516  0.061188  0.234137  0.076162
2546  320.702470  895.191030  20.026606  0.157801  1.588833  0.269096
2547  656.771116  1335.934944  18.644018  0.095564  1.219171  0.077254
2548  950.635372  1576.498978  19.466493  0.129393  1.349641  0.099337
2551  2011.151546  1349.200699  19.441356  0.114738  1.020758  0.157298
2554  1636.320569  139.365046  19.630426  0.093409  1.251459  0.102117
2556  97.593371  24.721951  19.327225  0.108362  1.069672  0.068551
2557  672.340071  755.701988  19.147820  0.113888  1.710512  0.103815
2558  1632.474485  492.913779  19.550234  0.087118  1.411383  0.082980
2559  833.348368  1085.988094  19.750566  0.111646  1.586774  0.120145
2561  1507.923976  1134.565765  17.075405  0.033600  0.029666  0.084577
2562  1348.339021  2013.882312  20.080918  0.083807  1.541091  0.107832
2563  223.317178  719.291426  19.075935  0.077179  1.036887  0.068847
2564  1520.634855  1493.061910  20.145444  0.123017  1.693935  0.175792
2565  973.992754  1854.253716  19.601296  0.129685  1.341755  0.077307
2566  359.322245  272.018522  19.042170  0.107304  0.952233  0.171124
2567  282.308246  416.819170  17.610268  0.079420  0.215079  0.082693
2568  2027.313722  1792.723746  19.725430  0.140792  1.639385  0.150272
2570  358.775592  799.529435  19.466488  0.082578  1.486413  0.110445
2571  1039.029645  1935.977539  19.394644  0.095082  1.103357  0.133045
2572  837.638542  304.983221  19.613945  0.094979  2.197869  0.143677
2573  1228.483059  187.175633  19.142550  0.091440  2.025413  0.072868
2574  2001.947162  59.966662  20.153448  0.155987  1.390859  0.095719
2575  1806.096983  1089.228371  20.088280  0.166091  1.457234  0.117346
2576  499.992809  1286.400005  19.849801  0.117052  1.504813  0.117276
2577  163.061584  1404.412331  19.676121  0.069786  1.376965  0.105398
2578  1321.666461  170.738370  19.511258  0.096752  1.031167  0.103297
2579  110.063794  1674.045522  20.250688  0.081709  1.509553  0.188824
2580  1091.981359  1725.372924  19.424382  0.071579  1.725392  0.120570
2581  1710.029720  1163.796417  19.302263  0.070006  1.154138  0.065761
2582  1881.685088  1248.248633  19.067075  0.151122  1.219160  0.085525
2584  854.220931  45.250179  19.293671  0.071720  1.577585  0.062853
2585  1922.458144  1413.703611  17.883414  0.127903  0.374260  0.081212
2586  313.339945  1283.827075  18.904667  0.076103  0.950902  0.088569
2587  828.800638  1637.955192  17.265973  0.040023  -0.322040  0.088787
2588  1264.700072  1203.257075  19.523067  0.181235  1.125123  0.098188
2589  663.917122  1301.605070  18.830491  0.138312  1.061768  0.083552
2590  1074.204070  1840.144069  18.904035  0.057981  0.979403  0.091302
2591  183.863601  1206.136829  19.864253  0.084395  1.324985  0.127914
2592  2026.245299  141.917792  18.900900  0.136575  0.769097  0.084447
2593  1125.465453  1216.083795  19.152559  0.069651  1.014372  0.066743
2594  1322.616970  782.855443  18.712719  0.097818  0.715970  0.088744
2596  179.217245  1517.463664  20.053902  0.129071  1.826804  0.174541
2597  369.371870  225.455664  16.682445  0.068460  -0.535381  0.048419
2598  1550.076424  655.158048  17.454983  0.077235  0.001688  0.039226
2600  1034.479104  1198.805965  16.364403  0.049379  -0.419295  0.048471
2601  2030.609975  1221.810540  18.642576  0.084253  0.584549  0.054884
2602  1859.977434  1227.229661  19.316334  0.071070  1.070284  0.086105
2604  1195.776608  288.235311  19.784736  0.109935  1.360940  0.074361
2605  1150.542242  1283.502659  19.465891  0.140092  1.220768  0.081623
2606  1957.164004  896.994219  17.904206  0.070111  0.286050  0.057681
2607  594.578705  613.523736  16.413897  0.056225  -0.463772  0.061403
2608  1127.805145  149.578670  19.087923  0.142856  1.189583  0.073150
2609  486.383786  893.774406  19.569949  0.097276  1.129756  0.116462
2610  1373.031672  795.890250  19.507450  0.119752  1.287526  0.086106
2611  403.879016  665.106835  19.403290  0.125271  1.010890  0.175336
2612  1518.931711  157.418685  19.455996  0.207295  1.073867  0.103662
2613  761.141195  1947.221010  19.845917  0.078713  1.500171  0.088654
2614  1525.010777  234.123068  19.435108  0.075605  0.778983  0.185023
2615  37.746693  1810.864542  19.987360  0.134274  1.715567  0.234215
2617  1205.874152  1525.218525  19.863400  0.171932  1.326975  0.098416
2618  617.961952  512.383605  17.919019  0.052638  0.295080  0.069677
2619  1541.710880  1189.930693  19.234897  0.120281  1.446977  0.066262
2620  1423.752550  951.308456  19.286014  0.097445  1.333585  0.078209
2621  1780.668365  329.682538  18.951107  0.153845  1.247438  0.074429
2622  680.520892  2000.366896  17.694290  0.082781  0.310358  0.107451
2624  1753.246615  1947.771288  19.280072  0.091636  1.559277  0.096210
2625  1320.414513  989.330331  20.165077  0.103259  1.667480  0.321280
2626  1526.221684  1349.006683  18.967422  0.066809  1.673966  0.075775
2627  1813.470696  1249.924140  18.962374  0.104192  1.212646  0.101712
2629  446.819279  240.988311  19.236317  0.106265  1.563050  0.085249
2631  651.617601  779.983951  19.103963  0.084852  1.468115  0.151419
2632  1903.797413  1705.410588  19.256856  0.107061  1.498490  0.087483
2633  401.360067  1403.145851  18.393284  0.177109  0.992119  0.075541
2635  1887.507108  219.205204  19.895724  0.074074  1.428059  0.160102
2636  1911.095270  889.979829  19.451257  0.109066  1.789619  0.146075
2637  1365.250853  1190.382293  19.649213  0.082566  1.200598  0.225245
2638  731.887631  948.597733  19.047049  0.138169  2.405781  0.110995
2639  728.731146  1102.072598  19.363923  0.063787  1.372175  0.087763
2640  1349.823400  1863.296168  19.154197  0.080348  1.143646  0.093053
2641  1346.538463  731.010176  16.882949  0.042563  -0.068634  0.121368
2644  1822.216934  1301.896951  19.674710  0.073889  1.515652  0.079249
2645  873.395593  358.961281  19.148016  0.110427  1.387843  0.092126
2646  1602.525296  1811.611984  18.451807  0.085224  0.883919  0.125098
2648  1148.506903  804.757555  19.114276  0.096173  1.182009  0.070244
2649  1495.552285  1928.620412  19.706448  0.149164  1.348953  0.187208
2650  726.104516  1832.232670  19.546806  0.120833  1.358234  0.159272
2652  1.315345  1010.241667  19.091811  0.076120  0.678916  0.183043
2653  909.585406  1084.961594  18.928605  0.117020  1.466947  0.099810
2654  168.945484  18.047292  19.363170  0.095612  1.193220  0.112296
2655  158.498628  867.540043  17.763301  0.081885  0.378100  0.081973
2656  107.296395  197.992629  20.244368  0.162233  1.616802  0.117583
2657  151.433578  199.897439  20.174926  0.106987  1.827459  0.099376
2658  461.590181  1621.507339  20.147826  0.079471  1.783353  0.147326
2660  724.803070  575.665095  19.186684  0.115711  1.543815  0.168492
2662  1820.133685  630.236212  19.053379  0.078957  0.841449  0.119213
2663  938.312595  883.598198  20.118189  0.163933  1.597845  0.164924
2664  1727.265582  828.528998  19.173067  0.121790  1.131919  0.129316
2665  84.091777  2025.384009  19.798804  0.131898  1.369595  0.214561
2667  866.465186  1738.830844  19.359969  0.105882  1.123346  0.072859
2668  2008.531460  974.159924  19.019978  0.097870  1.746007  0.066261
2670  508.685137  153.560789  18.283876  0.063555  0.423503  0.078287
2671  1417.882088  1187.011123  19.527496  0.145024  1.982620  0.145056
2672  838.806938  976.836910  20.542160  0.208161  1.930166  0.100738
2673  1316.130245  1663.229954  19.073435  0.146214  0.961212  0.094698
2674  1774.933793  1047.725678  18.397679  0.093539  0.607493  0.066515
2675  997.961609  431.663198  18.767417  0.062426  0.862786  0.057637
2676  1515.975626  268.757960  18.517581  0.086568  0.807859  0.083513
2677  1104.356459  1480.104724  19.100997  0.075519  0.828346  0.076770
2678  1742.888515  458.946642  19.796200  0.080788  1.195058  0.151188
2679  938.108237  638.636698  17.864947  0.080256  0.475386  0.062302
2681  1711.215628  522.190715  20.074687  0.166705  1.328650  0.184549
2682  1505.130780  1412.240349  19.846500  0.230899  1.483941  0.079772
2683  394.489933  1832.417024  20.286318  0.198784  1.478527  0.082874
2684  1024.034894  156.410646  20.013448  0.073748  1.524601  0.097872
2685  2035.803254  463.784812  20.743241  0.125466  1.928897  0.146998
2687  1251.095994  1437.648931  19.399537  0.143534  1.844103  0.078847
2688  1182.276168  1814.540319  19.265045  0.068380  1.223691  0.063428
2689  370.124231  248.480477  20.129829  0.107856  1.637076  0.141415
2690  1215.005871  293.013883  19.726912  0.094663  1.349305  0.083186
2691  1844.648754  1821.368588  20.448470  0.103233  1.644577  0.256058
2692  1315.077461  1700.742503  19.265539  0.059896  0.987350  0.108032
2694  949.625349  733.028051  19.198564  0.113160  1.093278  0.112094
2695  1219.180779  165.288359  19.083574  0.074948  1.031653  0.066340
2696  543.547219  196.269324  19.152287  0.085081  0.988573  0.134314
2697  202.015660  1202.097436  19.988781  0.164116  1.562844  0.201781
2698  1049.114717  1020.533357  19.220354  0.083761  0.899172  0.064504
2699  134.332467  1715.272471  19.463793  0.155759  1.664464  0.146143
2700  1942.566757  1945.796598  16.721399  0.057238  -0.312475  0.043313
2701  785.894768  1093.375896  18.987753  0.060728  1.103108  0.123438
2702  374.550453  724.277699  18.401001  0.060685  0.441022  0.115692
2703  1912.486452  74.615217  17.122852  0.044164  -0.352508  0.050596
2704  388.766154  118.065726  20.090234  0.093268  1.287528  0.085245
2706  73.773965  1075.107069  20.377992  0.183835  1.326959  0.173618
2707  389.422894  18.136539  19.718297  0.082157  1.158828  0.124052
2708  533.206908  72.108836  20.104626  0.137212  1.606378  0.219241
2709  1051.271727  1054.323483  20.233137  0.156360  1.410171  0.091669
2710  502.635977  1113.344964  19.390281  0.143755  0.842388  0.124016
2711  50.431435  495.687093  20.098776  0.175896  1.262214  0.111082
2713  1843.811495  953.707122  20.134119  0.097746  1.372206  0.097300
2714  1302.293871  987.078793  20.188147  0.147072  1.187149  0.088309
2715  1338.784983  1062.479525  19.778173  0.125795  1.152322  0.179343
2716  1311.412553  1649.884863  20.001898  0.093064  1.069494  0.176756
2718  352.012789  539.001785  20.335897  0.181108  2.099197  0.088727
2719  424.538591  949.701167  18.842385  0.060913  0.591043  0.064116
2720  1292.854054  916.125265  19.567350  0.129684  1.025256  0.083287
2721  1193.000458  161.152482  20.277563  0.158580  1.117590  0.109898
2722  1025.086942  44.341766  19.315321  0.122938  0.658246  0.135125
2723  1081.042672  332.540001  20.695144  0.141916  1.600630  0.141409
2724  1031.737427  1278.872162  18.902857  0.087737  0.267291  0.106329
2725  285.997483  392.014812  19.617824  0.163477  1.122345  0.167288
2726  147.740725  324.140055  18.419265  0.101761  0.036126  0.117451
2727  1284.030868  1569.739716  19.906599  0.126827  2.373395  0.113812
2728  1474.170203  722.435929  18.025147  0.053945  0.177200  0.054799
2729  1169.546027  737.882384  21.137579  0.309564  1.589612  0.111937
2730  1954.968657  1478.643711  19.656134  0.081892  1.345434  0.140652
2732  723.937978  2014.977252  18.090518  0.060657  0.302382  0.055197
2733  481.220534  432.543443  19.540885  0.069562  1.154312  0.117402
2737  1871.140294  1443.334558  20.258156  0.103069  1.355505  0.150510
2738  505.937065  1960.221744  19.955650  0.080480  0.894894  0.139453
2740  1729.766729  1766.646073  20.253024  0.219727  1.093638  0.101696
2742  1795.483145  1291.153675  18.609913  0.063015  0.285591  0.059388
2745  1344.172750  922.205766  20.856577  0.122244  1.849468  0.200778
2746  1622.828165  1494.328197  20.754416  0.163878  1.595338  0.177681
2748  1242.286114  1491.405984  19.941070  0.075782  1.632389  0.242083
2749  333.128971  1349.190610  20.500548  0.270902  2.546636  0.116957
2750  1220.538760  167.083425  19.352193  0.145144  0.868121  0.065881
2752  1715.894324  616.067510  20.070120  0.283557  2.359899  0.119010
2754  1884.607222  150.650534  20.013561  0.112627  1.247361  0.102443
2755  205.993642  1539.511779  20.440152  0.138495  1.441302  0.132014
2756  93.746396  2001.578773  19.829322  0.122878  1.782480  0.101732
2759  882.518022  1661.434725  19.922464  0.118187  0.978700  0.223357
2760  773.246286  1186.081743  20.262715  0.091895  1.249987  0.133943
2761  1131.619113  512.680719  20.252447  0.219815  1.403136  0.089019
2762  2005.805453  949.514003  20.281402  0.222336  1.501165  0.181041
2764  997.890722  966.403537  19.773128  0.087510  1.081169  0.139893
2766  1675.458095  867.198663  16.982162  0.062802  -0.572542  0.062491
2767  1679.679178  705.487315  20.929598  0.209069  1.614645  0.114917
2768  526.498576  1950.462704  20.597507  0.134585  1.389556  0.121849
2769  1555.787119  1947.702164  19.994806  0.075614  0.977212  0.127764
2770  640.877522  1406.508642  20.869590  0.252046  1.356298  0.180920
2771  1388.376966  817.772983  19.381249  0.094012  0.710630  0.112280
2773  1987.373788  64.336605  20.282502  0.116470  1.364061  0.106205
2774  1185.244227  1570.316620  18.475635  0.088861  0.378250  0.117408
2775  316.297544  455.664003  19.938298  0.123696  1.618979  0.084745
2776  1769.672976  758.041535  19.833195  0.086578  1.324525  0.131223
2778  1762.569019  1398.256642  19.945364  0.120098  1.003550  0.078453
2779  395.058098  1294.725696  19.725244  0.094684  1.108808  0.168585
2781  1472.939874  406.963453  20.188111  0.116714  2.119147  0.153602
2783  1526.830195  1250.481224  19.844537  0.231048  1.051560  0.094038
2784  759.862165  300.877818  20.416334  0.145718  2.300244  0.102638
2785  190.233833  30.864596  20.690782  0.204427  1.528173  0.112329
2786  862.532949  2047.710462  18.664080  0.060814  0.570704  0.090053
2787  1023.804660  1965.692585  19.471504  0.154246  0.934470  0.079182
2788  59.166183  1016.130386  20.049697  0.260402  2.493490  0.107202
2789  596.672061  1224.000270  19.950526  0.174612  1.268302  0.209230
2790  1887.469357  1858.587046  20.158474  0.190213  1.405529  0.084674
2792  650.948068  8.425994  20.224888  0.222654  2.280024  0.086062
2793  76.788754  992.419678  19.926645  0.100014  1.196076  0.084342
2794  235.220592  1412.669258  18.620063  0.094444  0.170137  0.059942
2795  1982.447565  150.326489  20.167444  0.087301  1.044258  0.230060
2796  49.331444  294.965930  20.243993  0.158314  1.511792  0.109108
2797  74.110467  943.313120  20.194591  0.089823  1.428601  0.173793
2800  1644.349963  441.212093  17.807451  0.091305  -0.163939  0.041695
2802  1391.175621  1391.882541  20.148437  0.088810  1.259826  0.145590
2803  488.137586  1641.047507  20.171956  0.148683  1.213225  0.150218
2808  870.664515  1331.169480  18.235453  0.058861  0.198177  0.068263
2809  1022.827346  1662.851694  19.753153  0.079200  1.955899  0.087884
2810  30.200489  1013.875995  20.389610  0.285016  1.391092  0.187273
2811  447.207668  1745.186855  20.774132  0.209063  1.253435  0.166969
2813  347.206186  1790.507153  20.333694  0.135391  1.451426  0.162325
2814  18.833537  632.326968  19.847205  0.139249  1.782120  0.087630
2815  1322.790292  1920.060158  19.920124  0.090192  1.172442  0.096250
2816  910.883054  1159.077329  20.072977  0.102380  1.235654  0.143892
2817  521.981496  1982.113917  19.889667  0.177342  1.341151  0.161235
2818  1671.092842  1589.275541  19.642907  0.126820  1.133053  0.096075
2819  1663.449212  72.948174  19.611534  0.069250  1.087305  0.075273
2820  785.753056  1209.186571  20.058236  0.179621  1.236384  0.136755
2821  223.278974  1353.410798  18.237691  0.076262  0.443487  0.105629
2822  1854.709521  1443.553535  19.862200  0.183926  0.824870  0.099194
2823  1340.352000  2020.448595  20.466931  0.224829  1.753245  0.180046
2824  573.662614  256.936213  20.142701  0.120716  1.283022  0.081203
2825  2032.426873  625.973104  19.759101  0.102483  0.981774  0.124230
2826  56.376083  1816.544197  19.871237  0.093957  0.775468  0.218758
2827  470.929764  978.623119  19.817887  0.160357  1.613595  0.103532
2828  192.550106  681.131004  19.574743  0.072397  1.358911  0.087820
2829  1612.307741  1340.977133  20.280058  0.109827  2.393873  0.126615
2831  997.193616  1014.377010  18.612608  0.077639  0.564912  0.129197
2832  334.848176  1196.779625  20.095502  0.123625  0.930647  0.120154
2835  1823.213233  1373.706632  19.482116  0.071115  1.044107  0.103431
2836  1586.156197  1695.909591  20.049183  0.213817  1.400736  0.075536
2837  891.507412  2043.226866  19.500210  0.147572  1.267425  0.135605
2838  1709.389648  973.020241  19.956376  0.240564  1.166676  0.147647
2839  800.749294  1255.129193  20.273928  0.142257  1.407741  0.176650
2841  122.819899  618.211903  20.049399  0.085386  1.336652  0.163624
2842  587.599080  164.877050  19.868039  0.100008  1.512752  0.215207
2843  936.695137  1099.546620  20.596741  0.283144  1.675945  0.254517
2846  1821.151356  1578.441261  20.289746  0.143655  1.739790  0.093176
2847  419.732624  1128.362403  18.968150  0.138311  0.568021  0.091953
2848  141.526301  1025.653666  20.190532  0.085107  1.201880  0.143261
2849  482.636846  564.029400  19.052923  0.057809  0.562841  0.099199
2850  377.925397  699.920045  17.773472  0.058216  0.067009  0.070507
2851  0.085225  1928.289015  20.475854  0.231870  1.083973  0.166286
2852  1550.328308  519.740544  19.690972  0.120261  1.385087  0.141659
2853  544.286392  1666.459367  19.887090  0.088550  1.219207  0.071694
2854  202.577188  240.341556  19.753648  0.099563  1.673880  0.113229
2856  261.850410  1289.373329  17.163494  0.048448  -0.495659  0.043303
2857  237.917717  1045.428036  20.017561  0.294097  1.599131  0.151486
2859  1637.326788  1342.009857  20.478226  0.183183  2.412307  0.261947
2862  981.954781  563.856520  19.746231  0.131970  0.908662  0.207710
2864  1525.123459  1198.385023  20.324020  0.130424  1.563608  0.271774
2865  309.357265  1462.382544  20.304838  0.149637  1.309697  0.092639
2866  1733.530176  1690.623489  20.365341  0.150396  1.421956  0.159494
2867  624.843068  251.575628  19.624067  0.151050  1.152791  0.262381
2869  24.968276  1653.745504  20.275903  0.123283  1.282195  0.081300
2871  816.565621  1463.553980  20.655204  0.224130  1.722349  0.107963
2872  574.207930  1048.909378  18.433581  0.068196  0.175639  0.122554
2873  439.147636  19.322233  18.010137  0.052152  0.004252  0.087276
2875  18.251436  805.316121  19.287605  0.186974  1.766861  0.197455
2877  137.436860  663.629392  20.195051  0.084824  1.064406  0.160156
2878  140.556943  1701.276075  19.943987  0.220878  1.458618  0.199962
2879  682.393881  1447.095943  21.314416  0.169847  1.703780  0.239402
2880  955.039234  1247.951064  19.777143  0.076471  2.007662  0.156707
2882  324.878883  1104.535051  20.927937  0.322260  1.875381  0.227617
2883  963.484964  1532.983170  20.423676  0.106001  1.474791  0.187691
2885  1679.119550  1912.782534  17.246636  0.069759  -0.372123  0.042711
2886  315.276943  47.449953  18.690156  0.093229  0.633927  0.101731
2888  59.525131  1539.598948  18.162178  0.049561  0.260146  0.103002
2889  151.210093  979.356721  19.154050  0.111879  0.532638  0.113172
2890  1423.663207  409.161734  17.694954  0.040327  -0.014783  0.088841
2892  1463.635595  1362.683966  19.439906  0.128568  0.833386  0.126600
2893  383.551119  1589.731176  20.186705  0.100920  1.178876  0.095616
2894  1945.195414  1224.894953  20.094919  0.088811  1.260372  0.161711
2896  780.257743  255.474490  20.003233  0.125022  1.264848  0.086894
2897  1737.707074  29.647992  19.242930  0.082726  0.718079  0.067772
2898  487.067977  163.503961  20.370326  0.089722  2.210943  0.233519
2899  281.669766  1463.045916  19.614518  0.075935  0.839504  0.142076
2900  1978.563062  1370.430633  19.886074  0.227698  2.359147  0.102720
2904  855.936046  316.128670  19.766301  0.069952  1.314832  0.079457
2905  805.237919  1050.916445  20.372739  0.084418  2.339140  0.137631
2907  348.219082  1719.340960  18.818690  0.113535  0.509523  0.157143
2908  656.504644  1036.079357  18.873989  0.080735  0.322464  0.064427
2910  934.441199  332.664283  19.720246  0.093064  1.028386  0.086202
2912  1688.722622  1411.275450  19.947472  0.099614  1.161487  0.152374
2913  12.674571  811.662448  19.711451  0.155104  1.640420  0.090414
2914  1196.941762  415.513929  19.642368  0.095171  1.787194  0.105996
2915  1684.514771  1666.489245  19.682077  0.118595  1.114699  0.068768
2917  425.279851  1997.309776  20.047812  0.154404  2.276883  0.123985
2918  1228.771158  307.977020  18.329124  0.069097  0.180778  0.083873
2919  118.237146  900.165679  17.211876  0.046711  -0.228722  0.054328
2921  1981.528279  329.943479  19.981552  0.179991  1.211572  0.179074
2922  1562.254669  134.473352  19.969220  0.099140  1.064630  0.122137
2923  3.625110  1634.975180  19.904864  0.163373  1.479978  0.086515
2924  1149.770710  816.931200  19.571849  0.112990  1.942512  0.099917
2925  1937.909441  769.636932  19.708912  0.113993  1.149289  0.114357
2927  483.931984  50.615451  20.266107  0.109329  1.476075  0.206969
2928  1447.182009  1419.374454  19.633015  0.177214  1.129080  0.084730
2929  1721.053659  637.531567  20.127684  0.097638  1.448948  0.156691
2930  1733.778354  911.252906  19.725089  0.131790  1.079824  0.079686
2931  399.752125  446.096054  20.002852  0.177227  1.084909  0.115846
2933  850.499729  984.333691  20.040235  0.158833  1.223608  0.160017
2935  1169.122581  346.070548  19.523740  0.087718  0.985705  0.063200
2936  1992.917947  1635.428869  20.039863  0.142036  1.305398  0.113213
2937  1611.867201  285.278521  19.847570  0.088201  1.187088  0.141152
2938  749.587424  198.783078  19.996253  0.113573  1.680529  0.110407
2939  1323.521578  1099.611115  19.439421  0.101952  1.011788  0.068029
2940  1912.052996  292.495174  19.277458  0.138000  1.085712  0.074105
2941  469.135364  456.362777  21.348761  0.188018  1.886802  0.213998
2942  1854.408389  405.423236  19.871388  0.105966  1.146374  0.131106
2943  1557.093639  1686.989856  20.253808  0.175028  1.231341  0.134360
2945  340.887065  1996.216114  19.557107  0.073513  1.346804  0.072778
2947  1206.602238  677.793360  20.573756  0.183385  0.934107  0.225084
2948  276.383116  1560.933665  19.052167  0.066978  0.544373  0.074178
2949  1603.215070  946.410599  19.689500  0.107452  1.262023  0.181299
2950  1876.352033  495.952895  19.159366  0.082909  0.799693  0.069138
2951  937.483507  212.950768  19.987263  0.122888  2.479407  0.175519
2953  752.843735  953.846478  20.791971  0.172047  1.176632  0.146058
2956  26.783530  1720.605848  19.657808  0.072877  0.675053  0.071019
2958  148.772152  215.796036  18.897671  0.080886  0.483503  0.138876
2959  1886.629387  1142.072030  19.237242  0.073696  0.555265  0.113101
2966  898.368835  1634.583022  20.568106  0.131867  2.105437  0.261080
2967  510.635521  30.500480  20.083112  0.130163  1.329874  0.093998
2968  18.450350  692.164714  20.068674  0.254190  1.119232  0.097062
2969  1632.902013  1823.510450  20.364023  0.143265  0.501963  0.219910
2972  439.673226  418.174960  20.949906  0.102853  1.027994  0.103011
2974  1124.840609  1097.823563  19.829564  0.106743  0.692673  0.211828
2981  226.870925  1827.666143  20.398319  0.130025  1.154754  0.097882
2982  1678.017015  1316.111557  18.546746  0.086945  0.207566  0.072299
2985  1324.557565  1350.737229  20.324532  0.121420  1.207758  0.159242
2988  684.458289  225.804413  18.430913  0.077874  -0.068914  0.056459
2990  1039.871890  1601.762506  20.092639  0.090229  1.079908  0.095373
2993  898.501686  406.631207  20.530754  0.170236  1.969025  0.193212
2994  558.208793  1091.395658  19.992363  0.180372  0.885994  0.102578
2995  302.182786  372.307423  20.080032  0.234366  1.014666  0.142954
2996  1129.071448  815.518826  20.678208  0.096212  1.383766  0.202737
2998  296.643970  255.315362  18.555160  0.069187  -0.086578  0.107784
2999  2037.403331  689.586428  20.715586  0.264818  1.199085  0.121107
21000  920.570641  875.704465  19.914417  0.234764  1.059599  0.152368
21001  1938.561475  94.637437  18.548336  0.049703  0.209394  0.091325
21002  638.123137  474.919212  20.802846  0.119368  1.275622  0.097805
21003  1372.063112  1494.844643  19.461959  0.076937  0.422537  0.077844
21004  1330.375507  1517.762832  19.039070  0.108593  0.284251  0.060157
21005  1896.593942  828.488096  20.266547  0.159675  0.872054  0.086098
21007  1693.761716  985.547731  18.873231  0.054461  0.323899  0.079534
21010  1851.475316  1325.921437  20.934511  0.192596  1.798013  0.192959
21012  1581.752231  1930.473457  21.139693  0.202295  1.545265  0.188252
21014  587.244479  598.536839  18.047896  0.109169  -0.276628  0.092540
21015  559.050271  1404.384684  20.493514  0.116905  1.316502  0.171510
21017  1696.201043  762.010607  20.359768  0.151893  0.824989  0.316303
21021  1507.463552  622.205633  18.728050  0.105389  0.184186  0.070515
21022  497.358678  1558.491209  19.174385  0.127086  0.517775  0.195586
21025  1588.419119  1784.536342  18.864515  0.080019  -0.007315  0.079619
21027  1808.526268  1891.704314  19.106624  0.111819  0.523279  0.067362
21028  335.251001  1317.708163  20.445379  0.149845  1.904576  0.115951
21029  1345.361430  1800.011407  19.916346  0.102005  0.626112  0.133818
21031  1179.952875  185.695834  20.010749  0.181975  1.052081  0.097879
21033  844.913022  990.416246  19.252984  0.071259  0.345373  0.071564
21034  206.847751  141.584662  18.754363  0.165899  0.443984  0.106532
21036  1594.881966  1663.430045  18.406944  0.053269  -0.034217  0.053638
21039  1212.534633  2043.113829  20.412397  0.127162  1.317165  0.128465
21043  1697.958088  1430.769370  19.260794  0.171107  0.248030  0.076115
21045  963.143788  502.207975  18.865797  0.145318  0.350233  0.075590
21047  2025.557860  1976.231574  19.583351  0.093132  0.683273  0.068265
21050  1736.479575  1361.236797  21.000578  0.104731  0.950975  0.127961
21053  1462.588424  462.757055  20.822846  0.134256  1.875530  0.150594
21056  1597.475323  497.303412  20.927484  0.243079  1.579207  0.170809
21057  1034.306549  240.766399  20.495195  0.238007  1.469464  0.332967
21058  1434.936076  824.979487  19.386482  0.079473  0.768557  0.115505
21059  1318.014540  790.499116  20.575221  0.096691  1.107020  0.113987
21060  1676.275083  839.279897  20.771408  0.110572  1.593081  0.156824
21062  1721.994936  1539.398510  20.632117  0.219798  1.959726  0.224067
21063  2030.521997  977.377652  18.331061  0.085746  0.113046  0.054304
21065  1186.658216  1115.957507  20.544203  0.141596  1.324757  0.197139
21069  680.642396  1849.948092  20.740231  0.111290  2.030540  0.151965
21070  965.338562  1842.254438  18.719708  0.135592  0.436834  0.092193
21071  1898.525465  629.159483  18.691441  0.085279  0.345816  0.097557
21073  1414.467479  803.209013  20.317642  0.161042  1.260210  0.222839
21074  1239.927736  1214.264996  17.890437  0.073822  -0.178764  0.127986
21077  1283.549314  205.611091  20.436264  0.123269  1.369764  0.218845
21078  655.469870  993.245378  19.130309  0.068768  0.366111  0.068067
21081  796.549325  839.168486  18.358523  0.048459  -0.006434  0.070199
21084  499.566992  772.083056  20.694989  0.202703  1.182209  0.217847
21085  7.458164  1870.901250  19.090499  0.182115  0.288104  0.074743
21086  1965.472500  169.295198  20.593760  0.167746  1.144848  0.164089
21087  672.615914  960.350637  20.468117  0.150975  2.190928  0.183048
21088  107.492848  1323.652023  20.938014  0.102124  1.376001  0.150200
21093  1938.150998  1728.904320  17.953290  0.046502  -0.251648  0.067416
21096  1260.278483  1517.174113  20.077981  0.186272  2.226756  0.144005
21097  1251.386918  730.094914  18.846247  0.111918  0.283908  0.109775
21098  759.939910  1545.947308  20.326255  0.102024  1.216743  0.296231
21101  657.569120  634.371633  19.954945  0.083388  0.888765  0.203460
21104  281.063099  1379.666426  20.831733  0.117366  1.261058  0.204236
21105  1853.733633  606.013672  20.582082  0.095479  1.459839  0.126221
21106  2020.882697  1783.263745  19.334214  0.110622  0.462246  0.106938
21111  1126.571323  1572.028618  20.374290  0.105601  1.167539  0.187792
21112  424.776937  1982.098260  20.380523  0.167058  1.928338  0.102810
21113  24.430680  793.264323  20.778913  0.189060  1.251085  0.130777
21116  29.591605  1370.872294  20.827587  0.128331  1.358937  0.149398
21119  251.265712  891.911379  21.066028  0.142085  2.578125  0.338188
21121  1682.014490  2047.893511  19.851552  0.201249  0.762334  0.139086
21124  624.656680  1115.686789  20.621922  0.215916  1.277128  0.162530
21125  511.255106  1177.844670  20.495713  0.099386  1.222279  0.102156
21127  561.079839  108.339894  20.968772  0.203567  2.026752  0.134255
21128  511.527708  739.189332  20.425842  0.182756  1.181761  0.276815
21129  1129.786945  1968.375683  20.746487  0.184394  0.778617  0.185645
21130  1827.598262  1519.082239  20.697417  0.276761  1.726863  0.181136
21131  167.930966  1989.424747  21.238539  0.143801  1.538629  0.130586
21134  723.690439  1654.075683  20.926804  0.125634  1.739034  0.137966
21135  95.125236  1461.213258  20.755688  0.108949  1.626455  0.145797
21136  1296.613543  792.472847  19.576610  0.088005  0.418060  0.099256
21137  1355.839070  715.845874  19.208130  0.082409  0.458801  0.099096
21139  795.829311  1221.315625  20.893709  0.143391  1.007872  0.158145
21143  1554.600141  556.319170  20.351602  0.171390  2.085300  0.141410
21144  834.691513  652.092613  19.095082  0.074967  0.090590  0.088555
21145  2027.143221  1428.838897  20.477734  0.199247  0.934857  0.237499
21147  943.280546  1198.990937  21.009584  0.161909  2.336683  0.258397
21148  9.944989  1896.450268  20.012046  0.095106  0.919834  0.203282
21149  723.536189  450.832550  19.358148  0.159243  0.676518  0.129233
21151  1884.638696  388.935604  20.417250  0.201373  1.509807  0.128476
21154  931.228334  1087.938530  20.890289  0.117614  1.750615  0.123841
21155  1663.547421  949.365990  20.208324  0.268648  1.484555  0.109105
21156  1971.178274  617.647112  20.226183  0.127156  1.264245  0.119545
21157  724.099529  1883.547184  19.973012  0.139100  0.946399  0.150751
21160  1829.574621  1047.471012  20.634886  0.181554  1.355924  0.201418
21163  353.301869  1973.773874  19.992983  0.226131  0.804033  0.115996
21165  1276.312805  933.971263  20.805394  0.102707  2.482440  0.181409
21166  61.627336  1075.646031  20.192084  0.113401  0.744117  0.091367
21167  1208.778536  1167.060968  20.604907  0.284907  1.525726  0.130231
21168  404.668770  1893.130937  20.572988  0.183201  1.621770  0.249745
21170  1355.586112  1350.794063  20.276718  0.111591  0.722301  0.283480
21171  658.190617  373.061832  20.318229  0.108244  1.351977  0.134041
21172  1862.960289  922.561162  20.622326  0.124265  1.117397  0.203596
21173  80.013414  1196.706371  20.479053  0.163819  1.367314  0.132937
21178  1250.510026  469.846504  19.987458  0.122303  0.669433  0.097417
21179  1222.557200  407.190250  19.926562  0.125078  0.984401  0.142634
21180  1493.766281  1182.765285  20.226390  0.121668  0.638383  0.233188
21181  910.080025  158.029272  19.206836  0.069521  0.655601  0.100939
21183  1402.947143  1745.744812  18.292598  0.133334  0.112529  0.073217
21184  1483.595656  1595.108207  20.688499  0.095740  1.132438  0.097256
21188  460.357536  1921.245450  19.492937  0.103990  0.432164  0.198478
21191  902.511571  1564.018606  19.904391  0.136581  1.081069  0.123147
21195  358.076818  600.419580  19.504267  0.181881  0.676795  0.147319
21196  873.346893  1519.327301  18.949051  0.054457  0.284392  0.107863
21200  1528.026697  1114.556458  20.207923  0.123891  0.747573  0.160162
21201  691.181515  296.714298  19.943345  0.080919  0.763347  0.140517
21205  666.971070  693.029038  20.564728  0.146169  1.024003  0.090292
21210  1840.119439  45.589693  20.466048  0.223469  1.220780  0.115524
21212  1148.389219  887.325594  20.362885  0.089198  1.133627  0.136868
21213  1274.496292  360.931936  17.823989  0.058562  -0.364222  0.054050
21215  1805.946311  1691.837745  20.254162  0.293234  0.910710  0.138779
21218  706.596457  899.988679  20.116153  0.128905  1.325539  0.202427
21219  394.120810  868.479043  20.569424  0.138913  2.167034  0.123490
21227  1118.755913  1194.861187  20.107188  0.190128  0.757205  0.101402
21231  810.727974  1158.177369  20.600921  0.123146  1.076633  0.169644
21238  1211.418411  1406.920632  19.823262  0.180376  1.034990  0.086338
21239  1219.677886  1932.642619  20.553492  0.181989  1.231218  0.137200
21240  1091.379821  1824.064075  20.603362  0.172729  1.167133  0.195294
21241  297.621053  416.803085  20.426167  0.168981  1.699515  0.100622
21244  1728.318466  1148.205446  19.072835  0.071265  0.270501  0.137315
21245  2021.800236  1201.691964  20.435154  0.195460  1.216493  0.174958
21247  224.714257  1495.030031  19.870565  0.256975  0.858795  0.237273
21248  1249.914248  1605.263078  19.658958  0.076050  0.603099  0.068508
21251  1765.436475  726.838293  19.850430  0.124313  0.534794  0.086709
21253  519.692686  353.783263  20.654640  0.130050  1.139687  0.147420
21255  997.486349  547.101410  20.011922  0.187735  1.107800  0.111733
21256  89.036873  1920.283809  20.479094  0.107233  1.133767  0.223647
21257  649.242712  1236.213995  19.345758  0.122880  0.746304  0.138785
21259  1265.271410  1078.973242  19.874325  0.098363  0.598021  0.135928
21260  1548.917867  1552.748580  20.128404  0.088557  0.862630  0.284669
21264  877.477674  278.134220  19.321382  0.069764  0.661399  0.124162
21267  1665.761529  1568.104657  20.742776  0.121581  2.283993  0.137343
21268  1844.554248  1012.745979  19.200139  0.062390  0.428470  0.066152
21272  1225.113702  1108.492014  20.346100  0.134221  0.785734  0.264566
21279  1094.371492  1753.704684  18.963958  0.099561  -0.004686  0.113250
21282  313.270228  1135.451432  21.037246  0.126586  1.779200  0.166287
21291  489.099234  472.836258  19.421056  0.092204  0.187985  0.222088
21300  1492.260829  2042.284832  18.705980  0.131328  -0.213040  0.070467
21303  1652.553274  1302.172368  20.317283  0.123292  0.465086  0.160464
21307  874.900491  1959.064381  20.471220  0.138691  0.861901  0.093611
21308  702.513624  98.841192  18.308880  0.126475  -0.023288  0.104141
21310  274.148092  1332.345487  20.701250  0.123343  0.784249  0.164933
21312  1216.517510  1128.357715  21.100634  0.323056  1.425178  0.137432
21314  909.190610  1644.757960  20.950416  0.107597  1.942116  0.297252
21321  222.436880  317.078094  19.205148  0.137073  0.286125  0.123749
21332  2004.014752  1515.474241  20.945235  0.163135  1.868717  0.259434
21333  1626.779303  16.073430  18.960749  0.114994  0.010817  0.158606
21342  1987.870289  505.393633  19.667953  0.136227  0.147969  0.073371
21343  1967.863117  323.676659  19.742088  0.144724  0.353080  0.192747
21346  1224.738165  1897.643659  19.928286  0.180548  0.426152  0.171819
21353  1596.550217  747.930822  20.731122  0.211332  1.296174  0.176196
21354  1362.699729  1289.491238  20.028748  0.207100  0.387436  0.095351
21365  1712.979626  1799.041814  20.795543  0.188416  1.343960  0.131585
21368  124.313314  830.200459  21.123735  0.186569  1.377066  0.334837
21370  952.776277  922.764997  21.266065  0.181976  1.195295  0.153979
21375  985.929412  1572.242945  20.523700  0.107329  0.906820  0.148993
21376  261.362116  1414.400118  19.220055  0.091933  0.195874  0.081560
21386  1291.230666  1194.265287  20.552546  0.190386  1.227324  0.206538
21389  1097.480186  874.450440  20.597473  0.102515  0.605292  0.342904
21392  68.493157  476.928475  20.949108  0.217745  1.162070  0.147473
21394  2.425375  943.871606  21.004735  0.231718  1.248944  0.144062
21398  374.466859  1878.348494  20.601036  0.187957  1.110584  0.202334
21402  738.052331  1424.262235  20.688264  0.172382  1.004065  0.152035
21405  777.927295  1311.835975  20.857685  0.177614  1.219572  0.135273
21410  403.124629  1431.204332  20.098578  0.166198  0.686376  0.145713
21413  1420.826241  1536.831510  20.316133  0.148891  1.061610  0.162768
21418  1845.333634  1835.854909  18.555362  0.064563  -0.075000  0.101013
21429  863.472622  835.534730  21.068424  0.205031  1.112447  0.188204
21431  303.453778  1082.840333  20.057732  0.097074  0.551119  0.103719
21435  212.789638  319.148870  20.106311  0.127963  0.759686  0.092195
21438  347.237106  435.293187  21.078149  0.176422  1.246986  0.217105
21440  1738.522937  1942.801359  20.467431  0.208810  0.895539  0.121135
21445  1151.208667  889.077679  19.843015  0.129160  0.188179  0.113658
21447  311.942170  1781.542289  19.265197  0.068043  0.398199  0.109797
21448  1145.915787  1259.425875  18.581995  0.109993  -0.195331  0.062643
21452  1241.274069  836.066942  20.951085  0.169288  1.323031  0.201856
21458  1022.918366  491.562781  21.177336  0.212919  2.098974  0.125576
21466  812.347961  1703.500076  21.410331  0.154345  1.231221  0.180059
21467  1909.098298  433.962187  20.992488  0.147555  0.804567  0.208467
21469  958.188728  507.499401  20.652509  0.220778  0.916420  0.152798
21477  159.928182  954.790779  20.523693  0.280449  1.272394  0.141237
21479  715.682600  1839.824125  21.267247  0.365882  2.427631  0.136731
21484  145.910101  1519.137691  19.148783  0.111812  0.078011  0.083320
21485  565.518348  607.509779  20.637475  0.218980  1.084994  0.105908
21487  363.802750  1231.162955  19.175696  0.077683  -0.056444  0.068390
21488  383.758115  1452.832149  20.917012  0.248025  0.942371  0.212221
21493  984.344791  214.576435  21.154260  0.302293  2.369317  0.249042
21496  1965.606656  903.162689  20.470071  0.172896  1.004775  0.189549
21499  1612.471140  234.472097  18.243041  0.107857  -0.248688  0.058214
21502  200.713559  1816.628884  21.528168  0.214182  1.207038  0.149274
21508  209.274084  86.822740  19.044066  0.077958  -0.259081  0.117166
21509  1173.637048  1978.978407  18.632087  0.076237  -0.330920  0.086267
21511  359.782287  754.771251  20.632098  0.280099  0.705703  0.212422
21516  773.582419  1360.774616  19.378639  0.094765  -0.034204  0.127232
21517  896.178110  429.635149  20.437375  0.239092  0.845618  0.253756
21520  1272.396855  1862.568367  19.492985  0.175140  0.471119  0.109565
21522  1961.488118  1435.722464  21.027195  0.126429  1.575571  0.354860
21532  1063.067095  1625.088321  19.815613  0.146785  0.457405  0.122291
21534  1616.262250  1915.589471  19.861357  0.106860  0.595319  0.083257
21536  1598.918227  1821.698846  20.793277  0.217798  0.727314  0.143797
21545  1341.579379  274.226821  20.347270  0.156048  0.955342  0.129752
21551  1796.251655  953.823967  20.964291  0.114925  1.115566  0.143126
21553  1174.253780  1897.781659  20.687728  0.131216  0.909589  0.119014
21559  386.351002  1508.008625  19.769104  0.154026  0.028136  0.127079
21561  517.597653  1791.608340  19.553612  0.091743  0.217616  0.121490
21565  251.142668  1184.596929  20.464331  0.118804  0.987783  0.118053
21576  1076.236712  1750.382748  21.132684  0.196923  1.116632  0.171827
21577  793.346534  1167.415260  21.279961  0.201635  1.591713  0.209470
21579  929.863257  1051.834684  19.508617  0.114434  0.188397  0.095620
21581  806.416232  1198.781898  21.203227  0.137982  1.267047  0.202372
21588  922.846581  541.306032  21.154458  0.123354  1.682845  0.128784
21593  1988.165672  1928.176109  19.880011  0.099247  0.479980  0.110108
21595  1577.377370  154.172352  21.089170  0.121501  1.324489  0.316334
21596  709.530703  1357.134354  21.083309  0.217670  0.979218  0.267220
21597  435.234574  1909.817684  21.066229  0.279644  1.041430  0.118446
21600  1725.101918  1276.402476  19.793316  0.098639  0.225107  0.101847
21601  552.872973  574.360094  20.666067  0.265055  1.266344  0.184303
21606  880.295739  423.562776  19.330178  0.118461  0.312701  0.234684
21613  243.016139  80.979428  20.871431  0.199408  1.100317  0.140494
21619  96.140220  1108.845326  20.722468  0.119613  1.204664  0.254239
21622  877.873785  27.682138  19.318781  0.063260  0.398114  0.164306
21625  1666.764174  586.615070  18.149650  0.092548  -0.327518  0.120925
21628  121.453506  684.485001  20.804259  0.108523  1.114525  0.101225
21629  585.559353  2021.862720  21.304047  0.137760  1.306368  0.174317
21631  265.485816  1215.344767  19.307769  0.104482  0.161909  0.211231
21632  1485.137204  671.552536  19.954032  0.100130  0.575233  0.264270
21634  1732.016382  1459.177277  18.769707  0.116451  0.030873  0.062515
21637  548.583890  893.736824  19.663674  0.114804  0.207840  0.109292
21646  985.299301  1429.210361  20.958845  0.175070  0.647873  0.118419
21651  1426.281569  1337.991418  21.642123  0.185138  1.220232  0.414604
21655  298.152563  129.803165  19.791542  0.139282  0.213755  0.163408
21660  393.399859  1468.367733  20.622138  0.200684  0.647408  0.159956
21670  1007.560060  897.198149  20.301354  0.105880  0.386136  0.125064
21672  413.481847  49.436054  19.228972  0.115453  -0.086493  0.063754
21681  500.668110  1714.002273  20.098733  0.113900  0.143781  0.153601
21691  606.913334  157.135207  19.759296  0.098547  0.167158  0.097844
21695  686.524526  1593.144367  20.648178  0.171568  0.932165  0.162534
21697  1634.594151  497.262123  20.128959  0.177970  0.193608  0.158555
21712  1229.414930  1712.530684  20.350256  0.213528  0.349678  0.081272
21715  1070.355038  2020.076617  20.279083  0.175195  0.407844  0.116088
21717  848.365186  959.984678  19.825161  0.178286  0.243843  0.083535
21721  1649.867389  1466.164399  19.966372  0.148121  0.024904  0.188846
21722  759.252903  1814.755983  20.857009  0.193428  0.685285  0.143579
21725  1033.685098  1570.750025  21.350266  0.360578  0.370062  0.274816
21727  41.318659  628.825172  20.690055  0.125641  0.386784  0.151958
21732  1163.328748  1255.617602  20.927045  0.203174  0.068742  0.448561
21735  1433.996053  1145.465075  20.340435  0.180293  0.310283  0.127432
21736  936.594098  707.103497  19.864822  0.151845  -0.093322  0.095822
21738  180.130130  1495.709013  20.158133  0.105429  0.559225  0.185778
21748  1705.380318  756.593373  20.049972  0.097273  0.050790  0.152637
21749  1718.747186  864.332560  20.393352  0.119872  0.706006  0.096204
21751  823.701000  835.426943  20.249743  0.172143  0.250520  0.093489
21753  636.347824  526.767863  20.834085  0.269538  0.919620  0.120762
21755  63.141208  1142.438149  19.903055  0.124109  -0.005958  0.145526
21765  207.731078  157.421467  19.846155  0.151129  -0.003879  0.154752
21778  1667.308389  1717.926426  20.771283  0.166847  0.756480  0.192213
21786  156.856748  1977.255895  20.744651  0.246744  0.717097  0.107679
21797  334.220962  727.373612  20.174901  0.106432  0.477463  0.140173
21801  897.098755  1830.911909  20.035762  0.081953  0.183488  0.173892
21816  1055.945037  2003.956831  21.409315  0.239777  1.844196  0.158725
21818  1048.120008  363.626410  20.945281  0.245389  0.334809  0.171525
21824  945.642564  1870.898308  19.686501  0.113962  -0.397322  0.183931
21831  1910.214379  292.152384  20.323314  0.178926  0.294583  0.098740
21836  1028.381081  926.988012  20.188326  0.092602  0.495278  0.114911
21847  359.237284  703.676455  20.874016  0.125203  0.770106  0.164785
21852  871.518525  202.347235  20.322623  0.138070  0.545289  0.101641
21859  1564.395072  1170.419817  20.470346  0.230929  0.657385  0.252384
21863  1735.674603  1893.957894  20.274591  0.209315  0.424104  0.106856
21865  440.123757  1448.650479  20.644144  0.103579  0.657908  0.191344
21871  742.542889  270.819783  20.294243  0.092667  0.501713  0.104700
21874  140.935528  403.193999  20.779495  0.173400  0.890093  0.274374
21876  1299.888770  102.830680  20.028034  0.170028  0.332470  0.104239
21889  316.416252  1187.885384  21.079322  0.266100  0.122768  0.148052
21901  1592.593337  1081.782313  20.554950  0.261618  0.661831  0.241754
21907  914.742290  831.547329  20.697912  0.133025  0.365074  0.126476
21921  767.538579  24.884946  20.644700  0.139849  0.338834  0.140568
21932  1154.979736  907.597656  20.557519  0.256318  0.165306  0.198629
21933  351.458089  65.998781  20.465112  0.138691  -0.103574  0.182512
21936  1170.991173  782.626884  20.907299  0.137617  0.499436  0.124746
21947  461.556097  1899.659566  21.015431  0.115550  1.021264  0.171702
21953  756.114380  1202.271546  21.598655  0.151674  1.224502  0.196317
21957  1218.810547  211.744146  21.696423  0.288046  0.609380  0.186610
21961  1185.174464  7.155620  20.874720  0.119726  0.816779  0.208508
21965  1556.233929  1545.990511  21.165421  0.367783  0.588368  0.125813
21982  610.504625  185.133160  21.563960  0.211404  0.507108  0.213915
21988  122.753588  1451.071123  21.190168  0.110574  0.413659  0.213072
