# id  x  y  V  eV  BV  eBV
121  993.513165  1177.563709  21.940366  0.165412  1.959799  0.357133
136  1004.005253  1031.272591  21.749842  0.174487  1.533548  0.220522
137  984.087368  939.633459  21.417418  0.220390  1.341063  0.148230
142  1021.396296  997.874074  21.013473  0.349919  1.857229  0.240790
143  1049.066476  933.395087  21.656414  0.287979  1.451827  0.251927
149  1004.882063  901.292585  21.429654  0.175565  1.424774  0.227650
150  982.587617  1096.003666  21.284453  0.216711  1.624026  0.161488
157  1059.732275  1084.306371  21.531613  0.135086  1.521932  0.324405
175  939.145318  1032.757125  21.494237  0.131885  1.524147  0.225409
185  885.359575  990.912369  21.315009  0.178057  1.469356  0.196010
188  919.809311  1042.085192  21.469159  0.188274  1.582994  0.317022
189  1142.592655  972.070236  21.652828  0.142138  1.709010  0.296588
1100  1011.317391  1033.377690  20.797073  0.142455  1.562257  0.216946
1104  1032.813548  994.902774  20.918237  0.186090  1.402515  0.259678
1108  1051.655905  1026.321039  21.014170  0.111743  1.622539  0.168985
1110  1103.158129  1172.394947  21.077771  0.109020  1.955614  0.171036
1111  1113.739919  1000.991150  21.140205  0.131875  1.526980  0.190877
1116  894.448353  911.247258  21.138278  0.139495  1.977183  0.282271
1120  1035.719352  922.393539  21.069185  0.171480  1.482009  0.219940
1123  876.796559  1113.978737  21.058023  0.138163  1.330759  0.108637
1126  1047.246131  904.889549  20.890360  0.197979  1.385204  0.285330
1128  1050.362307  1016.649523  20.940808  0.108496  1.601623  0.116891
1129  1051.237581  1076.892426  20.962312  0.187482  1.387609  0.103937
1130  943.898767  1112.363397  20.871661  0.136124  1.215261  0.197809
1131  1092.398019  866.721341  21.265387  0.154334  1.533058  0.106974
1132  911.568200  874.840044  20.909394  0.148704  1.513052  0.156771
1134  968.849388  1119.205274  20.869695  0.135873  1.322833  0.104323
1135  1106.418627  1007.625155  20.583908  0.185075  1.376316  0.300404
1137  1123.457577  966.640415  20.691347  0.124109  1.850144  0.212242
1138  991.253729  1025.716490  20.866918  0.163727  1.389458  0.135940
1139  1014.339973  983.040471  20.781533  0.141106  1.294353  0.288104
1142  1002.488893  1101.367685  20.793617  0.136313  1.641085  0.302867
1143  1004.576911  954.435215  20.698741  0.271218  1.562899  0.158071
1144  995.777167  999.564268  20.622570  0.187018  1.066781  0.206304
1145  1012.006851  906.608415  20.685379  0.231221  1.194595  0.222128
1146  1053.536051  1074.372669  20.869362  0.171794  1.060130  0.255420
1147  974.962995  974.698004  20.919472  0.135051  1.413043  0.108862
1148  971.480207  1191.091016  20.877364  0.169263  1.448248  0.172078
1150  969.871217  1027.908628  20.853629  0.108026  1.496975  0.151051
1151  1080.200745  1021.080678  20.695062  0.128755  1.640779  0.113629
1152  997.708329  1125.612360  20.935040  0.142021  1.492082  0.146282
1153  1097.942548  910.677238  20.470773  0.199565  1.675599  0.211146
1154  1103.029371  911.080735  20.862873  0.158317  1.813309  0.190040
1155  1042.821120  970.336748  20.898484  0.253327  1.364902  0.118738
1157  828.738253  1034.363904  20.618307  0.326263  1.402158  0.191034
1159  970.837279  1053.425275  20.738019  0.123882  1.758818  0.227173
1161  1078.008463  997.648548  20.720699  0.161943  1.433094  0.110963
1162  889.636250  929.353318  20.487646  0.222642  1.423218  0.125879
1163  856.276562  975.789629  20.741630  0.372602  1.511916  0.107252
1164  1044.446167  957.005332  20.602984  0.133965  1.358055  0.117780
1165  1129.570427  942.302167  20.592268  0.109862  1.707941  0.392430
1167  1127.716434  991.139553  20.640673  0.153614  1.191449  0.161339
1169  1080.725299  1036.308623  20.459637  0.113685  1.515725  0.166369
1170  1136.020521  993.341747  20.274915  0.149897  1.322304  0.113039
1171  1118.961418  915.160658  20.458002  0.192424  1.440101  0.111393
1172  1071.849595  990.853243  20.495379  0.296027  1.549871  0.131071
1173  1213.978071  941.035745  20.500507  0.124105  1.418257  0.161129
1174  970.694676  995.345940  20.747194  0.121236  1.626705  0.156061
1175  1001.712210  965.010268  20.881675  0.241236  1.589106  0.151570
1176  854.971924  1117.843374  20.628722  0.111486  1.646347  0.258586
1177  956.554138  1163.700961  20.453213  0.112097  1.587491  0.233921
1178  1208.090726  1089.781576  20.481177  0.093046  1.767154  0.205242
1179  1139.066839  1093.113344  20.552306  0.128685  1.410729  0.129059
1180  1168.473825  1007.251784  20.662776  0.121642  1.200515  0.176148
1181  970.574438  1197.085655  20.844352  0.256362  1.666451  0.198021
1182  1139.473408  849.687060  20.627551  0.260730  1.843738  0.146746
1183  974.423245  1095.192003  20.471406  0.189439  1.413225  0.095116
1184  1012.365312  993.056563  20.287585  0.222424  1.551039  0.099130
1185  967.990886  897.045074  20.389517  0.103896  1.390785  0.097420
1186  1037.788897  981.326438  20.205064  0.136235  1.689900  0.133680
1187  1091.988685  1177.353667  20.789609  0.163852  1.615342  0.106819
1188  1026.532229  1145.503191  20.552925  0.210145  1.527137  0.151864
1189  1238.681682  1014.307471  20.447441  0.104885  1.412869  0.102856
1190  1096.534979  839.018373  20.342344  0.103734  1.475488  0.166758
1191  1078.762660  1093.815316  20.151548  0.165122  1.331767  0.147715
1192  1028.190843  998.915359  20.235024  0.133382  1.440252  0.106361
1193  1082.205143  1005.330616  20.422143  0.097072  1.350833  0.122854
1194  996.302213  1112.510239  20.266737  0.121297  1.345005  0.097797
1195  1090.060943  1093.326930  20.391076  0.084820  1.263065  0.102874
1196  1026.805555  1019.950326  20.296100  0.095179  1.407987  0.101134
1197  1155.036959  1045.933322  20.470754  0.187870  1.379550  0.202851
1198  1103.551652  1049.659269  20.212198  0.140482  1.487315  0.244847
1199  1104.797676  1073.355756  20.331307  0.119624  1.350789  0.186998
1200  1095.589028  1073.703404  20.424096  0.136645  1.268783  0.183319
1201  974.271693  999.603773  20.334294  0.113789  1.360564  0.187799
1202  1090.692444  1016.570368  20.161295  0.148670  1.345931  0.081797
1203  907.715912  994.279588  20.096134  0.193007  1.347491  0.113375
1204  1063.097364  984.071700  20.177493  0.084031  1.416788  0.080962
1205  1064.195195  1051.836908  20.232817  0.167036  1.367135  0.178333
1206  1002.610586  1175.101276  20.016938  0.104291  1.366768  0.167013
1207  962.618327  1111.184138  20.099865  0.093467  1.387542  0.150792
1208  990.462382  1071.370281  19.987542  0.139644  1.366651  0.086761
1209  957.385441  1133.554115  20.119854  0.110304  1.380702  0.117858
1210  968.174510  813.638615  20.102792  0.102932  1.224490  0.215959
1211  893.638820  1142.971986  20.197008  0.117342  1.493427  0.146189
1212  967.813571  893.840732  20.088849  0.083881  1.200602  0.168562
1213  913.010381  1085.510779  20.130011  0.102697  1.256604  0.090224
1214  970.738217  1016.602399  20.112931  0.087417  1.330058  0.106915
1215  1004.397179  1165.118669  20.073972  0.137441  1.360478  0.080656
1216  1007.802286  928.392745  20.102081  0.141238  1.324025  0.199066
1217  970.640609  925.709087  19.977669  0.145682  1.269446  0.083712
1218  1048.857354  964.311716  20.083624  0.175254  1.323077  0.185545
1219  1057.943183  926.374175  19.854160  0.076568  1.366747  0.129557
1220  1156.183941  1141.395702  19.912058  0.083612  1.313637  0.120902
1221  927.543480  999.115756  19.947399  0.077204  1.382245  0.104102
1222  981.602365  1028.265779  20.177928  0.164603  1.280510  0.075821
1223  1134.325432  1007.964303  20.048598  0.191062  1.403123  0.112454
1224  1116.993638  1050.831114  19.949974  0.093980  1.579184  0.155262
1225  1023.507784  991.050588  20.023975  0.077365  1.338578  0.181274
1226  1030.230118  919.704187  20.301998  0.112297  1.398972  0.160087
1227  858.890527  979.581174  19.732582  0.173740  1.589389  0.135310
1228  1014.391890  1216.987116  19.805934  0.149191  1.582169  0.127358
1229  931.614638  1098.040750  19.910100  0.102585  1.394151  0.082449
1230  1148.229427  1076.022374  19.741544  0.081522  1.591718  0.106391
1231  1075.326894  962.342339  19.936415  0.114107  1.453101  0.078962
1232  1103.758909  1117.233521  19.920806  0.105102  1.465388  0.159356
1233  1111.885455  908.027699  19.829036  0.113722  1.478233  0.103056
1234  854.991135  927.212810  19.874620  0.128606  1.263775  0.088676
1235  1157.591982  1070.185144  19.946339  0.225347  1.390964  0.098053
1236  1103.463404  987.538575  19.750821  0.089329  1.549184  0.100223
1237  1054.109778  1009.468846  19.736566  0.139867  1.384117  0.246384
1238  978.278175  1021.399962  19.811034  0.080425  1.572614  0.108268
1239  1155.281039  899.945390  19.651666  0.068171  1.381202  0.068444
1240  1068.942356  1072.224543  19.636596  0.107815  1.301623  0.116548
1241  1085.362627  1123.604808  19.350961  0.233512  1.228574  0.091781
1242  1063.042826  1122.141860  19.908509  0.100170  1.519116  0.145662
1243  1059.143066  1070.023434  19.739147  0.174142  1.466071  0.073543
1244  817.441362  1066.853028  19.607500  0.116841  1.211202  0.159537
1245  1084.688671  1026.431201  19.554956  0.094561  1.444523  0.094493
1246  974.226760  952.323482  19.333883  0.181880  1.340474  0.081660
1247  1148.251648  1041.445949  19.500986  0.089259  1.464840  0.073432
1248  1138.755953  1102.110679  19.576335  0.119286  1.415690  0.124181
1249  1028.796846  905.855836  19.465645  0.105305  1.415939  0.151746
1250  979.777536  1031.133553  19.316476  0.086994  1.251552  0.126238
1251  1029.561139  1091.632210  19.600937  0.136565  1.289094  0.124107
1252  932.501955  994.909348  19.388305  0.098848  1.383290  0.116010
1253  1040.834150  911.798333  19.448867  0.122406  1.324739  0.070982
1254  1152.423342  945.277604  19.452826  0.086981  1.333651  0.097763
1255  1108.674212  902.051369  19.436094  0.125786  1.114506  0.088510
1256  995.005256  961.832837  19.481392  0.178004  1.275942  0.129886
1257  1009.848873  1077.058683  19.470811  0.091745  1.516332  0.195786
1258  1088.402739  974.454620  19.362601  0.106762  1.591529  0.145552
1259  1096.366756  952.239739  19.371827  0.200922  1.315623  0.082378
1260  988.404163  957.261783  19.306575  0.090150  1.360566  0.159665
1261  1133.015470  1007.047496  19.344883  0.069757  1.507974  0.091236
1262  1098.056438  1157.041070  19.512928  0.146720  1.318125  0.081529
1263  1051.103539  933.500068  19.191223  0.063036  1.210559  0.075508
1264  1231.526625  1012.547031  19.242720  0.084255  1.633755  0.119876
1265  842.323231  977.975808  19.246409  0.105192  1.436132  0.122117
1266  938.721260  1158.335099  19.197711  0.091158  1.491593  0.085753
1267  1121.064120  1136.215306  19.220650  0.084099  1.482909  0.060241
1268  1017.002721  930.089841  18.986874  0.107527  1.453642  0.100263
1269  1034.362286  1052.500972  19.062292  0.104519  1.286744  0.071698
1270  1090.894746  1110.679040  19.209786  0.142860  1.485133  0.068214
1271  952.213606  1135.610757  19.059005  0.097267  1.238326  0.133235
1272  1234.636227  1053.501563  19.062845  0.110500  1.309256  0.079768
1273  1065.720279  971.820278  19.178125  0.178669  1.400438  0.078568
1274  1044.579963  1171.185787  19.075234  0.075234  1.382472  0.060720
1275  1154.089779  949.236285  19.080961  0.137044  1.441929  0.146126
1276  878.953595  1141.382533  19.022193  0.108877  1.445283  0.104856
1277  979.838484  965.059666  19.139769  0.124477  1.365619  0.105494
1278  1171.235799  996.283167  19.011481  0.059413  1.291444  0.078981
1279  1082.510090  1005.618708  19.240379  0.190281  1.411923  0.098469
1280  1074.262610  908.947558  18.946845  0.077282  1.386540  0.069099
1281  1046.459146  1109.596324  18.989976  0.070782  1.305088  0.102553
1282  1100.350464  922.528584  18.932682  0.107163  1.279202  0.094482
1283  1126.248980  1126.871900  19.004176  0.087699  1.256328  0.061156
1284  1001.074463  1020.804710  18.841366  0.110617  1.149876  0.133396
1285  1161.499320  943.972659  18.993836  0.063407  1.353133  0.071336
1286  936.389960  1130.222428  18.795277  0.100714  1.398438  0.068099
1287  962.683945  988.120924  18.848108  0.054222  1.414719  0.056136
1288  1059.820564  1062.016922  18.803045  0.072767  1.349225  0.093913
1289  908.255662  1089.372160  18.765818  0.052929  1.401227  0.093149
1290  977.573069  1128.691732  18.771751  0.052598  1.321499  0.129779
1291  976.059023  998.718136  18.647186  0.071628  1.454551  0.059750
1292  1051.143209  1126.527508  18.799604  0.157938  1.522510  0.126925
1293  975.595889  891.091046  18.623579  0.119140  1.366310  0.080310
1294  960.578683  1035.236311  18.633447  0.052374  1.394614  0.093992
1295  1065.287250  982.415421  18.702106  0.093370  1.389418  0.059380
1296  953.845371  1028.405862  18.496168  0.121559  1.260864  0.054037
1297  1059.806331  1153.992131  18.482577  0.057654  1.360657  0.089891
1298  826.982175  882.063094  18.570612  0.136420  1.384573  0.049313
1299  1074.510971  1054.089482  18.365716  0.057316  1.248333  0.063902
1300  1139.390546  1128.439378  18.303382  0.093517  1.321339  0.100180
1301  998.885601  1001.722614  18.255275  0.065837  1.221920  0.098390
1302  1131.628175  994.038354  18.265559  0.059267  1.211026  0.106603
1303  970.281882  1147.963986  18.207177  0.059581  1.388582  0.084131
1304  983.181988  1135.682314  18.234536  0.084445  1.282047  0.093118
1305  943.869747  1083.193078  18.162600  0.082843  1.393813  0.063314
1306  1019.468431  1078.557245  18.211448  0.046595  1.382843  0.065333
1307  1129.502433  925.439570  18.145153  0.081153  1.251976  0.147956
1308  1062.554194  864.889201  18.180751  0.059366  1.310427  0.058160
1309  1109.099213  1131.954524  18.039847  0.108958  1.331290  0.055835
1310  988.273951  1089.179116  17.847969  0.080166  1.354161  0.072474
1311  1037.050409  1029.943542  18.242868  0.095380  1.352903  0.049543
1312  967.544074  1023.429714  18.045329  0.072842  1.274595  0.050621
1313  975.585976  1099.475456  18.020101  0.051659  1.245231  0.071422
1314  1017.601761  1001.991209  18.076611  0.066704  1.261590  0.059675
1315  890.807050  942.211830  18.013912  0.061827  1.340300  0.109022
1316  995.448381  1234.441523  18.041281  0.059124  1.282508  0.062665
1317  1108.125164  1005.116969  17.948691  0.076585  1.260719  0.090278
1318  1001.982996  1019.913667  17.885674  0.090510  1.061634  0.104930
1319  995.910328  1054.833828  17.746123  0.063969  1.231997  0.089547
1320  997.731860  1177.040302  17.868886  0.072250  1.344089  0.046278
1321  1183.502111  949.272781  17.847289  0.077644  1.311667  0.040129
1322  1031.927501  997.774356  17.731057  0.098302  1.341995  0.054470
1323  990.215926  1207.236547  17.636819  0.069635  1.276318  0.101952
1324  1026.171167  1136.034714  17.690207  0.089625  1.179267  0.067917
1325  995.834122  1071.582474  17.396859  0.079030  1.247852  0.045152
1326  1102.142095  1004.604621  17.425095  0.053391  1.253608  0.086365
1327  985.402204  1128.715428  17.349047  0.047217  1.307775  0.052582
1328  926.813389  832.920474  17.441439  0.069490  1.193007  0.044301
1329  1111.155036  931.856876  17.292970  0.082160  1.201655  0.067425
1330  1059.730596  827.211264  17.404800  0.057982  1.076073  0.065677
1331  1128.994345  994.826056  17.291288  0.041062  1.246144  0.050289
1332  998.957629  1054.868214  17.269176  0.068292  1.153325  0.051703
1333  1051.738747  1117.365842  17.308655  0.060258  1.229063  0.048930
1334  1115.930337  1012.201615  17.145810  0.055252  1.263355  0.045839
1335  1155.440722  961.000694  17.157614  0.077582  1.227426  0.099949
1336  934.666732  1044.428472  17.041398  0.070465  1.235891  0.036495
1337  1113.181368  1130.214175  17.155223  0.038770  1.207661  0.056114
1338  1064.969175  1063.688704  17.057266  0.033495  1.184274  0.041255
1339  1101.344256  906.699571  17.091651  0.073993  1.194048  0.047071
1340  987.577610  885.081334  16.994973  0.072506  1.254492  0.056740
1341  972.433449  1150.587146  16.937948  0.047960  1.142670  0.039733
1342  1014.500495  1081.513062  16.934339  0.069968  1.196616  0.051820
1343  976.098345  932.083794  16.788759  0.047387  1.111157  0.074638
1344  1034.533786  808.279613  16.683780  0.042154  1.145285  0.088816
1345  1095.606518  1063.797617  16.573346  0.061462  0.874556  0.057200
1346  949.230940  1118.830572  16.588735  0.082240  1.124225  0.050852
1347  905.982116  1119.729009  16.528203  0.039375  1.050357  0.065173
1348  949.978276  1032.172237  16.466877  0.046454  1.080441  0.051767
1349  945.963028  1001.852928  16.550178  0.069720  1.120610  0.047742
1350  1124.980306  987.787448  16.425171  0.035816  1.028426  0.071635
1351  1046.479544  904.079012  16.391346  0.031627  0.913597  0.057976
1352  904.865055  924.135383  16.334136  0.031742  1.045529  0.049947
1353  1012.112445  1067.677594  16.422868  0.051730  1.071458  0.037400
1354  1072.815043  987.419955  16.276315  0.061982  1.082851  0.040334
1355  1102.415688  1014.092493  16.143554  0.041022  1.034224  0.044826
1356  1100.408791  983.334502  16.081836  0.051330  1.096018  0.079757
1357  1079.884104  996.709253  15.983782  0.051541  1.093656  0.072394
1358  1075.637146  960.388977  16.014544  0.079910  0.940889  0.043312
1359  917.571236  1077.547786  15.992403  0.058863  1.048074  0.084289
1360  1189.068247  971.278377  15.840873  0.042822  1.058917  0.059176
1361  1017.059512  1123.635589  15.801523  0.033159  0.989135  0.053953
1362  1012.985917  1031.911363  15.779976  0.037393  0.967479  0.030271
1363  1096.324178  992.839967  15.792017  0.046396  0.967387  0.038913
1364  1034.261770  1000.404992  15.669307  0.033345  0.956043  0.039826
1365  907.412890  997.080678  15.444459  0.090963  0.987806  0.043710
1366  1095.921459  945.653207  15.576839  0.073126  0.942748  0.033148
1367  928.616694  951.730299  15.574138  0.056334  0.912842  0.053248
1368  1114.346107  1012.019712  15.475458  0.033695  0.885594  0.058559
1369  1055.942820  1004.250870  15.200508  0.054091  0.829136  0.040727
1370  943.990845  1096.904765  15.340596  0.042526  0.839594  0.040951
1371  898.984182  1032.876032  15.252336  0.038370  0.853348  0.029708
1372  994.108047  1009.690194  15.287338  0.065655  0.815401  0.051034
1373  966.261371  1017.387090  15.238449  0.025222  0.862626  0.034827
1374  1081.450127  1009.831834  15.217652  0.070015  0.838192  0.023980
1375  1072.482140  1048.686776  15.159277  0.054721  0.878097  0.043905
1376  943.844434  1009.999831  14.984254  0.059555  0.778919  0.036744
1377  1120.769802  1053.052273  15.050568  0.042402  0.947645  0.093430
1378  1065.751491  1158.367703  14.797333  0.048056  0.787363  0.058871
1379  916.108329  1016.918118  14.872537  0.038931  0.735625  0.047156
1380  1007.777014  1090.112799  14.822561  0.054822  0.767351  0.041416
1381  998.799299  1105.934602  14.705866  0.050632  0.714969  0.040242
1382  1118.798868  1106.529260  14.742351  0.045900  0.801540  0.053227
1383  1148.338115  1052.268298  14.602625  0.027878  0.686085  0.052252
1384  1108.390154  959.194583  14.514633  0.040218  0.693442  0.049121
1385  1146.707866  980.910899  14.448054  0.025912  0.687149  0.065143
1386  951.558042  915.084800  14.437758  0.054837  0.734435  0.065501
1387  1079.718666  1136.192614  14.297879  0.027291  0.728837  0.046400
1388  1064.020931  1008.342958  14.235437  0.028840  0.639171  0.042973
1389  978.951516  890.462433  14.179131  0.040389  0.695318  0.046302
1390  827.949998  956.258284  14.136671  0.033551  0.592457  0.033698
1391  817.514086  961.598341  14.002976  0.031121  0.590356  0.037947
1392  1133.633741  1031.202796  14.027085  0.048004  0.620318  0.025480
1393  1040.954061  894.167060  13.935492  0.062733  0.630083  0.034499
1394  1092.691907  920.226775  13.860762  0.027806  0.575373  0.021590
1395  1045.996032  1053.629440  13.793427  0.025835  0.658802  0.040551
1396  1020.602900  1078.549668  13.707755  0.058023  0.595653  0.033898
1397  1119.771464  992.241603  13.613742  0.026372  0.523426  0.044982
1398  1203.430543  1064.153211  13.555680  0.037505  0.523790  0.038953
1399  1200.754360  993.080402  13.462762  0.024224  0.530940  0.019600
1400  1124.967260  972.965888  13.445184  0.044593  0.519235  0.034666
1401  1100.698829  1076.885873  13.331732  0.033406  0.534150  0.028712
1402  1110.814249  1061.323100  13.286556  0.028940  0.518285  0.023783
1403  919.231160  1172.291891  13.153451  0.058426  0.471333  0.021073
1404  1111.852134  996.503245  13.105623  0.024419  0.450207  0.037082
1405  1113.371034  1165.048914  13.021446  0.029402  0.438778  0.047676
1406  997.167145  1015.480873  12.945709  0.033967  0.391283  0.023160
1407  1022.917263  922.740716  12.892447  0.020027  0.368383  0.054125
1408  912.351826  1077.201469  12.734922  0.037980  0.355186  0.045953
1409  953.134612  1179.295621  12.715505  0.041196  0.385767  0.052726
1410  907.513221  1094.521836  12.661553  0.032483  0.320460  0.030189
1411  1068.749926  1245.018112  12.655138  0.043622  0.355620  0.038990
1412  1200.800174  1008.890552  12.512046  0.039442  0.322025  0.032636
1413  1096.717025  1095.483023  12.409664  0.026102  0.302571  0.037561
1414  1029.035377  1061.584200  12.351768  0.020922  0.265707  0.046547
1415  1041.405972  1062.482084  12.307636  0.029083  0.254413  0.029716
1416  852.753510  977.976812  12.106524  0.037936  0.238010  0.028553
1417  957.916733  1008.748339  12.206440  0.036213  0.237932  0.021177
1418  1120.984596  1087.976694  12.080975  0.019174  0.219698  0.027720
1419  1000.847503  968.788664  11.866324  0.049933  0.197476  0.027708
1420  1204.967731  1074.917274  11.901651  0.040675  0.144335  0.057980
1421  976.939889  981.009101  11.806770  0.023662  0.145205  0.039615
1422  1246.432195  971.548140  11.788374  0.017383  0.122932  0.063327
1423  1092.407747  930.741596  11.727374  0.022761  0.128707  0.034143
1424  977.632993  1085.436867  11.598777  0.021045  0.120564  0.024063
1425  992.244470  940.536443  11.629762  0.053137  0.100414  0.025277
1426  994.082714  992.192451  11.546904  0.025414  0.115323  0.049328
1427  1027.543060  1039.966024  11.479283  0.031899  0.084596  0.030439
1428  1048.757903  1048.243630  11.337700  0.019399  0.085436  0.050571
1429  1053.823222  1149.637140  11.308612  0.035807  0.106666  0.031075
1430  980.137144  1059.182551  11.094047  0.033856  0.071006  0.020570
1431  1083.620168  932.321587  11.020370  0.037367  0.079424  0.021167
1432  1003.700736  1173.559685  10.979391  0.025309  0.095828  0.032213
1433  964.694856  980.248269  10.733278  0.041266  0.050435  0.021903
1434  1083.505623  1042.825830  10.690361  0.018271  0.024635  0.018119
1435  1090.131702  1008.204206  10.583948  0.026170  0.019514  0.021534
1436  953.175798  953.800008  10.533144  0.029723  0.018785  0.021508
1437  984.033710  970.592727  10.334307  0.024211  0.021487  0.021693
1438  1164.407480  993.296261  10.096782  0.051468  -0.008699  0.045405
1439  961.324012  1095.623619  10.084254  0.025996  -0.022116  0.016121
1440  1070.518641  1038.628741  9.838683  0.029995  -0.037712  0.027099
1441  1020.595896  942.518374  9.621168  0.027804  -0.014338  0.041491
1442  923.601367  860.948705  9.557628  0.022554  0.091157  0.064608
1443  952.075162  1040.837530  9.297497  0.031816  -0.026767  0.040324
1444  788.709683  1068.313580  8.852733  0.019404  -0.014410  0.035792
1445  1086.716682  1015.122493  8.528730  0.038014  -0.062012  0.045883
1446  944.564879  1127.901164  8.195467  0.016654  -0.073128  0.037878
1447  1027.020616  1094.494065  7.489805  0.028141  -0.098728  0.021858
1448  1015.451197  915.259412  6.753998  0.029853  -0.058745  0.033237
1449  1012.155044  932.301558  8.205763  0.027391  -0.082507  0.017754
1450  1217.313280  998.263644  8.019278  0.025758  -0.090871  0.016817
1451  1079.556956  1076.676833  14.931360  0.032364  0.833666  0.030249
1452  1012.328673  920.667075  5.556951  0.018514  -0.094393  0.021443
20  1628.755608  1465.503104  7.139986  0.018878  -0.086461  0.024486
21  1476.059562  1417.575164  7.830283  0.020504  0.132025  0.034925
22  1502.867241  305.401690  9.293111  0.019102  0.591692  0.017121
23  1475.686041  226.294454  8.390677  0.023907  -0.162719  0.030110
24  1591.334682  1400.858171  8.385259  0.043132  -0.270944  0.047716
25  422.973601  829.034861  8.650115  0.028635  -0.119223  0.029457
26  318.773376  207.383118  9.223320  0.016028  -0.021693  0.027881
27  955.203466  1810.938267  14.971254  0.049985  3.286062  0.072119
28  42.864435  945.440990  9.248806  0.024649  0.085861  0.022789
29  635.825666  1205.272530  8.998992  0.022560  -0.142415  0.043113
210  474.070063  1319.547844  9.355584  0.046865  -0.286680  0.024559
211  242.874774  1462.965598  9.110430  0.019729  -0.340498  0.028157
212  1295.394787  776.062968  12.225695  0.030993  1.215882  0.050735
213  1421.351915  320.574425  10.245867  0.044419  0.003089  0.027893
214  408.745070  1770.207370  13.012517  0.021351  1.413001  0.033021
215  1430.525560  1237.473287  11.266291  0.039369  0.373101  0.035395
216  902.337868  438.514451  10.742964  0.027658  -0.057443  0.042078
217  184.779828  1219.621666  10.908279  0.027155  0.138141  0.019196
218  1998.946239  1029.772602  12.997250  0.023912  0.841811  0.045991
219  1024.082660  1541.784184  15.747897  0.056907  2.566820  0.029597
220  78.270595  1336.544828  14.841882  0.033643  2.006019  0.027666
221  2047.530588  732.954047  15.421523  0.030414  2.432007  0.032744
222  914.051776  2021.688888  12.485579  0.020546  0.538563  0.027883
223  126.479925  1177.796419  13.381779  0.022576  0.926213  0.028491
224  625.335735  1828.646620  13.498812  0.027092  0.796417  0.040818
225  1908.626898  163.730021  12.078121  0.029935  0.161387  0.044232
226  24.951861  265.156321  12.326584  0.026643  0.410406  0.020534
227  1674.676398  754.062610  11.734611  0.018450  -0.035726  0.031767
228  676.579924  1133.312586  15.057500  0.056784  1.876909  0.033456
229  146.370910  119.466994  14.845073  0.031471  1.366346  0.037611
230  798.182334  1154.175713  11.514431  0.028008  -0.422692  0.029036
231  721.015021  216.737018  12.346019  0.031261  0.038527  0.020668
232  176.787446  249.492764  14.690950  0.033597  1.265750  0.024488
233  103.627192  329.397759  14.974177  0.032455  1.579575  0.088406
234  696.492182  2003.451818  14.931373  0.028362  1.482203  0.052869
235  1187.785292  584.186364  12.623003  0.019950  0.428756  0.043479
236  1610.515958  818.855806  14.581994  0.023186  1.235359  0.034240
237  1407.273967  819.857298  17.122906  0.051933  2.875439  0.040078
238  797.023172  662.257961  13.614972  0.026443  0.315574  0.036121
239  7.670392  881.642244  12.978632  0.022953  0.105421  0.020978
240  1231.680925  237.559509  13.438735  0.043321  0.683182  0.036347
241  852.180388  1160.826841  18.850637  0.107207  3.391631  0.116237
242  837.730240  1423.843997  18.631723  0.175957  3.348606  0.065283
243  1949.500477  1863.376854  13.324778  0.056783  0.319748  0.042589
244  2011.538822  1094.762167  14.441659  0.032734  0.888924  0.027658
245  50.115971  1076.739439  14.931932  0.052430  1.296431  0.044122
246  1361.964467  298.773071  15.881036  0.034577  1.786809  0.045577
247  1697.343806  1102.866209  14.598779  0.043119  0.843073  0.055222
248  842.696429  854.337630  13.536397  0.042249  0.459398  0.037149
249  1130.070695  1410.132201  15.058599  0.061840  1.430686  0.034232
250  1972.163060  593.119109  12.962562  0.020257  0.078897  0.024168
251  102.175310  1858.275976  13.703257  0.038773  0.203314  0.055979
252  1809.148554  202.108739  14.519521  0.047047  0.812215  0.055856
253  1626.989404  1152.374692  18.941557  0.071891  3.201591  0.086594
254  237.403264  1958.829443  13.998461  0.031304  0.483180  0.034348
255  943.358605  1613.296660  16.870119  0.062266  2.092689  0.041685
256  533.486826  2003.353051  13.135321  0.040773  -0.122716  0.029473
257  1629.787551  1256.427434  14.644902  0.027396  0.559732  0.077894
258  1990.271604  1373.847510  18.534328  0.061896  2.872602  0.134571
259  997.357449  1985.120754  18.871574  0.103273  3.272195  0.055879
260  167.989902  1207.912651  16.664663  0.060290  1.842605  0.034654
261  1759.050980  1125.768288  13.441179  0.055192  0.005519  0.025580
262  981.802339  2037.905810  13.855251  0.026149  0.416943  0.026812
263  124.855357  506.855047  15.397272  0.029346  1.179936  0.033442
264  965.487788  1378.128557  16.688683  0.050072  1.903545  0.054826
265  260.204613  698.339876  13.896357  0.024613  0.138984  0.023977
266  332.919145  115.135197  14.985444  0.043576  0.805127  0.037662
267  376.817873  468.352842  17.424415  0.073815  2.022956  0.044279
268  12.826381  1949.517273  14.580352  0.045539  0.475882  0.043854
269  771.212535  1843.027222  13.963267  0.021988  0.187603  0.026406
270  1591.161496  378.515919  14.407146  0.035470  0.378266  0.043938
271  685.857027  1780.129376  17.813300  0.067211  2.451964  0.085403
272  233.884080  1820.221262  17.444729  0.039159  2.043577  0.079928
273  1707.210800  1403.833400  14.537235  0.041386  0.130407  0.042070
274  13.859779  1318.258018  14.643875  0.042608  0.634309  0.031229
275  1420.477621  503.731740  18.905445  0.080092  2.669925  0.086399
276  1216.480873  617.938736  15.331003  0.047591  0.883700  0.053299
277  1611.601558  1723.321979  16.442202  0.082135  1.133612  0.059898
278  78.265465  1121.162528  15.037007  0.057736  0.492338  0.029696
279  561.849182  136.912109  14.911643  0.034421  1.070923  0.040009
280  541.903502  1182.935167  14.404225  0.032997  0.242063  0.041782
281  172.320356  212.096222  15.113641  0.048565  0.535647  0.039246
282  1092.613831  1655.557885  20.009236  0.208530  3.338768  0.141089
283  1802.780215  1161.728301  14.638608  0.043266  0.518889  0.057474
284  1024.258266  1039.670155  14.809555  0.068750  1.039376  0.061246
285  770.214575  814.514852  14.639285  0.035723  0.492533  0.041702
286  1347.184464  644.111429  14.032892  0.025259  -0.050948  0.051482
287  5.881382  792.512629  15.096768  0.062438  0.483252  0.050355
288  764.609649  304.565720  15.075140  0.069475  0.582932  0.026653
289  1162.270690  542.596987  15.572498  0.027631  0.762610  0.041151
290  1522.809230  1913.852904  18.677743  0.091797  2.509930  0.132765
291  425.574311  837.931401  17.317550  0.052732  1.814350  0.036348
292  1493.228100  253.913658  17.923482  0.059001  2.353220  0.043361
293  358.461820  1138.604776  15.576373  0.043342  0.926234  0.053016
294  1546.596391  1244.490801  16.334187  0.067201  1.252047  0.039159
295  1897.528355  2023.639964  15.111669  0.032701  0.614581  0.031742
296  673.947671  2006.276535  15.730360  0.061583  0.937119  0.100929
297  1426.352893  1217.623732  17.177394  0.080667  1.647239  0.048857
298  546.500978  882.162387  16.000053  0.068528  1.183886  0.029957
299  279.513605  1078.669143  17.156657  0.040610  1.757884  0.046756
2100  1487.605206  1006.217459  18.004609  0.097878  1.982423  0.050037
2101  1406.071142  1870.464934  18.862413  0.121176  2.555159  0.123921
2102  1109.272331  755.848318  17.393390  0.046471  1.411241  0.070642
2103  412.891940  1918.438301  17.825064  0.084270  1.968861  0.041043
2104  276.528367  1085.731904  19.297274  0.066020  2.883930  0.066676
2105  37.257209  621.295957  17.770097  0.053590  1.812586  0.041318
2106  826.365177  689.432443  19.653409  0.084294  3.092102  0.089820
2107  137.806612  590.820273  16.763927  0.100548  1.017776  0.075400
2108  655.996632  3.111076  15.865546  0.080230  0.700404  0.031636
2109  1294.881192  954.095415  15.876969  0.043382  0.548733  0.037376
2110  498.499393  1003.564342  15.697889  0.038738  1.299453  0.029013
2111  846.553970  1323.065716  15.916203  0.027869  0.662513  0.095702
2112  2031.261506  1190.404319  15.857567  0.041170  0.832541  0.082801
2113  5.830975  169.815096  19.053309  0.076927  2.765215  0.149480
2114  830.704873  1852.993623  16.698405  0.049679  1.189951  0.047550
2115  1519.047064  2041.146248  19.286403  0.075621  2.761743  0.166994
2116  550.212394  1804.461868  16.682917  0.050812  1.188139  0.042365
2117  66.802451  980.988320  19.018594  0.061474  2.542564  0.077390
2118  301.680274  1537.508729  19.953118  0.099740  3.092124  0.204589
2119  1554.163195  707.432141  17.203359  0.035300  1.501730  0.054974
2120  1897.975496  1367.094996  18.178221  0.052117  1.940961  0.049755
2121  7.293064  177.324229  16.230355  0.071239  1.371674  0.044273
2122  14.796487  553.497616  15.726644  0.049504  0.525640  0.028164
2123  234.857689  1927.032868  18.391799  0.058130  2.222234  0.051691
2125  1719.572780  585.068268  14.635163  0.055836  0.253692  0.040645
2126  1732.779104  352.746075  18.895609  0.123384  2.270358  0.105172
2127  1606.376963  629.621894  16.164072  0.064866  1.436727  0.061569
2128  1969.334428  888.648503  15.987787  0.037852  0.774858  0.046036
2129  967.589170  1680.039993  16.104147  0.046403  0.768247  0.055973
2130  264.645497  328.681362  17.515561  0.101580  1.548979  0.042182
2131  737.630843  983.468370  17.302263  0.047076  1.552305  0.064377
2132  2000.656708  150.148494  16.632166  0.054192  1.001313  0.034441
2133  1248.323318  377.084080  14.848323  0.026686  -0.038980  0.025374
2134  1258.608170  1771.119475  17.140816  0.053197  1.676204  0.056281
2135  175.089711  1676.446455  15.576018  0.042363  0.874079  0.063965
2136  957.252277  1519.016751  15.801573  0.049411  0.780581  0.048564
2137  753.551496  1171.463389  17.253337  0.058219  1.405934  0.064732
2138  1804.813313  2033.410302  16.012748  0.073668  0.860515  0.033000
2140  836.784033  1758.225308  18.204963  0.122525  1.431138  0.058461
2141  420.658137  652.678288  20.653680  0.135117  2.874863  0.233288
2142  1030.547720  478.722885  15.628036  0.051625  0.424908  0.062140
2143  377.380998  530.130186  16.284064  0.062559  0.721633  0.073202
2145  1398.774720  1278.926934  18.352497  0.100024  1.990890  0.076053
2146  942.680883  941.200148  14.520742  0.055336  -0.268971  0.023989
2147  911.729450  1175.176794  20.179724  0.083188  2.799787  0.135883
2148  1145.312960  377.934023  16.266831  0.049487  0.742169  0.039278
2149  1593.724658  1981.373040  16.769138  0.038564  1.049042  0.043498
2150  874.995816  1438.688950  16.739797  0.048367  0.833938  0.067622
2151  291.146857  25.519710  16.262468  0.039584  0.653641  0.038365
2152  1111.051201  1574.641850  16.410755  0.092071  0.638214  0.037135
2153  683.197908  2002.005960  18.382091  0.067869  1.789148  0.094517
2154  1969.141976  2047.250945  16.419313  0.075047  0.898335  0.060530
2156  91.894609  129.508278  16.260192  0.028799  0.605703  0.054461
2157  639.250403  25.882647  16.610032  0.036739  0.802759  0.054373
2158  1658.617001  151.810826  15.455277  0.025479  0.310864  0.035232
2159  1031.846990  212.037602  15.608591  0.071740  0.115820  0.027250
2160  201.512896  111.079049  18.162511  0.067423  1.666439  0.049349
2161  192.763128  338.402765  17.433348  0.039519  1.164220  0.100586
2162  212.757545  679.137042  18.578060  0.072472  1.972844  0.125247
2163  1388.325677  1397.167026  16.228984  0.034992  1.339572  0.041713
2164  1989.242995  504.632400  17.902514  0.080881  1.496665  0.063145
2165  679.398514  1954.972219  17.976386  0.067248  1.446401  0.071448
2166  530.252618  1522.644150  16.760489  0.078430  0.796007  0.058756
2167  2001.848720  777.820420  19.519009  0.154046  2.488568  0.065217
2168  1810.862124  812.017711  15.891731  0.063469  0.455211  0.047444
2169  574.282443  1833.591222  16.307461  0.050830  0.756644  0.042657
2170  1123.999640  929.689843  15.653727  0.034337  0.273957  0.030729
2171  509.615125  330.500744  16.655372  0.054442  0.666440  0.055232
2172  911.461128  1865.340824  16.203186  0.045148  0.684108  0.064333
2173  492.050160  638.801276  17.011718  0.046011  0.784212  0.042397
2174  1962.224493  1404.305769  18.545514  0.119544  1.805150  0.079056
2175  1810.005164  1071.860226  21.039889  0.185169  2.979403  0.151918
2176  451.087303  1228.788271  17.312878  0.044931  1.036166  0.059434
2177  978.337038  1880.209225  16.116990  0.029070  0.623910  0.045933
2178  1710.287971  1418.808615  16.919580  0.054776  1.147975  0.104382
2179  1747.962797  677.520473  16.691261  0.078481  1.035717  0.051826
2180  1742.552193  850.857657  16.196236  0.035858  0.681442  0.094186
2181  1111.203546  749.958732  16.541126  0.077198  0.821391  0.077403
2182  689.000877  1378.190276  15.933204  0.051799  0.516461  0.047635
2183  1966.649729  1917.069052  16.763919  0.066622  0.810605  0.042131
2184  366.332143  173.594638  19.942085  0.108251  2.752436  0.083263
2185  212.869375  995.424903  17.004318  0.072019  1.603913  0.057008
2186  17.912576  1287.457489  16.198224  0.035907  1.408355  0.055268
2187  383.247862  1591.928928  16.207089  0.040386  0.803898  0.089949
2188  674.616540  589.966144  16.854938  0.033031  0.661127  0.055540
2189  1094.611568  1097.977448  16.501672  0.065870  0.871719  0.030624
2190  1451.544023  1786.967504  16.373289  0.057310  0.456155  0.070789
2191  1816.528200  1828.346057  18.080762  0.044719  1.683894  0.068456
2192  1693.496916  1115.998669  16.897751  0.079557  0.716524  0.075272
2193  1181.205584  1570.183358  16.874097  0.077377  0.920714  0.115847
2194  593.134353  1952.234053  16.889228  0.044717  1.022240  0.048638
2195  864.372790  967.860020  16.846110  0.079745  0.789360  0.068906
2196  1517.003926  1026.775513  18.716631  0.074741  1.564855  0.086977
2197  1187.316852  1787.778052  17.108738  0.048022  0.719140  0.037845
2198  1357.868329  1800.409206  20.744645  0.239751  2.883356  0.153286
2200  307.538688  713.260754  17.700967  0.050618  1.450643  0.082466
2201  1793.428197  1332.666839  17.977539  0.042322  1.255681  0.048457
2202  1345.960087  1267.999315  18.001910  0.048520  1.049396  0.131019
2203  1709.301677  131.402053  18.372775  0.139990  1.353143  0.080417
2204  234.523445  874.586265  15.763765  0.030871  0.035687  0.053310
2205  960.107785  440.072632  16.313308  0.064194  0.332421  0.053872
2206  1884.803641  842.132346  17.673882  0.148313  0.780945  0.079681
2207  1842.337285  1129.370500  17.295337  0.061716  1.052099  0.069138
2209  378.155766  94.916682  17.648009  0.073424  0.967152  0.116364
2211  1082.579576  853.196659  16.881578  0.050233  0.773739  0.055066
2212  1981.486983  598.019560  17.714827  0.052798  1.145583  0.089523
2213  1953.304208  1273.606307  15.800084  0.028825  0.020883  0.035889
2214  1180.602200  1985.906975  17.531722  0.053307  1.756871  0.083655
2215  397.059391  539.793926  18.213483  0.056627  1.326352  0.087300
2216  2022.461795  1060.046245  21.573936  0.247397  2.829937  0.400614
2217  1032.193963  439.676170  21.183738  0.162576  3.140030  0.106126
2218  1978.863253  1350.098276  16.895724  0.068005  0.712832  0.063557
2219  444.636424  1388.901725  15.578636  0.050369  -0.024252  0.049213
2221  1801.225537  790.688373  17.323381  0.106116  1.107526  0.045608
2222  346.940337  744.677501  20.665117  0.136082  2.854794  0.146410
2223  1433.951229  2034.320396  17.291731  0.036024  1.751586  0.055773
2225  831.053102  1210.869059  15.441792  0.043911  -0.009469  0.064046
2226  1215.468247  97.263912  18.366278  0.049748  1.502001  0.139491
2227  21.987843  1832.836488  17.465283  0.043951  0.630862  0.102558
2228  470.990128  1088.208494  17.619089  0.067695  1.297927  0.080751
2230  1999.014114  1434.040765  17.825754  0.052434  1.183152  0.077475
2231  1963.887717  1958.428744  17.349906  0.105153  0.905750  0.051548
2232  1953.885077  1190.381558  16.290952  0.034191  0.394522  0.077100
2233  468.905360  1534.038628  16.180522  0.032190  0.149416  0.072523
2234  256.176045  407.482581  16.889893  0.038615  1.076494  0.049671
2235  1435.643105  1280.389439  17.767386  0.095040  1.130924  0.050978
2236  343.565095  528.446989  19.737067  0.074724  2.241487  0.096796
2237  136.609257  2007.653963  14.784084  0.061513  -0.459995  0.043463
2238  1643.321750  1500.644474  15.461500  0.055797  -0.163972  0.033032
2239  931.158272  992.554391  16.028378  0.064571  0.200918  0.045090
2240  172.101503  1418.237071  19.280110  0.131907  1.919921  0.104092
2241  883.730482  1526.820477  18.356035  0.088666  1.416844  0.090615
2242  843.485199  522.190567  19.256835  0.079680  1.888037  0.127296
2243  1903.351753  1089.078582  17.512265  0.087082  0.974728  0.105108
2244  383.212795  1010.291353  20.281502  0.261156  3.030172  0.275810
2245  1626.746068  1627.137025  16.885917  0.032477  0.416455  0.057669
2246  275.051592  651.836505  19.725568  0.119586  2.138300  0.078947
2247  780.497216  2002.991938  19.636503  0.114874  1.978945  0.091089
2248  1083.514344  1938.957672  18.649310  0.064159  1.479032  0.052881
2250  1319.173923  1525.216265  20.301795  0.144895  2.243011  0.130027
2251  875.342059  1001.706473  17.285675  0.107279  0.723604  0.078602
2252  83.933814  1137.114579  16.529896  0.089785  0.303803  0.033859
2253  1101.163157  1714.366609  17.647082  0.049492  0.833029  0.108311
2254  232.827915  1917.260196  17.661542  0.058408  1.097944  0.097681
2255  856.598511  945.674395  17.006875  0.055913  0.728954  0.042464
2256  302.660373  763.071852  17.029996  0.060078  0.698311  0.049542
2257  1990.210878  1880.029710  17.249857  0.060206  0.879040  0.118846
2259  710.053021  905.117687  17.463359  0.088531  0.771578  0.088811
2260  1642.465952  1556.960172  20.230426  0.082520  2.395173  0.144994
2261  373.802257  1388.000017  17.441678  0.039078  0.986256  0.077882
2262  1682.246358  751.713178  17.748695  0.069111  0.792563  0.086771
2263  1973.937323  205.617012  16.966129  0.041536  0.832834  0.055459
2264  512.287448  978.087571  16.818959  0.054530  0.793624  0.039425
2265  767.758831  1069.212628  17.682688  0.132280  0.882126  0.045466
2267  298.114595  279.075296  19.101697  0.104677  1.677026  0.137554
2268  1866.125099  717.914177  19.743916  0.073808  2.154405  0.098487
2269  1987.194698  538.360971  17.384749  0.087895  0.317324  0.052783
2270  912.486150  242.801197  17.912893  0.085057  1.126605  0.047009
2271  1662.568955  1601.048499  18.028747  0.044661  0.871269  0.065015
2272  568.987398  432.162019  18.485380  0.069964  1.288235  0.119288
2273  724.650681  1193.044644  18.169237  0.074672  0.911679  0.050593
2274  874.832818  645.458897  16.775967  0.033239  0.100935  0.039905
2275  113.912482  112.226820  17.231538  0.064531  0.452488  0.074729
2276  803.519491  1251.468366  20.268754  0.157514  1.985005  0.085808
2277  1724.514383  811.659763  20.215588  0.142505  2.089279  0.077532
2278  1585.913401  929.773505  18.146578  0.135243  0.903686  0.066482
2279  104.996981  121.620869  18.423060  0.089350  1.564574  0.052113
2280  904.899761  1563.722077  20.253600  0.110934  2.246206  0.193379
2281  1574.687093  1341.454054  20.439917  0.131068  2.266631  0.149442
2282  181.126565  1497.433735  17.940300  0.055242  0.952229  0.057928
2283  1883.711021  1160.933671  17.547127  0.084947  0.577069  0.071139
2284  1018.454258  1600.263970  17.749337  0.050753  0.913601  0.068408
2285  996.631133  923.674627  16.897114  0.065183  0.423103  0.045057
2286  1103.224767  1005.311892  18.195914  0.125991  1.221927  0.101625
2287  1020.040586  1101.355119  19.897522  0.092686  1.652554  0.208956
2288  1686.274222  1360.776488  18.120851  0.157536  1.388303  0.080260
2289  1679.311931  581.719584  18.811584  0.057784  1.533537  0.106728
2291  1464.299195  1777.005304  18.828412  0.080285  1.535456  0.075819
2292  337.427386  1882.965291  17.468626  0.066258  0.791062  0.125931
2294  1491.724217  571.446626  21.883615  0.296262  3.094515  0.213606
2295  158.803953  1262.664250  17.759229  0.040583  1.674689  0.118476
2296  1563.042624  596.688400  19.427481  0.092647  1.674816  0.072636
2297  1101.956257  1708.495367  18.282022  0.048109  1.983558  0.046189
2298  1444.052873  533.136359  17.996534  0.112076  1.009820  0.050772
2299  290.105758  985.653008  18.905554  0.067768  1.329913  0.093175
2300  920.365200  792.935034  17.941704  0.041812  0.928081  0.053566
2301  653.723352  1785.776843  19.390122  0.066088  1.713005  0.109108
2302  390.316449  2034.830369  18.851938  0.109924  1.276244  0.085301
2303  1596.637710  736.871861  19.412729  0.082832  2.069245  0.120627
2304  123.783139  1418.422742  18.007781  0.049414  0.964632  0.052219
2305  1818.736955  1476.762012  18.924186  0.073747  1.695658  0.109816
2306  66.960681  1882.193133  21.113730  0.208269  2.263327  0.211703
2307  473.179291  144.101974  17.158238  0.099667  0.298637  0.050032
2308  1069.661845  689.692962  17.938789  0.075029  0.835897  0.069696
2309  613.461045  1279.426034  17.910317  0.153850  0.670777  0.112606
2310  1949.763309  234.177145  18.666508  0.050860  1.167117  0.061727
2311  1773.364306  204.232606  19.991761  0.104068  2.287833  0.149684
2312  1929.253801  890.136293  16.778787  0.042316  0.231859  0.033781
2313  1974.862033  1853.128068  17.313689  0.088773  0.387806  0.072011
2314  910.633277  672.171545  18.031544  0.078615  0.871437  0.052656
2315  1504.099186  760.026771  18.871004  0.085974  1.382394  0.079963
2316  453.193276  1461.984654  17.815344  0.074842  0.728598  0.049836
2318  463.530230  1930.521426  19.990618  0.119996  1.904920  0.094205
2319  870.490526  1167.787660  17.701143  0.052605  0.930693  0.093454
2320  629.178053  1904.637206  20.522517  0.104581  1.961474  0.184089
2321  1353.538544  1091.945691  17.867498  0.095491  1.406389  0.071160
2322  1915.808278  1622.834432  17.223222  0.062254  0.560409  0.081815
2324  1884.138738  1494.550848  20.017266  0.096796  1.832822  0.189160
2325  463.122939  1455.710242  17.595194  0.110084  0.545085  0.098283
2326  1445.395595  758.354850  17.586199  0.063100  0.666569  0.045883
2327  1819.400900  1054.485085  19.621881  0.176228  1.814476  0.134536
2328  534.865196  1641.967779  18.413912  0.089883  1.674442  0.074034
2329  1079.262786  968.284806  19.537851  0.131506  1.682959  0.062535
2330  1638.399591  865.419495  17.848932  0.064498  0.929788  0.066943
2331  996.193397  1126.655210  20.264842  0.166050  2.124897  0.112104
2332  1290.962035  386.621454  17.046623  0.046462  0.328117  0.045072
2333  1899.321539  833.904466  18.262548  0.140263  1.724072  0.123482
2334  365.192988  1433.944015  20.165514  0.087194  2.194855  0.212617
2335  1551.564615  1035.447572  20.392545  0.145747  2.174043  0.084607
2336  466.628009  23.844473  17.753020  0.043662  0.925437  0.116659
2337  1114.068215  880.986721  18.323850  0.083157  1.559770  0.076699
2338  1079.942662  1194.175084  20.616201  0.159633  2.402762  0.142974
2339  1497.134059  1394.158102  17.594525  0.114667  0.607989  0.061843
2340  229.411343  988.793776  18.403648  0.069033  0.674755  0.111233
2341  2021.380296  534.297517  18.695928  0.127558  1.166012  0.074251
2342  1665.360203  1678.130958  18.330868  0.088424  1.343021  0.056628
2343  1395.679011  169.296759  18.562863  0.085378  1.105525  0.046628
2344  1879.910006  177.346337  18.591618  0.106348  1.318185  0.123933
2345  1674.505846  361.227715  17.808331  0.058540  0.761473  0.054934
2346  65.302200  426.532608  18.145992  0.050699  0.958814  0.094657
2347  1437.823102  1062.376876  18.087457  0.060272  1.244434  0.078821
2348  913.225812  1518.619433  19.771382  0.187095  2.117551  0.096684
2349  1435.635324  878.492761  15.606369  0.034498  -0.340791  0.027005
2350  476.083532  857.139602  18.448976  0.067914  1.028767  0.109354
2351  1943.729984  555.002162  19.199104  0.103720  1.839241  0.115828
2352  558.158187  20.533987  18.299789  0.112513  1.627321  0.064973
2353  1056.500463  1018.509878  17.982195  0.071709  0.964719  0.051564
2354  821.738390  925.810509  17.181936  0.110124  0.232099  0.085133
2355  303.793249  1773.961799  16.833470  0.059793  0.084806  0.044242
2356  1287.710241  1424.685468  18.389686  0.125678  1.189993  0.134875
2357  1891.504144  1690.407023  16.765588  0.049455  0.336749  0.070400
2358  1332.394245  2031.528726  17.862387  0.041990  1.311564  0.065218
2359  1679.454829  285.337584  17.674870  0.121610  0.709443  0.052590
2360  284.714612  872.851824  17.987329  0.089320  0.998585  0.048970
2362  1207.425667  1120.341729  18.263503  0.088541  1.772727  0.096245
2363  1183.109222  2025.208129  18.598627  0.062070  1.197442  0.063081
2364  1263.133718  368.140221  18.243713  0.072712  0.911840  0.047725
2365  1029.770970  1363.382917  19.150283  0.094192  1.668324  0.090316
2366  1538.420705  1767.309443  18.301925  0.065052  1.180887  0.095867
2367  380.524654  299.165422  17.865019  0.048709  1.330724  0.051903
2368  1780.568507  696.724076  17.441030  0.103950  0.918769  0.066463
2369  1274.450531  266.870655  19.777511  0.232315  2.178932  0.156936
2370  1864.666238  1013.408895  18.664351  0.132770  1.174217  0.088127
2371  575.088484  55.832712  18.054445  0.142342  0.955663  0.056462
2372  1327.662373  944.841451  18.947582  0.084102  1.487611  0.136168
2373  459.999635  1109.315032  17.244689  0.054741  0.202620  0.102926
2374  293.048643  483.597650  19.732610  0.081558  1.689825  0.103604
2375  146.640775  1401.275248  19.234104  0.102234  1.327371  0.099950
2376  1992.072241  545.048428  20.927533  0.289024  2.517120  0.158445
2377  1333.617579  1385.216079  18.993784  0.080624  1.045989  0.069905
2378  1573.690449  1366.792096  18.744882  0.061675  0.936790  0.059858
2379  530.422873  716.476524  19.113519  0.063659  2.177462  0.074508
2380  274.049326  1610.811675  19.499617  0.127782  1.534369  0.110428
2382  854.934186  1318.821867  19.319871  0.071620  1.438613  0.080752
2384  1725.749115  1113.834657  19.903978  0.121179  1.468509  0.160996
2385  1620.424238  1419.781302  18.942648  0.086457  0.909722  0.177961
2386  1669.466188  1915.889929  17.002358  0.034766  -0.030643  0.050628
2387  514.432667  1171.217252  19.323633  0.088007  1.601612  0.171388
2388  1428.007092  1301.885942  19.699412  0.133721  1.493573  0.102791
2389  1216.650470  1258.033117  19.402584  0.079682  1.543693  0.086885
2390  817.664446  1329.449134  19.377156  0.139043  1.441887  0.096224
2391  754.099757  1039.894876  18.301285  0.102683  0.814236  0.109404
2392  1883.355309  1693.483369  20.280644  0.097864  1.886987  0.099738
2393  1513.454819  1236.525385  20.679399  0.100214  2.091819  0.098871
2394  81.976033  783.154675  18.652099  0.069476  1.074286  0.086912
2395  579.659260  389.134936  20.581822  0.127838  1.726209  0.107267
2396  618.222878  1886.527042  20.801188  0.105626  1.952329  0.115231
2397  1631.472215  1904.017716  18.626664  0.051480  0.956749  0.138937
2398  1487.839209  1434.296144  19.843206  0.174296  1.309659  0.071682
2399  387.399690  719.246598  17.555299  0.078168  0.167402  0.072955
2401  8.656983  410.688046  19.797115  0.079151  1.102962  0.175059
2402  1681.639994  91.759384  20.729755  0.216129  2.172016  0.255746
2403  1217.452443  1495.079989  16.928577  0.078597  0.146801  0.051527
2404  201.050796  1124.956415  19.308730  0.065081  1.128229  0.185591
2405  1604.831591  250.202353  18.865687  0.056417  0.811389  0.185395
2406  1934.020651  906.750326  19.453337  0.071442  1.500578  0.142355
2407  1714.887874  1987.954475  19.236246  0.076467  1.222836  0.073779
2408  1350.571723  519.830688  18.722014  0.107290  1.765876  0.083832
2409  1371.951564  1169.740849  17.801306  0.145107  0.401188  0.067784
2410  466.959452  1416.659036  19.700653  0.094903  1.420599  0.102909
2412  1207.794602  1891.048231  19.245716  0.150163  1.355503  0.091628
2413  1281.220525  1202.050524  20.778446  0.209548  2.375375  0.187897
2414  873.707117  1994.807669  20.262477  0.099601  1.740309  0.099477
2415  439.276031  733.471506  21.031598  0.312062  2.060859  0.163967
2416  233.090577  662.166043  20.787715  0.193718  1.963328  0.128187
2417  1570.015301  2037.939041  20.369641  0.128267  1.692372  0.249836
2420  174.924567  603.341300  19.000646  0.088550  1.142980  0.077872
2422  1376.452505  1272.397380  19.560481  0.135830  1.429718  0.128761
2423  148.576702  6.567558  18.959707  0.097198  0.718221  0.078789
2424  1880.943056  138.794058  20.959556  0.128760  2.070982  0.104708
2425  1218.030451  1484.051175  19.600673  0.242454  1.550306  0.060759
2426  56.196585  1785.144136  18.806532  0.074335  1.497644  0.072823
2427  1885.946688  1309.142166  18.898707  0.176391  1.961640  0.053963
2428  80.935005  849.256662  19.987838  0.094615  1.690141  0.155874
2429  1904.824516  213.034371  19.248058  0.175026  1.043292  0.124769
2430  1883.387471  281.681669  19.210148  0.115017  1.433950  0.099081
2431  1073.779414  157.693129  16.122555  0.038095  -0.453998  0.039228
2432  39.823198  713.321233  19.117485  0.083802  2.134985  0.089570
2433  852.956259  1754.747192  20.400861  0.156251  1.839390  0.175352
2434  1337.745836  741.903903  19.188960  0.156074  1.354014  0.074341
2435  300.303903  1670.568658  20.355239  0.220453  1.575587  0.251590
2436  437.666668  1231.815433  18.623708  0.101256  1.169155  0.053438
2437  483.353214  573.782510  19.007507  0.191521  1.121797  0.106493
2438  1768.720267  2011.841571  19.419188  0.110806  1.380056  0.062940
2439  884.075530  1553.104739  20.171184  0.106143  1.938966  0.189328
2440  917.987350  1529.396169  18.800469  0.118086  0.919404  0.124998
2441  1295.835751  731.224968  18.646123  0.059867  1.236011  0.099867
2442  1233.443175  1012.239883  18.647884  0.057817  0.766697  0.074231
2443  260.352073  57.055014  19.427875  0.068621  1.038305  0.135827
2444  229.962595  568.747211  18.562611  0.074184  0.870365  0.062470
2445  873.295353  1643.921496  18.970575  0.066613  1.059252  0.151407
2446  893.150375  506.942979  19.152055  0.072426  1.865316  0.087404
2447  387.278791  167.173317  18.341328  0.123861  0.673064  0.049445
2448  1068.934072  1277.835546  19.946548  0.138988  1.703757  0.102839
2449  21.731458  860.495909  18.887358  0.167334  1.004445  0.126256
2450  1841.783651  681.061636  19.592490  0.096272  1.314983  0.235277
2451  1777.823906  1803.524815  18.356834  0.113865  0.604537  0.062093
2452  640.060324  1978.182425  19.471567  0.086551  1.131969  0.274343
2453  243.500199  1099.762631  19.643852  0.136969  1.131282  0.112689
2454  607.585597  1834.691427  19.615949  0.102843  1.530487  0.114584
2456  1145.267721  1482.407404  19.206339  0.061270  1.461199  0.097243
2457  438.029492  783.735624  18.774764  0.092694  0.903321  0.118848
2458  530.353550  966.829379  20.083784  0.078149  1.661240  0.136019
2459  1458.949858  1967.765050  19.496524  0.178417  1.404001  0.113280
2460  1336.254382  630.357350  17.012881  0.086208  -0.140272  0.065075
2461  1655.240674  1825.677043  19.394604  0.140511  1.267176  0.195530
2462  730.785270  351.633663  17.377181  0.037306  0.033492  0.079079
2464  1001.249254  809.655338  20.819227  0.145964  2.188418  0.157609
2465  325.646129  1798.905995  20.359468  0.182034  2.064533  0.102925
2466  1646.802942  704.145616  19.361703  0.153151  1.155026  0.115994
2467  1057.808562  1831.440639  18.253406  0.117655  0.948086  0.137855
2468  202.326271  1057.883307  20.480823  0.154041  1.783369  0.200202
2469  1571.243755  1673.262924  19.677497  0.158245  1.350175  0.118887
2471  516.431781  215.890668  18.477021  0.064381  1.014383  0.050121
2472  951.654944  2045.796315  19.042064  0.064705  0.914683  0.103078
2473  1957.543875  202.430635  20.180177  0.148316  1.775427  0.129862
2475  406.917179  42.815941  20.615692  0.214438  1.894727  0.166535
2476  1690.624753  1387.888960  17.318619  0.121559  0.324347  0.083849
2477  1371.908069  856.340283  19.027038  0.127626  1.178127  0.101269
2478  1015.513341  29.938016  19.662711  0.081295  1.314112  0.105090
2479  19.963140  698.957705  18.953753  0.061397  1.123512  0.152267
2480  194.931266  1002.480333  20.533087  0.164751  2.170923  0.110688
2481  336.782651  105.422014  20.960136  0.162151  1.864126  0.177621
2482  1683.194821  1444.556058  19.383069  0.079909  1.161749  0.141587
2483  893.731979  1653.325279  18.917670  0.076580  1.003470  0.062641
2484  725.589379  836.953400  19.081453  0.071549  1.200928  0.063246
2485  253.805903  1181.606457  19.109991  0.158397  2.021297  0.117854
2486  195.629754  1166.888939  20.680144  0.116516  1.905834  0.151721
2487  1683.885754  550.625318  20.709417  0.149303  2.128647  0.174852
2489  575.789143  1760.884074  17.486845  0.068927  0.428958  0.069860
2490  1566.140384  662.472618  19.790081  0.072816  1.492922  0.146358
2491  647.150424  664.791389  20.476970  0.136840  2.148435  0.137453
2492  773.959678  646.409317  19.101290  0.126361  1.240727  0.070123
2494  186.210777  1463.693044  19.570159  0.139073  1.340950  0.104838
2495  1760.184683  1718.157084  17.491496  0.088258  0.335542  0.063071
2496  583.508342  1952.897532  20.911593  0.163570  2.383100  0.109469
2497  892.196179  1945.519656  18.430103  0.089104  1.452572  0.056573
2498  601.740303  449.285996  20.164281  0.092705  1.720259  0.131390
2500  782.468174  1349.218776  19.221507  0.076004  1.161924  0.065278
2501  111.404481  912.240920  18.735341  0.121025  1.416378  0.078336
2502  1348.033984  1026.873236  19.996550  0.140657  1.783227  0.136328
2503  1534.677784  1374.100657  18.149643  0.060286  0.937947  0.147348
2504  1537.287907  227.816527  18.673963  0.145330  0.967462  0.062290
2505  1403.345238  863.163492  18.606901  0.120214  1.187826  0.051500
2506  1510.864274  1498.637179  20.769734  0.236040  2.019467  0.129948
2507  642.858612  1001.342794  20.291956  0.180739  1.506473  0.114511
2508  591.039241  1408.234874  18.592616  0.049359  0.931791  0.051131
2509  1382.865602  975.386592  18.513828  0.082395  1.252677  0.087453
2510  520.926875  736.953179  18.310169  0.130836  1.047577  0.048109
2512  54.522128  1584.975660  19.482956  0.159566  1.040324  0.090682
2514  1921.451324  759.642310  18.976227  0.065407  0.596673  0.130562
2515  1090.738085  1170.175368  20.319548  0.098780  1.554143  0.085861
2516  28.462639  351.880406  19.879537  0.113731  2.383932  0.249635
2517  1756.986702  1050.022476  19.487958  0.111295  0.949617  0.108609
2518  815.380200  868.319419  17.782171  0.064352  0.117924  0.054836
2519  635.364808  746.986358  18.521218  0.111163  0.516862  0.048520
2520  203.067641  1189.260324  19.722680  0.086702  1.146919  0.128017
2521  572.108815  592.705254  17.560680  0.100505  -0.019690  0.101173
2522  1576.603531  784.121916  19.532660  0.130471  1.157399  0.143607
2523  982.084954  2004.606400  20.267571  0.275742  1.475118  0.190857
2524  2040.364103  1201.382323  20.104666  0.142799  2.718569  0.082809
2525  228.674738  1760.819395  20.463313  0.149516  1.475592  0.091964
2526  1205.266474  1063.627817  17.707913  0.045765  -0.108041  0.056281
2527  1903.368170  1526.931326  20.043991  0.098088  1.591381  0.091817
2528  1367.303203  1063.334168  19.566565  0.087687  1.435399  0.179241
2529  23.991537  1601.860561  20.105746  0.147968  1.400582  0.124502
2530  819.739614  986.761135  19.998783  0.086568  1.397145  0.108166
2532  1743.017095  1487.894300  20.484839  0.134701  1.391863  0.103924
2533  1250.771469  990.895535  20.427988  0.124960  2.529912  0.193238
2534  1191.356460  1069.886690  20.859749  0.122720  1.726864  0.131962
2535  269.335509  1130.611037  19.323885  0.147150  1.183549  0.088990
2536  1416.261352  827.309295  21.168043  0.229603  2.145719  0.173971
2537  751.442070  105.497588  19.831123  0.125380  1.395284  0.074335
2538  1708.490368  490.873293  19.797669  0.132891  1.829059  0.072424
2539  1694.865903  356.465484  19.747316  0.080290  1.474965  0.235217
2541  1314.152191  476.323880  19.029432  0.128393  0.403807  0.183988
2542  1873.896718  397.856442  19.712018  0.169365  1.549542  0.116368
2543  1976.652562  5.814837  20.050658  0.084246  1.542998  0.106893
2544  160.872859  929.213194  21.126982  0.199989  1.912688  0.184547
2545  1100.242662  1171.671387  19.663567  0.085463  0.787197  0.216356
2546  534.463923  370.947242  20.244829  0.099074  1.771957  0.093081
2547  1411.026063  1484.878583  19.718241  0.134979  1.131063  0.173384
2548  1521.213403  1242.862226  20.469635  0.179773  2.784561  0.084535
2549  1973.046877  2033.694531  19.372840  0.097060  0.918644  0.100502
2552  625.710349  1154.257724  19.207048  0.067862  1.172515  0.108983
2553  538.723869  1515.754151  18.852187  0.056189  0.517870  0.085209
2554  154.737156  130.527568  20.002218  0.128071  1.126784  0.082640
2556  161.879513  571.623285  18.949901  0.072746  0.906009  0.105236
2558  1387.663223  1976.949085  19.371821  0.111523  0.672768  0.070754
2559  833.952285  1596.238098  19.661739  0.084120  1.426206  0.137481
2561  1730.626912  1828.912323  19.568887  0.164115  1.770199  0.085108
2562  593.762229  790.409103  20.228512  0.104443  1.764388  0.185631
2563  776.637383  1780.617270  19.386498  0.079985  1.273747  0.080832
2564  1704.132721  866.958474  20.248851  0.134629  1.534782  0.124621
2565  1586.236873  242.512436  19.732734  0.197670  1.144237  0.087836
2567  729.700028  923.193546  20.085243  0.169982  1.412732  0.209292
2569  205.197095  655.419885  20.151332  0.108985  1.231140  0.274293
2570  639.671856  1432.644889  17.988631  0.049199  0.204306  0.102041
2571  1489.343436  1819.794153  19.071189  0.059885  0.667584  0.088770
2572  1388.032089  1788.998991  18.137959  0.060056  0.389636  0.107983
2573  502.215925  757.386620  20.166324  0.086884  1.133268  0.235168
2576  1774.129849  2046.805078  19.710139  0.101003  1.353672  0.126723
2577  1925.785151  733.908885  19.813672  0.160295  1.236906  0.110581
2578  1323.926272  1447.192164  19.908058  0.082572  1.342393  0.155648
2579  885.666906  667.400194  19.653460  0.228114  1.860993  0.070696
2580  1560.878322  2046.020678  19.883450  0.084639  1.368687  0.153169
2581  1165.474564  558.593292  20.570988  0.273485  1.672740  0.105806
2583  1947.131586  244.189719  20.256435  0.223115  1.302948  0.084029
2585  76.936294  958.554667  19.964377  0.173893  1.326421  0.098990
2586  286.564958  1121.845975  17.390493  0.050271  -0.018220  0.060055
2587  498.137149  1910.684429  18.463151  0.094883  0.405646  0.047212
2588  15.774381  2021.490924  20.390322  0.124113  1.182460  0.190164
2590  994.906281  89.229920  19.599051  0.104794  2.082202  0.138469
2591  19.099710  1570.891675  20.910505  0.197889  1.469423  0.232893
2592  1403.832603  1077.348523  19.495898  0.076508  1.059069  0.178227
2593  460.619198  1984.744984  19.370502  0.112290  1.585699  0.174467
2594  80.080460  959.030909  21.280340  0.298704  1.518611  0.096616
2596  1858.902812  340.653278  19.495572  0.121065  1.355127  0.153107
2597  1661.246207  426.432308  21.174382  0.186281  1.981331  0.106492
2598  1720.242856  677.669473  18.491758  0.167976  0.455934  0.089296
2599  1291.900594  1668.304347  18.841669  0.079181  0.280014  0.168274
2600  1897.973267  1505.656605  19.294230  0.060291  0.932523  0.063164
2601  456.054006  1378.470894  19.590484  0.154479  1.134154  0.091432
2602  1559.596948  1823.990951  19.690086  0.078092  1.234275  0.103239
2603  143.306547  1326.056533  20.388204  0.212075  2.188742  0.135917
2604  591.914188  1901.017557  19.893421  0.101092  1.175044  0.123942
2605  351.045848  0.924906  17.872006  0.073232  0.104714  0.054656
2606  1584.716764  1082.917066  20.639833  0.182565  1.590400  0.108213
2607  315.945240  1746.714849  19.613939  0.123426  1.087731  0.082390
2608  9.558434  1247.597825  19.284106  0.072300  1.025946  0.136815
2609  1839.792757  323.345048  19.978415  0.174471  1.308143  0.120361
2610  282.354248  1279.686114  19.218683  0.109582  1.140790  0.140348
2611  1663.215554  1464.938792  21.695601  0.251230  2.444102  0.283161
2612  1022.089926  497.192058  20.390710  0.088289  1.588210  0.097989
2613  541.417802  395.264500  20.308102  0.112578  1.405622  0.135324
2614  741.212233  1829.478623  17.169110  0.055579  -0.402878  0.065593
2616  1669.826917  882.888876  18.680392  0.051144  0.391913  0.115898
2617  1680.451346  1531.424345  18.707410  0.052084  0.712613  0.053968
2618  226.606164  2035.287559  19.649453  0.121215  1.378016  0.098125
2619  22.403057  1144.967947  18.565960  0.068687  0.632090  0.109514
2620  600.330135  399.862420  19.235627  0.141164  1.186536  0.142103
2622  1136.875404  1955.212219  20.778395  0.125557  1.634388  0.160964
2624  1669.644418  1136.294518  19.254065  0.095368  1.071421  0.125192
2625  1962.607507  1382.255527  20.039527  0.192346  1.391437  0.131068
2626  486.325119  1495.895005  19.249590  0.158204  1.185232  0.095417
2627  181.242775  1193.587128  18.428895  0.051430  0.533472  0.070943
2628  620.114661  1587.869419  20.879858  0.150417  1.789518  0.107961
2629  1722.025579  1726.593300  20.482700  0.097501  1.472156  0.155371
2630  933.783790  550.938770  19.834293  0.220581  1.641219  0.115512
2631  1532.929440  197.073874  19.444931  0.140884  0.996049  0.078526
2632  193.244591  1625.703171  18.474605  0.113795  0.549883  0.086399
2634  1296.437887  1234.520432  20.142718  0.131370  1.446118  0.087543
2635  1209.252872  1230.150661  20.315439  0.110293  2.403809  0.124841
2636  786.294878  1699.107890  19.769314  0.079234  1.680253  0.102822
2637  2009.271848  1081.341020  20.489138  0.236318  1.743272  0.227503
2638  570.439147  922.393044  20.361563  0.262289  1.684544  0.104001
2640  411.377925  1217.420003  19.933681  0.148583  1.559117  0.085278
2641  1017.995877  1685.163306  20.289280  0.184678  1.440258  0.103021
2642  1100.965868  1179.270768  19.102324  0.064346  0.811922  0.063307
2643  190.240315  975.805940  19.160134  0.178436  1.135953  0.124298
2644  875.767678  1512.449353  18.795512  0.064067  0.821090  0.107748
2646  730.682634  868.178100  19.644412  0.073151  1.493423  0.175652
2647  701.825735  579.512434  16.834059  0.042630  -0.426044  0.066196
2649  1703.539679  1430.932478  20.408788  0.201497  1.831890  0.154241
2650  348.287033  1506.941730  19.801426  0.214836  0.813861  0.122402
2651  772.357090  1971.310336  19.045376  0.060725  0.765374  0.065859
2652  1345.203125  1137.042599  20.279768  0.147081  1.611018  0.098332
2653  1816.585360  1724.390514  19.578297  0.096175  1.079944  0.114745
2655  1376.156711  1863.824414  20.661322  0.114182  1.321702  0.255668
2656  108.809833  1319.663887  20.545875  0.109537  1.751287  0.182825
2658  283.475736  481.949286  19.770940  0.126180  1.086358  0.136999
2659  2030.011582  165.522362  18.730255  0.056008  0.937998  0.085830
2660  967.142538  966.406238  20.033471  0.094551  2.167198  0.115147
2661  684.009091  2031.624104  19.986039  0.169588  1.182744  0.100912
2664  984.286395  1632.573939  20.154990  0.094096  1.270214  0.081324
2665  471.479960  769.184259  19.862451  0.108140  2.369789  0.177759
2667  63.950852  805.770997  19.990602  0.110545  1.403285  0.100368
2668  444.884684  766.340595  20.014808  0.146916  1.230344  0.156011
2670  1668.772996  878.173183  19.142945  0.173654  0.943217  0.080618
2671  560.516492  1554.961237  19.560897  0.214383  0.976374  0.133671
2672  35.451519  453.639129  20.455356  0.115565  1.690554  0.126256
2673  1257.325967  259.197968  16.989789  0.057417  -0.121551  0.122335
2674  1775.513567  1299.677995  17.402376  0.106546  -0.159712  0.100159
2675  861.193059  1164.349184  19.670660  0.175937  1.814342  0.137446
2676  151.044959  2044.824963  19.698012  0.122563  2.329399  0.126619
2677  1794.995421  268.035620  21.310896  0.140400  1.412226  0.123859
2679  451.071374  1780.883677  20.954076  0.272431  1.632975  0.190201
2681  765.005450  1869.556117  20.823636  0.160723  1.572741  0.094728
2682  1621.134027  1176.805338  20.554792  0.131771  1.433672  0.202599
2683  958.024113  1127.997458  19.496603  0.101301  0.865273  0.069711
2684  963.473437  699.537433  21.223014  0.113699  2.755141  0.172881
2687  770.556726  1707.356411  20.804683  0.197174  1.530462  0.137373
2688  1475.476256  1656.843629  20.591818  0.296018  1.522796  0.197491
2692  723.919994  175.351297  21.195401  0.124356  1.379098  0.139687
2694  1036.417800  185.304993  20.625219  0.115330  1.512865  0.121544
2695  2005.357363  1759.346713  20.832962  0.178029  1.862031  0.152138
2698  227.674092  112.212292  21.078521  0.170000  1.483808  0.319472
2700  210.138903  747.864347  18.659253  0.060567  0.094629  0.052990
2701  455.484773  1684.169151  18.038637  0.080224  -0.323712  0.150959
2702  1696.557953  1456.228882  20.272951  0.091409  1.216183  0.268130
2704  377.344000  1294.199851  20.348493  0.238387  1.147834  0.179076
2706  1248.096148  378.101696  21.450905  0.324919  3.032839  0.357731
2707  114.516930  803.520895  20.932974  0.144996  1.484746  0.115083
2708  1636.317080  869.381488  21.099012  0.241269  1.776384  0.225806
2710  874.537492  1997.663208  19.618607  0.157017  0.705433  0.064441
2711  897.778832  601.680682  20.753358  0.253119  2.351823  0.187043
2712  1759.566008  1806.291008  20.677205  0.122219  1.440027  0.187597
2713  1815.152747  728.897083  20.810271  0.187418  1.264025  0.123816
2717  382.911397  1643.799400  20.630097  0.245367  1.553046  0.144478
2718  1414.103225  15.798058  18.622763  0.062506  -0.111446  0.060230
2722  453.370317  1431.317970  20.896264  0.134936  1.471286  0.112782
2723  1970.693098  1854.081429  20.649266  0.124169  1.387407  0.125278
2724  792.897601  1937.183130  21.083157  0.151415  1.465885  0.165711
2725  734.372871  1851.310638  20.948147  0.244733  1.311730  0.110771
2726  1567.459403  85.181941  20.632606  0.138438  1.319169  0.126012
2728  240.555472  1273.671406  20.062313  0.163312  0.871750  0.149254
2729  1498.360710  1383.607821  20.564658  0.231384  1.127657  0.112249
2731  2021.985090  1396.005893  20.361043  0.196386  1.508364  0.252951
2732  710.657418  1580.730733  20.919699  0.155558  1.796045  0.148180
2733  983.775896  289.812659  20.355560  0.146597  1.829131  0.201186
2734  1977.363513  1234.994261  21.260327  0.152510  1.804809  0.148397
2735  1395.720343  1896.349813  20.933806  0.126407  1.215110  0.118792
2736  1372.930182  579.132717  20.207829  0.119148  1.014047  0.210357
2737  141.449582  1359.381383  20.414129  0.112054  1.454640  0.218649
2739  312.101240  2011.116261  20.348382  0.129338  1.305445  0.218502
2740  500.800063  1301.655111  21.148803  0.220614  2.199252  0.114853
2741  1806.420549  958.064447  21.690753  0.220054  2.021187  0.224896
2742  1624.339109  1099.937142  20.350492  0.250199  1.807994  0.278526
2746  1298.628170  182.193400  20.005972  0.091353  0.738188  0.111952
2747  611.251391  999.780942  21.017346  0.193868  1.599441  0.200371
2748  471.572133  106.285738  20.759924  0.180264  1.482234  0.104154
2749  799.919527  1825.787761  20.287569  0.198837  2.634796  0.151836
2750  1984.498778  806.684455  19.521687  0.121643  0.882516  0.133136
2752  319.406039  1999.060093  18.286022  0.051199  -0.042494  0.116489
2753  1971.421689  804.480215  20.616359  0.101597  1.266526  0.169485
2755  1087.098007  501.724808  21.210133  0.129658  1.713976  0.219721
2760  1952.461831  632.000870  20.552934  0.145299  1.670857  0.157550
2762  572.032023  746.481441  21.084138  0.184380  1.724221  0.172626
2764  1614.417784  2018.531511  20.958240  0.271477  1.310917  0.140958
2765  1596.268657  26.249926  18.834936  0.110976  -0.054543  0.135322
2766  1440.938484  403.521276  20.540296  0.140287  1.303554  0.113791
2767  1093.182729  1690.546716  19.927440  0.088669  0.756578  0.132283
2769  1022.746236  685.313284  20.788958  0.177012  1.151386  0.224019
2771  185.256833  779.258318  20.451357  0.088024  1.486406  0.091234
2772  1481.945881  897.802024  19.594763  0.096849  1.087100  0.122814
2774  1857.035368  1161.797064  20.120056  0.104254  1.000185  0.116909
2775  189.203880  1803.428842  19.001242  0.086351  0.310461  0.074277
2776  992.293300  1690.141199  21.051518  0.237346  1.310027  0.233627
2779  1051.161508  213.475241  20.281341  0.124961  1.410759  0.109033
2780  1862.483708  369.696177  20.065027  0.211812  1.307859  0.131906
2781  675.357985  2000.262723  20.843744  0.225517  1.501698  0.249035
2782  1366.575278  1749.500980  20.865562  0.127536  1.618321  0.139570
2785  632.325641  1377.800522  20.065771  0.136102  0.539543  0.109817
2786  1500.123872  313.905087  21.303543  0.341557  2.625415  0.252399
2787  1199.120276  1300.872386  19.801673  0.216478  1.095267  0.137535
2789  1109.607057  1062.825707  18.745149  0.113814  0.417999  0.105685
2796  1304.765636  125.081568  20.959341  0.239834  1.463808  0.243896
2798  174.719625  386.015423  20.764648  0.148545  1.325267  0.129375
2799  1524.592595  1146.047004  19.329741  0.080591  0.516777  0.148824
2802  754.628881  505.558692  19.185335  0.097265  0.666214  0.133278
2803  80.370687  1254.960560  20.245192  0.123813  1.421759  0.147774
2804  2030.451939  1155.535706  20.675337  0.097828  1.747063  0.208042
2805  325.106796  344.194166  21.076835  0.141804  1.333251  0.230704
2807  1534.214992  1801.092612  19.501344  0.141799  0.612947  0.114363
2810  1792.994422  1932.483994  19.747136  0.181536  0.573815  0.081373
2811  395.880679  810.434568  20.683733  0.129263  1.190875  0.202075
2812  798.617189  1307.631721  20.573638  0.158310  1.526034  0.145670
2814  780.261549  1226.392769  18.785087  0.054091  0.433288  0.053474
2815  907.591756  1512.387045  20.645039  0.109613  2.504039  0.185423
2816  1477.475216  681.624697  19.744543  0.120157  0.718428  0.203993
2817  1371.122474  763.312519  20.515725  0.093366  1.410250  0.091055
2820  718.633580  1790.141440  19.410854  0.155988  0.510935  0.127262
2821  1727.505549  1941.692537  20.553942  0.230200  1.178843  0.177237
2822  166.063172  908.752180  20.508900  0.113752  1.375159  0.161214
2823  35.748338  1601.977163  19.136739  0.136732  0.538524  0.153588
2825  803.028602  384.097414  19.804684  0.104751  1.023411  0.194222
2826  59.169529  1547.396023  18.664494  0.055167  0.269818  0.065629
2828  304.431777  1254.331100  20.996587  0.165235  1.671522  0.115508
2829  454.309620  548.009646  20.597186  0.328953  1.374525  0.108183
2830  426.367362  1393.938355  20.764961  0.169151  1.773565  0.131287
2831  529.610373  1078.518951  20.543684  0.142653  1.303394  0.096718
2832  1228.212929  1168.410910  20.842132  0.336978  1.478230  0.172750
2835  369.934997  593.870422  21.034058  0.119309  1.264319  0.145373
2836  660.613894  1889.345301  21.248509  0.145481  1.939245  0.276251
2837  706.975466  256.943210  20.336273  0.130674  1.252849  0.104896
2840  1600.011950  1580.633678  20.541675  0.091234  1.635004  0.221902
2841  1540.548028  1706.383246  21.031343  0.209438  3.131182  0.145600
2843  187.181548  373.201164  21.239071  0.263176  1.500570  0.163944
2846  1765.266416  284.544756  21.031635  0.131666  2.565699  0.396547
2847  1122.777352  1229.277380  20.946952  0.155453  1.980842  0.205279
2849  946.760721  391.155110  19.055583  0.123694  0.398230  0.101254
2850  1071.153318  693.765929  19.681112  0.177662  0.721696  0.222193
2852  827.584947  663.074596  20.846001  0.165050  1.554576  0.287908
2853  1557.895061  1423.961830  18.636634  0.100142  -0.109601  0.086799
2855  397.426865  1629.216995  21.120508  0.179577  2.411180  0.190957
2858  1985.859444  374.044009  19.885826  0.122611  1.017883  0.085539
2859  1037.257668  1906.906667  20.731945  0.104441  2.094915  0.117764
2862  12.021857  440.891580  20.496692  0.115876  1.172710  0.095120
2863  931.720032  1799.111488  18.462170  0.049229  -0.126782  0.073092
2865  1953.020239  276.855516  20.491643  0.150905  1.787688  0.224098
2867  479.490983  182.076628  20.333366  0.128420  1.666154  0.131165
2869  1030.390258  110.145065  20.475402  0.152385  1.689207  0.326565
2870  1364.410728  60.284256  20.278381  0.126678  1.817132  0.234565
2871  536.165169  939.356611  19.630771  0.109785  0.519044  0.140040
2872  349.932593  1057.209830  19.491330  0.125156  0.381446  0.067957
2873  606.627034  1000.156069  18.914700  0.083514  0.210436  0.069412
2874  1202.415538  470.887387  20.779309  0.218779  1.543652  0.113777
2879  1405.072835  28.623118  19.452331  0.141838  0.317026  0.136155
2881  1324.724041  1565.186956  19.023833  0.061048  0.025988  0.068415
2882  1861.136914  834.857096  18.771936  0.072110  -0.045840  0.125810
2883  1539.106965  1150.477192  21.451921  0.174870  2.130441  0.270360
2885  472.535922  1696.621361  19.321861  0.103749  0.002697  0.063249
2886  1350.914749  1517.329920  20.128676  0.097825  0.404187  0.121071
2893  799.456536  1465.452492  19.734910  0.143330  0.840266  0.133037
2900  801.080373  1799.717205  20.536748  0.100834  0.555958  0.182529
2905  1494.356146  1731.591034  20.295372  0.098691  0.769351  0.168142
2908  1446.994848  1542.122755  21.209903  0.241232  1.092656  0.153063
2912  385.648155  351.629676  20.512299  0.399770  1.401647  0.165631
2917  982.500382  736.303781  21.340704  0.162395  1.498434  0.204779
2919  1203.575335  232.674829  20.159933  0.093575  0.618711  0.207434
2920  1490.564123  1984.816766  20.051518  0.083071  0.141547  0.194435
2922  1818.011232  737.565071  21.231004  0.167020  1.984334  0.200418
2929  1599.745162  891.180441  19.933874  0.175408  0.639425  0.243660
2934  1123.957363  430.711923  20.019510  0.076991  0.528563  0.105844
2937  1498.026915  655.139411  21.270700  0.140974  1.426250  0.130216
2941  439.292729  1314.773020  20.251029  0.102230  0.432617  0.146579
2946  1709.778400  211.858966  21.430922  0.191053  1.682197  0.223326
2952  1293.175555  526.946461  20.264674  0.158871  0.860451  0.113658
2953  462.290429  1661.377295  20.944302  0.224499  0.928103  0.112505
2962  1982.913193  1088.605129  20.570942  0.170043  0.944453  0.191282
2968  871.214500  1459.045824  21.167076  0.156695  1.086385  0.224305
2970  687.187027  1950.509229  19.770519  0.121033  0.314871  0.121685
2972  1457.981747  80.152313  21.090356  0.194180  2.149648  0.253417
2973  1914.476094  190.215843  19.728247  0.146376  0.201285  0.095493
2980  474.839001  205.815179  20.208030  0.083081  0.230007  0.105807
2983  227.405755  2034.829942  20.303919  0.203230  0.480342  0.101593
2986  1000.798477  888.771829  19.730242  0.073868  0.377190  0.184643
2988  940.329882  458.788916  21.423785  0.213454  1.699595  0.292976
2990  1287.777680  1892.588197  20.729648  0.252132  0.607805  0.089883
2991  783.909937  268.434350  20.658893  0.159338  0.715781  0.131672
2992  92.523354  194.507012  19.647282  0.078838  0.199328  0.170860
2993  1853.567603  1979.796496  20.384842  0.152798  0.760876  0.126095
2997  1999.692165  348.598183  20.637041  0.142629  0.964638  0.102556
2998  1788.431724  1452.393109  21.072772  0.180781  1.310303  0.245307
21002  1069.528289  499.869495  21.326663  0.141838  1.628193  0.203867
21008  172.619026  1693.003160  21.350078  0.182495  2.408490  0.188040
21009  692.359832  1991.067173  18.957949  0.099344  -0.048983  0.069878
21011  313.045259  719.238378  20.201401  0.112811  0.806515  0.111702
21014  564.493539  424.611729  19.684097  0.120538  0.223322  0.095109
21015  374.220800  1618.132784  20.583280  0.153354  1.187786  0.107781
21017  443.000485  1803.029368  21.220454  0.173049  1.252270  0.315632
21020  923.505381  1597.439475  19.256796  0.063207  -0.025453  0.092101
21021  346.833669  20.455374  20.012867  0.159141  0.266776  0.129117
21023  1326.134930  1273.693141  21.044833  0.177996  1.042195  0.139841
21032  339.173370  1904.537861  20.674669  0.217060  1.021955  0.141811
21035  154.526895  502.238935  20.388788  0.091852  0.761907  0.088668
21036  1378.889504  1981.930606  21.451615  0.205122  1.756971  0.290856
21047  1368.220822  674.302444  20.008120  0.093939  0.345879  0.087426
21049  172.761429  1293.909859  19.204627  0.062829  -0.103264  0.084671
21050  598.438418  1763.267271  20.892575  0.281815  1.436900  0.169119
21054  978.389686  1911.551318  21.126003  0.124888  1.938043  0.213356
21058  878.866830  1268.350863  21.017602  0.142609  1.182648  0.217050
21062  321.677697  1210.970023  21.458445  0.188350  2.120971  0.141503
21063  1021.248483  659.686071  20.134235  0.094584  0.857911  0.172060
21067  1261.516191  305.499168  21.309740  0.289769  0.441960  0.250550
21068  1340.448231  601.115387  21.375278  0.142978  1.407876  0.190651
21069  363.726431  773.274820  20.295557  0.162788  0.536004  0.179417
21071  890.751151  961.610376  20.400386  0.092631  0.562571  0.151536
21074  59.098310  1919.024823  20.944450  0.110079  0.948529  0.134629
21075  1461.621655  1471.329623  20.490551  0.111459  0.384859  0.128395
21077  1921.837466  954.106670  20.297473  0.173086  0.498724  0.164767
21079  1696.357900  1.061028  19.792102  0.120334  0.241734  0.073050
21081  693.001371  1332.725849  20.081159  0.215164  0.756311  0.274444
21082  843.539289  269.410380  20.197157  0.098062  -0.078825  0.162217
21083  1367.768126  245.197940  20.624583  0.199539  0.398625  0.173605
21084  1004.654020  809.636653  21.116476  0.263670  0.531542  0.153745
21085  1346.893461  280.945940  20.835230  0.287454  1.317997  0.296081
21086  501.504110  1914.995686  20.746199  0.102681  0.717386  0.143440
21089  456.837263  1143.753759  21.258019  0.194263  1.173710  0.162455
21090  690.774726  519.993926  21.336425  0.168013  0.960027  0.142574
21095  675.571459  809.291132  21.075870  0.226047  1.128972  0.171681
21096  1937.559588  1315.550090  20.476928  0.202722  0.385149  0.123304
21098  1922.555966  711.818731  19.617257  0.094771  0.022047  0.076031
21099  473.786626  865.608678  20.253567  0.128112  0.087214  0.268468
21100  582.480284  1810.878923  20.029975  0.129894  0.218414  0.116604
21101  1173.451691  931.402027  20.555344  0.201986  0.548088  0.133389
21102  499.459423  405.686097  20.301739  0.302694  0.250421  0.141442
21105  1089.128068  1923.482837  20.482563  0.161321  0.036165  0.224160
21108  1206.086726  1407.815869  20.973696  0.162490  1.157657  0.319114
21109  1098.184164  575.040860  20.739886  0.111862  0.351964  0.172169
21113  173.888463  1831.734781  21.234395  0.121814  0.825638  0.294627
21114  1049.918342  635.682123  21.798048  0.347939  1.762030  0.305750
21118  1348.173018  370.072347  21.048933  0.223539  0.551900  0.261193
21120  1432.192266  414.674335  20.022064  0.081084  0.357456  0.136745
21123  429.893117  1285.856761  19.986538  0.141858  0.168485  0.125132
21125  591.120861  1404.905034  20.770766  0.242747  0.991655  0.210815
21142  861.658897  1086.686379  21.486244  0.256985  0.525481  0.123695
21150  398.910497  1754.575839  21.649226  0.323500  0.972536  0.319901
