# id  x  y  V  eV  BV  eBV
18  1131.186258  1053.443318  20.824130  0.237976  1.243103  0.163751
111  1066.007962  951.198966  20.570047  0.097715  1.365546  0.223218
112  946.574766  807.508582  20.315521  0.106993  1.080603  0.124432
113  967.512863  1053.810463  20.331897  0.110327  1.138272  0.204473
114  1010.475233  1015.342899  20.189878  0.140256  1.175897  0.163599
115  1000.002437  1199.633388  20.140817  0.141387  1.184050  0.099099
116  1027.687711  906.058527  19.608159  0.097515  0.960498  0.117683
117  960.793600  1234.179625  19.453641  0.199188  1.057700  0.075537
118  991.369155  963.098993  19.531142  0.111576  1.171507  0.104021
119  1005.239706  1024.509542  19.415632  0.077711  1.046413  0.073218
120  1004.058153  1010.314076  19.097174  0.117102  0.931155  0.088762
121  1025.231933  973.343416  19.126321  0.173682  0.860430  0.069804
122  1095.879107  1036.119347  19.075443  0.106863  1.098996  0.140129
123  1038.272737  987.231683  18.794742  0.078555  0.930745  0.096441
124  880.285635  1096.342897  18.705022  0.077258  1.048478  0.085334
125  1020.325192  819.871355  18.526718  0.099298  1.077717  0.089479
126  1119.369175  989.740646  18.285725  0.094489  0.895851  0.049004
127  972.007813  1109.270221  18.360050  0.092980  0.802763  0.060704
128  1068.616438  790.733660  18.098397  0.045780  0.789768  0.132094
129  1004.797399  1085.297725  17.858705  0.050760  0.738807  0.055835
130  1075.931996  1020.942725  17.721086  0.108621  0.852735  0.054264
131  875.006628  1025.496351  17.582561  0.062557  0.760530  0.049474
132  922.758349  1075.163853  17.232488  0.047776  0.782480  0.047723
133  984.631439  1105.858171  17.151000  0.058009  0.756007  0.064247
134  935.892664  1174.339072  16.571277  0.033518  0.772179  0.080286
135  923.130860  1085.001339  16.334212  0.044424  0.792802  0.059112
136  987.268751  1078.914683  15.254632  0.025926  0.690133  0.029743
137  952.755220  910.557696  14.327743  0.032683  0.709704  0.065027
138  1006.942413  1068.134236  20.457721  0.241636  1.279267  0.191246
20  1512.064485  1393.403286  10.811823  0.018824  1.852892  0.033255
21  1731.875634  698.753764  13.802722  0.025833  3.192963  0.036545
22  472.714205  1713.984633  11.737238  0.053829  1.868016  0.024255
23  1969.180695  1474.875031  10.533367  0.028498  0.785007  0.030766
24  1305.264430  277.405179  14.931265  0.039548  3.301380  0.040276
25  1106.235266  1587.128682  11.594226  0.028668  1.455180  0.026025
26  1905.892377  0.319981  11.674923  0.020939  1.293919  0.039478
27  817.309986  81.676505  10.766769  0.021306  0.994360  0.044068
28  1856.198944  1192.012808  11.963279  0.024432  1.395119  0.024703
29  51.803236  485.720002  15.557002  0.048218  3.459409  0.053074
210  1044.500276  396.680303  11.724387  0.028368  0.878395  0.030826
211  451.532554  1096.918135  12.533180  0.032291  1.482226  0.023940
212  1294.463617  970.200177  12.061596  0.045235  0.764122  0.042254
213  1794.701843  983.476555  11.770386  0.030798  0.679149  0.037120
214  954.175026  1771.401426  13.097501  0.033245  1.228886  0.020549
215  283.079112  342.344347  12.523515  0.028921  0.862095  0.068440
216  1696.873694  353.781428  12.322714  0.060717  0.684407  0.033624
217  1234.961061  1451.411415  14.524983  0.053720  1.950132  0.067317
218  184.574382  662.342745  12.743536  0.035972  0.972644  0.022436
219  576.835068  1029.696848  16.639806  0.051605  2.931919  0.062705
220  1183.770036  1960.036234  17.011699  0.067217  3.174913  0.062301
221  649.202001  36.820811  13.098282  0.042610  0.856208  0.038731
222  264.992368  1923.371521  13.468527  0.048645  0.842724  0.038067
223  436.431973  89.558043  18.170735  0.096580  3.314969  0.080880
224  1941.497042  218.681254  17.270653  0.044012  3.017146  0.043790
225  282.226622  1055.637363  16.375798  0.037312  2.355385  0.040430
226  411.780561  1484.942990  13.203788  0.041387  0.732707  0.053841
227  826.604846  1454.956701  14.933764  0.042913  1.563875  0.031914
228  1757.423493  1363.432787  13.532987  0.040901  0.739184  0.029256
229  160.103984  712.082458  13.783600  0.029365  0.670979  0.035552
230  1534.225905  514.091444  13.193707  0.036352  0.308134  0.053036
231  283.732485  1128.909595  13.608264  0.026026  0.661167  0.030253
232  2015.858682  710.654598  13.922940  0.064923  0.807157  0.032255
233  794.171893  1649.187364  14.120063  0.034837  0.970420  0.032607
234  404.876228  425.060402  18.861351  0.073721  3.479279  0.095570
235  463.645858  1616.576703  17.950936  0.085662  3.167682  0.070516
236  553.980634  141.567912  16.041348  0.044116  1.957327  0.033878
237  1181.725897  598.096980  15.179379  0.029000  1.401477  0.036106
238  95.753481  388.250695  13.996895  0.020972  0.364087  0.047593
239  974.498274  1293.527051  17.106491  0.066156  2.143832  0.043848
240  1135.962285  1291.297008  18.468597  0.048291  3.101577  0.076403
241  375.578281  1312.955088  16.904263  0.073315  2.460874  0.057231
242  1374.914711  1110.002450  13.405271  0.052823  0.227095  0.028021
243  1596.415143  954.952102  15.088928  0.030683  1.063922  0.050949
244  288.491395  1854.566937  14.773352  0.048771  1.054621  0.051319
245  1642.111028  1370.153183  14.521317  0.048584  1.396561  0.046273
246  2037.904263  1308.715734  14.440442  0.066156  0.890325  0.030177
247  543.233992  1765.935689  14.922616  0.025521  1.093276  0.025176
248  1369.396753  655.691635  14.419992  0.021776  0.897969  0.037545
249  108.874106  754.606743  15.008595  0.055964  1.209079  0.047813
250  798.187237  1462.863170  15.440208  0.047461  1.379631  0.028606
251  542.944927  1244.409753  16.243201  0.040257  1.775995  0.034745
252  1098.011178  495.118319  15.701661  0.058144  1.082685  0.037319
253  1895.775823  418.891665  19.321005  0.067328  3.101865  0.113623
254  429.922858  119.134001  15.358660  0.046877  1.022654  0.028944
255  1366.416786  560.843993  16.459552  0.045348  1.532842  0.048519
256  354.718016  1358.709063  14.762933  0.025508  0.567866  0.024439
257  1005.708806  200.045265  15.199618  0.030509  1.002323  0.064865
258  1940.877295  383.966125  16.175636  0.046228  1.355475  0.031591
259  501.675788  1696.031325  14.391632  0.022395  0.499849  0.045894
260  1470.997438  1158.212873  15.392689  0.056720  1.058117  0.078414
261  1233.965942  1021.273026  18.399357  0.096132  2.736101  0.087144
262  1979.212147  643.861255  19.514030  0.088357  3.202340  0.152560
263  1787.532695  118.471730  14.588048  0.022868  0.737024  0.064784
264  434.901193  1204.975578  17.264479  0.042825  2.078898  0.050591
265  1147.210282  309.972645  14.173128  0.023006  0.395911  0.026033
266  527.912950  20.816169  14.991092  0.023163  0.775872  0.045036
267  1338.803564  801.874737  16.425455  0.071557  1.622478  0.062185
268  225.934600  157.862872  15.277617  0.052358  0.771606  0.043381
269  348.800876  802.053632  14.802683  0.038177  0.835578  0.053540
270  1487.827459  1795.693739  15.579401  0.033875  1.019843  0.065231
271  1995.697759  459.962378  16.230563  0.068162  1.464087  0.041677
272  1624.858327  1250.332746  15.698185  0.038795  1.108090  0.030818
273  1019.836617  1841.831983  16.577715  0.082984  1.339446  0.088165
274  1243.528012  550.679620  15.509387  0.050478  0.710945  0.053127
275  1697.745362  531.454600  17.695839  0.039045  2.064614  0.040204
276  1974.246590  50.193871  15.159401  0.029526  0.571466  0.027160
277  506.723746  1472.439578  20.585241  0.196019  3.496155  0.122123
278  923.470780  457.625587  19.763336  0.108820  3.327062  0.117541
279  1313.834979  935.543005  19.052430  0.065086  2.593380  0.127840
280  277.599707  2014.811736  19.224740  0.109906  2.727325  0.105538
281  812.031299  1875.180802  16.126892  0.078433  1.107530  0.046062
282  390.774967  577.083647  14.708542  0.045048  0.431505  0.073388
283  1645.480942  336.040711  15.478997  0.038116  0.722831  0.045865
284  244.503359  1987.159637  15.336308  0.027219  0.760327  0.050669
285  1373.909602  2023.075637  15.481480  0.026408  0.899999  0.051919
286  1132.177634  1932.685902  19.428156  0.198716  2.839788  0.106577
287  145.388906  756.626108  15.288743  0.071753  0.880897  0.054715
288  1493.731043  99.471416  15.490617  0.065417  0.951973  0.033029
289  1662.480508  727.170582  15.341288  0.030669  0.753194  0.031178
290  1436.787623  1792.642001  15.606635  0.032893  0.884534  0.026251
291  1779.406507  1813.840492  15.485866  0.042166  0.822765  0.028576
292  88.543682  494.260558  19.527820  0.110652  2.997998  0.121022
293  685.367352  130.891044  15.336934  0.041008  0.867739  0.040445
294  567.571431  2037.177155  17.308338  0.073547  1.693965  0.040009
295  1900.198161  2015.450933  14.851897  0.048109  0.337355  0.024584
296  937.069154  66.574636  15.454274  0.028031  0.834672  0.056019
297  1614.700515  507.136236  17.717800  0.084096  2.276696  0.110583
298  111.008545  1300.409749  17.059149  0.042692  1.633303  0.038407
299  390.823803  987.008792  15.412274  0.059612  0.995337  0.049928
2100  651.690512  245.187263  15.521667  0.032759  0.280614  0.038507
2101  648.335285  472.035795  17.540680  0.048772  1.570578  0.045143
2102  1397.143313  203.050867  16.313575  0.062578  1.140915  0.038161
2103  1072.392472  383.572528  15.970547  0.053031  1.342406  0.030406
2104  2012.753339  396.182979  19.649030  0.097674  2.479300  0.178434
2105  1518.876090  1227.206770  17.426815  0.119900  1.623292  0.070479
2106  1765.402287  452.490421  16.374550  0.071852  1.116838  0.074755
2107  1781.205451  37.802756  15.639710  0.030231  0.550588  0.036064
2108  1967.741133  1608.842302  18.141218  0.051627  1.995478  0.070491
2109  454.517953  1722.079002  17.601227  0.044280  1.748392  0.042069
2110  1071.600832  463.437111  18.006809  0.086328  1.904682  0.068323
2111  1555.521529  605.956245  16.571174  0.056655  1.312069  0.054269
2112  1452.219654  332.711320  16.348795  0.033911  1.019557  0.034509
2113  164.960526  284.368776  16.160609  0.029902  0.758597  0.028917
2114  520.885579  466.752035  16.986561  0.052242  1.249004  0.062497
2115  505.733412  1065.061502  19.991966  0.188843  3.105463  0.158752
2116  561.746750  792.799885  20.030956  0.205524  3.201108  0.126779
2117  405.851590  891.513323  15.932428  0.027092  0.861645  0.082904
2118  1226.060171  1194.917471  16.184671  0.075440  0.876544  0.033421
2119  1669.369895  1845.557741  18.769608  0.061818  2.218482  0.121222
2120  38.668846  586.686613  16.867322  0.053875  1.106949  0.063432
2121  391.435805  682.210480  17.332663  0.120900  1.530191  0.103124
2122  881.889865  744.438420  15.655828  0.035757  0.553233  0.031055
2123  1064.512064  201.498773  16.181845  0.033269  0.858254  0.101126
2124  691.468350  509.475192  17.477919  0.040979  1.531277  0.043278
2125  633.695363  1848.047271  17.477645  0.067859  1.772961  0.043760
2126  1580.447698  1737.402240  17.912370  0.059388  2.019191  0.076965
2127  204.457303  1548.479983  18.138693  0.071177  1.995788  0.061986
2128  1936.323131  735.080332  17.205744  0.045237  1.589396  0.043623
2129  1166.471319  1601.328141  19.523833  0.098164  2.710021  0.155926
2130  451.586903  1119.239814  20.735228  0.109828  3.018851  0.246589
2131  1232.136167  155.315325  20.640255  0.157191  3.353978  0.162820
2132  974.012279  1715.164845  19.687525  0.071761  2.793313  0.083372
2133  773.275269  1912.027017  14.406414  0.041675  -0.095005  0.031096
2134  1613.188277  1727.717053  16.317678  0.077010  0.987176  0.044016
2135  1501.513741  359.228669  16.510016  0.041924  1.575695  0.068478
2136  1610.460143  1413.449776  15.995377  0.043766  1.016235  0.038680
2137  1952.467349  991.735525  16.368605  0.028756  0.956087  0.048898
2138  1289.665863  1512.768455  17.631609  0.061902  1.348594  0.063574
2139  166.270446  1547.413932  16.352664  0.048048  0.824190  0.061679
2140  1284.520026  1619.400161  17.015920  0.073094  0.841018  0.062310
2141  114.841179  1070.613691  19.219696  0.157843  2.376934  0.068612
2143  5.903919  2.239149  19.198617  0.068862  2.467637  0.131222
2144  1875.954923  624.940976  16.926879  0.036303  1.340321  0.062251
2145  553.530979  1015.023635  19.386279  0.090889  2.245256  0.130601
2146  785.565606  1973.543595  16.939951  0.094156  0.977488  0.051508
2147  467.741076  1501.074898  18.113415  0.059295  1.502585  0.102149
2148  284.578283  1989.738168  18.386431  0.061482  1.951957  0.099987
2150  607.190575  914.615622  18.166091  0.070330  1.804818  0.045513
2151  1305.183694  220.480914  15.674083  0.051188  0.204120  0.069014
2152  861.699383  1376.917971  19.875681  0.074947  2.466527  0.143730
2153  1569.703395  555.678911  16.980334  0.058618  0.874149  0.042907
2154  1221.153152  384.463778  14.976140  0.028102  0.061238  0.048711
2155  1742.535397  1567.291157  17.674026  0.069674  1.599515  0.048550
2156  1120.321103  312.160555  18.112562  0.087714  1.861459  0.122661
2157  1783.058984  440.519629  16.736092  0.063036  0.829639  0.058908
2158  1258.109938  1204.410048  16.387986  0.045784  0.969383  0.051721
2159  934.807574  1082.438104  17.279509  0.043365  1.982548  0.070762
2160  146.887146  1961.804833  16.007570  0.036992  0.701187  0.078120
2161  1676.413607  356.225788  16.455438  0.047939  0.926040  0.037955
2162  1227.096483  511.585580  17.885635  0.111074  1.474934  0.088377
2163  790.657149  1792.115820  16.785876  0.035070  1.116972  0.036562
2164  1888.244626  89.669055  18.358194  0.067232  1.744019  0.135917
2165  1659.947589  164.453206  14.497279  0.037097  -0.297107  0.045078
2166  1915.328978  420.312005  16.917096  0.050471  1.024435  0.073583
2167  1216.559573  160.999919  15.140317  0.035893  -0.082677  0.036199
2168  1708.445538  1403.004044  16.846581  0.052976  0.946796  0.032467
2169  394.007083  660.842608  16.661917  0.041625  0.863394  0.061773
2170  1056.186276  1168.946564  18.875796  0.071849  2.047308  0.072018
2171  1833.610085  694.152812  17.696071  0.080795  1.593573  0.098273
2172  245.760804  1383.262547  18.101213  0.046854  1.688935  0.088230
2173  552.447151  51.492347  17.049214  0.103442  1.512046  0.074061
2174  2033.821700  1480.185794  16.724624  0.049435  0.973533  0.067080
2175  869.474004  206.179825  19.877504  0.081254  2.714983  0.113779
2176  356.821422  759.769378  16.829965  0.033203  0.894131  0.042360
2177  416.143193  1406.440658  20.126098  0.166687  2.432644  0.124221
2179  20.856891  741.862223  18.058766  0.101396  1.729552  0.045202
2180  1909.577555  1827.473240  19.645725  0.107186  2.446843  0.206593
2181  1568.638658  24.061927  16.648735  0.058190  0.779395  0.043569
2182  473.573827  1457.393857  19.588274  0.122307  2.384082  0.153258
2183  1616.972047  437.131557  15.177467  0.034743  -0.045604  0.029707
2184  814.964724  156.703136  16.627964  0.067779  0.765269  0.066529
2185  1081.627452  298.425144  16.393643  0.039945  0.845451  0.057673
2187  1729.935265  1333.370193  16.782705  0.061119  0.787497  0.071215
2188  1823.774941  1868.819120  17.078013  0.092063  1.098616  0.034224
2189  163.627506  1932.294716  17.836538  0.075645  1.568423  0.041468
2190  848.739944  1170.462032  17.505444  0.049898  1.265608  0.046336
2191  1244.197205  1643.298694  17.086318  0.054232  1.065562  0.089603
2192  1462.597494  210.779643  18.710384  0.172167  1.878159  0.098735
2193  960.961338  1467.500155  17.358290  0.063584  0.971439  0.035399
2195  763.361459  1584.220669  19.710564  0.189597  2.177766  0.109875
2196  755.341400  740.454805  17.112835  0.051304  0.810945  0.075318
2197  759.588295  1440.578013  17.097960  0.116405  0.946197  0.086415
2198  163.109282  663.166076  17.701828  0.056456  1.219366  0.056329
2199  1998.588275  1306.055677  17.414060  0.080392  1.228895  0.055548
2200  1631.013966  867.526412  16.985883  0.041462  0.846463  0.043325
2201  1284.737162  126.753034  16.095957  0.045790  0.425384  0.080780
2202  1889.325045  1195.980472  19.978674  0.177444  2.313680  0.106643
2203  421.232594  294.737808  17.432001  0.077352  0.736773  0.061457
2205  1859.161823  798.504321  17.696340  0.083148  1.589798  0.052318
2206  927.018422  69.345370  17.900871  0.098746  1.245440  0.060867
2208  316.680596  498.135646  19.521799  0.093706  2.218924  0.100756
2210  377.277587  866.411039  17.567380  0.045839  1.141005  0.074358
2211  926.504352  1716.302906  17.676121  0.055005  1.189656  0.091708
2212  1725.085712  196.942725  17.313108  0.068072  0.953670  0.053524
2214  1504.358026  1576.713280  17.210612  0.061353  0.971279  0.059470
2215  779.591516  417.182565  16.831144  0.034387  0.795534  0.049648
2216  1959.984336  1924.552722  17.146927  0.048056  0.865290  0.041356
2218  511.109533  1770.590208  16.827206  0.058195  0.558384  0.101831
2219  1736.410795  2017.271609  15.953665  0.047476  0.016267  0.033603
2220  982.357993  870.770899  16.761642  0.056591  0.617421  0.054961
2221  303.189090  834.708259  19.923147  0.132579  2.515084  0.148553
2222  1858.312361  376.311357  18.372834  0.063842  1.573930  0.095652
2224  207.323936  329.041855  17.400107  0.072511  0.812729  0.052258
2225  604.518187  207.549373  18.007832  0.051956  1.234351  0.113528
2226  1219.602859  175.867109  18.025299  0.069980  1.215898  0.047102
2227  199.126868  1083.150285  17.180788  0.065831  0.984939  0.095256
2228  321.388196  966.143077  17.247471  0.102519  1.210637  0.101527
2229  1471.491106  1411.855619  15.177278  0.055944  -0.085171  0.026145
2230  758.779760  1134.566159  18.078115  0.079523  1.450366  0.056741
2231  1703.907446  1668.821125  18.213310  0.105931  1.327921  0.084090
2232  1604.776043  489.786455  17.439384  0.079383  1.211642  0.081467
2233  806.806314  515.905896  17.374576  0.048647  1.142317  0.092460
2234  1134.154544  1491.049278  16.854931  0.071827  0.664771  0.039847
2235  1011.205036  966.024209  16.979811  0.118540  0.830504  0.077014
2236  1580.686060  1999.243508  17.277979  0.088269  0.859291  0.043097
2237  1698.990222  390.579378  17.303978  0.071137  1.017126  0.065880
2238  734.175415  1923.672960  17.376691  0.095489  1.507194  0.072860
2239  940.037380  1018.899723  19.295457  0.118430  2.154440  0.067778
2240  926.204258  156.617630  19.694498  0.101358  2.510663  0.139591
2241  1996.631224  209.067251  16.586387  0.040037  0.417613  0.031317
2242  249.876319  1502.801512  16.305200  0.031057  0.437460  0.036937
2243  1012.972302  737.111670  19.180067  0.126256  1.972666  0.102951
2244  1170.869722  86.462592  17.159788  0.035005  1.418179  0.050555
2245  1049.880656  754.984326  16.651876  0.076469  0.495944  0.039980
2246  463.341855  1019.683070  17.754031  0.059695  1.004975  0.050254
2247  1853.224195  974.124426  16.919999  0.038179  0.814306  0.036030
2248  870.113797  1599.712202  18.364756  0.068630  1.606918  0.077284
2249  1491.608942  970.503758  17.933671  0.159371  1.052386  0.078508
2250  1845.098543  1677.580287  17.850665  0.075155  1.369704  0.059123
2251  404.139069  171.809373  20.361890  0.117272  2.603816  0.144227
2252  1121.482037  1497.612950  17.434776  0.066521  0.646031  0.110845
2253  1037.105304  1017.247064  20.137278  0.173533  2.608577  0.090544
2255  1729.597245  1804.106547  17.154090  0.068688  0.971000  0.040050
2256  1154.365446  27.193282  17.895327  0.055761  1.332390  0.050384
2257  1713.193778  835.414526  17.414652  0.059223  1.149199  0.074165
2258  175.622602  1955.549180  20.465969  0.102634  2.774005  0.109372
2259  1005.293678  247.876740  17.550371  0.040168  1.275333  0.041473
2260  1537.936497  1069.304292  19.276553  0.159430  1.975213  0.108753
2261  705.036386  1161.060231  17.576873  0.040384  1.133401  0.091386
2262  27.809194  1813.320868  17.121864  0.042888  0.704070  0.070795
2263  1330.663333  825.710850  18.191424  0.100220  1.374685  0.055364
2264  768.276840  546.298139  17.543544  0.080705  1.132375  0.071890
2265  116.313419  956.749343  17.690138  0.040583  1.122558  0.039943
2266  1217.076486  49.392144  18.752806  0.159121  1.415388  0.054975
2267  1003.026219  302.395227  19.431922  0.166125  1.861412  0.082237
2268  335.255181  443.185060  20.294495  0.189214  2.224393  0.081352
2269  379.320224  1177.708867  17.946543  0.061588  1.126571  0.078711
2270  122.238912  992.776485  19.206364  0.139503  1.811857  0.064546
2271  296.821927  766.384065  17.646077  0.118991  1.165045  0.107834
2273  346.622086  1192.806973  20.034604  0.156216  2.320723  0.175412
2274  1476.717528  1627.008411  17.158619  0.036230  0.626830  0.035283
2275  449.356431  1647.665156  17.556769  0.091914  0.846279  0.089567
2277  1257.123710  380.670760  19.552069  0.091061  1.664628  0.122132
2278  1036.908571  1392.184539  18.542745  0.092298  1.494462  0.102398
2279  1708.692500  730.423099  19.384922  0.241022  1.918592  0.133876
2280  41.318337  1409.511631  18.025584  0.165937  1.070412  0.046474
2281  227.879029  12.158264  20.110445  0.252225  2.366948  0.145489
2282  1757.752253  15.053674  19.204791  0.143997  1.755844  0.099754
2283  94.210279  2039.801148  18.163151  0.131270  1.153262  0.045280
2284  289.749276  1847.795467  18.227421  0.084023  1.129177  0.047041
2285  1201.740540  1396.327342  17.771267  0.053033  1.055478  0.087014
2286  1171.868435  1336.789120  17.717225  0.046659  1.009976  0.052091
2287  1215.743958  1976.584183  17.663407  0.079452  0.970113  0.102635
2288  551.960562  1503.110071  17.779764  0.041149  1.020845  0.123941
2289  1631.905161  1577.940049  17.692216  0.104732  0.853756  0.045149
2290  1859.395599  1861.607295  17.681535  0.063526  1.086077  0.039879
2291  1562.481167  1295.421723  18.270947  0.061928  1.179118  0.086125
2292  811.793963  1127.479323  17.100865  0.091760  0.354888  0.048493
2294  223.508303  662.847077  18.863620  0.087615  1.332917  0.069911
2295  95.201032  1653.250459  17.903475  0.125620  1.079356  0.051838
2296  327.196898  980.311457  17.137263  0.043195  0.579616  0.049463
2297  1160.826104  1414.046652  19.277715  0.082995  1.443502  0.075472
2298  1495.579333  1436.884334  18.522636  0.072176  1.304185  0.078026
2299  829.827776  997.597437  21.066057  0.229731  3.024818  0.214232
2300  1314.526020  84.051092  18.811708  0.103161  1.632193  0.090213
2301  134.841902  1979.928997  20.275656  0.183018  2.454693  0.205113
2302  307.129819  640.058556  18.931001  0.079197  1.485549  0.060241
2303  254.954154  23.094455  20.496607  0.209619  2.559977  0.094818
2304  590.964496  739.981905  17.170362  0.082944  0.612362  0.037165
2305  1090.925958  804.936103  19.439288  0.164149  1.898092  0.072025
2306  951.060336  1047.403065  17.799840  0.079865  1.048789  0.066019
2307  634.274707  1808.418324  18.248526  0.089491  0.982061  0.073267
2308  1464.049972  1095.508267  16.446095  0.061508  0.201699  0.044928
2309  240.127808  366.988060  20.087395  0.102870  2.217248  0.087685
2310  737.831726  1222.524346  18.570215  0.148978  1.371181  0.122652
2311  526.380782  1045.649676  17.501754  0.040909  0.725098  0.119657
2312  784.019339  1314.660888  16.761560  0.050971  0.463550  0.083575
2314  581.649344  920.410272  16.549424  0.083602  0.221513  0.048659
2315  1883.899836  2040.649522  18.342969  0.087422  1.123879  0.072114
2316  225.541809  1944.098070  17.750458  0.078146  0.935357  0.068981
2317  1464.727572  190.349191  18.437490  0.069498  1.238747  0.100033
2318  793.284981  1861.920204  17.685375  0.103314  0.676412  0.046342
2319  536.195501  403.291142  20.938973  0.112588  2.813666  0.194755
2320  599.140583  25.620161  17.804620  0.050398  0.974662  0.049841
2321  442.261172  1541.838652  17.724485  0.097003  0.579863  0.041715
2322  1254.921874  1733.928082  18.772313  0.064342  1.450824  0.083727
2323  1950.519717  550.355084  17.882079  0.078986  1.120674  0.056674
2324  623.848275  1162.815599  18.640077  0.071528  1.480637  0.061870
2325  1277.483347  140.368855  19.059335  0.077880  1.688658  0.063369
2326  1045.015944  1857.564857  16.642193  0.042958  0.247088  0.045727
2327  374.717120  1919.383239  19.211483  0.063087  1.618390  0.071223
2329  543.807819  1126.394929  20.131786  0.188781  2.152988  0.139406
2330  1722.560821  758.154016  18.617463  0.085941  1.602638  0.101806
2331  1633.747332  1407.550333  18.262380  0.098124  1.076165  0.057645
2332  1105.702517  984.149373  20.685817  0.198124  2.359658  0.114010
2333  436.329299  1103.994017  19.378941  0.062518  1.913729  0.169216
2334  655.088058  1486.502875  18.847789  0.107743  1.331589  0.190211
2335  1487.949689  82.334307  19.663884  0.093679  2.017633  0.259289
2336  1757.185531  1803.753809  19.244512  0.099473  1.789053  0.086140
2337  35.826212  1798.273707  16.481659  0.048743  -0.013957  0.036720
2338  250.526878  1922.008168  17.762458  0.054909  1.761865  0.069955
2339  576.639256  1197.129682  17.411896  0.069497  0.629206  0.070658
2340  1066.068633  771.805823  18.868760  0.075190  1.690734  0.074132
2341  1807.431985  1810.277969  17.987861  0.107459  1.486919  0.044815
2342  1160.369841  1401.757601  18.485423  0.066255  1.321992  0.064611
2343  518.661054  1230.205899  20.505331  0.188443  2.706812  0.247044
2344  477.063450  212.633112  17.854978  0.041631  1.091973  0.069482
2345  1906.585774  1731.765053  18.475695  0.068757  1.178706  0.100549
2346  396.239269  1848.007909  19.146790  0.066891  1.618376  0.116820
2347  127.354621  65.146609  19.248143  0.116297  1.504170  0.081457
2348  547.486660  1625.026555  17.732275  0.102018  0.899910  0.081270
2349  830.686145  813.006344  18.465364  0.075835  1.407257  0.116765
2350  771.894026  91.418143  17.763184  0.042968  1.387528  0.053328
2351  1470.599747  1849.247931  19.085222  0.076200  1.802446  0.154115
2352  374.837532  767.093062  18.055172  0.060107  1.011028  0.044888
2353  155.182922  338.469707  17.747120  0.050977  1.355792  0.093820
2354  586.549183  166.251614  18.419290  0.102842  1.180602  0.058596
2355  1648.044976  1075.357229  18.717653  0.087656  1.524531  0.067017
2356  1754.514986  881.708032  18.038540  0.115031  1.653888  0.047169
2357  1372.087763  1323.800313  17.343231  0.058572  0.761553  0.037762
2358  594.947798  1525.350951  15.565072  0.028082  -0.271864  0.061327
2359  1320.292722  857.539509  18.175596  0.058982  1.159592  0.060286
2360  1792.863584  1692.061171  19.397516  0.072354  1.866659  0.164720
2361  1152.477988  621.146610  17.992393  0.062906  1.224700  0.104036
2362  592.887490  1881.855056  19.886213  0.094634  2.196652  0.153165
2363  418.057508  626.085695  19.706278  0.116103  1.993878  0.109268
2364  1299.604135  906.759339  17.114745  0.036516  0.555563  0.045840
2366  1255.137339  1030.337119  20.589199  0.144054  2.619352  0.109462
2367  719.920242  1941.981597  18.060174  0.095711  1.050457  0.047720
2368  1428.493552  674.744590  18.414253  0.089834  0.875242  0.103428
2369  1601.771305  1363.064947  18.814216  0.077682  1.328205  0.120040
2370  1044.762218  1243.408689  19.553677  0.078064  1.591520  0.067013
2371  211.749965  214.560503  20.745112  0.225097  2.314996  0.161696
2372  1259.025303  1733.730450  16.673216  0.053308  0.155627  0.039010
2374  1740.657253  449.342132  20.111439  0.128762  1.544190  0.082877
2375  321.849949  202.915089  18.140884  0.094180  1.114105  0.086670
2377  978.892947  1062.648897  18.649389  0.081165  1.853523  0.158419
2378  700.135374  1270.989320  18.431516  0.112065  1.906866  0.103007
2379  944.892006  889.221863  19.317305  0.182139  1.151082  0.118422
2380  1986.692513  1525.278997  17.226791  0.065635  0.439684  0.055745
2381  1698.088595  1259.182862  17.566401  0.060350  0.373013  0.088106
2382  493.052517  1194.585906  18.381901  0.074550  1.019763  0.069504
2383  638.463634  680.875950  19.720433  0.107815  1.775021  0.097453
2386  1905.592062  839.930465  18.790840  0.142366  1.287020  0.063659
2387  1154.721772  410.251643  18.238482  0.046693  0.933830  0.071171
2388  1630.251466  1543.992325  18.862463  0.088483  0.974326  0.121955
2389  995.856114  487.947171  18.042378  0.051915  0.695051  0.145239
2390  649.261169  1422.040124  18.301284  0.049922  1.153774  0.086652
2391  730.852824  211.506677  21.092436  0.134278  2.211767  0.133495
2392  1165.205614  1145.872293  18.781678  0.125867  1.222976  0.120341
2393  834.242815  1300.616875  18.584041  0.234387  1.073618  0.077119
2394  1499.888661  853.552311  18.894155  0.159712  1.271720  0.113515
2395  238.865799  1872.074463  18.635913  0.056239  0.956719  0.081585
2396  1410.417356  2020.171964  18.802949  0.138831  1.014953  0.055941
2397  969.123003  1554.995328  20.247087  0.135286  1.733495  0.109283
2398  1216.019876  1157.222752  18.302067  0.116612  0.657521  0.092382
2400  295.765207  1546.189855  18.843196  0.073419  1.165851  0.077534
2401  1394.141507  240.838674  17.965827  0.071851  0.542771  0.088686
2402  192.682430  1632.714952  18.212438  0.076399  1.076455  0.093845
2403  15.642218  1528.050102  19.025139  0.132391  1.260351  0.057275
2404  625.133270  1725.416667  21.153626  0.137497  2.917715  0.241077
2405  274.726705  1727.600651  20.077319  0.104035  1.713021  0.129865
2406  1612.284859  1316.373080  19.018825  0.070117  2.034782  0.098091
2409  721.469796  862.732592  19.983291  0.092616  1.949119  0.205678
2410  1189.233961  423.707253  18.572502  0.105898  0.937502  0.154581
2411  1929.474199  1140.669279  19.884701  0.093398  1.809847  0.221456
2412  232.738385  685.810984  16.945200  0.065690  0.058207  0.044748
2413  1355.734591  1602.275025  18.888071  0.061998  1.235929  0.072801
2414  1321.741025  597.595466  20.145140  0.160759  1.840911  0.228205
2415  114.072802  1952.285960  18.864688  0.101508  0.962590  0.053115
2416  994.663468  1686.852764  18.306085  0.068635  0.961238  0.093463
2417  484.644644  469.371408  18.814861  0.118535  0.868046  0.223453
2418  842.051197  1268.446521  18.369439  0.116771  1.141182  0.071432
2420  56.103554  412.472314  18.842863  0.089252  1.180431  0.073159
2421  1142.585702  1667.581426  19.883818  0.129278  1.754480  0.079247
2423  1079.445269  1996.288415  18.355410  0.063392  1.103370  0.114051
2424  1024.523199  841.703171  18.827864  0.058617  1.427858  0.064888
2425  1885.080455  328.002027  18.330234  0.089881  0.557568  0.114744
2427  1172.511783  1868.239502  18.611390  0.107689  1.248229  0.116862
2428  1288.657104  901.893383  16.154151  0.102474  -0.470820  0.035093
2429  1772.882318  1071.300590  19.555086  0.066351  1.630808  0.098261
2431  1077.755449  1940.367770  17.618878  0.064393  0.613307  0.085086
2432  38.631138  1843.944727  19.405682  0.073705  1.617339  0.082525
2433  2013.809662  969.175929  18.395383  0.118691  1.090159  0.073757
2434  1940.854132  516.073641  18.817749  0.101879  1.014762  0.108475
2435  1030.065519  834.195889  16.504447  0.038000  -0.192156  0.066689
2436  1657.514721  1851.047875  18.891957  0.082898  1.092315  0.063313
2437  1493.744380  1157.851329  19.539277  0.123165  1.492414  0.082341
2438  1031.324838  1734.104126  19.186669  0.082469  1.116100  0.057053
2439  1158.457938  1017.177435  18.430631  0.062279  0.867883  0.048233
2440  1115.364514  1261.951141  18.457661  0.082461  1.017476  0.077009
2441  1912.354329  1391.382215  18.721416  0.079219  1.158703  0.080140
2442  1664.131495  1640.491425  20.067677  0.081831  2.190129  0.085373
2443  1668.637134  751.208291  18.377668  0.109529  1.079790  0.059622
2444  1186.512967  539.073096  20.040019  0.130646  1.627789  0.169544
2445  1737.610971  1743.811364  19.023752  0.087315  1.251582  0.103513
2446  759.146048  1365.212741  18.748004  0.074536  0.875659  0.113080
2447  157.373749  1651.948833  19.739643  0.216123  1.579436  0.084984
2448  222.634608  327.376148  18.779265  0.054092  1.012435  0.057583
2449  1034.145958  720.058991  18.135765  0.058027  1.259594  0.089605
2450  1664.216734  1263.596274  20.865132  0.185269  2.125975  0.106051
2451  8.749813  476.026484  19.746398  0.100451  1.117747  0.160692
2452  1597.504514  501.840915  18.775443  0.070059  0.994136  0.052030
2453  1820.500114  1813.797032  18.117136  0.091689  0.912882  0.058939
2454  1180.785429  338.797433  18.629559  0.090710  1.151345  0.087468
2455  1469.264019  1894.995806  18.665309  0.111876  0.998049  0.082189
2456  975.207760  1790.194148  19.849876  0.123721  1.775524  0.068993
2457  1568.015087  120.941458  18.994837  0.063339  1.202450  0.062955
2458  1646.968909  1904.791295  19.147866  0.123233  1.212674  0.070566
2459  1180.351962  474.728912  19.992340  0.114140  1.885902  0.114501
2460  1064.601119  1022.007287  16.108408  0.047510  -0.283679  0.042247
2461  1507.875632  130.697991  16.718523  0.072351  -0.046929  0.049813
2462  1941.437344  1582.011771  18.773442  0.076290  0.937136  0.105169
2463  2029.329927  1529.208164  18.218757  0.072715  0.882145  0.134626
2464  1217.631211  1081.769284  18.956704  0.083858  1.328101  0.057829
2465  2017.684042  924.962165  19.127763  0.101046  1.346797  0.153165
2466  610.011332  649.472680  18.786634  0.102813  1.134269  0.085644
2467  906.358652  681.580043  20.088302  0.216646  1.670744  0.076881
2468  246.459645  1684.008408  18.507674  0.060504  1.263556  0.138048
2469  250.607047  177.197854  19.652307  0.094438  1.647723  0.124673
2470  472.852128  1348.507600  16.617140  0.039218  0.088944  0.034558
2471  1988.125529  1206.207976  18.182376  0.132476  0.877875  0.093989
2472  728.251811  616.383575  19.104337  0.115321  1.460653  0.121746
2473  881.859812  452.147808  18.204403  0.063864  0.805977  0.082225
2474  793.416336  1570.302133  19.762134  0.133030  2.022960  0.172628
2475  426.496125  1721.263320  18.530528  0.052718  0.837968  0.072416
2476  1451.568254  167.179040  18.503645  0.058439  1.023291  0.101991
2477  949.347857  1625.714827  19.303790  0.130712  1.542529  0.143785
2478  803.771804  783.622489  19.691987  0.137721  1.631558  0.137219
2480  1172.349025  1483.101912  18.748689  0.068488  1.151446  0.064524
2481  270.469110  618.483104  20.226958  0.091925  1.659325  0.120757
2482  91.052538  1083.570080  19.777893  0.147412  1.632107  0.112636
2484  638.652454  976.676836  21.120123  0.228491  2.589373  0.119705
2486  597.116299  225.886680  18.999611  0.075237  1.312180  0.085392
2487  2015.124221  1149.383451  18.661549  0.057202  1.147420  0.104972
2488  291.431396  825.768763  20.136167  0.180640  1.627061  0.139659
2491  915.228752  1559.243531  17.592000  0.049726  0.574476  0.082113
2492  1235.973038  1731.396341  18.344585  0.096201  1.250941  0.069495
2493  1279.939857  469.889383  20.123066  0.137731  2.030162  0.093050
2494  872.243408  892.602704  18.933459  0.075492  1.111838  0.140795
2495  868.169590  989.555483  18.067689  0.094117  0.781107  0.046352
2496  1246.554355  2040.430237  18.602521  0.104749  1.200142  0.098749
2497  1508.280364  606.784135  18.863749  0.088521  1.185151  0.062033
2498  1968.434116  1782.102570  18.668600  0.072297  1.246823  0.076914
2499  851.526845  1887.248394  19.357810  0.093325  1.537725  0.082900
2501  1122.369195  216.615488  18.564799  0.152905  1.110524  0.067860
2502  293.490349  1453.274968  17.741491  0.117661  0.573766  0.039036
2504  181.010847  1240.765996  18.292710  0.134782  0.765306  0.082427
2505  665.169149  1619.730034  20.123248  0.245647  1.899370  0.142281
2506  1319.321477  300.527534  19.322362  0.132211  1.164773  0.096548
2507  83.124308  1888.970668  18.880503  0.110884  1.087719  0.108858
2509  778.790669  221.267735  18.298490  0.091370  0.459530  0.065336
2510  614.414055  234.847949  19.019962  0.174025  0.700089  0.100706
2511  1618.862288  1644.531061  19.670086  0.175672  1.197774  0.128741
2512  754.389488  187.800567  20.002399  0.237368  1.813366  0.166666
2513  1372.451673  1512.456306  19.793630  0.125877  1.512122  0.157353
2514  1111.211032  340.557896  16.703123  0.093576  -0.446428  0.047543
2515  1930.365961  1885.100690  19.350250  0.159424  1.667998  0.160911
2516  1671.376679  1434.531407  21.123798  0.248688  1.979339  0.131212
2517  1175.394524  2038.901880  19.886814  0.198099  1.794445  0.179770
2518  675.418756  1069.511752  19.124560  0.073872  1.149668  0.112519
2520  203.613737  970.681155  19.107475  0.103975  1.035997  0.094244
2522  272.392596  1700.647341  20.670061  0.147213  1.676386  0.104439
2523  1700.163243  252.788933  20.251325  0.215008  1.653685  0.117241
2524  583.821768  759.659835  19.469077  0.145976  1.162358  0.070059
2525  496.530638  1940.000031  18.876928  0.056875  0.908301  0.141366
2527  1821.226168  599.226596  19.646257  0.118867  1.808856  0.102128
2528  1763.920781  1342.064032  19.602403  0.117972  1.299962  0.123149
2529  1215.043175  1713.309282  17.335573  0.060659  0.179085  0.049424
2530  926.039424  741.512672  19.773083  0.263585  1.457683  0.103862
2531  249.586923  1860.278590  18.855231  0.083692  1.130144  0.074351
2532  1500.167458  1856.133058  19.807681  0.152469  1.681936  0.159825
2533  1510.146394  1948.892037  20.024860  0.123150  1.465580  0.102638
2534  776.724424  186.014384  20.133513  0.180712  1.580254  0.111230
2536  857.655497  1698.771668  19.476529  0.138262  1.450626  0.108974
2537  38.847159  1111.201075  19.600542  0.069603  1.255806  0.198520
2538  960.222251  577.206134  19.239968  0.160728  0.783443  0.153231
2539  1716.750844  1689.985324  19.456702  0.095325  1.302256  0.076580
2540  890.559953  1401.633742  19.309765  0.071734  1.401654  0.147803
2541  1290.175961  1992.276474  17.956330  0.048276  0.451110  0.086845
2542  1700.037127  1279.916850  18.888445  0.112320  1.089414  0.060108
2543  169.641212  1475.951737  18.560157  0.106666  0.687921  0.094029
2544  1023.396086  517.544474  21.780243  0.294682  2.471477  0.153778
2545  1895.975203  349.416714  19.479077  0.154645  1.080560  0.154530
2547  1447.448045  1130.691487  18.628544  0.066584  0.648363  0.063197
2548  379.192939  1840.229490  17.907149  0.054033  0.400983  0.085592
2549  1363.567960  958.005377  20.516165  0.151788  1.595013  0.188684
2550  1847.513938  1129.461583  19.969581  0.171863  1.342348  0.085878
2551  1307.975409  1472.136122  18.070699  0.063569  0.508273  0.093166
2552  1945.761686  1099.742354  19.176037  0.072724  1.172001  0.099492
2553  427.924303  913.080503  19.200398  0.075900  1.207897  0.079447
2554  1281.132740  1341.615088  19.530569  0.087460  1.046922  0.149772
2555  181.405479  1188.936330  19.659116  0.174693  2.619070  0.218112
2557  119.864489  344.235410  19.424078  0.128204  1.195356  0.177875
2558  1928.939312  689.092542  17.599258  0.081622  0.109668  0.058434
2559  1266.886732  1524.781126  20.138463  0.220818  1.317634  0.107256
2560  190.772118  1139.165117  18.622627  0.056619  0.672825  0.082552
2561  1689.127852  1227.557748  19.696612  0.304237  1.403137  0.108720
2563  1826.210594  1264.926548  18.659727  0.089455  0.703839  0.124512
2564  1356.429024  388.820211  20.193557  0.222262  1.968074  0.131448
2565  100.221245  1215.915492  20.311373  0.143716  1.563684  0.186894
2567  380.782730  1556.813351  19.260354  0.202538  1.877336  0.085360
2568  339.677741  230.597725  19.685361  0.148354  0.972095  0.212719
2570  201.638591  122.375287  20.341238  0.116009  1.965302  0.169721
2571  447.341241  602.634132  19.249697  0.118918  0.912924  0.091556
2572  1166.267532  628.706376  19.042859  0.077768  1.803006  0.080483
2573  1024.684862  1485.342282  19.617500  0.138633  1.480540  0.088756
2574  1250.705440  158.577718  17.076864  0.092511  -0.161071  0.042894
2575  493.954136  1767.171227  20.037716  0.140559  1.687492  0.102074
2577  744.974871  1371.668691  18.851940  0.091123  0.774597  0.091928
2578  266.070008  1563.797096  20.232539  0.127695  1.522105  0.179197
2579  436.162391  1499.859346  19.542929  0.154547  1.337023  0.198056
2580  1894.480180  993.923752  20.035516  0.141518  1.413217  0.189534
2581  2014.752643  417.505777  17.495298  0.092512  0.026041  0.049719
2582  847.238138  1501.260646  20.440519  0.197699  1.879360  0.114830
2583  880.715935  1399.958439  17.056965  0.042442  -0.147207  0.041300
2584  524.157510  610.002798  19.211899  0.123721  1.948671  0.112516
2585  2004.095489  1098.101695  19.324963  0.081057  1.221936  0.123429
2586  1494.522260  835.337961  19.326124  0.094250  1.357965  0.065784
2587  1830.566451  1649.841242  19.275912  0.089280  1.657102  0.141676
2588  1304.807816  518.069263  19.195137  0.112820  0.969190  0.114794
2591  484.275989  1972.977915  19.643402  0.145628  1.228118  0.131829
2592  720.791321  849.464149  19.143964  0.122754  1.721439  0.071772
2593  587.267959  751.770256  20.342842  0.134042  1.247733  0.112965
2594  633.446941  571.651615  19.347432  0.149477  1.288578  0.148438
2596  1384.456384  991.566957  19.518383  0.130678  1.485869  0.141330
2597  960.753447  646.764518  20.138135  0.102540  1.605749  0.138930
2598  1397.235805  917.377734  19.232777  0.207103  1.044899  0.069851
2599  1025.701747  1189.751124  19.366044  0.092146  1.136331  0.084888
2600  1954.085406  1879.867706  19.422494  0.142750  1.102746  0.096816
2601  743.997146  654.020753  17.313371  0.065140  -0.110677  0.037436
2603  216.785593  967.802556  18.818091  0.106587  0.973501  0.103234
2605  1284.125481  1681.578249  17.750497  0.060976  0.293189  0.092968
2606  1917.230118  1860.173014  17.825314  0.049403  0.391982  0.094675
2607  990.415185  632.213777  17.849001  0.081369  0.259930  0.069760
2608  1751.381637  551.552846  20.088504  0.265329  1.978942  0.115152
2609  1689.809107  1815.240308  16.626870  0.045532  -0.607566  0.052620
2611  1913.896594  783.643033  18.471293  0.105865  0.395985  0.077568
2612  1923.901260  1123.708592  19.076874  0.083413  1.262011  0.076187
2613  1710.705380  1664.298450  20.131909  0.134680  1.491984  0.137075
2614  1538.309690  1535.625451  19.163868  0.096725  1.034390  0.079842
2615  662.836220  814.266599  19.376291  0.123828  1.841682  0.108228
2616  77.051919  927.121280  19.793969  0.107883  1.475491  0.190472
2617  90.144349  544.050154  20.162913  0.093103  1.411220  0.122130
2619  1208.930402  588.037080  19.688243  0.170937  1.268485  0.073749
2620  1371.920996  673.222410  19.952246  0.092304  1.562054  0.118072
2621  867.085423  1060.510252  19.199970  0.114809  0.915686  0.128555
2622  1317.470300  1049.801032  19.268468  0.111596  0.906167  0.161620
2623  2021.614740  1076.629732  19.482343  0.072328  1.310898  0.081532
2624  1239.324382  149.909275  19.437809  0.083782  1.363768  0.116480
2625  1362.936448  1504.353775  19.519864  0.092200  1.588430  0.180088
2626  175.369730  1060.306865  19.436163  0.063213  1.300336  0.085908
2627  1819.690842  1238.061273  16.953499  0.063992  -0.084520  0.032793
2628  455.344805  1074.551247  19.689487  0.122845  1.499213  0.098964
2629  1731.954226  1670.081637  19.591453  0.078557  1.980486  0.138519
2630  1643.649992  634.833092  19.077129  0.065605  1.890029  0.103393
2631  1919.875593  1433.132814  17.002647  0.078482  -0.189444  0.069499
2632  1183.784854  30.931831  20.158753  0.081410  1.603578  0.168014
2633  533.777555  1707.504646  20.500978  0.107278  1.638522  0.217740
2634  790.169323  576.893696  20.190310  0.195790  1.804393  0.193025
2636  78.490440  421.027963  21.064568  0.203172  2.043501  0.143704
2637  1967.376149  1247.527399  19.349132  0.070300  2.486178  0.158398
2638  1763.052145  637.838254  19.997661  0.086151  0.994739  0.141318
2639  1895.983303  111.035950  19.092031  0.116850  1.350118  0.084309
2642  1273.778274  1737.919219  20.445441  0.142055  2.154024  0.117138
2644  1584.397913  920.469720  17.944475  0.044375  0.389651  0.042132
2646  1813.451904  17.456423  20.624001  0.112737  1.778961  0.132058
2647  1898.754478  339.644807  19.520550  0.141704  1.286369  0.121723
2648  1877.017895  1341.517073  18.529518  0.114096  1.051536  0.161203
2650  996.489850  1049.241570  20.265482  0.088768  1.787451  0.162773
2652  1722.731631  350.877689  18.775608  0.103618  1.022399  0.069613
2653  680.755324  1967.237958  19.605109  0.082660  1.571698  0.107229
2654  1531.866424  1052.944277  19.634625  0.119063  1.323353  0.100911
2655  794.170976  710.598016  19.354110  0.065431  0.751378  0.167417
2656  1480.989992  854.575336  20.053214  0.085210  1.230294  0.080959
2657  797.787925  769.609513  16.782120  0.041333  -0.246481  0.061813
2658  1123.402760  993.981704  20.196094  0.091585  1.682597  0.165260
2659  1559.602016  160.478664  18.729677  0.117272  0.990078  0.090088
2660  285.407368  1649.920467  18.032316  0.048276  0.365487  0.071147
2661  1098.006138  1582.819121  20.292524  0.210673  1.742884  0.106051
2662  362.940804  163.617935  18.575275  0.139642  0.709885  0.118795
2663  1979.236933  106.917644  20.497914  0.149976  1.867418  0.101077
2664  1847.226743  1406.039004  20.578326  0.171705  2.120309  0.183670
2665  1701.072558  633.184131  20.317704  0.139928  1.855211  0.172422
2666  626.889190  1185.613254  19.409572  0.117114  1.099950  0.151339
2667  64.283122  63.317053  18.330513  0.098285  0.766323  0.060580
2669  802.048388  1942.820774  19.291806  0.081004  1.128649  0.110184
2670  873.898244  1001.216002  18.140382  0.079761  0.532240  0.076336
2672  938.263982  1622.983469  20.505131  0.157497  2.026872  0.177096
2673  338.098034  1572.527475  19.010420  0.091220  1.052091  0.098765
2674  71.682891  2.034180  19.055868  0.129389  0.858520  0.105892
2675  1124.144162  638.075624  18.120807  0.046536  0.576445  0.076267
2676  1256.002389  1387.400208  17.373130  0.038197  -0.111745  0.090590
2678  211.384223  1983.637374  18.637979  0.073138  0.625647  0.116362
2679  541.477799  537.331579  19.232808  0.158707  1.908686  0.188958
2680  900.731894  1576.215660  19.387648  0.067274  1.030951  0.097419
2681  18.862636  470.665339  18.642758  0.095657  0.879768  0.117296
2684  1990.756834  209.347367  18.895218  0.149326  0.786071  0.096419
2686  1295.487314  1928.063165  19.250974  0.115548  1.186769  0.130700
2687  1441.264745  794.721061  19.433924  0.102292  1.211651  0.088421
2688  249.275727  694.553059  20.718029  0.244679  1.823653  0.222302
2689  782.155596  1514.165837  18.672974  0.091196  0.790761  0.115012
2691  1999.585786  1368.457850  20.059134  0.135836  1.278093  0.147738
2692  1070.366936  879.532011  19.697639  0.162285  0.836485  0.114203
2693  472.588257  802.890738  20.541686  0.108348  1.131100  0.160220
2694  158.288505  1706.229506  19.672369  0.183402  0.792367  0.124986
2695  1598.793958  539.983361  19.768673  0.105326  1.290779  0.076805
2696  1275.724588  93.778574  20.989513  0.274937  1.946870  0.158110
2697  1978.990375  1905.027428  19.021290  0.057244  0.742338  0.056799
2698  1376.363069  826.601159  19.945245  0.105695  1.082237  0.110309
2699  160.961302  299.218505  19.451700  0.084424  0.808534  0.117933
2700  1563.922910  387.336080  20.688652  0.213301  1.835161  0.196112
2701  544.457187  77.975960  17.760336  0.048217  -0.043962  0.068960
2702  413.390379  1398.285686  19.624992  0.096007  0.923936  0.126383
2703  262.413302  951.488616  20.343977  0.119168  1.498924  0.113338
2706  1653.079342  772.209623  20.183743  0.092157  1.233197  0.129240
2708  1518.521770  1749.647738  20.248765  0.146787  1.842160  0.300994
2710  2020.441391  909.825202  19.840296  0.080045  1.009649  0.146048
2711  1822.676087  568.526199  19.401819  0.154970  0.611194  0.081074
2713  1315.374578  832.489821  19.891592  0.104017  1.272097  0.149807
2714  469.280320  405.083731  19.918831  0.166283  1.086711  0.097227
2715  851.884726  1579.261645  20.784553  0.105928  1.563617  0.136000
2716  1739.331592  407.402689  20.681618  0.129658  1.852380  0.213581
2718  1841.336183  1800.096473  18.827815  0.075760  0.634971  0.056165
2719  2029.107635  1642.325819  19.479745  0.079224  0.896486  0.079420
2720  1786.449223  173.854305  19.404604  0.143595  1.444618  0.223945
2721  283.476916  1414.044203  20.300792  0.151465  1.462270  0.101635
2722  116.033278  1279.035417  19.021910  0.100278  0.643579  0.095977
2723  1473.647592  270.757525  20.249666  0.096100  1.215743  0.104173
2724  1932.652323  1412.860892  19.869008  0.117947  1.048154  0.089509
2725  739.308130  1443.770438  20.885101  0.358806  1.655367  0.113732
2727  1841.344522  1369.144160  19.678120  0.109534  1.040780  0.080798
2729  1510.940576  1196.681245  17.982284  0.126013  0.166726  0.079768
2730  944.025891  536.277704  19.200088  0.124672  0.550194  0.220040
2731  260.081310  183.122375  18.387785  0.107771  0.214003  0.140720
2733  231.674541  1981.118701  19.729592  0.109311  1.924563  0.115356
2734  740.958664  1957.751048  19.877836  0.078377  1.150550  0.093955
2735  1054.238653  657.542596  20.129632  0.104558  1.191582  0.103627
2736  97.571531  1538.753432  20.922204  0.186178  1.897526  0.128132
2737  398.118001  1790.937955  20.266971  0.271367  1.603039  0.106201
2738  580.801372  173.075389  19.735396  0.170752  0.785480  0.141923
2739  94.270909  2010.309855  19.797513  0.109876  1.094754  0.084279
2740  329.130439  806.235849  20.114606  0.118883  1.402592  0.222747
2742  1719.712573  604.140583  18.003594  0.065164  -0.167679  0.058243
2743  381.630765  1440.689877  20.844114  0.102393  1.879515  0.144169
2745  882.918451  789.999833  19.996065  0.171262  1.231294  0.095239
2746  1826.671978  923.686277  20.383650  0.163938  1.974976  0.140686
2747  505.759275  1127.551520  18.620636  0.174066  0.500829  0.104337
2748  357.692360  2037.961131  20.206284  0.230745  1.656270  0.078187
2749  967.129952  419.944895  20.171625  0.180059  1.089511  0.079773
2752  508.347205  1984.102416  19.489834  0.137542  0.934798  0.075974
2753  403.723875  308.030405  17.123684  0.036564  -0.453467  0.056027
2754  1385.539445  1074.127564  19.727576  0.117649  1.100846  0.168203
2755  1021.010956  551.615706  19.671774  0.116042  1.524786  0.093862
2758  1242.129904  887.076147  18.306771  0.130788  0.323868  0.073716
2759  741.733295  808.550010  19.685337  0.084473  1.464976  0.072268
2761  1560.641409  20.916619  19.904667  0.118555  1.232822  0.198594
2763  892.277621  1905.752670  18.812665  0.056419  0.445645  0.074846
2764  115.786928  264.347183  19.719134  0.223239  0.938009  0.105170
2765  290.187265  1434.170863  20.274636  0.118947  1.381913  0.102611
2767  1076.392072  813.044676  20.674992  0.102192  2.038298  0.241028
2768  817.616866  774.693556  19.684806  0.081611  1.445547  0.103065
2769  640.428791  1209.064664  20.870329  0.379599  1.809474  0.158804
2770  844.730149  1312.846059  20.289988  0.325136  1.788689  0.097185
2771  618.407269  600.558360  20.439187  0.298370  1.893660  0.274102
2772  124.656096  1943.033014  17.695012  0.059690  0.036417  0.077314
2774  269.628764  1904.260433  20.739411  0.175082  1.946941  0.133814
2775  269.673502  2037.570092  20.555822  0.201839  1.629621  0.256907
2776  923.286370  1058.038962  19.832851  0.251922  1.059476  0.151176
2777  1920.976082  1098.833450  20.123498  0.133918  1.322369  0.105097
2778  1840.053908  1095.080618  19.081944  0.081265  0.592791  0.062892
2779  1603.413698  1894.487753  19.631528  0.100140  1.108325  0.066093
2780  1312.548676  1522.435591  20.170992  0.087471  1.129035  0.180558
2781  848.177772  91.354677  20.185519  0.117072  1.313969  0.099774
2782  954.296714  696.718024  18.869942  0.071477  0.481096  0.086015
2783  1451.897902  664.067710  19.840435  0.136294  1.339246  0.120220
2787  373.406413  1461.592665  21.062710  0.217610  1.681112  0.319537
2788  898.238098  1196.123818  20.120702  0.187186  1.306246  0.190050
2789  1615.501705  1584.178489  19.656194  0.067746  1.198758  0.167700
2790  1992.092966  740.749204  19.535130  0.167581  1.171907  0.082768
2791  774.810332  1187.853838  20.164540  0.250294  1.367799  0.165161
2792  1755.889500  351.260005  20.395203  0.101480  1.271487  0.136659
2793  1584.773793  991.426038  20.434891  0.143768  1.368440  0.197935
2795  660.905979  1176.579144  20.882834  0.139520  1.676396  0.110311
2796  1747.609566  319.030319  19.770025  0.069553  1.312080  0.206354
2797  1250.366038  989.400315  20.483339  0.243855  2.266731  0.197596
2798  2025.347603  1686.704382  20.266715  0.114201  1.504620  0.190066
2799  1662.509505  577.607626  20.081095  0.150179  1.519046  0.144955
2800  1677.025973  2012.140312  19.901041  0.108872  1.689829  0.155637
2801  397.908669  1364.655082  20.613097  0.125494  1.338481  0.130253
2803  1812.460097  1827.051989  20.834898  0.113144  1.512583  0.139597
2804  2001.400898  1323.353754  20.059036  0.136855  1.415531  0.089462
2805  608.207266  915.389102  19.425160  0.085662  0.910310  0.081529
2806  589.809348  21.190970  20.040846  0.080746  1.535271  0.108720
2807  1743.363783  1323.511222  20.211437  0.097254  0.771399  0.285129
2808  464.073905  572.234145  19.467955  0.108449  0.950787  0.092464
2809  180.881060  1972.427041  19.898238  0.090245  1.153975  0.071949
2810  141.246902  283.193497  19.062884  0.202382  0.333798  0.078384
2811  975.410213  2.753431  20.158009  0.129743  1.226448  0.110463
2814  362.557171  1731.562057  19.799834  0.134750  1.378092  0.119843
2816  141.686134  1267.219630  19.915267  0.137935  1.286285  0.119223
2817  2004.637616  229.757014  19.882423  0.185792  1.264033  0.076933
2818  1873.977324  1271.548171  19.711593  0.097294  0.912906  0.154123
2820  1818.749425  1904.193298  20.243106  0.108884  1.346972  0.093270
2821  1714.741969  1096.457855  20.380049  0.087431  2.529722  0.171236
2822  703.517202  271.444863  18.521113  0.072633  0.385264  0.085926
2823  1856.558554  1547.315106  19.359380  0.152352  0.971760  0.174248
2824  1237.096871  1154.415118  19.404978  0.069652  0.586206  0.186242
2826  727.606865  1305.911016  19.585735  0.116778  1.050826  0.125842
2827  1670.748694  133.544700  19.839840  0.127393  1.142002  0.182428
2828  391.375769  641.431236  18.874238  0.143595  0.674492  0.099143
2831  855.781402  841.449466  20.645343  0.118051  1.636170  0.150724
2833  1362.846092  1820.642299  19.019040  0.068655  0.706337  0.109377
2837  1554.448491  1603.846936  20.805080  0.158615  1.545756  0.135050
2838  1939.269774  1740.782709  18.820769  0.112857  0.821250  0.161075
2840  1012.056083  1539.905903  19.871834  0.107420  1.362840  0.214948
2841  305.290162  961.554020  20.085440  0.187706  1.194013  0.109167
2842  2009.993675  1757.889673  20.715432  0.119791  1.331489  0.153656
2844  765.237630  1262.965014  19.837139  0.094214  1.491577  0.188771
2845  775.277282  919.139736  18.896872  0.078368  0.519240  0.063232
2846  1679.493863  389.158597  19.685720  0.080721  1.257874  0.101899
2847  208.866751  884.102774  21.266321  0.204524  1.877941  0.125824
2848  45.714788  1731.458054  19.774745  0.120732  1.189615  0.102271
2852  1564.439232  1162.234724  19.531244  0.158995  1.187567  0.084701
2853  699.047106  713.327628  19.242586  0.084144  0.943723  0.155368
2854  1737.857279  1197.529260  19.633580  0.101849  1.001943  0.117334
2855  1233.392795  1190.278817  19.509142  0.122896  1.349227  0.235040
2856  860.066422  1915.634048  20.036925  0.104626  1.101297  0.154803
2857  568.317321  1565.307898  20.384164  0.178720  1.431748  0.096558
2858  347.885501  1511.874536  19.598021  0.069744  1.208765  0.138153
2860  1280.649029  316.410815  20.074600  0.177252  1.729298  0.297750
2861  1164.558945  329.353055  19.865843  0.102837  1.290453  0.143652
2862  285.631804  462.041581  20.139325  0.136422  1.279887  0.169826
2863  11.252840  1581.266761  18.323011  0.105699  0.097172  0.077039
2864  467.309749  1533.432785  19.816716  0.093031  1.358933  0.151380
2866  251.405264  1403.157097  19.974838  0.207313  1.266740  0.135119
2867  1392.814532  347.653529  20.492640  0.359851  2.353289  0.094463
2868  1330.419001  674.645823  20.556967  0.270827  1.288945  0.143620
2869  450.815602  1554.676255  20.038562  0.241298  2.373824  0.121144
2871  1565.729030  1839.952687  20.149073  0.147169  1.248293  0.110946
2875  1558.211374  920.862684  19.646874  0.109259  1.120966  0.097069
2876  682.441696  811.815769  20.154225  0.123158  1.047741  0.171743
2877  895.504418  466.999236  19.624025  0.122720  0.885634  0.255064
2878  1124.564177  726.272205  20.057308  0.094726  0.990893  0.146770
2879  1426.423699  434.597641  20.722148  0.179061  1.500883  0.164291
2881  1032.335093  984.606151  18.159698  0.116986  -0.032634  0.119726
2883  633.428305  1606.394672  18.977508  0.110767  0.651560  0.078783
2885  1469.305159  934.307799  20.280229  0.111626  2.420438  0.150031
2886  2030.286969  301.308153  18.601171  0.062304  0.627871  0.139280
2887  423.856700  1567.501211  20.579507  0.192210  1.081191  0.089225
2889  1350.697938  1343.234135  17.976765  0.050300  0.079375  0.063655
2890  707.718909  423.623762  17.986350  0.080669  0.112110  0.111253
2891  1444.360479  1710.216212  20.661391  0.205447  1.781379  0.213745
2892  1346.459554  1372.654582  20.956562  0.207416  1.577839  0.195651
2894  920.647855  1841.165419  18.877838  0.072261  0.730850  0.129279
2895  573.968760  1788.824175  20.101497  0.223438  2.327695  0.109874
2896  1216.349187  1513.062140  18.423226  0.136749  0.149961  0.080990
2897  2037.097704  1814.893044  20.056989  0.085527  1.424420  0.103161
2898  366.978175  1678.944585  17.751133  0.074879  0.143752  0.117675
2899  1667.210029  1372.803411  19.132628  0.192160  0.881068  0.089256
2900  858.176983  183.182763  19.577894  0.098672  1.068352  0.105318
2901  1243.364482  475.532479  20.427572  0.114233  1.353289  0.103939
2902  927.665248  1355.580798  20.861022  0.147071  1.318445  0.098291
2903  665.882145  1239.206480  20.504557  0.151845  1.270207  0.166003
2904  559.910896  205.897463  18.599516  0.051266  0.469250  0.049832
2905  1901.448481  1256.997949  18.725857  0.093147  0.486429  0.095224
2907  2017.662578  310.720488  19.908782  0.096972  1.417327  0.184030
2908  1888.480214  1882.022411  17.744614  0.075359  0.007359  0.079370
2909  380.644752  1398.518265  20.125943  0.147300  1.554781  0.105487
2910  2044.872120  1173.858316  18.449499  0.103770  0.507219  0.072470
2911  107.164017  2018.782959  19.771325  0.094178  1.649164  0.166316
2912  1850.387309  1048.552733  19.149124  0.103017  0.881292  0.106954
2913  48.431339  453.143297  19.757141  0.127672  1.295505  0.174374
2914  530.087814  1931.329675  19.523185  0.285740  1.179587  0.262793
2915  1609.478165  485.245970  19.114332  0.139425  0.764577  0.145492
2916  1480.780145  632.475432  18.766753  0.073351  0.434120  0.115810
2917  666.139608  1537.721544  19.637012  0.186998  1.880569  0.125495
2918  846.124566  2017.446225  19.937151  0.173766  2.230427  0.135555
2920  822.318553  225.667279  19.687241  0.099534  1.071621  0.071513
2921  590.052158  1807.644122  20.123769  0.113671  1.408436  0.170729
2923  1545.394828  172.396240  19.852473  0.216570  1.667656  0.105858
2924  155.354582  955.393026  18.829613  0.081483  0.435749  0.060744
2925  1263.403883  1380.016503  20.066535  0.234346  2.312638  0.153347
2926  479.616383  1890.760169  20.286600  0.097411  1.261678  0.161469
2927  136.886823  557.082246  19.350747  0.119621  0.721668  0.073922
2928  246.512577  1322.883974  19.924277  0.214063  1.288923  0.077644
2930  1829.608034  264.289590  19.959697  0.097676  1.832571  0.249962
2934  578.883541  1685.881896  17.782617  0.052541  -0.189543  0.070178
2935  1781.070062  430.702589  20.047099  0.116529  1.181653  0.080767
2936  295.588387  1866.895342  19.696375  0.159085  1.926193  0.141823
2937  1720.458333  281.279425  20.313846  0.123818  1.558875  0.100780
2938  1746.750478  702.187172  19.805635  0.142103  1.181549  0.078980
2939  1064.903171  1417.260943  19.337578  0.194565  0.739757  0.062510
2940  1435.137152  481.942408  19.914280  0.116894  1.549029  0.208698
2941  551.139189  439.427152  19.906944  0.139670  0.871590  0.111262
2944  1061.893517  354.907616  20.393131  0.159426  1.307112  0.152818
2946  1312.003633  1851.652537  19.838021  0.122398  0.790148  0.119490
2947  1804.832529  1662.739233  18.299806  0.096925  -0.051622  0.089473
2952  1982.199170  1109.947713  20.451137  0.097941  1.224884  0.093145
2953  1196.790367  539.841481  20.520188  0.291768  1.586119  0.156754
2956  1816.030348  1945.851297  20.404512  0.097794  1.565813  0.226678
2957  1375.909463  825.243284  20.524851  0.134223  1.216711  0.174761
2958  1742.780065  253.529080  20.732151  0.169366  1.430686  0.224580
2960  513.019199  1719.346099  20.815868  0.269732  1.171416  0.100034
2961  466.355301  1294.772701  20.038329  0.148069  0.967696  0.206553
2963  1232.624599  61.831984  20.536498  0.133701  0.651776  0.228297
2964  1944.553602  47.928446  19.119737  0.066492  0.354861  0.092335
2965  1260.263821  904.185378  20.805118  0.101362  1.624693  0.171766
2966  220.425584  1790.478242  18.993031  0.111543  0.268974  0.070829
2968  1111.682500  2041.015793  20.268324  0.109986  0.995583  0.223081
2972  1180.182223  1880.665157  20.906597  0.171778  1.243999  0.118681
2973  1797.233346  1493.010898  20.403121  0.138918  0.955590  0.108860
2974  770.818914  813.867172  19.431805  0.093969  0.572723  0.155379
2977  1192.047613  470.119744  19.995295  0.199611  0.884283  0.164365
2978  1992.820882  1146.911896  20.863279  0.161076  2.001008  0.174936
2980  906.369790  1957.416643  20.689021  0.140545  2.916996  0.152942
2981  1259.069298  907.039360  18.946687  0.137167  0.448166  0.067085
2983  1507.885109  1700.739964  20.347108  0.091602  1.130678  0.117447
2985  1353.252299  976.653208  20.202178  0.094733  1.502381  0.107562
2987  1787.769403  2040.374088  20.766751  0.148226  1.193380  0.336967
2990  50.407038  1756.874363  20.658196  0.126471  1.513910  0.096332
2994  1632.270951  999.090691  20.517687  0.108725  1.101916  0.166267
2996  184.675015  1915.392824  20.467393  0.326456  1.280734  0.151955
2997  1216.943506  1357.041898  20.839500  0.111090  1.395796  0.102701
2999  1470.798841  1374.999212  20.503896  0.149129  1.339443  0.142147
21003  163.844878  1337.216704  20.032014  0.154948  0.850885  0.091490
21004  1478.032238  1085.618546  20.350376  0.161755  1.519885  0.266865
21005  1648.943080  866.151862  20.256522  0.146797  1.043832  0.167848
21009  1043.224478  182.766008  20.233248  0.184202  1.039432  0.111459
21010  86.926383  360.892175  20.220078  0.218117  0.999315  0.121533
21011  650.041638  1593.498818  19.571210  0.101432  0.376533  0.127277
21012  1970.232189  1761.682693  18.797671  0.109378  0.324859  0.079738
21014  1469.033768  75.135222  20.863524  0.099105  1.742867  0.180691
21022  242.687128  1050.634477  18.930228  0.060426  0.235907  0.093545
21024  380.252832  1693.757740  19.575894  0.066116  0.654147  0.081892
21025  1625.892272  173.727182  20.583936  0.189316  1.361770  0.146077
21026  1601.083430  1167.897028  19.945829  0.088903  0.798923  0.088096
21029  248.819670  1363.333610  20.589306  0.218450  1.089404  0.083202
21030  1169.353795  1181.648243  20.833220  0.170683  2.248938  0.149424
21031  1470.539016  1418.629255  20.375655  0.149865  0.943498  0.122751
21032  1702.352953  1341.269610  18.665299  0.085614  0.140149  0.078104
21036  404.309010  803.748840  20.422768  0.142263  1.052588  0.119331
21038  1391.287519  1790.569495  20.639082  0.128912  2.717588  0.101881
21039  1744.265885  1179.965446  20.553874  0.109804  1.435905  0.133731
21040  945.594520  437.429751  20.479960  0.128777  1.366112  0.123607
21041  189.605600  718.240491  18.363951  0.068455  -0.158514  0.114129
21042  1974.721900  1769.248606  20.508702  0.213689  0.810468  0.141387
21044  1041.476732  2045.938998  19.746579  0.158010  0.679363  0.219348
21045  1585.578822  981.273767  20.716849  0.102795  1.171261  0.205646
21046  749.088009  1033.371146  17.794023  0.085578  -0.215195  0.116320
21047  146.787847  1388.134402  18.128301  0.061776  -0.284785  0.048956
21048  1837.108583  591.933124  20.284296  0.139144  1.187615  0.092706
21050  1573.420234  36.925255  20.356902  0.114386  1.526572  0.106434
21053  403.076927  2001.322837  20.224797  0.080437  0.955015  0.149646
21054  1832.374896  1004.634932  18.195878  0.092195  -0.137288  0.088684
21055  211.823042  1896.187419  20.413415  0.165768  1.847455  0.091869
21056  1833.054732  60.000682  19.099513  0.078756  0.336952  0.127550
21059  961.573619  1586.456539  20.846204  0.272373  1.259984  0.118889
21061  378.646893  1385.006458  20.454875  0.101581  1.875393  0.172374
21063  1654.930776  477.371299  20.021469  0.094981  0.881706  0.103098
21065  48.510818  1449.049991  18.625616  0.055901  0.207827  0.060937
21066  1516.935978  991.240771  20.356861  0.142835  1.512368  0.284337
21067  1617.160545  466.638936  20.753057  0.110244  2.215049  0.092578
21068  1719.637813  1034.588551  21.013507  0.107088  1.658310  0.261609
21069  1097.123805  1678.951381  20.242806  0.086764  0.997079  0.156792
21071  652.011107  2041.092922  20.822273  0.223158  1.525814  0.167276
21073  1881.522155  485.935531  20.558597  0.142159  1.176737  0.140834
21074  293.306810  1760.514331  20.343254  0.092368  1.000536  0.170718
21078  249.444133  149.381724  20.403581  0.091914  1.042508  0.146813
21079  78.353352  63.647915  20.642328  0.138008  1.434639  0.177158
21080  1370.393104  745.025983  20.405536  0.249111  1.278969  0.114117
21082  1984.605967  1573.131474  20.484761  0.089719  0.843195  0.096041
21083  201.900365  122.330529  20.232944  0.140210  1.141877  0.096478
21085  1797.507955  1316.331508  19.976953  0.175918  1.130240  0.181028
21086  968.176979  1806.206638  20.450058  0.179377  1.023746  0.248952
21089  708.234472  451.093394  18.482204  0.055754  0.110728  0.142044
21090  298.615801  191.749184  20.381319  0.164135  0.947444  0.132768
21091  2.445478  1915.868588  20.534923  0.136723  1.142899  0.094290
21092  727.952413  1808.250129  20.584769  0.175958  1.383365  0.116591
21093  1298.852743  1319.229661  20.897469  0.243332  1.683121  0.197615
21094  136.452258  443.409275  20.482205  0.098758  1.216076  0.142238
21095  158.899546  962.411473  20.405810  0.140104  1.103449  0.200751
21096  1846.274475  827.452091  18.434738  0.072235  0.145744  0.057759
21097  1725.292156  462.267830  20.214960  0.166090  1.170246  0.199023
21099  765.484744  1770.760512  21.103049  0.236888  1.433254  0.293494
21101  94.431553  1113.845420  20.702509  0.182527  1.622288  0.141711
21103  1179.961843  1285.009088  20.284049  0.160590  1.271649  0.133655
21104  1153.167186  950.049409  20.636366  0.127579  2.677405  0.266942
21105  1835.779081  892.608626  20.029819  0.130247  1.015558  0.181091
21108  479.114130  977.278864  20.430307  0.203916  1.095974  0.136361
21110  189.476929  1765.796475  20.309087  0.165759  1.037401  0.174684
21111  1477.107345  944.857532  20.459656  0.187233  1.627261  0.158338
21112  1121.750216  546.618942  20.233543  0.129360  1.529443  0.163522
21115  1646.085814  1256.044956  20.427456  0.157960  1.202763  0.205650
21117  1979.590732  1779.089667  20.815278  0.149534  1.777809  0.101995
21119  991.034759  1556.843789  17.536553  0.050869  -0.393181  0.058134
21121  814.555107  1079.227029  20.986921  0.272574  1.482224  0.133396
21127  1918.126454  1865.291471  18.068511  0.062468  -0.019675  0.099660
21128  666.275733  1565.287379  20.808291  0.149558  1.402458  0.103749
21130  77.137715  297.135625  20.734343  0.144996  1.272026  0.141629
21133  95.866816  489.261943  20.426489  0.145477  1.020275  0.237775
21134  1124.369271  1312.043056  19.744711  0.181584  1.128538  0.129768
21136  1808.411311  1049.768642  21.057392  0.145325  1.363465  0.146812
21138  599.759157  1981.335484  20.970954  0.124067  1.184944  0.163131
21139  510.470151  356.222877  20.690140  0.168426  1.508875  0.184502
21143  836.832375  1464.217111  20.015407  0.226952  1.003480  0.148126
21144  1086.783141  1436.423724  20.710010  0.182794  1.266895  0.105330
21145  1818.699100  1778.121597  20.168105  0.196176  1.226860  0.086716
21149  251.197001  517.005754  20.235978  0.166401  1.108561  0.198713
21151  1562.082437  779.425179  19.513079  0.119169  0.747514  0.087890
21153  1994.426538  1971.286151  21.062704  0.148450  2.255087  0.147760
21154  11.679315  115.262785  20.670881  0.172670  1.244150  0.156722
21155  1667.705627  802.494486  20.210477  0.278499  1.170048  0.147973
21157  990.901320  226.859129  18.117525  0.050800  -0.193765  0.054828
21158  125.798004  323.140624  20.907787  0.215612  1.437736  0.164645
21159  1032.444201  325.456792  20.349883  0.195192  1.175348  0.091868
21161  893.849806  926.393214  20.600396  0.167038  1.419533  0.105746
21162  1574.570133  1206.987276  18.670424  0.086269  0.447799  0.101150
21163  1561.788383  642.486938  20.709268  0.326889  1.039482  0.171389
21164  1279.492576  1027.495085  21.007609  0.132938  1.409668  0.163222
21165  1579.503751  924.576363  19.717233  0.106607  0.650652  0.156766
21167  552.566692  1796.606559  20.018888  0.146578  1.036974  0.137359
21168  1781.199995  1690.094885  20.837873  0.121081  1.375367  0.157852
21173  540.479189  410.631392  20.576350  0.112525  2.099146  0.144326
21174  673.433943  1387.592345  21.119260  0.154337  1.780094  0.298472
21176  185.618985  1969.342190  20.829461  0.226081  2.289081  0.148887
21179  1602.295891  1324.298347  20.413590  0.181148  1.256898  0.258257
21180  501.413601  94.602715  21.134672  0.121869  1.467083  0.298849
21181  50.850673  700.853411  20.340323  0.112559  0.970310  0.163661
21184  1018.946797  1647.845381  19.943662  0.075601  1.011880  0.117696
21185  1679.592972  149.218089  20.053532  0.143587  0.831996  0.093890
21187  1935.822498  386.945431  20.261662  0.167062  1.724320  0.254177
21194  331.268416  1287.066199  20.732168  0.283603  1.805414  0.157570
21195  144.375949  738.992330  20.038310  0.124438  0.776282  0.112965
21196  1024.631113  443.180906  20.466083  0.168869  1.331627  0.117904
21197  284.304455  884.011121  20.701450  0.135357  1.840502  0.115890
21199  680.162117  1274.852073  20.723599  0.150037  1.264415  0.183812
21202  833.982624  1657.015215  20.151515  0.144220  0.897071  0.143533
21204  126.343174  789.224528  20.717731  0.138340  2.088973  0.146299
21209  707.702981  1539.633123  20.381440  0.124787  0.960088  0.088839
21213  733.973230  899.490062  20.127701  0.108275  1.183365  0.135995
21215  443.769980  1039.553399  20.055794  0.132156  1.024880  0.073564
21217  815.140402  305.455109  21.269078  0.156098  1.881571  0.376771
21219  1441.506679  1689.867399  20.662624  0.149806  2.087129  0.116361
21220  659.958262  1184.371395  20.774761  0.110733  1.514353  0.165966
21221  1730.593113  674.405521  20.436151  0.137074  1.021835  0.167681
21223  837.676582  1693.616437  19.911325  0.100958  0.996660  0.120015
21225  1750.207788  1212.252542  19.892160  0.285051  0.957609  0.079938
21226  1033.819328  544.058822  20.701436  0.202246  1.477909  0.138121
21227  1809.170982  1412.517410  20.686368  0.126041  1.239878  0.155897
21233  1391.346488  1612.558734  20.522365  0.126848  1.223349  0.105111
21234  1572.761479  1460.974459  18.908865  0.060355  0.353982  0.086282
21235  2032.133944  1158.738344  20.572919  0.095864  1.044608  0.168145
21237  1066.834234  838.734913  20.366311  0.157048  1.026034  0.099188
21238  778.804814  1010.626854  20.323559  0.184301  1.533706  0.142858
21241  804.189138  1326.361963  20.996494  0.147821  1.579879  0.126613
21242  108.819043  1438.319830  20.625328  0.092490  0.689059  0.191575
21248  615.594990  2038.003765  20.381109  0.174550  0.541376  0.127230
21250  1868.309407  1797.886990  19.088104  0.086413  -0.109700  0.174852
21252  1783.706896  1143.959216  21.327287  0.126987  1.807972  0.221705
21254  490.707555  126.421174  20.921489  0.147314  1.129290  0.111749
21256  199.219963  884.036996  19.594810  0.074101  0.465755  0.099064
21265  1251.914508  1830.396058  19.084336  0.103193  0.101023  0.088609
21268  1766.444980  979.273933  19.031596  0.066343  0.011808  0.082542
21270  1704.568761  28.201805  19.898466  0.122313  0.485337  0.092224
21272  1082.246766  515.573023  20.321777  0.166890  0.670877  0.186025
21275  1083.323565  1581.254308  19.871368  0.073661  0.334732  0.110503
21278  1881.131325  75.230772  20.078551  0.124352  0.386991  0.082278
21283  1385.208969  520.021996  20.764403  0.184310  1.685461  0.140784
21285  410.277164  675.019309  19.573186  0.071104  0.210049  0.082755
21289  318.369723  613.005127  18.284923  0.104621  -0.291543  0.083822
21290  1235.465070  911.463240  19.003810  0.130134  -0.156730  0.077950
21298  582.021964  506.571626  20.467164  0.103223  0.788775  0.100406
21299  73.383245  1419.482572  21.455470  0.223217  1.590583  0.177684
21300  1966.609297  832.566796  20.364369  0.101663  0.912711  0.143749
21305  396.774573  1343.019999  19.958541  0.096518  0.770000  0.140724
21306  312.194243  1900.211931  21.271657  0.132341  2.721124  0.297725
21308  1602.352672  1004.482816  20.967187  0.246243  0.932501  0.239936
21309  224.014144  1310.368442  20.361347  0.120482  0.817231  0.173303
21314  1399.914062  457.791792  20.310704  0.100139  0.882209  0.153231
21322  571.890212  760.399642  19.345874  0.062051  0.099898  0.176827
21326  1700.688635  1508.937130  20.404823  0.155924  0.552887  0.166798
21327  744.280883  1496.097486  20.612254  0.212387  0.902031  0.119847
21328  466.908180  744.574655  21.079403  0.188554  1.944903  0.273298
21329  1594.678966  1828.741527  21.074280  0.257500  1.513178  0.192613
21338  1612.612993  735.024932  20.631327  0.156947  0.883640  0.218773
21342  200.185449  500.356996  21.440143  0.160543  1.174017  0.222521
21347  54.019271  399.978127  20.918490  0.138974  1.467648  0.175195
21350  1321.070869  1160.046783  20.425826  0.208682  0.760925  0.113234
21362  925.645712  1003.747496  19.647352  0.080188  0.097212  0.243670
21363  454.497129  484.628000  19.837809  0.236611  0.850547  0.111954
21365  1380.086107  1418.050547  21.190991  0.275598  2.442180  0.302374
21369  468.023480  424.495747  19.314542  0.078888  0.052459  0.150384
21372  1721.782390  431.631057  19.655155  0.098556  0.219413  0.185894
21380  1223.144984  1525.897302  20.791854  0.111899  0.821646  0.197000
21383  805.796000  1905.595724  21.279162  0.221560  1.173837  0.324210
21389  1089.571147  587.472936  19.346801  0.095943  0.291633  0.144379
21395  1631.898767  121.833245  21.218137  0.361944  2.477012  0.319248
21398  1173.238887  1655.318699  21.193692  0.194779  1.321116  0.187868
21401  727.658882  1057.618537  19.175790  0.069576  0.328848  0.137107
21402  1301.942876  530.319450  21.605632  0.235108  1.328036  0.168853
21407  1975.672138  67.344401  20.459346  0.117340  0.699140  0.144415
21415  937.500313  459.114996  20.760443  0.169644  1.090604  0.213821
21416  822.286280  740.996630  18.523749  0.063224  -0.255118  0.060492
21424  1015.365110  1321.084989  19.673302  0.083496  0.384983  0.085965
21426  1805.580648  1727.896840  20.363276  0.179914  0.799588  0.194137
21429  1216.439381  514.641608  20.924533  0.189254  1.625155  0.186564
21432  1399.023667  13.576793  21.030463  0.234457  1.036909  0.369582
21433  319.046227  1388.359252  21.068003  0.241426  0.771797  0.431373
21437  1208.371758  246.127372  19.518797  0.102154  0.658418  0.074441
21454  1625.342181  545.756782  19.928409  0.109292  0.681504  0.122719
21455  683.308531  966.333591  19.894971  0.107465  0.414248  0.082446
21461  1367.966569  1227.549544  20.189987  0.116694  0.650513  0.171608
21463  1689.353025  1731.936687  19.961614  0.146636  0.615215  0.109425
21464  394.573166  26.552366  20.621020  0.149926  0.654408  0.171325
21467  186.950795  1686.858520  20.857888  0.120746  1.595893  0.174816
21471  821.072190  983.319714  20.834196  0.219286  1.811123  0.142689
21472  1403.143655  1320.268677  19.740085  0.113430  0.273146  0.109894
21480  550.619691  1021.706094  20.103818  0.229851  0.592772  0.090791
21489  29.738663  1796.342333  18.607238  0.140348  -0.258047  0.180474
21491  97.683333  459.533549  18.792459  0.128260  -0.137018  0.109540
21496  490.874740  166.048592  18.408667  0.067228  -0.449686  0.107372
21508  68.116520  729.494242  19.523886  0.105589  0.331627  0.081896
21512  664.138933  855.507645  20.061240  0.143102  0.470493  0.091677
21513  482.359401  1586.990916  19.005086  0.115867  0.036439  0.103392
21514  1713.262609  18.827512  19.688023  0.120469  0.393681  0.085391
21516  32.463557  1454.235946  21.294991  0.138632  1.784385  0.132085
21517  69.753013  463.557773  20.700685  0.393109  0.468473  0.203209
21520  960.220522  1624.531718  20.314414  0.232687  1.109282  0.182487
21523  1473.722413  137.241195  20.167210  0.174207  0.789074  0.083901
21525  1222.102757  1741.862668  19.515029  0.109773  0.157543  0.094041
21527  328.135287  485.510815  19.218968  0.137293  -0.002960  0.062321
21528  1690.541940  738.137509  18.846377  0.076564  0.061271  0.071133
21529  2004.995156  1098.338983  20.843694  0.134288  1.324643  0.223576
21535  1025.760887  733.002017  20.766311  0.285990  1.183509  0.165181
21539  283.692120  20.749754  20.627840  0.200964  0.673890  0.101988
21546  1625.229508  1636.466934  20.491501  0.309343  0.999912  0.155315
21548  421.066466  28.130597  20.303962  0.104806  1.006033  0.098178
21553  660.000302  2011.812717  19.805343  0.100412  0.249372  0.200759
21557  1759.823925  77.071295  19.376398  0.080353  -0.032248  0.180664
21559  628.969803  907.937731  19.378423  0.147202  0.128016  0.070901
21563  637.412919  645.790112  20.404518  0.185776  0.872375  0.103905
21565  1775.483016  1861.632271  20.166594  0.163501  0.676710  0.183343
21567  1553.856919  1893.195621  21.201434  0.168853  1.103153  0.119132
21569  1400.979049  602.266610  19.613550  0.108616  0.184753  0.073949
21572  123.442700  1101.502030  21.519208  0.198174  1.114121  0.174605
21574  1060.783308  1312.286499  20.031828  0.079094  0.445338  0.225722
21579  355.028403  1406.426701  19.427561  0.129699  0.119108  0.143940
21580  706.438067  1945.864795  21.026530  0.109131  1.473604  0.165715
21583  1322.212858  767.784002  19.232092  0.134724  -0.080619  0.112073
21585  1931.114882  560.845566  19.799486  0.152617  0.097359  0.113962
21587  866.599752  645.816207  20.568056  0.181205  0.950308  0.235886
21589  519.581007  1093.375249  20.309416  0.115119  0.584115  0.091367
21592  611.203251  1171.779546  19.672349  0.134040  -0.020046  0.120973
21593  418.520035  713.212268  19.600658  0.073496  -0.027172  0.083268
21599  1499.095483  1880.748430  20.877899  0.166115  0.539559  0.123075
21614  1339.588102  1636.378574  19.750881  0.310586  0.205182  0.116117
21619  359.667425  984.914953  20.738281  0.194709  0.562701  0.176517
21623  614.879851  557.865544  20.323294  0.200622  0.669378  0.117109
21626  1439.065693  584.486850  19.258488  0.161569  -0.124942  0.121203
21627  536.792704  1570.696545  20.377161  0.244159  0.524600  0.345489
21629  240.276459  1780.550180  20.071538  0.144800  0.252182  0.129979
21632  1525.187208  1926.567223  19.615166  0.196752  -0.185883  0.076699
21634  1430.107731  304.372827  21.500700  0.201807  0.737024  0.506185
21640  667.428689  1929.512006  19.700574  0.083916  -0.033152  0.099301
21646  645.028753  932.528253  21.176658  0.220866  0.365059  0.185206
21652  1546.705526  1187.490643  20.510593  0.167016  0.592938  0.173039
21653  1224.499280  892.827073  20.997889  0.156324  0.657823  0.141673
21664  836.865906  1085.233401  18.942839  0.089814  -0.050614  0.105724
21667  189.766084  87.762033  20.434434  0.168031  0.569929  0.235641
21670  69.451900  697.600552  20.611858  0.122403  0.770929  0.151598
21671  894.552473  686.429631  21.326639  0.130806  0.903497  0.236238
21673  280.396609  1178.258821  21.519019  0.228539  1.628981  0.282245
21684  303.801455  1635.626954  21.063054  0.123758  0.769711  0.214981
21686  1722.292412  1952.771574  19.645477  0.105215  0.172935  0.081459
21691  1966.634557  1289.019363  20.236648  0.098364  0.589704  0.125807
21695  1044.606775  811.192373  19.773823  0.123711  -0.066424  0.084548
21696  799.970276  979.892967  20.225034  0.089367  0.429405  0.190165
21697  1321.641273  736.980429  20.079727  0.087220  0.352675  0.220738
21699  1485.492928  926.018309  20.129186  0.162518  0.282503  0.206985
21701  758.289142  1388.266627  19.672810  0.103041  0.276616  0.127878
21711  631.386867  1529.926643  19.977101  0.079447  0.174430  0.106721
21714  1596.142831  705.224900  20.497992  0.129962  0.705489  0.184889
21715  298.274137  548.476420  19.913407  0.109483  0.238457  0.195809
21716  328.145680  289.192481  19.196904  0.063408  -0.210580  0.167451
21717  2006.470678  1180.977164  20.290220  0.176624  0.120947  0.085119
21723  180.569391  986.398532  20.691842  0.192240  0.613211  0.150828
21728  1327.883451  79.019418  20.456583  0.094231  0.110164  0.126116
21738  1708.734877  285.090663  20.030775  0.091608  -0.071260  0.112628
21748  110.199472  1512.806252  20.208533  0.131252  0.015962  0.203051
21756  1209.083555  921.888900  20.436709  0.164214  0.545084  0.131893
21758  536.564502  1298.898107  20.141125  0.439356  0.809173  0.170338
21759  1569.624730  1249.775019  21.589554  0.224099  1.239475  0.241983
21761  1396.359400  36.690991  20.565047  0.132775  0.608714  0.225642
21768  1027.036950  607.118179  20.473513  0.090815  0.550941  0.112047
21772  469.637575  1710.870939  20.934357  0.145852  0.190902  0.281395
21784  956.877784  1480.888833  19.619858  0.101716  -0.014127  0.157626
21785  1316.761146  327.041466  20.841065  0.191109  0.774767  0.163150
21787  1956.084392  1556.421773  20.873832  0.101787  0.628277  0.168648
21794  681.313056  1958.090618  21.131610  0.347327  0.607370  0.150967
21805  237.992815  888.919446  21.248912  0.275445  0.803403  0.117459
21808  1007.154988  1508.159944  20.914831  0.290155  -0.024009  0.356263
21810  1894.640891  1475.581929  19.564025  0.330608  0.200788  0.185502
21822  1153.528231  1853.445679  20.943145  0.135909  0.271370  0.132981
21823  1550.574837  12.327346  20.164599  0.183729  0.252710  0.121458
21829  1528.472982  2024.819197  20.664576  0.185885  -0.028050  0.123487
21833  788.956044  782.899084  20.433459  0.130549  0.328709  0.090005
21835  1343.126304  317.113325  20.273905  0.176409  0.091251  0.077654
21838  590.872272  1677.834562  20.926876  0.124483  0.208886  0.111000
21840  1179.460202  810.751508  20.205335  0.123872  -0.034359  0.127434
21841  1839.384453  1163.412251  20.881858  0.167436  -0.025911  0.185037
21843  100.431707  300.242949  20.155522  0.109027  0.014991  0.208559
21860  445.275911  570.331529  20.731798  0.166621  0.228723  0.271257
21861  1467.460758  1684.109251  20.704009  0.283659  0.499253  0.194232
21871  1706.827929  766.230621  20.805434  0.114454  0.253267  0.130891
21873  1806.068856  216.053780  20.033296  0.140571  0.326941  0.122134
