# id  x  y  V  eV  BV  eBV
114  960.249405  920.900833  21.586197  0.251457  1.765543  0.196742
136  1008.926761  1079.314002  20.735121  0.461451  1.440423  0.153859
159  962.615849  1082.005832  21.431854  0.216029  1.622581  0.218564
176  852.821791  1103.871775  21.230719  0.132402  1.614978  0.194767
178  967.349699  1124.387144  21.036607  0.164160  1.815925  0.127635
194  992.792842  976.034324  21.221644  0.120431  1.581478  0.294208
199  1008.483041  1079.489188  20.911116  0.244864  1.454275  0.169443
1109  1148.199567  1166.014095  21.172812  0.143902  1.634141  0.128270
1111  1133.269402  1019.833795  21.232532  0.140894  1.322981  0.182119
1113  919.904727  1010.155295  21.108366  0.139070  1.515634  0.234294
1114  937.066312  1082.391634  20.691340  0.210270  1.394979  0.134079
1115  1075.349053  1000.524063  20.639433  0.210765  1.362564  0.200199
1118  1071.575122  1074.492969  20.999788  0.113811  1.949345  0.226928
1122  1104.564777  1084.262523  20.576800  0.112912  1.386787  0.346816
1123  1097.776742  948.959969  20.878937  0.098540  1.530949  0.117156
1129  935.043441  946.186711  20.823688  0.172320  1.637445  0.170686
1131  963.899453  987.289293  20.758547  0.100526  1.794159  0.119814
1133  885.360701  1058.465423  20.564620  0.149292  1.638876  0.225035
1134  1117.343027  1023.674593  20.824244  0.128122  1.446284  0.126133
1135  1126.710415  865.217802  20.854719  0.185623  1.339499  0.124967
1137  1039.329915  1145.174528  20.889420  0.169083  1.476528  0.197395
1141  1073.071596  991.840604  20.875246  0.154359  1.664387  0.205257
1142  856.778117  1068.956037  20.263158  0.211815  1.830160  0.268694
1144  940.732887  1069.560443  20.727270  0.206324  1.451634  0.141982
1147  1126.640312  1053.997609  20.919090  0.212503  1.443093  0.175702
1149  1050.066657  1035.180278  20.747329  0.100993  1.640389  0.207303
1157  878.145843  1046.628618  20.612253  0.203442  1.636772  0.118970
1158  1160.821043  994.989629  20.650528  0.134724  1.712817  0.156934
1161  968.747315  1059.014205  20.586461  0.211549  1.464817  0.222505
1162  1007.950889  1043.034010  20.869539  0.134378  1.669501  0.225320
1165  1077.681316  1032.533484  20.119193  0.266173  2.083417  0.230814
1166  1079.781765  1006.106051  20.570810  0.134363  1.378826  0.263369
1167  1026.243297  1172.377293  20.607029  0.114439  1.808896  0.216800
1168  1104.593428  999.124480  20.782080  0.113218  1.356186  0.146261
1169  965.674885  1083.595919  20.692104  0.148235  1.988494  0.174878
1170  827.262321  1053.481923  20.500726  0.171375  1.605339  0.151264
1174  1147.470746  1082.520453  20.521215  0.179075  1.617146  0.117690
1175  1050.690396  1100.276982  20.547874  0.099632  1.481837  0.130651
1176  1008.448573  1040.478392  20.526008  0.097894  1.557351  0.091326
1177  1025.694208  1240.004997  20.673875  0.136803  1.534983  0.145661
1178  1033.588961  919.017370  20.591803  0.138778  1.682036  0.294212
1179  1010.567782  1100.550656  20.619835  0.149029  1.632449  0.120854
1182  1125.345157  892.408709  20.417880  0.151255  1.564432  0.111112
1184  1019.788452  1066.167132  20.516008  0.109180  1.362335  0.166064
1186  1087.240417  1130.707599  20.358230  0.233831  1.682361  0.125705
1188  1035.225334  934.500065  20.425658  0.090774  1.407174  0.097302
1189  898.805494  977.338511  20.563254  0.226051  1.428473  0.244569
1190  1155.900477  995.652710  20.352208  0.141808  1.570264  0.114136
1191  1002.700145  930.528604  20.731595  0.138177  1.584513  0.112827
1192  1002.465444  1069.197435  20.180817  0.203073  1.580934  0.106103
1193  1079.572296  1093.068943  20.221183  0.160373  1.510020  0.109817
1194  1017.904742  1076.135035  20.410304  0.094909  1.670261  0.202420
1195  971.698606  973.249372  20.545588  0.100903  1.507466  0.134364
1196  1022.431928  1085.743268  20.582710  0.111394  1.545407  0.181452
1197  1032.179282  934.054277  20.438810  0.144599  1.740289  0.112481
1199  1010.992497  991.401595  20.509360  0.169315  1.551212  0.229228
1203  1104.559759  1173.803479  20.349578  0.186536  1.499951  0.189402
1204  1110.789734  1103.315845  20.213129  0.094816  1.709245  0.169821
1205  1091.633172  1063.664763  20.192081  0.160988  1.865347  0.224397
1206  1119.470592  1063.503729  20.197244  0.121287  1.455681  0.151973
1207  1159.036621  1125.661757  20.317244  0.087696  1.374709  0.197077
1208  976.202220  810.462433  20.350168  0.118883  1.509936  0.085063
1209  973.459210  901.898609  20.381053  0.109134  1.648765  0.132880
1210  1010.863124  981.060301  20.153066  0.133800  1.306614  0.220035
1213  866.908918  1063.434486  20.122700  0.131371  1.575002  0.104093
1214  1078.164357  1094.741094  20.137082  0.103889  1.669984  0.115404
1215  1110.328934  1016.222433  20.109738  0.139093  1.541679  0.113379
1216  878.722560  993.547899  20.099381  0.135798  1.250414  0.220591
1217  1110.325228  1077.099110  20.234456  0.146153  1.680011  0.097671
1218  1034.243154  1174.513275  20.257236  0.085858  1.375789  0.205789
1219  866.241638  1041.125540  20.089248  0.104468  1.530692  0.160722
1220  1022.183916  988.422922  20.036712  0.115156  1.359161  0.130110
1221  1134.115471  1054.764892  20.137425  0.085143  1.319978  0.096041
1222  937.816576  1141.444792  20.178320  0.137101  1.773714  0.122578
1223  1181.905940  1017.691628  20.088789  0.154240  1.587233  0.202557
1224  828.697211  1076.677693  20.191172  0.080185  1.175000  0.164581
1225  1143.577866  851.889500  20.327954  0.103747  1.873155  0.230671
1226  962.675384  1031.984353  20.061445  0.085726  1.687097  0.163915
1227  1085.789676  1071.270031  20.306534  0.129014  1.478276  0.107107
1228  1093.143183  898.528092  20.080914  0.107976  1.599887  0.129601
1229  1024.243507  1051.152876  20.323449  0.103298  1.426904  0.085998
1230  1006.467031  1153.385759  20.021429  0.080928  1.368437  0.270117
1231  1149.833564  1116.994601  20.111871  0.085315  1.575216  0.140577
1232  1050.785014  1019.544945  20.468877  0.266159  1.604009  0.131666
1233  1106.594673  1130.129490  19.835828  0.143578  1.567016  0.077745
1234  1135.604224  950.593925  20.027110  0.093759  1.446228  0.147317
1235  1045.714084  989.797601  20.456827  0.202990  1.293330  0.166195
1236  891.556209  914.240696  20.078294  0.181282  1.604310  0.080545
1237  1072.468193  1062.855270  19.951262  0.093733  1.515407  0.089142
1239  1014.659215  1002.568765  20.045152  0.077453  1.471492  0.118209
1240  972.482171  878.263603  20.303456  0.126668  1.708307  0.120921
1241  1061.164769  1133.599580  20.042488  0.107301  1.468736  0.087583
1242  987.360481  1100.387389  19.995992  0.088320  1.803805  0.180878
1243  1068.634665  869.067141  19.929904  0.085904  1.810666  0.171003
1244  1184.060703  1069.697802  20.019862  0.177076  1.818226  0.181072
1245  1022.020751  1074.183598  19.598871  0.257715  1.452610  0.082975
1246  1166.149878  1075.027067  19.969026  0.135651  1.612131  0.166548
1247  1040.542147  1093.949256  20.040984  0.159219  1.514683  0.112972
1248  981.852017  988.704358  20.056409  0.097082  1.685010  0.225774
1249  1175.311790  1112.923238  20.428766  0.152675  1.665901  0.081422
1250  1047.933747  985.163919  20.047762  0.103546  1.594128  0.107135
1251  1018.440417  1123.228652  20.020731  0.152910  1.641023  0.220768
1252  1205.681029  1049.445949  20.211556  0.149570  1.533396  0.085613
1253  1154.211164  1016.154501  20.076157  0.149683  1.542104  0.164197
1254  1078.064476  1027.927777  19.979577  0.107660  1.696694  0.209123
1255  965.776015  1015.384924  19.949732  0.080797  1.660443  0.218403
1256  1028.754801  886.517432  19.942020  0.110520  1.394947  0.107442
1257  1006.462177  988.894781  19.783939  0.164100  1.639476  0.124700
1258  913.141248  857.663406  20.072282  0.132702  1.174711  0.208933
1259  1119.161569  902.811402  20.077754  0.100270  1.440195  0.218959
1260  1063.584256  1053.054505  19.853300  0.106300  1.434133  0.103599
1261  1009.160520  1215.039201  19.841720  0.139530  1.473986  0.148749
1262  995.306250  1211.761910  19.983835  0.128121  1.372501  0.160934
1263  863.559639  1081.074831  19.933116  0.148683  1.449997  0.090783
1264  910.977126  1069.042954  20.099254  0.171954  1.456976  0.168054
1265  904.829112  1071.620198  19.860926  0.145733  1.403799  0.074581
1266  1066.793595  1036.271268  20.090977  0.115892  1.587021  0.083681
1267  996.402586  1106.255319  19.928884  0.076950  1.583127  0.094897
1268  1147.159450  1054.648955  19.752055  0.113032  1.505712  0.093730
1269  943.075123  940.451881  19.705305  0.273550  1.307723  0.129941
1270  955.237376  936.835256  19.642742  0.133529  1.551992  0.151692
1271  1131.847086  997.097882  19.939794  0.188364  1.534134  0.096132
1272  961.839636  1067.726868  19.878832  0.113410  1.534031  0.092237
1273  1016.826163  1031.534551  19.808521  0.095078  1.565742  0.088140
1274  1096.898253  1130.982318  19.867526  0.160022  1.490297  0.176881
1275  1171.952087  1011.368489  19.761986  0.113830  1.234251  0.077399
1276  1152.588657  943.863706  19.835654  0.186306  1.350982  0.098790
1277  958.789427  1112.735171  19.729412  0.074967  1.522965  0.112902
1278  1024.841073  1079.738716  19.712759  0.149851  1.582927  0.082934
1279  1087.531213  966.978314  19.687190  0.119163  1.524159  0.161788
1280  1074.027643  807.001088  19.800764  0.076687  1.419668  0.070729
1281  1025.325629  1148.089201  19.398261  0.152375  1.328373  0.069658
1282  968.313016  1017.243750  19.603298  0.089674  1.583495  0.088201
1283  913.399112  1008.370463  19.766184  0.097339  1.436604  0.099613
1284  1005.291213  999.597466  19.735045  0.086503  1.354608  0.183048
1285  1160.181555  1011.758019  19.898033  0.135264  1.551560  0.109551
1286  1085.292769  897.424343  19.287632  0.185822  1.411979  0.170944
1287  1023.349494  994.537738  19.678668  0.080042  1.330399  0.128947
1288  917.551002  1080.787333  19.696492  0.180890  1.386955  0.073257
1289  1185.517609  1044.046029  19.846271  0.125799  1.484657  0.087684
1290  1036.358963  913.396408  19.421770  0.182488  1.562926  0.108369
1291  921.609912  1042.518528  19.708422  0.068005  1.602961  0.142799
1292  820.122829  929.809347  19.134818  0.219759  1.535743  0.169955
1293  837.854126  890.202685  19.785621  0.092006  1.335464  0.122607
1294  1009.521459  1089.763267  19.508529  0.082286  1.610628  0.149653
1295  981.375140  867.227628  19.667218  0.080293  1.466426  0.083520
1296  1083.617997  928.221839  19.623913  0.079970  1.836827  0.146615
1297  1172.297380  1115.148042  19.769919  0.126455  1.309559  0.173193
1298  948.637901  1113.963213  19.841678  0.180178  1.356742  0.090383
1299  1033.859748  927.885640  19.583304  0.103692  1.294496  0.145149
1300  1153.029427  989.065052  19.497422  0.084465  1.518464  0.142484
1301  994.190991  1077.139149  19.582865  0.066707  1.401633  0.140235
1302  1057.040835  1122.418483  19.699999  0.123488  1.341258  0.089076
1303  1027.280077  1026.077020  19.486782  0.070456  1.491047  0.114483
1304  1026.416210  901.461832  19.852264  0.167620  1.558082  0.102845
1305  1094.106911  1104.751677  19.615000  0.089915  1.371228  0.070992
1306  1158.900326  1062.673654  19.833304  0.159490  1.569559  0.148649
1307  1039.573832  1015.212175  19.752220  0.164128  1.527066  0.085567
1308  882.749891  992.890819  19.678953  0.085027  1.532030  0.149530
1309  1083.748721  866.911887  19.721586  0.208263  1.335651  0.108264
1310  967.566971  964.665999  19.472409  0.134295  1.484097  0.156149
1311  1112.654275  1135.006290  19.477983  0.126306  1.568073  0.103994
1312  853.570089  1137.361715  19.577564  0.184007  1.530820  0.169527
1313  1151.765647  1056.525558  19.406751  0.144397  1.444755  0.112005
1314  1020.154266  1055.145513  19.665126  0.097019  1.517779  0.081295
1315  941.276467  923.513467  19.310318  0.101788  1.594341  0.184681
1316  1048.997663  1073.564733  19.704677  0.085254  1.425746  0.076939
1317  1076.824248  1064.318382  19.533435  0.066649  1.237400  0.102436
1318  1036.594360  971.006956  19.521593  0.083400  1.474363  0.110570
1319  1044.604027  972.390605  19.539984  0.103939  1.750866  0.200212
1320  1024.031498  1016.761303  19.636748  0.126280  1.548047  0.078777
1321  1206.588088  1104.420598  19.521460  0.066655  1.582621  0.121760
1322  958.461030  1060.585267  19.539986  0.073362  1.472907  0.073918
1323  1050.779525  978.693755  19.330893  0.068868  1.197039  0.086031
1324  1138.427556  1029.192028  19.174305  0.099450  1.437349  0.115655
1325  1146.112532  1049.219195  19.312832  0.116221  1.408105  0.136429
1326  1075.496223  1082.763878  19.297638  0.108983  1.418335  0.067825
1327  1110.474711  1034.135798  19.422056  0.104526  1.472530  0.108894
1328  851.689943  944.792166  19.276198  0.105199  1.361874  0.073861
1329  1011.235758  1142.540575  19.240057  0.163094  1.158801  0.182406
1330  1082.336891  907.257569  19.391128  0.078286  1.615756  0.151388
1331  1105.874432  1023.913615  19.349528  0.085787  1.497117  0.063962
1332  940.049961  928.319468  19.404820  0.097071  1.372474  0.102008
1333  933.941105  1043.124040  19.328238  0.106011  1.541662  0.097301
1334  1145.578086  938.509681  19.399106  0.133506  1.233162  0.126520
1335  915.986104  908.619633  19.382136  0.163730  1.399824  0.138195
1336  1103.724933  1072.912568  19.309808  0.090687  1.322147  0.082918
1337  942.392893  970.248929  19.378792  0.094655  1.224442  0.227687
1338  1120.149873  1027.206431  19.368461  0.100904  1.469378  0.083118
1339  1142.913925  985.113948  19.314043  0.110304  1.371935  0.150165
1340  913.420595  1063.493591  19.029546  0.217965  1.436970  0.097920
1341  1096.865444  1116.349481  19.298830  0.149388  1.348004  0.097496
1342  1087.267144  980.784026  19.234418  0.113519  1.401688  0.064452
1343  1035.749417  998.838190  19.219686  0.084168  1.338822  0.070638
1344  973.922570  975.708856  19.292225  0.122292  1.376051  0.075543
1345  1028.262052  1043.769815  19.326262  0.133489  1.470206  0.097659
1346  972.801270  1028.480082  19.384722  0.123315  1.535764  0.079908
1347  913.787351  1050.065838  19.131464  0.069235  1.548358  0.105096
1348  1020.928819  940.181443  19.280369  0.074708  1.215298  0.109121
1349  951.459553  1104.311603  19.154681  0.084270  1.408320  0.078557
1350  956.336312  906.433700  19.104700  0.124934  1.344344  0.102118
1351  937.447178  1187.126743  19.133889  0.066756  1.610690  0.157494
1352  987.703828  1038.680228  19.321521  0.125392  1.615376  0.090599
1353  1063.789670  1053.648773  19.214451  0.090164  1.446181  0.157272
1354  1148.812001  898.762260  19.169712  0.094538  1.249817  0.100734
1355  1017.817436  974.855209  19.125809  0.214208  1.269341  0.111552
1356  842.498621  1015.390413  19.248181  0.118801  1.397120  0.071297
1357  953.838346  1040.481382  19.173603  0.086024  1.430959  0.070040
1358  1055.431967  971.531776  19.218113  0.061949  1.346461  0.089478
1359  964.497101  1026.762772  19.188123  0.080006  1.395952  0.072653
1360  958.332498  1019.741020  19.105325  0.064012  1.120251  0.112248
1361  1118.103613  1068.860416  19.120809  0.088712  1.397246  0.057661
1362  893.355274  1065.842237  19.069270  0.105506  1.370207  0.062209
1363  984.227348  1066.629448  19.201454  0.115037  1.293000  0.090739
1364  1049.420227  1024.579727  19.158716  0.131954  1.434427  0.089879
1365  1084.545925  1093.836984  19.166592  0.071689  1.321065  0.068762
1366  879.483535  1116.806717  19.409031  0.175760  1.360989  0.060633
1367  1241.492746  1030.135603  19.127106  0.086610  1.315660  0.091700
1368  948.638822  861.278761  19.106643  0.073150  1.471031  0.071206
1369  1017.058714  1114.954260  19.159608  0.109365  1.412210  0.071418
1370  1011.969372  1151.656755  19.018880  0.094924  1.362036  0.113320
1371  1054.397870  1138.323149  18.872260  0.129183  1.269754  0.070546
1372  996.525138  958.685164  19.109751  0.118853  1.346683  0.074297
1373  1103.952302  990.249574  19.013815  0.099664  1.353406  0.058806
1374  986.676449  1132.756828  19.045919  0.058875  1.295882  0.070815
1375  1047.069286  1011.723571  19.085136  0.122260  1.485114  0.079402
1376  1183.333048  1121.245204  18.929723  0.108501  1.370906  0.130614
1377  1040.251228  994.956493  18.806579  0.115093  1.340176  0.121290
1378  1031.173427  984.182374  18.970874  0.075737  1.441928  0.056919
1379  1139.195965  1086.255923  18.727944  0.135957  1.307355  0.077074
1380  834.064876  1032.923955  18.925785  0.077532  1.429977  0.056437
1381  1076.112998  980.202721  19.060800  0.127239  1.497386  0.130402
1382  970.166292  914.058383  18.891572  0.077327  1.484719  0.120513
1383  947.634545  939.508634  18.933634  0.069332  1.348456  0.117809
1384  1032.736604  1047.083622  19.166160  0.136115  1.489380  0.081664
1385  1087.070310  1058.661970  18.847945  0.073860  1.167845  0.128498
1386  967.121101  1009.724621  19.047871  0.085680  1.121566  0.136230
1387  1084.446147  1057.810145  18.955319  0.157983  1.214561  0.142082
1388  1115.554427  1049.495757  18.929369  0.130465  1.589360  0.123857
1389  997.144105  948.695818  18.854175  0.155293  1.323507  0.096678
1390  1228.814152  927.236854  18.867355  0.100520  1.413150  0.068700
1391  989.061448  1042.318438  18.843290  0.080532  1.318566  0.075476
1392  1093.686374  1091.647119  18.723327  0.110621  1.380350  0.070370
1393  879.007191  1078.089646  18.924745  0.104082  1.404628  0.127252
1394  1055.449231  903.932764  18.870922  0.052738  1.404253  0.070412
1395  1015.559148  1039.297843  18.882165  0.126540  1.238965  0.064742
1396  949.670666  1061.546476  18.776440  0.074970  1.287431  0.079582
1397  1017.886700  931.010212  18.917271  0.084542  1.269757  0.213226
1398  984.018227  1102.906716  18.830588  0.082259  1.132311  0.135174
1399  895.953715  947.863060  18.776731  0.056142  1.441190  0.102889
1400  1021.581107  1132.414157  18.623346  0.069198  1.180138  0.103103
1401  1066.140897  956.973322  18.574259  0.145739  1.296115  0.066191
1402  1092.451676  1054.932582  18.748685  0.083570  1.350312  0.072785
1403  1139.707699  895.917609  18.810655  0.058556  1.127630  0.096335
1404  1027.754803  993.111695  18.732228  0.131837  1.350037  0.156645
1405  1102.083645  1064.329953  18.695120  0.082749  1.182251  0.127863
1406  876.241613  882.006856  18.715746  0.052126  1.253931  0.104207
1407  991.082967  1015.329526  18.786850  0.088157  1.322706  0.067262
1408  961.862513  1056.008520  18.666402  0.050828  1.328935  0.088360
1409  1140.844257  1038.048481  18.759513  0.145815  1.276106  0.056672
1410  1081.182454  939.455857  18.819349  0.118395  1.257323  0.080232
1411  940.506296  1107.836355  18.511759  0.158264  1.273949  0.102783
1412  1031.658721  1054.548644  18.520423  0.111263  1.419328  0.156236
1413  1079.113769  1175.657677  18.575703  0.156799  1.323063  0.160972
1414  961.100739  1139.934249  18.600933  0.155138  1.393961  0.134651
1415  1031.432028  1045.066097  18.540346  0.092529  1.338898  0.049852
1416  1183.307612  1097.004319  18.496275  0.141933  1.434734  0.075159
1417  1039.135642  966.582641  18.642569  0.092831  1.388854  0.069600
1418  1086.047375  1163.386757  18.535021  0.069669  1.249317  0.061914
1419  980.881510  1054.268908  18.655006  0.111254  1.340259  0.094278
1420  990.574408  1079.666012  18.564995  0.052756  1.245488  0.063952
1421  1085.692416  1071.689032  18.623831  0.146340  1.321338  0.084360
1422  1120.438641  1119.127429  18.622399  0.120814  1.179079  0.090212
1423  1103.269233  1046.189322  18.506147  0.109851  1.272272  0.081630
1424  1102.901596  1108.167741  18.436418  0.089175  1.329050  0.058413
1425  1079.910953  1147.945779  18.509631  0.082399  1.305488  0.058970
1426  1107.926753  960.959365  18.511134  0.167856  1.339139  0.060495
1427  1084.240916  1006.059520  18.320054  0.080426  1.309964  0.090030
1428  1005.262705  1128.966246  18.581259  0.065524  1.324830  0.062812
1429  1027.973100  1018.975785  18.490751  0.053187  1.375905  0.082731
1430  913.519555  1056.769843  18.341298  0.122398  1.339463  0.086695
1431  891.948032  925.170893  18.497667  0.072004  1.288274  0.063426
1432  1039.280886  1064.009277  18.190410  0.133897  1.195551  0.136265
1433  918.414991  1096.628634  18.566955  0.092272  1.399753  0.069097
1434  817.563136  995.728957  18.365571  0.133496  1.319798  0.129124
1435  856.289792  1000.054743  18.333691  0.061431  1.270804  0.083580
1436  1022.949089  919.407555  18.407190  0.050344  1.240368  0.068725
1437  1195.653980  1011.324047  18.540097  0.074196  1.354978  0.048662
1438  1048.709919  937.320653  18.320223  0.075082  1.186396  0.086117
1439  1122.083799  1093.432914  18.547347  0.088440  1.284111  0.068870
1440  1013.381079  1081.197138  18.380555  0.058837  1.277284  0.118286
1441  970.026373  857.645855  18.315317  0.055959  1.274948  0.095640
1442  991.753421  1013.697147  18.365667  0.085767  1.267659  0.103843
1443  920.683909  1008.298619  18.159688  0.106383  1.308954  0.102401
1444  1087.890350  938.495734  18.266444  0.084362  1.085653  0.128831
1445  1014.183772  889.157059  18.219526  0.085606  1.288395  0.095157
1446  1050.870641  826.142679  18.333020  0.071709  1.312564  0.052743
1447  1096.283382  992.847995  18.388526  0.075293  1.364501  0.099150
1448  990.832169  1079.440015  18.180695  0.089166  1.199909  0.074788
1449  943.753073  907.181486  18.249491  0.079059  1.302366  0.068236
1450  1010.629202  1087.416791  18.275802  0.058678  1.289456  0.065576
1451  1030.705091  977.609073  18.149992  0.054493  1.342282  0.064118
1452  1035.184312  1178.192036  18.188955  0.085869  1.073744  0.117076
1453  958.828319  1099.759063  18.019050  0.071783  1.249889  0.060184
1454  957.053665  1134.829425  18.332302  0.093248  1.192468  0.081829
1455  988.815176  1110.510940  18.083526  0.050742  1.163041  0.082602
1456  1235.953746  1037.967340  18.017285  0.048716  1.314502  0.048968
1457  916.784128  1041.953014  18.058011  0.069256  1.378502  0.094386
1458  934.681641  1030.409605  18.112625  0.051079  1.097300  0.095709
1459  1217.422643  1037.044449  18.108565  0.071478  1.026000  0.130249
1460  1049.433907  964.084716  18.034139  0.055960  1.441035  0.114567
1461  912.321413  1070.610412  18.012917  0.099049  1.210556  0.042828
1462  1074.015437  864.724828  18.090628  0.085094  1.230834  0.067744
1463  1106.148680  1145.359585  18.037319  0.043536  1.175478  0.072387
1464  891.096924  1116.736963  17.984196  0.048481  1.259044  0.074193
1465  1129.561641  991.423078  18.126878  0.059007  1.260367  0.056707
1466  1004.271391  988.356383  18.003961  0.090577  1.253388  0.087651
1467  1005.408051  936.892129  17.974399  0.064231  1.332767  0.048586
1468  1091.463434  1173.471601  17.986884  0.062529  1.176768  0.043867
1469  1019.081400  921.808118  17.972349  0.041652  1.331082  0.080108
1470  1019.830641  1038.174515  17.986999  0.096228  1.313613  0.115193
1471  1039.771832  1213.511148  17.956712  0.084040  1.203936  0.071324
1472  1032.009564  957.886730  17.863466  0.055040  1.200862  0.064891
1473  1040.970097  991.983022  17.848923  0.051009  1.203161  0.071827
1474  1040.020726  1054.555361  17.876668  0.052759  1.331208  0.068499
1475  1031.689523  984.744018  17.833325  0.060305  1.240014  0.042579
1476  893.113938  928.971960  17.793156  0.061463  1.351175  0.117361
1477  1134.137774  1102.131917  17.786682  0.097811  1.260724  0.073653
1478  956.090163  1043.510641  17.843992  0.078567  1.230945  0.048280
1479  1086.432297  1005.528596  17.854431  0.084598  1.394790  0.060777
1480  1014.080451  1168.982467  17.733335  0.069969  1.352368  0.116028
1481  973.945836  1012.408402  17.743868  0.061810  1.217955  0.045947
1482  969.596416  1063.723049  17.635145  0.061383  1.221100  0.121617
1483  1063.203860  1051.012792  17.646704  0.071498  1.129560  0.062245
1484  1099.948298  963.689533  17.680719  0.092809  1.218057  0.045657
1485  948.473283  906.703688  17.647216  0.070975  1.203521  0.038920
1486  959.302820  963.757711  17.579544  0.056447  1.278663  0.097227
1487  1030.018068  1048.662487  17.419854  0.075933  1.186641  0.080142
1488  1040.268739  1136.123331  17.620814  0.038468  1.458703  0.084506
1489  1164.690862  1081.304310  17.517806  0.096418  1.200221  0.135320
1490  1057.173791  873.355448  17.587577  0.065279  1.285159  0.062431
1491  883.655188  898.820219  17.619633  0.066322  1.193576  0.078967
1492  893.750272  1176.439050  17.471234  0.093415  1.153044  0.039185
1493  1002.220052  1057.145262  17.585693  0.056207  1.245450  0.052277
1494  924.968612  1055.453286  17.515569  0.053452  1.247757  0.042477
1495  1093.941801  1044.724388  17.493658  0.051148  1.448645  0.113247
1496  969.123901  997.939405  17.463436  0.049890  1.317606  0.038851
1497  860.721623  958.930534  17.379199  0.099500  1.220003  0.063333
1498  1078.551736  1085.605171  17.404777  0.077323  1.415399  0.100917
1499  1081.427005  1144.704819  17.389774  0.048988  1.288512  0.041654
1500  945.557873  998.743081  17.391686  0.045855  1.345688  0.077733
1501  1164.501463  1013.536666  17.428486  0.087330  1.175576  0.074064
1502  1033.154683  978.152919  17.285016  0.036616  1.230217  0.076822
1503  1059.930522  1002.093773  17.281885  0.073942  1.369136  0.045378
1504  945.295790  1094.877614  17.368734  0.062283  1.269908  0.066943
1505  963.150950  1089.528996  17.264651  0.058704  1.257189  0.042965
1506  920.256205  1035.116216  16.991691  0.088899  1.348870  0.041083
1507  1092.027167  1078.832988  17.210874  0.059622  1.240174  0.065924
1508  999.773942  1109.818368  17.276060  0.040681  1.135735  0.073523
1509  1042.516992  1134.128312  17.275278  0.050961  1.278222  0.074334
1510  1161.017180  980.715172  17.213251  0.045063  1.314011  0.053006
1511  1124.409610  988.351734  17.050864  0.066069  1.299171  0.081451
1512  1034.342851  1184.001106  17.203594  0.075148  1.346426  0.091107
1513  861.139681  1078.520381  17.064218  0.095348  1.304156  0.046602
1514  845.450220  1075.162399  17.149758  0.053716  1.241390  0.055266
1515  998.563246  1221.069271  17.097031  0.095269  1.303824  0.044523
1516  1049.771110  1076.283699  17.109598  0.119756  1.177850  0.054403
1517  915.725046  1118.951916  17.089947  0.034967  1.213170  0.057961
1518  1154.077286  1105.896980  17.070556  0.100794  1.210864  0.091763
1519  805.009531  1009.392026  17.094588  0.038867  1.197463  0.034650
1520  958.191452  913.299722  16.944577  0.083343  1.254722  0.074602
1521  1013.391401  1031.021568  16.961567  0.055200  1.109693  0.079327
1522  1008.281252  1096.530575  16.997015  0.034542  1.255109  0.058299
1523  1008.499732  982.226289  17.020711  0.034084  1.287816  0.037502
1524  1103.837368  902.337106  16.908517  0.052065  1.202026  0.063643
1525  889.371279  1055.441613  16.927507  0.053228  1.256025  0.053622
1526  1076.183491  1164.806083  16.891413  0.037458  1.264615  0.046144
1527  1123.461140  1026.009989  16.956230  0.052429  1.481468  0.103381
1528  1146.242970  1079.574139  17.075738  0.096453  1.108562  0.070136
1529  998.529147  1077.262643  16.896184  0.069613  1.095171  0.064977
1530  940.111258  973.951816  16.859124  0.038228  1.260154  0.075381
1531  896.244306  1049.947095  16.896579  0.032940  1.185321  0.055145
1532  899.214889  1049.194906  16.752046  0.041430  1.197903  0.074343
1533  920.526643  983.025459  16.871967  0.067519  1.198839  0.041758
1534  886.575124  1070.445076  16.794393  0.068917  1.287826  0.033161
1535  1025.432556  981.523313  16.619829  0.076331  1.178892  0.062853
1536  1024.546079  986.132460  16.633646  0.039009  1.211997  0.063901
1537  1064.759071  1024.450314  16.534379  0.064740  1.181028  0.044337
1538  1046.132593  1118.124728  16.574867  0.040130  1.248435  0.032136
1539  1159.468831  1099.517829  16.506517  0.060088  1.187769  0.045829
1540  974.854328  1091.523441  16.410146  0.052673  1.247525  0.063775
1541  1084.532818  1109.029294  16.345667  0.056164  1.165149  0.057786
1542  975.042908  1011.554365  16.311007  0.043268  1.232977  0.045953
1543  1063.215473  1013.714186  16.381099  0.063529  1.274092  0.038083
1544  973.109228  1061.428920  16.251238  0.038912  1.264909  0.060192
1545  845.042381  1022.462771  16.392661  0.078999  1.156221  0.041442
1546  990.828012  1062.425702  16.231042  0.091757  1.104756  0.063516
1547  1047.631954  1086.051226  16.163344  0.040562  1.108957  0.087722
1548  997.427200  1007.497277  16.109875  0.046988  1.143822  0.062800
1549  986.432676  1237.579715  16.236263  0.037068  1.122205  0.057301
1550  1082.152284  932.899267  16.134021  0.076225  1.171441  0.050089
1551  914.619494  1007.778939  16.100359  0.050580  1.235115  0.029172
1552  1032.721347  1078.328525  16.113557  0.047974  1.180964  0.030503
1553  1060.715807  984.015913  16.169384  0.059297  1.229598  0.045706
1554  1036.315218  1005.162230  16.135640  0.037798  1.214808  0.049316
1555  1240.470057  1080.698982  16.014372  0.058618  1.191300  0.059237
1556  895.213056  1079.410565  16.025226  0.038489  1.188658  0.029977
1557  1059.197030  1193.640468  16.016832  0.049358  1.226482  0.042112
1558  1125.765857  1096.694866  15.948875  0.031770  1.181311  0.047695
1559  1119.146271  1236.585533  15.900801  0.047781  1.263297  0.067205
1560  1015.621427  956.963021  15.809147  0.039494  1.153393  0.028497
1561  1098.172518  1040.809492  15.930919  0.067631  1.183255  0.035069
1562  918.281196  1117.913416  15.861179  0.066845  1.171366  0.052280
1563  914.197873  1033.455493  15.710917  0.028549  1.122872  0.043907
1564  1098.021642  1006.981018  15.687517  0.030377  1.137832  0.027977
1565  917.577380  913.477120  15.545395  0.054250  1.119425  0.028695
1566  943.638139  895.952978  15.453736  0.038260  1.183970  0.076579
1567  1032.242504  1133.368422  15.419278  0.034517  1.064062  0.041734
1568  1028.690657  1072.559165  15.424904  0.045045  1.136511  0.051742
1569  951.177175  1096.568832  15.431281  0.034711  1.097377  0.039007
1570  1033.332634  1117.487575  15.337238  0.045316  1.075596  0.040850
1571  1058.395075  1122.442629  15.355580  0.036425  1.075463  0.055804
1572  941.407027  1102.750884  15.365131  0.038334  1.075078  0.034619
1573  860.665324  1094.531113  15.258066  0.055565  1.069967  0.024742
1574  1033.519718  976.262001  15.289319  0.040842  1.127455  0.038029
1575  1019.953623  957.873398  15.186868  0.037850  1.051281  0.047470
1576  957.441905  998.624440  15.223311  0.035486  1.068883  0.029382
1577  1072.022774  1098.403594  15.077430  0.034937  1.086770  0.028852
1578  1029.774090  888.551567  15.136636  0.048584  1.012505  0.046611
1579  1091.994726  1175.685775  15.034747  0.048820  1.054894  0.031929
1580  1016.017388  1040.232878  15.039058  0.036441  1.067836  0.035842
1581  1079.325450  947.293450  14.950690  0.029767  1.033731  0.038330
1582  965.764301  1135.401390  14.873544  0.038120  1.025757  0.030615
1583  1152.448307  1043.614106  14.707750  0.037737  1.065219  0.039733
1584  1136.979231  983.566848  14.669825  0.030655  0.943318  0.044396
1585  1010.138870  1140.376248  14.659910  0.053875  0.951851  0.027679
1586  1125.890376  1103.412716  14.619329  0.062245  0.941441  0.028072
1587  1079.055135  1080.729989  14.614461  0.045470  0.982287  0.025220
1588  863.762248  1061.137019  14.452912  0.062031  1.002991  0.054905
1589  1028.445553  1238.518211  14.510219  0.028377  0.993104  0.030591
1590  1045.587333  1141.107548  14.580109  0.042576  0.944421  0.031669
1591  1008.930652  1012.590920  14.430696  0.022352  0.973087  0.022329
1592  1046.840709  1145.049682  14.396989  0.030465  1.001186  0.034732
1593  958.586122  955.595489  14.347285  0.022342  0.955099  0.039551
1594  992.420844  1065.464545  14.325680  0.021157  0.900161  0.040724
1595  1203.214275  1035.155866  14.180088  0.029834  0.867738  0.068051
1596  1179.003310  964.449546  14.212485  0.067149  0.928243  0.028616
1597  853.645906  1096.717619  14.038686  0.029778  0.812335  0.029333
1598  923.571016  1018.617139  13.970180  0.033758  0.826170  0.023313
1599  939.590738  1074.337055  13.928980  0.032592  0.857556  0.028045
1600  992.400937  959.554089  13.906676  0.029615  0.886719  0.040898
1601  1103.326638  988.662252  13.823867  0.047233  0.820278  0.044243
1602  1022.025236  890.730598  13.815455  0.045152  0.810736  0.031546
1603  1050.055557  938.221486  13.771363  0.041844  0.761386  0.052201
1604  976.345825  905.481400  13.745127  0.038924  0.779600  0.069356
1605  948.781261  934.278328  13.735605  0.023485  0.819682  0.040148
1606  1078.532895  966.847713  13.653729  0.036147  0.833798  0.043125
1607  998.422774  985.284321  13.564084  0.043824  0.791638  0.043303
1608  1004.915773  829.456937  13.520429  0.071168  0.746487  0.025811
1609  1025.147843  1092.606464  13.467493  0.048619  0.650502  0.041081
1610  1009.352786  1004.031795  13.404238  0.040242  0.717741  0.042038
1611  1042.405929  1119.310561  13.369167  0.021422  0.716662  0.020627
1612  938.533745  1012.342886  13.323097  0.027547  0.738821  0.036623
1613  999.065436  987.491881  13.254409  0.030820  0.682841  0.052625
1614  996.290662  1173.908378  13.131720  0.044238  0.719425  0.019836
1615  1063.327130  995.467715  13.138719  0.023766  0.705044  0.039918
1616  933.388063  1068.940882  12.996892  0.062422  0.695911  0.025211
1617  980.510638  1026.390938  13.019731  0.060049  0.624808  0.035513
1618  960.763720  1136.407347  12.871149  0.044429  0.697433  0.049787
1619  959.478948  976.264602  12.794235  0.020659  0.530585  0.040158
1620  1104.242504  915.392758  12.810878  0.029310  0.638137  0.029176
1621  1125.212406  1083.663442  12.773203  0.020760  0.647642  0.025791
1622  1149.084631  987.018772  12.686464  0.028787  0.646239  0.031995
1623  1075.261809  1069.126185  12.618309  0.027487  0.624540  0.018960
1624  954.329006  1167.155405  12.561991  0.018797  0.630154  0.019889
1625  1094.550487  1071.133430  12.457798  0.027412  0.575796  0.045798
1626  1026.763162  1068.592865  12.411054  0.028614  0.583328  0.041060
1627  1093.389742  975.086100  12.310258  0.048870  0.559890  0.031739
1628  960.583352  935.493693  12.294534  0.032842  0.526124  0.033710
1629  992.028140  1031.981404  12.163522  0.030900  0.500776  0.018854
1630  979.495834  868.017992  12.197845  0.035699  0.504820  0.027199
1631  1020.809585  1128.068956  12.045400  0.049877  0.475106  0.023175
1632  1099.819745  1023.007662  11.959079  0.019749  0.469051  0.038215
1633  1124.227215  1195.288863  11.963792  0.024537  0.474554  0.018669
1634  1121.760338  1072.131727  11.909302  0.033787  0.469858  0.018677
1635  986.729308  966.387958  11.816137  0.035138  0.472449  0.031744
1636  1101.448274  1111.134638  11.699943  0.035687  0.408094  0.032778
1637  945.246822  1005.986570  11.629787  0.018722  0.459621  0.026007
1638  1115.293327  1062.299136  11.575501  0.025166  0.370666  0.019755
1639  892.245647  985.579500  11.499075  0.020690  0.436171  0.027379
1640  1062.232719  1031.832412  11.389754  0.038098  0.342503  0.026787
1641  1231.865938  1086.436823  11.385998  0.035462  0.328503  0.020013
1642  964.824924  994.527519  11.294706  0.032219  0.372568  0.018682
1643  1030.857298  1017.088963  11.202271  0.024051  0.354176  0.026391
1644  924.110131  952.887542  11.198722  0.022994  0.346451  0.025393
1645  1015.360717  1108.634235  11.016330  0.022649  0.269882  0.018248
1646  972.710380  1072.353772  10.975238  0.028751  0.275987  0.025105
1647  932.004229  1017.279713  10.858957  0.047204  0.273511  0.034645
1648  1049.212948  951.976264  10.818216  0.035568  0.262045  0.017556
1649  968.108728  1172.589855  10.794597  0.026574  0.183508  0.028314
1650  942.803661  896.685363  10.717152  0.026297  0.151034  0.022245
1651  933.055754  1001.052795  10.575252  0.034114  0.191910  0.017122
1652  1025.433805  971.769344  10.510202  0.018129  0.124624  0.022027
1653  862.701466  1060.313088  10.448040  0.021934  0.158536  0.017527
1654  1024.913183  1011.926979  10.418910  0.032611  0.165425  0.067519
1655  1095.069143  1075.154432  10.334721  0.052090  0.178390  0.041418
1656  1035.448013  1191.293563  10.218872  0.035423  0.042532  0.026050
1657  1059.509064  943.115223  10.138007  0.031672  0.080551  0.016517
1658  962.628424  1126.720819  10.130932  0.018078  0.062843  0.019982
1659  1019.666166  1013.363528  10.007664  0.044002  0.093349  0.028793
1660  928.686633  1029.567201  9.945063  0.025217  -0.037511  0.033487
1661  1095.301919  1036.815974  9.863828  0.017348  0.004517  0.027820
1662  1135.406060  956.049203  9.860418  0.016253  0.021318  0.018373
1663  899.283128  1069.838889  9.741492  0.033303  -0.018857  0.044505
1664  903.180513  1096.853197  9.699674  0.016350  0.037740  0.029051
1665  993.822167  1035.718656  9.620725  0.022858  0.009531  0.023703
1666  1040.270356  956.566958  9.541609  0.030727  -0.081063  0.045983
1667  951.045427  1078.951547  9.438634  0.030229  -0.098497  0.027155
1668  1107.656335  925.882184  9.327995  0.028366  -0.051647  0.021594
1669  945.425981  1091.271557  9.272512  0.018557  -0.034910  0.022976
1670  914.114212  1027.144212  9.130192  0.027268  -0.084193  0.025046
1671  1096.263107  1033.829396  9.117400  0.036427  -0.074597  0.018668
1672  964.284580  1011.423273  8.780521  0.024535  -0.055193  0.029050
1673  981.131858  946.855035  8.825835  0.024352  -0.109259  0.026111
1674  986.279916  996.501873  8.626040  0.018250  -0.095416  0.026481
1675  1096.351457  1064.410132  8.593099  0.028573  -0.086324  0.037718
1676  939.675832  1104.745062  8.354143  0.024165  -0.105745  0.039178
1677  1050.378465  1144.942920  8.300711  0.022341  -0.107039  0.039719
1678  1117.915607  875.621929  8.173381  0.026941  -0.140700  0.017601
1679  1035.793060  878.424310  7.947261  0.031146  -0.106640  0.023204
1680  1134.624932  1091.764019  7.811824  0.021056  -0.185740  0.020532
1681  1042.370990  1009.861161  7.662049  0.019384  -0.130821  0.016365
1682  948.421734  975.228887  7.316187  0.024725  -0.179520  0.020911
1683  1114.479104  1030.381957  7.029483  0.026624  -0.168468  0.033898
1684  960.962007  975.121060  6.643498  0.017274  -0.168995  0.035318
1685  901.753999  1084.832133  6.186703  0.022673  -0.181380  0.026874
1686  956.491756  1020.673352  5.552919  0.033377  -0.194513  0.020031
1687  1153.916846  1049.674752  5.125578  0.017306  -0.210495  0.052501
1688  1231.071580  1030.011904  5.548698  0.023222  -0.218464  0.026167
20  2026.673297  1831.255593  10.834055  0.017302  2.197798  0.025436
21  1131.775907  591.065626  9.299875  0.020639  1.011161  0.031632
22  306.697215  696.582175  8.390002  0.023823  0.017431  0.028304
23  790.748195  991.268666  8.803599  0.017782  0.117776  0.028187
24  1611.681614  1467.735392  9.555797  0.037570  0.515183  0.016937
25  1954.247913  1016.200920  10.168799  0.038755  1.061837  0.036912
26  66.707638  1016.366929  8.814891  0.039133  -0.194705  0.017053
27  1008.734587  7.008308  8.859192  0.021986  -0.125660  0.019683
28  1084.891076  1069.021634  8.751988  0.023843  -0.182072  0.034550
29  1675.412278  697.279746  9.258986  0.041454  0.066111  0.021050
210  1396.867243  731.498775  9.838233  0.038452  0.174858  0.033331
211  978.805120  979.677074  9.414701  0.016430  -0.102308  0.040297
212  459.706952  356.466490  9.912029  0.019676  -0.136609  0.022640
213  465.867777  506.853148  10.506123  0.025505  0.261689  0.023184
214  1035.611851  696.483451  11.047016  0.019962  0.145427  0.022747
215  1065.040120  1912.807504  11.071809  0.062346  0.164221  0.050869
216  962.328315  1524.220459  11.020562  0.018751  0.229167  0.021058
217  248.318554  1168.062600  11.427448  0.030320  0.436983  0.017620
218  111.360193  465.265177  11.605323  0.032632  -0.063069  0.026284
219  511.628297  1048.049658  11.404285  0.022145  0.024360  0.019452
220  346.866836  790.357420  14.226282  0.027050  1.466944  0.028903
221  84.530168  715.423627  11.235870  0.028073  0.078833  0.025892
222  483.304510  1859.082144  14.490146  0.041828  1.292705  0.025471
223  234.893224  1159.690263  12.387442  0.019582  0.496354  0.021240
224  26.141603  662.264796  16.607148  0.065878  2.707747  0.030565
225  1498.464560  1478.689622  15.095958  0.036023  1.919865  0.054831
226  539.249553  530.819899  12.581308  0.049896  0.525376  0.019136
227  728.925905  124.815384  15.043886  0.058564  1.881750  0.044506
228  1039.419733  846.902534  16.557007  0.042590  2.482458  0.033966
229  919.331994  849.246201  13.286146  0.026308  0.298838  0.045409
230  1784.543750  1873.556115  13.209036  0.021550  0.370528  0.025525
231  409.791205  1177.457329  17.316610  0.094129  2.620826  0.061494
232  1139.440895  1535.951212  12.630782  0.042911  0.128078  0.024627
233  1493.805304  1700.109593  18.460173  0.109792  3.290691  0.128963
234  698.261245  1821.043510  14.683304  0.025269  1.328451  0.030474
235  2029.584865  1272.818128  17.046462  0.044344  2.585028  0.118825
236  1227.021662  1711.698269  13.079847  0.043138  0.397086  0.034671
237  1538.907104  1822.999774  18.321579  0.081491  3.136383  0.106536
238  1654.755052  718.350369  13.634340  0.036557  0.434249  0.022735
239  259.586674  1589.742359  20.613508  0.093180  4.173075  0.189771
240  864.222414  611.456840  14.572074  0.044044  0.914124  0.044041
241  1279.106493  1939.435247  17.089666  0.050405  2.346734  0.050449
242  56.950990  1896.404268  13.611027  0.065899  0.417667  0.030143
243  1629.260419  518.807467  14.121400  0.042666  1.112943  0.039331
244  663.405107  1976.243959  19.182683  0.094545  3.412270  0.112522
245  1915.221476  1613.349909  13.754511  0.026178  0.473123  0.028762
246  1312.809448  703.257319  13.450793  0.019392  0.339315  0.021138
247  2016.397013  709.497737  14.015141  0.032628  0.449458  0.059367
248  426.158720  942.752580  13.574094  0.051769  0.748453  0.035252
249  491.987247  1963.714457  15.760512  0.027897  1.402611  0.028235
250  1892.854432  440.164624  17.057210  0.051076  2.075644  0.077039
251  16.804390  426.369884  17.672871  0.120572  2.678631  0.043454
252  766.406749  399.815844  18.282551  0.068628  2.660587  0.100945
253  793.010337  49.339616  19.601962  0.098495  3.138806  0.162466
254  607.002569  1281.790637  14.697909  0.055494  0.633802  0.053738
255  355.511945  1998.483788  14.514274  0.030339  0.595988  0.062780
256  855.899324  519.965840  14.612576  0.028663  0.674001  0.041656
257  1310.172574  1049.122053  19.145778  0.088008  2.986915  0.086096
258  919.852821  306.040923  16.541450  0.038402  1.685582  0.056958
259  475.585346  285.804387  14.672134  0.039723  0.645417  0.023367
260  1588.181124  584.973325  14.249118  0.058474  0.401916  0.030741
261  1119.450632  1408.608767  14.773354  0.026706  0.691749  0.032582
262  1705.312426  257.224807  17.816928  0.047205  2.394494  0.065111
263  512.327304  144.425221  17.746804  0.057406  2.344431  0.063437
264  53.491151  1686.042500  15.458680  0.056976  1.189788  0.051266
265  484.850450  901.603816  14.791174  0.037559  0.572981  0.049933
266  167.221472  1700.900397  15.764118  0.064123  1.186416  0.040998
267  28.706262  558.685619  16.200111  0.028845  1.518494  0.032419
268  1889.985304  575.328413  14.911385  0.039814  1.368095  0.041498
269  678.146085  1328.787472  17.099124  0.044119  2.029640  0.089872
270  1535.872121  1309.082549  15.310948  0.032203  0.833788  0.036567
271  1982.604069  1806.911445  14.840906  0.042548  0.716362  0.023771
272  1028.429434  306.756097  15.868195  0.045471  0.940117  0.054687
273  1342.639314  1178.888803  16.954039  0.117049  1.514125  0.036852
275  748.597570  1153.593877  15.516624  0.025405  0.569328  0.043958
276  1288.118069  164.073137  17.511442  0.041992  1.866730  0.042091
277  1021.395873  245.879994  19.179491  0.097915  2.414162  0.105828
278  1442.087135  51.055387  20.227547  0.113740  3.141420  0.134784
279  477.117798  228.802217  15.420156  0.030285  0.998381  0.025988
280  1395.240482  1643.204643  15.523051  0.028106  0.581143  0.033386
281  883.952687  465.760358  15.960333  0.034965  0.935807  0.029681
282  1200.836825  858.467109  15.586279  0.035613  0.889887  0.050091
283  1567.277916  695.976754  15.942962  0.076946  1.260180  0.045063
284  1898.604587  732.259238  19.389924  0.069307  3.094373  0.085308
286  1715.666357  574.870089  18.702574  0.089368  2.429474  0.099716
287  1199.333827  1578.194646  14.286188  0.022076  0.119457  0.039993
288  1747.941602  1110.566331  15.581843  0.043493  0.940603  0.032575
289  1145.341540  1643.898722  15.487727  0.029618  1.312815  0.027721
290  913.338335  1569.021870  16.562326  0.030211  1.297114  0.055727
291  815.351073  1881.555587  20.488017  0.142943  3.633290  0.247172
292  1178.579731  416.839886  16.989974  0.063878  1.562759  0.052315
293  1574.838690  1405.155636  15.405222  0.027874  0.637326  0.070106
294  370.742991  1038.712856  16.594490  0.060615  1.246371  0.044837
295  1563.781756  515.668604  15.209164  0.028976  0.320136  0.032771
296  199.619503  1356.738632  18.971646  0.135909  2.443612  0.058590
297  1760.532076  718.360122  15.780182  0.035966  0.731018  0.037382
298  1296.794693  137.473078  15.374633  0.026632  0.733570  0.038629
299  638.130165  26.850186  15.067428  0.055411  0.792876  0.064159
2100  144.366912  351.772855  16.783575  0.087998  1.040253  0.062388
2101  1744.705307  855.647571  18.091677  0.087169  1.838829  0.053698
2103  615.870548  226.187630  19.566346  0.074551  2.722129  0.088836
2104  517.707645  465.971289  16.662295  0.037284  0.837995  0.050176
2105  1582.853042  32.193489  15.982272  0.079058  1.137223  0.029005
2106  932.660182  292.115648  16.194954  0.049065  0.577378  0.030846
2107  195.431223  829.954529  16.382458  0.097385  0.888713  0.040312
2108  1664.719379  276.471835  16.119797  0.061788  0.647385  0.076499
2109  261.179371  1233.576439  16.364373  0.029888  0.947701  0.041562
2110  1255.498086  2013.720107  15.414454  0.053338  0.453270  0.043700
2111  76.736938  378.867373  15.733557  0.057314  0.678615  0.030473
2113  975.090683  1584.819868  16.785598  0.054552  1.203699  0.066020
2114  1242.678531  1459.746799  19.049125  0.068460  2.344708  0.080721
2116  1409.937264  511.678592  17.596737  0.069346  1.357887  0.105621
2117  1582.391986  1269.068050  15.970054  0.028215  0.808945  0.076061
2118  2007.823958  436.844943  16.247499  0.063991  0.925023  0.053254
2120  1778.606839  1475.457354  16.730590  0.041036  0.936948  0.087939
2122  746.965795  165.801925  19.223439  0.079865  2.102172  0.150632
2123  1286.833370  1166.602794  16.233132  0.048013  0.862510  0.039471
2124  166.357131  94.115352  16.004630  0.049239  1.383508  0.063291
2125  791.678589  1759.615266  16.302066  0.049646  0.947747  0.040262
2126  675.768933  1196.566090  18.059063  0.063760  1.683657  0.119488
2127  1642.762712  98.128119  20.746080  0.354507  3.429117  0.287107
2128  1280.564142  1332.584469  17.548007  0.037378  1.512679  0.106724
2129  714.801455  186.476165  16.195518  0.043304  0.838413  0.109919
2130  1289.458375  616.953659  15.932604  0.068126  0.409439  0.049139
2131  1789.719486  1145.757053  15.341325  0.027196  0.260532  0.046307
2132  493.481753  432.133219  16.416265  0.044466  0.805415  0.045571
2133  1064.420421  291.799241  14.999557  0.057071  0.141306  0.053940
2134  1819.915003  841.389185  19.518246  0.085989  2.043221  0.181689
2135  365.708616  1254.097024  20.404430  0.113484  3.378732  0.099878
2136  315.785727  51.395375  16.316706  0.037010  1.483128  0.063427
2137  1813.190014  593.234227  16.522421  0.059270  0.804645  0.041541
2138  1698.529801  1042.581533  16.877224  0.072944  0.892608  0.032848
2139  197.959068  1805.187142  17.241439  0.083035  0.933689  0.070308
2140  1866.572458  1624.712598  17.100054  0.055355  1.594118  0.044240
2142  828.983974  1471.801629  18.099490  0.112658  1.338341  0.051233
2143  948.989121  858.600457  17.032026  0.084207  1.045183  0.082161
2144  1777.029366  1602.390785  19.322759  0.075484  2.170069  0.104972
2145  1031.550647  1364.605625  16.704566  0.034324  0.762432  0.037704
2146  559.385046  1364.640946  21.020282  0.131784  3.156231  0.132144
2147  1393.680359  1274.177567  16.163463  0.029555  0.400978  0.031886
2148  870.837997  113.020444  17.375378  0.066256  1.128907  0.054998
2149  650.526039  1248.720922  20.376867  0.091927  2.627966  0.124900
2151  1367.336992  1417.146164  16.759901  0.063670  0.935558  0.076807
2153  1312.648616  13.927822  15.535781  0.044661  -0.028250  0.052708
2154  1572.309117  1151.938191  16.778391  0.066197  0.889465  0.041254
2155  1147.963582  1932.404753  18.365164  0.078200  1.873041  0.051287
2156  1143.831022  764.133437  17.467769  0.060109  1.077090  0.052102
2157  1146.457345  145.085838  17.304515  0.044654  1.050737  0.048199
2158  1061.346169  210.677646  18.960241  0.071084  1.692000  0.183055
2159  856.617208  1627.457948  18.094159  0.047647  1.364636  0.058674
2160  1329.467393  844.871115  17.020592  0.047006  0.790280  0.075682
2161  943.294695  133.281789  20.279112  0.142177  2.709225  0.190739
2162  331.823894  446.775582  20.426605  0.089968  2.713502  0.165332
2163  1555.602493  704.275194  17.490697  0.049608  1.015188  0.086360
2164  1105.752257  2036.859946  17.239221  0.067031  0.828184  0.073838
2165  1683.986135  1759.359736  19.345906  0.065465  2.183158  0.096435
2166  1547.912653  1765.361661  18.630905  0.091868  1.458477  0.133420
2167  1320.799287  733.589434  17.483422  0.072049  1.061635  0.061272
2168  1828.477121  1134.950952  17.052780  0.076928  1.111697  0.040318
2170  897.985180  1105.861334  19.704382  0.075889  2.455561  0.125856
2171  519.417532  1198.014720  16.734003  0.035040  0.758136  0.055922
2172  1984.026939  379.378598  17.324182  0.042483  0.947919  0.095666
2173  120.628453  1191.498909  16.845292  0.036471  0.900048  0.033865
2174  1991.539291  176.593115  15.552354  0.038701  0.041697  0.053002
2176  680.523039  938.186074  18.892423  0.060439  2.090037  0.068621
2177  853.407239  1900.405838  17.114707  0.049988  1.408239  0.057139
2178  1462.331232  1762.770529  19.718756  0.158735  2.432191  0.148363
2179  1741.752170  258.455277  20.168598  0.093439  2.641868  0.212703
2180  1775.190565  735.056540  17.010985  0.046956  0.880842  0.064088
2181  1677.086772  981.022621  16.790533  0.073764  0.753597  0.036793
2182  9.123862  958.834423  19.123847  0.059898  2.100258  0.057754
2183  757.268702  924.357635  15.857224  0.066433  0.340967  0.035009
2184  185.461942  1241.861511  18.100329  0.059861  1.487331  0.080377
2185  1266.668260  93.385267  19.115356  0.107201  2.146219  0.100396
2186  561.550566  1047.673019  17.960011  0.073183  1.440723  0.090688
2187  289.133626  329.374411  16.727883  0.052578  1.056035  0.099812
2188  1436.553896  64.344344  18.568121  0.066129  1.762423  0.052066
2189  228.078982  119.341103  19.980277  0.106515  1.923445  0.119675
2191  308.891210  1213.071846  20.547723  0.193216  2.833818  0.119784
2192  1877.041543  307.874487  16.418847  0.081215  -0.055909  0.046365
2193  1922.541333  519.151593  17.474887  0.051064  0.640607  0.044506
2194  415.600546  1678.615794  18.128087  0.046233  1.288259  0.084264
2195  1963.558339  1221.191005  18.025629  0.082659  1.515475  0.096332
2196  1467.525853  1643.884892  19.959964  0.158361  2.477861  0.098883
2197  1484.047615  86.315547  20.084602  0.164599  2.396743  0.084775
2198  792.948425  1071.521531  17.817523  0.081288  1.161909  0.087030
2200  1238.949919  338.832396  17.348604  0.063994  0.826551  0.047734
2201  1480.145954  803.337301  19.937328  0.092798  2.119901  0.134380
2202  1569.097101  1474.174034  19.066142  0.106088  1.523487  0.108333
2203  232.395486  1963.617908  20.194378  0.098376  2.307923  0.171168
2208  1383.078574  1861.862686  20.205975  0.122772  2.125758  0.108441
2209  706.151070  446.642972  17.995206  0.091294  1.801267  0.074677
2210  1469.609462  201.332586  17.976947  0.068005  1.237827  0.091434
2211  1025.127954  1885.199334  17.869924  0.073312  1.746969  0.081755
2212  1438.150818  1473.047426  15.732435  0.047731  0.053409  0.031034
2214  761.685563  1107.850527  20.130467  0.329475  2.147865  0.267108
2215  741.308499  141.783356  16.741487  0.093122  0.234415  0.055872
2217  1426.404386  1207.654798  17.676036  0.058879  0.924552  0.101768
2218  151.966116  1712.202339  17.218253  0.064723  0.546511  0.040861
2219  1491.037729  1231.043189  17.754146  0.065747  1.359907  0.139816
2220  202.304305  609.860852  20.106174  0.126855  2.123318  0.197465
2221  2013.356666  302.498772  17.901101  0.118780  1.113118  0.096470
2222  648.117241  623.929181  17.331160  0.044851  0.771866  0.122913
2223  1812.566659  1487.756001  18.496745  0.052390  1.357065  0.137249
2224  734.974592  1626.808669  18.533934  0.070334  1.276778  0.151452
2225  1346.036282  1332.075513  19.174435  0.071365  1.545852  0.099185
2226  358.400976  1268.357294  18.133516  0.046729  1.263005  0.046013
2227  1692.144392  465.742678  17.749426  0.060079  0.992336  0.072050
2228  1453.931607  552.499302  17.778785  0.053824  0.990028  0.073423
2229  283.101732  471.781594  18.458563  0.048577  1.505593  0.048690
2230  132.660057  1495.518597  18.174816  0.064374  0.995453  0.065531
2232  475.671696  1079.325442  19.195146  0.074155  1.845074  0.109980
2233  1981.602205  1870.551904  18.606837  0.102975  2.706390  0.144802
2235  367.117082  305.729229  19.629917  0.110172  2.356984  0.146681
2237  1053.735343  1851.361102  17.857390  0.067539  1.197704  0.061762
2238  719.098872  1445.160000  16.428238  0.086103  0.158435  0.062438
2239  1755.301534  862.609764  18.323465  0.109360  1.221553  0.053166
2240  1704.006650  1779.026501  20.487349  0.192256  2.201497  0.142878
2242  1645.790038  94.405481  18.292224  0.055751  1.129575  0.104614
2243  1478.805034  1378.377529  20.362130  0.091426  2.369044  0.127112
2244  1464.674593  1738.000149  19.227124  0.059664  1.949526  0.144396
2245  891.341562  308.807955  20.409245  0.185257  2.594674  0.202132
2246  1960.204659  1070.431057  19.532467  0.144239  1.995884  0.101613
2247  1273.854441  1532.499980  19.507089  0.098267  1.672030  0.074720
2248  1950.294123  1567.574902  18.705102  0.113742  1.343501  0.150640
2249  1783.874815  175.863276  17.176691  0.073844  0.488531  0.074956
2250  1326.158792  1048.309081  17.427275  0.082042  0.939768  0.075319
2251  552.774572  1120.981920  17.060633  0.036543  0.453752  0.051552
2252  29.586162  372.985958  17.984805  0.107853  1.322168  0.090372
2253  266.121588  521.346748  18.511125  0.058418  1.155522  0.135536
2254  949.870568  1484.811783  18.422666  0.052000  1.422968  0.071215
2255  1235.454197  1199.645871  17.988158  0.127852  1.423662  0.049805
2256  1243.546653  310.313912  18.116856  0.065116  1.762030  0.049773
2257  501.466691  1672.953489  18.509458  0.064250  1.139260  0.083214
2258  1365.985869  329.192983  17.658385  0.047421  0.999894  0.063993
2259  1866.079945  566.102047  18.081784  0.061185  1.001574  0.057128
2260  1070.469189  768.059689  18.181331  0.133910  1.428563  0.049102
2261  95.455144  613.843507  19.842529  0.138784  1.877966  0.122544
2262  1216.777816  473.737867  19.090427  0.067299  1.238291  0.064459
2264  1816.194066  1553.562671  20.522459  0.170879  2.074484  0.114564
2265  1616.848993  1427.614216  19.222037  0.081370  1.230918  0.090816
2266  1200.360304  1565.965114  18.832318  0.168681  1.386442  0.079430
2267  1092.156591  1272.148431  18.475023  0.054545  0.944414  0.065238
2268  1051.454412  1908.828280  19.874819  0.154382  1.894100  0.102976
2269  575.816120  570.056780  20.250133  0.137944  1.989345  0.145945
2270  124.922469  1080.709014  20.469382  0.208619  1.918846  0.126613
2271  1626.820071  902.857348  19.091365  0.067423  1.278275  0.086526
2272  1944.173681  167.362546  19.962160  0.125137  1.954898  0.186526
2273  173.397734  82.449094  18.993398  0.082073  1.702941  0.149026
2274  396.057986  1389.524692  18.892365  0.125275  2.268455  0.076232
2275  569.324476  1603.618999  19.509656  0.156782  2.057275  0.091398
2276  866.086294  1886.743694  19.793486  0.125103  1.906730  0.121405
2277  876.761151  1837.618738  19.298469  0.081858  1.560871  0.098572
2278  1146.442303  1556.408887  18.705190  0.103477  1.956275  0.087140
2279  1951.548883  231.692651  19.212351  0.078297  1.420079  0.065686
2280  644.682490  326.125471  19.124457  0.122029  1.229567  0.078141
2281  820.299110  1148.426802  19.687346  0.073990  1.350775  0.140928
2282  662.539065  475.933227  19.096699  0.120644  1.983088  0.096531
2284  262.052866  1004.271999  18.615673  0.113778  1.151969  0.058017
2285  227.007665  440.369263  18.223871  0.056768  0.747740  0.055352
2286  1136.819643  1856.046784  19.527480  0.174730  1.474475  0.093229
2287  1677.985558  363.726867  19.165227  0.152099  1.275331  0.129546
2288  671.517466  1177.908087  18.864579  0.132886  1.582910  0.082795
2289  1239.278205  359.752074  18.739369  0.101430  0.927231  0.080192
2290  534.284627  162.113647  20.945113  0.240119  2.823243  0.253803
2291  428.700699  754.574625  19.257534  0.103208  1.412711  0.132272
2292  438.976877  196.447158  18.895990  0.074301  1.330523  0.134202
2293  98.074791  174.618594  18.050541  0.070455  0.671120  0.052540
2294  1030.206390  1026.277768  19.372304  0.118890  1.282588  0.113331
2296  391.859447  501.837806  19.008457  0.075664  1.419621  0.136154
2297  253.796584  1097.475219  19.041085  0.187499  1.317039  0.188222
2298  1573.101381  1737.260203  18.187293  0.148488  0.891130  0.046922
2299  1449.385367  55.546576  20.184221  0.107623  2.045637  0.150498
2300  506.661571  44.179259  19.246865  0.119963  1.841324  0.103386
2301  43.699971  1482.297906  18.671158  0.097696  1.175104  0.051685
2302  1071.957841  150.527372  19.473418  0.107559  1.613367  0.190228
2303  154.562222  868.154862  19.683095  0.204597  1.725243  0.169059
2304  693.473360  1004.466944  19.473135  0.121656  2.524461  0.091520
2305  2026.389816  694.459193  19.492616  0.081229  1.360080  0.147946
2306  1480.561533  301.393536  19.235774  0.074647  1.656670  0.061594
2307  848.616068  1116.443412  18.721033  0.068711  2.081784  0.099112
2308  390.324365  998.991239  17.541459  0.055586  0.565606  0.077020
2309  256.469442  463.750833  20.582743  0.114546  2.227997  0.131282
2310  479.394783  322.967488  19.448903  0.063861  1.595060  0.141306
2311  384.486030  967.111495  17.813649  0.064420  0.708092  0.047394
2312  1223.164531  909.653351  20.637195  0.104172  2.264079  0.142902
2313  653.687934  272.938519  19.028651  0.070065  1.268017  0.118822
2314  1225.613000  684.084070  19.482887  0.115665  1.886614  0.108228
2316  1871.260176  1643.758786  19.804759  0.102832  1.581094  0.086311
2318  697.384706  1006.992524  19.330101  0.143390  1.753397  0.104085
2319  1920.285263  1106.995494  19.051881  0.094555  1.412070  0.111234
2320  1957.689973  1252.007379  18.864542  0.120790  1.754768  0.106413
2321  1353.527371  692.393973  19.311490  0.152558  1.269088  0.101676
2322  544.233839  1106.881944  20.367352  0.134308  2.258839  0.135699
2323  1558.611837  775.715325  19.399450  0.068088  1.551143  0.151531
2324  1538.872000  1184.807569  18.183631  0.056555  0.924006  0.045150
2325  362.366216  1537.796768  18.514325  0.094587  1.084393  0.057045
2327  111.082771  1115.005595  19.392200  0.169028  1.810905  0.082506
2328  1282.394458  1471.727974  19.158035  0.119060  1.207614  0.073598
2329  1678.061571  86.181561  19.104240  0.116700  1.922266  0.140747
2330  2007.553718  1667.556067  17.647164  0.057694  0.519286  0.075367
2331  103.940828  12.902320  19.225026  0.124015  2.275319  0.113197
2332  712.430453  976.341092  19.583055  0.083067  1.682805  0.144483
2333  538.718783  1993.372812  19.686717  0.143224  2.772521  0.106575
2334  1611.763156  740.196124  18.085992  0.044949  0.790419  0.102361
2335  1491.564184  1683.513155  19.537688  0.121045  1.571447  0.096133
2337  539.348804  713.623976  19.224521  0.083310  1.288782  0.096025
2338  17.933200  504.455638  18.476223  0.062351  0.899147  0.103460
2339  1523.213757  601.046867  17.049047  0.061088  0.380790  0.061303
2340  605.671932  1547.144432  18.123923  0.049398  0.658086  0.052518
2341  308.682647  1393.024302  19.982810  0.082213  1.648932  0.141679
2342  1371.909754  920.491312  19.343322  0.142998  1.310838  0.146891
2343  1208.862466  1128.086539  18.251738  0.149450  1.318294  0.084077
2344  1218.542597  1253.309932  19.943212  0.079058  1.731819  0.179158
2345  1540.942724  1902.791522  19.385045  0.145654  1.439185  0.071572
2346  1383.891085  9.975734  18.832803  0.054444  1.127796  0.060831
2348  528.767780  1562.514776  19.532415  0.127182  2.261547  0.178365
2349  445.175978  1676.353985  18.020309  0.094228  0.501906  0.078541
2350  121.223807  647.407189  20.414493  0.101058  2.174446  0.111804
2351  1188.076999  931.621389  19.346515  0.108574  1.705001  0.136835
2353  1875.612390  642.718641  19.900458  0.158235  0.708454  0.241232
2354  1306.576896  996.197041  18.828256  0.094077  1.022672  0.064675
2355  1291.605932  1179.942998  19.184070  0.124490  0.860521  0.099532
2357  751.937651  1209.803982  18.073429  0.078947  0.323419  0.110682
2358  664.954808  1632.370667  19.239934  0.065096  1.120661  0.061772
2360  868.052749  1721.495175  20.312132  0.094763  1.814253  0.166698
2361  1248.694003  676.120914  21.016446  0.195367  1.470883  0.194907
2362  157.036166  6.159243  18.316283  0.080254  0.308000  0.052758
2363  1298.422428  1574.927218  18.862960  0.100898  0.653257  0.122805
2364  1192.438265  458.668485  19.174189  0.060470  0.883217  0.129885
2365  1895.941485  1545.179628  19.977473  0.240250  1.691775  0.209902
2368  534.694172  1658.046363  19.678155  0.139931  1.398402  0.202744
2369  512.991289  1885.729699  18.438180  0.092657  0.410421  0.076184
2370  1149.940052  1359.508636  19.968091  0.127147  1.729307  0.102862
2371  1191.999154  894.643723  20.859160  0.162957  2.288450  0.110952
2372  1173.309951  548.546648  19.696277  0.079276  1.647017  0.111446
2373  1158.796561  1919.802666  19.451534  0.121056  1.244710  0.130523
2375  1212.842336  1304.192332  18.988822  0.158230  0.979081  0.141639
2376  37.762833  369.550226  19.747158  0.087836  1.800362  0.070311
2378  1650.531071  1566.817268  20.294857  0.156557  1.563794  0.103443
2379  2024.031655  1611.763342  20.016041  0.078362  1.451485  0.089618
2380  1435.256262  1696.009392  17.760117  0.109386  0.168960  0.100315
2382  1998.266265  791.714691  20.254107  0.150085  1.641293  0.168289
2383  275.139562  1880.637227  19.530224  0.162051  1.374894  0.106775
2384  632.767737  816.931848  19.923178  0.092283  1.477122  0.117018
2385  1769.277528  1792.610423  19.865768  0.123639  1.366787  0.105835
2386  1404.671841  1586.124338  19.563016  0.184278  1.124702  0.138308
2387  742.335226  924.063495  19.951203  0.193362  1.739537  0.083517
2388  63.767129  1588.103177  19.952221  0.089393  1.153083  0.116904
2389  1814.746586  1421.915812  20.159951  0.121455  2.209329  0.157911
2390  390.057549  654.775160  17.835417  0.039671  0.029534  0.142645
2392  1855.889400  827.992431  20.195183  0.142279  1.885661  0.087307
2396  1820.601134  1070.113708  20.218249  0.094631  1.665385  0.137602
2397  1861.368133  709.729831  20.332627  0.247803  1.698964  0.116006
2400  63.715705  867.940035  20.267198  0.180150  1.457256  0.139480
2401  1272.196405  158.093396  20.894072  0.099037  1.536855  0.113964
2402  406.012022  938.047904  20.627466  0.384883  2.292071  0.129093
2405  1244.528839  399.699753  20.462438  0.199448  2.242373  0.162763
2406  1136.677624  1256.160080  20.121525  0.110813  1.461721  0.173050
2407  604.669946  1277.863938  20.968219  0.231465  2.512806  0.385959
2409  656.727327  28.841038  19.681085  0.195493  1.269329  0.104782
2410  1661.987700  471.592606  20.018831  0.119940  1.469559  0.143843
2411  611.131156  835.281702  20.212784  0.115115  1.512687  0.137235
2412  780.993023  230.002439  19.683382  0.307045  2.014366  0.095128
2413  102.186577  1237.927845  19.896792  0.168645  1.805166  0.144967
2414  260.514441  141.285199  19.043219  0.086788  1.178219  0.166054
2416  180.051371  1299.221754  17.584279  0.052227  0.129545  0.039093
2417  1784.063672  1021.881262  17.589995  0.092242  0.282789  0.082429
2418  1321.732141  868.939328  19.593763  0.127731  1.263866  0.084144
2420  799.375749  1370.463007  20.044519  0.177892  1.368980  0.142346
2421  541.162457  1720.343797  20.479822  0.120047  1.429522  0.112562
2422  1405.794659  298.246650  18.981912  0.081480  1.014318  0.103830
2423  1592.847383  1211.873096  19.377392  0.121049  2.250854  0.191043
2426  1453.696310  1104.814376  20.314068  0.223505  2.016022  0.086269
2427  638.689432  1424.162107  20.014067  0.127540  1.283000  0.079999
2428  1184.736539  538.432261  19.995138  0.079315  1.669427  0.086745
2429  1028.972834  940.472602  20.027707  0.161588  1.757205  0.164761
2430  1446.409203  183.076797  20.257652  0.145772  1.739686  0.100295
2432  1940.446035  1511.415548  19.519891  0.246462  1.513869  0.123844
2433  1646.798210  1304.581282  20.159784  0.098575  1.902887  0.102039
2434  1276.711807  884.430478  20.472962  0.183826  1.597711  0.151832
2437  1528.430019  589.994136  18.224979  0.054293  0.394720  0.080356
2438  1414.415301  1321.209835  20.313653  0.269847  1.927703  0.211099
2440  59.339432  293.033305  19.756712  0.116930  1.278384  0.077695
2441  730.996831  471.938078  20.590707  0.129542  2.088033  0.292735
2442  315.895758  1196.494017  19.622353  0.145362  1.477565  0.128322
2443  272.048568  380.601244  20.113826  0.120275  1.600627  0.081316
2444  1498.442105  127.546581  20.447108  0.157265  1.937502  0.115694
2445  1867.872396  1652.665570  20.664818  0.151953  1.994438  0.270307
2446  1057.426073  797.622151  21.055418  0.201627  1.856169  0.235146
2447  1603.801937  674.162917  19.476150  0.096598  1.346793  0.129967
2448  1481.971397  263.788692  18.442178  0.099734  0.547161  0.053855
2449  320.692592  1041.814577  20.356269  0.192858  1.725157  0.089833
2450  724.140654  206.327468  20.261420  0.118218  1.460485  0.096061
2451  745.840435  1481.150118  19.665671  0.117386  1.610978  0.167492
2452  1971.742655  1787.603352  19.766098  0.166475  0.982211  0.231989
2453  690.629753  1069.549198  19.669335  0.101846  1.542563  0.099042
2456  556.451941  1322.677775  20.159927  0.163649  1.452148  0.131228
2457  1219.839568  1960.142545  19.316918  0.238089  1.315988  0.092847
2458  560.719088  98.806201  20.986523  0.145514  2.682651  0.361637
2459  339.427610  1147.276550  19.042796  0.081782  1.004050  0.054412
2460  1111.314194  156.736373  20.030993  0.074428  1.087841  0.194455
2461  1101.539192  1885.567914  20.999231  0.163124  1.831310  0.177081
2462  589.926033  328.348956  20.252254  0.099191  1.642902  0.148995
2463  1157.341390  1555.490926  19.514229  0.085851  1.955419  0.067178
2465  1898.541661  1626.394809  19.632927  0.091637  1.124970  0.185235
2466  32.932579  172.681786  20.602466  0.190603  1.876321  0.169163
2467  803.669102  970.572683  20.482749  0.159617  2.833204  0.095702
2468  2024.355392  71.848409  20.355377  0.087748  2.002674  0.140036
2470  563.733929  1049.201845  20.477616  0.147254  1.566059  0.159100
2471  1813.532754  1764.342103  20.259780  0.181522  1.805385  0.083105
2472  716.899271  8.132118  20.681953  0.177644  1.378703  0.228592
2473  332.363697  1781.094412  20.937051  0.116777  1.754896  0.214673
2474  99.966735  799.593256  21.226392  0.239504  2.006491  0.124659
2475  1768.874473  1058.643189  20.036054  0.121328  1.165617  0.079366
2478  1572.270841  493.002894  19.754889  0.135777  0.637252  0.126427
2482  253.562368  296.325234  19.893221  0.122795  0.896400  0.142524
2487  293.572818  1250.051863  17.859178  0.045213  0.042744  0.096193
2488  1939.816362  1471.281232  20.733845  0.182129  1.691908  0.243139
2489  1411.329847  565.868073  20.615510  0.139121  1.597479  0.119587
2496  592.124040  76.879657  20.706276  0.111249  1.391871  0.137681
2497  893.653683  83.777736  21.008148  0.129021  2.221766  0.261963
2499  1298.262328  48.039050  20.346997  0.083705  1.138717  0.104087
2503  974.525693  53.197206  20.392828  0.312046  1.435436  0.115323
2505  1632.301571  1494.872876  21.067672  0.110792  1.771242  0.119179
2510  117.334108  1702.696010  21.385342  0.250853  1.632372  0.120935
2511  244.930933  128.942103  20.941226  0.215179  1.954486  0.318664
2512  627.380115  1472.962722  18.094803  0.063977  0.137309  0.103652
2515  580.517467  147.594561  19.585346  0.141105  0.896343  0.072838
2516  1476.094881  885.163822  20.696702  0.193841  1.731565  0.181668
2521  699.597239  7.805942  21.327058  0.212033  1.891612  0.310382
2522  1989.083554  1078.759081  20.287802  0.272403  1.389474  0.200935
2523  1636.084437  960.223927  20.836115  0.230372  3.150028  0.206579
2525  920.910930  603.357499  20.667097  0.275816  1.899117  0.154580
2530  1365.072400  473.267992  20.553436  0.113261  1.430915  0.178276
2534  1437.984899  108.707788  19.876857  0.080391  1.165707  0.109552
2536  1594.978413  110.081799  18.589695  0.106249  0.557640  0.097749
2540  408.936830  108.993652  19.266018  0.109681  0.621988  0.092433
2542  1585.315984  214.734401  18.323086  0.113032  0.017318  0.107397
2543  1113.109281  1237.241864  20.670047  0.222328  1.485681  0.174333
2546  1896.194814  522.062750  20.345430  0.170329  1.585803  0.185880
2549  575.289515  1327.034153  20.699792  0.181128  1.826120  0.163401
2550  1934.642868  1968.986698  20.900598  0.187298  1.587106  0.147718
2551  1947.753663  938.948860  20.088043  0.231848  1.232376  0.104941
2553  99.145506  1486.193650  19.754744  0.082061  0.881733  0.076577
2557  10.310182  1326.592534  20.532726  0.096302  1.428768  0.101689
2558  1407.924147  172.262197  20.030833  0.077209  1.185436  0.120789
2559  1674.167247  706.808370  19.087875  0.082144  0.630101  0.102391
2564  1180.423648  1057.281186  20.609026  0.202298  1.723891  0.091317
2566  1245.361418  725.843369  20.750185  0.430852  1.716393  0.187543
2567  1804.673962  1041.060297  20.696332  0.263198  1.103580  0.228564
2568  121.625041  2017.105979  19.726137  0.114701  0.882427  0.114542
2572  989.381522  1123.499467  20.948865  0.105641  1.949380  0.202532
2581  1738.082335  1702.406184  20.256730  0.119911  1.277491  0.164495
2583  539.712682  1806.914873  19.765703  0.093618  1.095407  0.085098
2584  890.458896  388.680793  21.428297  0.290896  1.671753  0.150697
2587  746.707325  2037.017727  20.795508  0.145031  1.535169  0.150463
2588  1093.874407  1129.301732  21.189166  0.150972  1.758684  0.174193
2592  421.077801  1706.044247  20.655027  0.261588  1.596413  0.242762
2593  704.422256  566.306071  20.513056  0.246254  2.220960  0.174711
2594  247.090858  882.625612  18.818148  0.107883  0.143417  0.134393
2595  916.499048  1996.179672  20.320467  0.118795  1.128384  0.153892
2599  1382.253179  1950.533873  20.441924  0.320780  1.282638  0.167363
2600  1426.559915  1845.359677  19.686787  0.096543  1.203280  0.102847
2601  920.465569  172.813363  20.835764  0.149430  1.291414  0.162629
2602  1908.427342  1201.263928  20.225192  0.144938  1.422457  0.175939
2605  642.482540  1071.949301  21.016273  0.180560  1.592218  0.301814
2606  1719.005497  772.456390  21.036398  0.111921  1.579939  0.238703
2608  1236.613072  987.947061  19.357403  0.098651  0.869756  0.112477
2609  593.908705  1291.330405  19.143257  0.132117  0.764472  0.072951
2610  495.793492  148.664196  20.798522  0.214420  2.394196  0.173231
2612  867.404696  997.044714  20.462240  0.241348  1.486927  0.120391
2616  2034.025978  665.120256  20.418843  0.098187  1.343268  0.164451
2617  97.965128  1593.630926  20.731378  0.093525  1.530683  0.130894
2620  1742.735191  33.365307  20.373647  0.145902  0.658083  0.206344
2628  2016.666247  137.969371  19.453219  0.111933  0.775432  0.144564
2630  832.915100  432.655827  21.110767  0.231391  2.055134  0.199448
2633  1412.999342  45.617340  20.808606  0.217465  1.487551  0.138397
2636  147.450329  283.717289  20.196609  0.095493  0.929104  0.166522
2640  560.055022  759.195666  21.726006  0.319985  1.593006  0.255202
2645  208.818194  916.294748  20.708895  0.202256  1.142372  0.113624
2664  1169.214130  871.391579  20.826026  0.208981  1.204529  0.245707
2666  996.371635  1025.431363  19.830850  0.166399  0.694450  0.126987
2670  1236.010152  1565.195254  19.919760  0.216566  1.083523  0.165100
2675  1994.791366  1287.921202  20.321711  0.146524  0.529125  0.199327
2676  1847.110125  1391.398352  19.652812  0.220369  0.743586  0.177214
2679  674.179329  426.662402  19.853775  0.118953  0.804677  0.101854
2680  1262.280578  495.754375  19.800027  0.088122  0.497265  0.088063
2681  1053.651579  451.787993  19.172750  0.141287  0.381104  0.151712
2686  670.172577  462.666035  20.647225  0.124545  1.468783  0.103466
2687  1682.865547  1204.126325  19.082723  0.183763  0.089939  0.150183
2691  800.288721  85.365400  20.483111  0.190590  0.775359  0.259139
2696  555.340322  1878.746115  21.539543  0.144351  1.917384  0.203425
2698  1718.759223  618.400990  20.702592  0.097372  0.951058  0.192442
2699  683.349217  1292.786442  19.556533  0.070018  0.509333  0.065954
2700  716.269611  1705.989819  19.252160  0.080200  0.389005  0.157181
2701  714.184196  1385.774500  20.611042  0.314959  0.665861  0.144641
2703  794.783520  301.045589  20.263541  0.142112  1.140499  0.100276
2717  257.301847  948.355537  20.297327  0.156213  0.758195  0.101906
2719  1737.896535  519.120568  20.360942  0.287772  0.510189  0.157020
2722  460.880876  456.951395  19.458533  0.077375  0.675411  0.173228
2723  1587.772690  447.585837  20.022865  0.143730  1.148048  0.090933
2724  287.432551  1449.077404  20.132923  0.096594  1.084757  0.088370
2731  754.742929  1876.754005  21.368998  0.247146  0.531673  0.306265
2732  748.614411  85.441969  20.733268  0.114763  0.964313  0.109313
2737  225.584717  1343.540758  21.091082  0.213046  1.151730  0.230953
2746  1955.330961  692.613499  20.536846  0.098234  0.533044  0.209486
2747  1267.252696  1040.383674  20.270260  0.102860  0.496793  0.222139
2750  1587.858259  1306.404243  19.967044  0.084216  0.448990  0.125819
2756  1363.179484  1777.914598  20.523905  0.120967  0.921000  0.124739
2764  1294.561391  1418.401505  21.157127  0.107453  0.287700  0.106735
