# id  x  y  V  eV  BV  eBV
17  955.522294  1005.166940  21.060562  0.346295  1.673316  0.225811
116  920.237609  1037.918659  20.899596  0.285783  1.435108  0.153610
117  1014.320456  1110.204047  21.349070  0.364021  1.596533  0.126060
123  1021.445427  1035.825603  21.062228  0.262930  1.378698  0.220103
142  1009.191629  1078.835896  21.085523  0.189100  1.233990  0.179302
144  972.683346  908.518584  21.001662  0.453257  1.781853  0.236545
167  1146.956964  1044.772966  21.161781  0.234499  1.415134  0.241561
170  936.259195  1134.769828  21.004728  0.339023  1.453026  0.160208
172  930.878341  1053.571092  20.612924  0.341994  1.564190  0.164974
180  1035.191562  1047.388099  21.129407  0.198857  1.256719  0.224163
184  1006.282199  978.064773  21.340516  0.196296  1.806737  0.238836
186  1045.635133  1102.662205  21.167406  0.156153  1.624876  0.164499
191  1115.158364  1134.049321  20.977352  0.159382  1.694168  0.167612
193  1189.004063  923.162890  20.939990  0.284306  1.610930  0.283215
198  957.235610  1019.443057  21.200308  0.260014  1.432315  0.154015
1103  1071.054213  1117.753487  20.889500  0.116678  1.247742  0.168674
1106  1041.858601  1075.057132  20.845340  0.134423  1.420842  0.160126
1107  995.426857  1016.479683  20.854708  0.166987  2.158781  0.232497
1108  993.218028  925.997384  21.141895  0.236015  1.569904  0.199138
1111  941.181993  1059.590574  20.574977  0.182087  1.514646  0.201851
1112  937.340928  1021.617172  21.095057  0.237127  1.434984  0.141395
1113  986.042675  1058.580664  20.868484  0.111597  1.790146  0.198485
1114  1092.864307  1064.724193  21.035758  0.136575  1.713456  0.114244
1118  1017.480376  927.895552  21.173979  0.271503  1.526758  0.161513
1120  1150.381486  1115.787264  20.698156  0.133958  1.340843  0.273259
1122  959.481078  1073.606431  20.839637  0.131835  1.336691  0.171951
1123  933.469491  1079.709778  20.628098  0.168346  1.585390  0.140680
1124  886.483599  1051.315896  20.303600  0.168534  1.516457  0.183365
1125  1022.711255  855.867720  20.498921  0.111759  1.455562  0.157070
1126  1055.508398  1008.953364  20.674985  0.106205  1.791317  0.146010
1127  1195.841638  1038.130749  20.644265  0.269352  1.474531  0.169872
1128  1038.382490  1182.116659  20.550880  0.115653  1.536307  0.143263
1129  1138.731602  1076.487496  20.578129  0.111303  1.587843  0.106518
1130  976.705823  1045.668966  20.529625  0.246245  1.481929  0.113542
1131  998.480261  984.826204  20.495749  0.192160  1.435644  0.161513
1132  987.850711  1040.219730  20.428202  0.107022  1.569261  0.200397
1133  1119.432745  998.596342  20.742584  0.140108  1.378395  0.106424
1134  1042.847764  954.009190  20.757084  0.191998  1.466682  0.177505
1135  872.367186  986.837545  20.473067  0.194668  1.631117  0.104137
1137  1074.871480  1095.954432  20.688851  0.124050  1.615234  0.106026
1139  1125.167985  906.470625  20.519559  0.095020  1.566883  0.249797
1140  1039.410237  1152.175964  20.164606  0.131958  1.687545  0.092893
1141  1014.633124  1101.688975  20.682950  0.113614  1.592478  0.097409
1142  848.640696  922.381701  20.585513  0.219586  1.583479  0.127911
1143  1215.845294  1001.622323  20.137090  0.373416  1.470096  0.127496
1144  1093.195653  979.884544  20.639605  0.124821  1.531666  0.277075
1145  1178.481725  1038.101156  20.226008  0.250009  1.480414  0.281511
1147  1032.470774  991.988531  20.480890  0.098065  1.494731  0.101628
1148  1054.325883  892.645540  19.977915  0.157014  1.290204  0.150305
1149  1043.349852  1075.198116  20.313783  0.298632  1.378655  0.156008
1150  881.973473  990.782976  20.365694  0.097094  1.655166  0.156449
1152  1010.080174  1149.919990  20.208449  0.214139  1.608806  0.102328
1154  993.042719  900.781937  20.559460  0.111137  1.460904  0.140042
1155  1040.153989  918.720614  20.458702  0.107691  1.309916  0.169129
1156  1133.696573  1003.976151  20.500650  0.143617  1.317838  0.121231
1157  1055.015424  936.403538  20.635127  0.106819  1.516494  0.156424
1158  1021.593661  959.193027  20.557664  0.094881  1.297790  0.208458
1159  976.533115  1096.660869  20.659987  0.165226  1.390737  0.150863
1160  1049.368207  887.969833  20.314634  0.214395  1.705835  0.144929
1161  1008.160358  1114.596721  20.801992  0.263345  1.764640  0.151840
1162  903.971553  1092.543754  20.099477  0.153956  1.769691  0.174704
1163  1080.192758  983.468216  20.709598  0.212554  1.705603  0.116127
1164  1103.303066  1057.668669  20.302156  0.166182  1.646425  0.095433
1165  983.344620  1113.743790  20.317853  0.136526  1.652959  0.194030
1166  1072.860692  1170.327818  20.361930  0.126608  1.491325  0.165417
1167  967.938703  859.259126  20.542311  0.195968  1.576861  0.197991
1168  982.019502  1005.367808  20.269727  0.135470  1.355144  0.139839
1169  920.917668  927.625728  20.125179  0.232501  1.739645  0.230498
1170  1009.700659  1121.333228  20.281015  0.141287  1.719648  0.148893
1171  939.488215  1015.922708  20.451043  0.099169  1.439500  0.113544
1172  970.995323  1228.111176  20.584969  0.210071  1.539959  0.184465
1173  1104.055603  1064.894321  20.341489  0.128525  1.655626  0.178928
1174  961.443451  948.910060  20.450652  0.140437  1.602572  0.178759
1175  1047.930184  947.450163  20.403745  0.109725  1.322987  0.126114
1176  1054.890639  1079.623475  20.078428  0.138640  1.578522  0.085445
1177  908.283597  1193.460859  20.281626  0.193283  1.493130  0.141691
1178  1010.549985  976.550666  20.165636  0.136706  1.775817  0.089621
1179  1072.243814  1181.088932  20.425009  0.097860  1.750054  0.174096
1180  1083.031921  1090.059182  20.227524  0.202918  1.878197  0.246989
1181  1061.416858  1141.230162  20.246626  0.094724  1.392482  0.213709
1182  1025.609748  1011.658977  20.351091  0.184662  1.600066  0.148850
1183  973.228646  1021.054321  20.312259  0.087422  1.784886  0.161304
1184  1027.215524  1083.106591  20.213083  0.101119  1.407940  0.236636
1185  945.307279  1029.561344  20.592987  0.141921  1.398871  0.120332
1186  959.143158  1103.416320  20.237171  0.176965  1.664955  0.169313
1187  1033.727119  1101.903196  20.373019  0.091873  1.396957  0.085216
1188  1094.267105  943.669821  20.494112  0.151251  1.956790  0.256292
1189  1020.577997  1062.333870  20.346202  0.219535  1.659231  0.102192
1190  1132.144865  1065.368289  20.364619  0.135759  1.377094  0.153140
1191  961.927700  886.320435  20.599001  0.139208  1.479045  0.133558
1192  958.230508  888.851702  20.286400  0.185292  1.602662  0.096771
1193  1010.150605  1036.448748  20.267702  0.082941  1.501335  0.215117
1194  1016.211927  882.982666  20.428455  0.274155  1.290687  0.170163
1195  850.596844  979.767849  20.117300  0.096843  1.435438  0.090275
1196  834.427474  996.354785  20.411239  0.158115  1.686427  0.167777
1197  1047.633572  1036.197356  20.129335  0.128496  1.946872  0.260925
1198  946.898022  978.773852  20.386152  0.208807  1.417813  0.096319
1199  996.800307  924.557394  20.167522  0.202202  1.484080  0.113108
1200  1031.308800  939.825254  19.969735  0.186726  1.246837  0.173750
1201  1136.190935  969.503437  19.879316  0.180480  1.315846  0.149312
1202  1044.342313  1040.385208  20.226791  0.089532  1.405684  0.148765
1203  964.945777  1161.096806  20.134589  0.100666  1.762333  0.263685
1204  966.561772  1137.272955  20.324033  0.146053  1.476308  0.219931
1205  897.196995  1011.127583  20.239823  0.106152  1.672796  0.096675
1206  1069.337661  967.878513  19.817925  0.141182  1.410681  0.089081
1207  988.413276  1001.958625  19.954035  0.238586  1.591637  0.079768
1208  1239.539159  1094.894428  20.119455  0.078855  1.494042  0.121945
1209  954.402263  989.653873  19.989250  0.177922  1.181558  0.210031
1211  946.275226  1040.346685  20.165002  0.175782  1.687860  0.160983
1212  967.067894  1162.362184  20.018846  0.088303  1.478638  0.087503
1213  987.830231  1136.545526  19.918845  0.149645  1.577931  0.193773
1214  982.133821  988.778844  19.855173  0.142894  1.786494  0.242300
1215  1101.817098  1146.796298  19.987933  0.092355  1.437312  0.145240
1216  1119.804416  906.777723  20.172304  0.096393  1.326153  0.127610
1217  1019.225395  903.895142  20.156682  0.091163  1.221853  0.176276
1219  1082.179195  943.080837  19.918081  0.115987  1.430524  0.157009
1220  984.213975  991.018578  20.296150  0.167470  1.278260  0.129411
1221  1238.507643  1145.927741  20.108791  0.187889  1.637296  0.162106
1222  867.433533  1019.317248  20.054131  0.128775  1.393417  0.148031
1223  1121.785876  1136.964567  19.771532  0.123248  1.465934  0.093355
1224  906.377052  1077.993902  20.121420  0.146065  1.356062  0.139357
1225  1085.382328  1112.781763  19.953269  0.088573  1.441733  0.128730
1226  853.004227  1000.003133  19.797749  0.099379  1.300433  0.196294
1227  1130.511892  873.326510  19.920957  0.090948  1.564143  0.101536
1228  1073.768325  1051.716116  20.053265  0.133695  1.578881  0.117809
1229  1034.729349  1085.863670  20.140348  0.141341  1.518282  0.084840
1230  933.788344  1091.067986  19.907659  0.137062  1.552570  0.077487
1231  919.918797  955.399946  20.482666  0.169874  1.665525  0.141681
1232  1102.997750  927.216148  19.857841  0.123243  1.644286  0.090055
1233  982.495683  1031.670784  19.994400  0.134598  1.453793  0.115949
1234  877.111112  975.993180  19.947752  0.113802  1.603152  0.122379
1235  1180.288348  909.733949  19.852285  0.117225  1.330152  0.088572
1236  940.377211  1115.043308  19.461046  0.244450  1.270658  0.102307
1237  952.943636  928.826348  19.684780  0.138629  1.311935  0.177153
1238  1000.097423  913.516933  20.069992  0.112937  1.958578  0.207336
1239  961.046364  1021.221970  19.942975  0.218030  1.438230  0.091793
1240  969.236541  1153.808773  19.979370  0.155488  1.035724  0.193154
1241  1008.160440  1125.860413  19.881638  0.126993  1.407363  0.076918
1242  1103.646413  1140.760678  19.866109  0.177629  1.132665  0.176189
1243  1040.615731  1042.954977  19.753230  0.108143  1.327439  0.193819
1244  1124.635075  992.360694  19.766177  0.095423  1.567701  0.075098
1245  1037.646459  1078.481244  19.981988  0.095012  1.523966  0.126984
1246  964.051251  1032.124314  19.860523  0.179880  1.469512  0.205121
1247  1008.917094  925.190308  19.725758  0.160927  1.343557  0.140092
1248  989.288509  1065.587261  19.731598  0.079487  1.357785  0.144492
1249  950.357381  1062.197350  19.791749  0.103725  1.464135  0.072726
1250  1109.452636  1127.239434  19.776644  0.102009  1.393857  0.108795
1251  1112.188150  1020.023235  19.771089  0.128160  1.584560  0.148351
1252  1041.819771  982.166016  19.845398  0.121793  1.705338  0.165924
1253  1055.996744  1058.818806  19.705311  0.124096  1.469486  0.124289
1254  1128.248033  1132.314583  19.578956  0.233488  1.291658  0.080850
1255  922.881925  1177.901588  19.938857  0.081189  1.485452  0.134369
1256  1103.347937  900.313477  19.737656  0.114705  1.318607  0.090781
1257  1062.164050  1018.347540  19.845624  0.094812  1.431981  0.083289
1258  961.115156  997.240156  19.893753  0.165015  1.351444  0.136888
1259  1005.109944  1003.071222  19.803720  0.074619  1.475309  0.113543
1260  943.521260  1053.020836  19.836578  0.191678  1.600650  0.070521
1261  1112.267940  1035.652465  19.821655  0.152854  1.497741  0.080371
1262  1025.846927  929.911706  19.755239  0.252397  1.128819  0.166950
1263  1008.748687  989.742776  19.643701  0.091992  1.674184  0.079625
1264  967.532360  1085.613629  19.707588  0.173394  1.110712  0.274416
1265  1092.250808  978.418852  19.614607  0.075339  1.359278  0.088173
1266  997.066506  1026.130739  19.646326  0.195141  1.522142  0.099159
1267  1074.266051  1000.493240  19.820952  0.152992  1.300561  0.107817
1268  1113.609421  1055.923323  19.730071  0.135000  1.549379  0.142308
1269  954.024653  1097.767690  19.570359  0.085298  1.364767  0.147716
1270  1041.700454  987.561902  19.628439  0.161544  1.426738  0.138591
1271  1052.661596  820.080230  19.922973  0.150928  1.357864  0.107130
1272  1006.380646  986.549780  19.516602  0.095479  1.326277  0.119369
1273  1122.364396  972.525179  19.718654  0.157417  1.310019  0.111928
1274  1093.395763  1010.536161  19.635782  0.139611  1.709858  0.177730
1275  1160.535532  1079.023555  19.733369  0.086665  1.381843  0.085071
1276  1037.759365  930.706145  19.740160  0.155533  1.449345  0.098685
1277  1148.115231  924.455178  19.342762  0.175901  1.409622  0.112758
1278  1092.512072  1112.996475  19.722116  0.131041  1.635124  0.102764
1279  905.648415  970.381025  19.468072  0.066245  1.454698  0.089133
1280  971.809055  909.572485  19.457695  0.097457  1.680741  0.171279
1281  997.275156  1093.453824  19.569981  0.072891  1.652106  0.095529
1282  876.896399  1168.106701  19.604393  0.146533  1.887829  0.193602
1283  1067.912950  1005.710438  19.595329  0.065432  1.426072  0.124473
1284  1106.584883  1080.590152  19.441202  0.076580  1.308509  0.124433
1285  991.201956  942.074593  19.410003  0.120719  1.765023  0.150016
1286  911.003054  1087.857152  19.568176  0.095048  1.431302  0.071231
1287  1024.636928  1048.364196  19.692761  0.145397  1.478588  0.195273
1288  972.379300  919.261450  19.589927  0.112413  1.441652  0.086742
1289  1034.862264  890.608886  19.465000  0.068388  1.474605  0.073963
1290  1005.169234  1019.949404  19.348674  0.072850  1.558667  0.253908
1291  921.493258  1039.685693  19.507649  0.094235  1.457846  0.104729
1292  861.327380  941.718651  19.286634  0.138757  1.193954  0.133225
1293  1115.638948  917.331087  19.639138  0.165866  1.607548  0.216573
1294  931.747369  1070.661100  19.368301  0.075082  1.398098  0.089474
1295  1091.820524  1047.207793  18.904667  0.145261  1.479814  0.094924
1296  961.669755  890.659389  19.319801  0.185441  1.450638  0.160288
1297  926.371369  1024.303575  19.553652  0.091377  1.643263  0.152063
1298  1033.186263  1142.330081  19.317409  0.129448  1.503266  0.078921
1299  1071.181517  1028.471091  19.125572  0.164804  1.436797  0.076838
1300  1039.406879  1156.261601  19.341010  0.092045  1.402888  0.144210
1301  1030.988554  941.800387  19.391523  0.092014  1.707970  0.104725
1302  981.140070  1009.836769  19.247337  0.077172  1.434566  0.092801
1303  1093.321953  978.444042  19.476968  0.077246  1.406550  0.134672
1304  959.960678  985.529344  19.355155  0.144595  1.448404  0.070753
1305  1043.186586  1092.306903  19.446538  0.102044  1.435999  0.127770
1306  1186.397123  1051.865313  19.381846  0.105513  1.322756  0.119954
1307  1241.139569  1009.491354  19.347623  0.113456  1.672836  0.169853
1308  1025.711739  1041.068257  19.490435  0.137231  1.500585  0.082821
1309  1056.577229  1025.467617  19.416593  0.074351  1.282080  0.097037
1310  1129.022259  962.092687  19.363710  0.110524  1.321437  0.101271
1311  925.764035  980.021637  19.556042  0.214472  1.208294  0.121244
1312  990.223462  1138.570015  19.552696  0.110265  1.342608  0.133883
1313  1083.391816  1103.563346  19.391667  0.066287  1.457934  0.066520
1314  979.336704  1154.547180  19.076612  0.162384  1.740207  0.136713
1315  1120.280760  1100.692951  19.254303  0.183707  1.394032  0.068816
1316  995.349873  871.433667  19.348926  0.066818  1.192214  0.195594
1317  1025.904251  1094.628291  19.429093  0.089662  1.414966  0.162071
1318  965.667164  1046.607954  19.265085  0.109729  1.521338  0.134007
1319  968.368558  973.209108  19.334449  0.090267  1.474542  0.114840
1320  1208.065311  954.143130  19.251815  0.140415  1.372824  0.140855
1321  1166.470963  1026.457600  19.319256  0.143784  1.258364  0.074107
1322  1098.537288  1150.831944  19.482412  0.088210  1.529233  0.065416
1323  980.295639  1052.273521  19.283334  0.061507  1.452947  0.149424
1324  1073.884733  997.776364  19.562817  0.252398  1.393171  0.069318
1325  1032.593756  1165.944218  19.250241  0.167876  1.470157  0.062231
1326  924.816384  1227.471462  19.269975  0.067714  1.429627  0.076831
1327  984.715469  1001.117573  19.235630  0.093763  1.590674  0.119441
1328  985.251308  1040.707174  19.449818  0.093579  1.276389  0.078380
1329  944.291226  1008.019251  19.130738  0.101994  1.348730  0.135597
1330  965.058068  937.592525  19.200224  0.074644  1.230809  0.089260
1331  1165.185147  1067.442463  19.243423  0.072384  1.460494  0.060608
1332  1027.183043  1086.988165  19.156716  0.081807  1.250805  0.147775
1333  1011.842130  1058.481951  19.214997  0.066263  1.347653  0.108566
1334  1174.788506  1065.589371  19.263235  0.139565  1.528232  0.086289
1335  1007.304438  1032.503419  19.085529  0.084223  1.489741  0.094797
1336  1082.311537  1155.023892  19.154962  0.060322  1.255224  0.120108
1337  959.461929  1079.104000  19.156393  0.070768  1.482116  0.179869
1338  956.405678  1051.300311  19.226171  0.061362  1.493788  0.153687
1339  1133.406454  992.915497  19.176005  0.083814  1.205469  0.067487
1340  1023.663780  958.508380  19.166202  0.097185  1.335110  0.072857
1341  967.718236  850.557215  19.017181  0.087246  1.449742  0.157941
1342  1045.172961  830.357156  19.189256  0.091718  1.403471  0.150777
1343  935.887524  1089.763656  19.120356  0.106251  1.649461  0.089919
1344  1250.620641  1027.325645  19.153217  0.090431  1.538345  0.199018
1345  983.695933  1154.730004  19.088364  0.063202  1.444935  0.081678
1346  1022.743736  985.506734  19.111594  0.117888  1.336485  0.073283
1347  1101.330964  906.689413  18.808069  0.114430  1.213251  0.090471
1348  1097.037967  1057.754460  19.169058  0.077910  1.542836  0.074648
1349  1045.719388  907.167416  19.006237  0.122738  1.289619  0.090204
1350  899.253760  1024.566682  18.914187  0.105795  1.262436  0.109569
1351  1061.928202  1124.019999  19.092496  0.074577  1.495066  0.096862
1352  1008.706929  970.788700  19.023527  0.146252  1.393470  0.056598
1353  1052.272906  1078.718730  18.982909  0.101283  1.181711  0.135954
1354  1158.625075  1017.189294  18.858949  0.138868  1.428014  0.078125
1355  1007.853220  1166.417388  18.986599  0.093446  1.512420  0.085622
1356  927.877304  1012.348928  18.988290  0.142739  1.039704  0.170701
1357  898.820833  1065.779384  18.962419  0.096214  1.272473  0.155912
1358  910.974730  960.364728  18.958561  0.065518  1.186230  0.168707
1359  1156.981207  1040.455229  19.080381  0.093633  1.388909  0.080540
1360  949.436027  926.277919  18.991547  0.071401  1.667101  0.112978
1361  1031.719485  1048.445747  18.991019  0.056654  1.497623  0.086072
1362  1029.080842  1003.649331  18.838505  0.076508  1.373314  0.062918
1363  1177.464177  971.988849  19.019635  0.076114  1.339818  0.082331
1364  1034.744545  1060.919153  18.957080  0.096118  1.311080  0.087747
1365  967.949066  1037.468303  19.040979  0.083380  1.372846  0.054041
1366  1068.519895  1089.974927  18.933114  0.173690  1.427991  0.065336
1367  859.460444  1051.631432  18.985550  0.088513  1.495291  0.071619
1368  926.338724  997.943276  19.015065  0.119363  1.377924  0.054105
1369  977.022341  1045.817958  18.826968  0.096785  1.379087  0.055678
1370  1014.901064  1014.040003  18.981950  0.074759  1.268799  0.059399
1371  1042.387907  1093.386752  18.990943  0.112622  1.427771  0.085641
1372  1009.788232  1041.594491  18.839657  0.055403  1.405589  0.121471
1373  1065.015644  1032.853914  18.931296  0.122154  1.726498  0.210691
1374  1145.237996  941.573693  18.820307  0.059868  1.386151  0.060667
1375  942.187151  1070.259098  18.785824  0.068790  1.424684  0.073841
1376  996.357591  931.554386  18.723207  0.086783  1.248245  0.120110
1377  1035.873239  977.189929  18.856910  0.173150  1.324617  0.069127
1378  971.028111  1056.566272  18.851086  0.131391  1.210280  0.071993
1379  1195.572654  908.766904  18.692689  0.126796  1.353941  0.085941
1380  1080.328008  1032.171438  18.910208  0.105115  1.280728  0.051525
1381  986.265580  1193.428500  18.747158  0.081542  1.362519  0.093447
1382  986.834719  1053.808374  18.749514  0.115583  1.425348  0.091861
1383  904.353055  1061.904056  18.660538  0.058947  1.260474  0.081924
1384  975.026074  1180.944138  18.578575  0.136679  1.378659  0.058398
1385  926.880932  1123.931443  18.755710  0.096081  1.358330  0.053897
1386  1046.969344  1051.305226  18.667592  0.100868  1.431872  0.075208
1387  922.348933  1200.536904  18.742280  0.074821  1.119745  0.166146
1388  1058.153718  912.494346  18.764907  0.158258  1.338656  0.067044
1389  1111.466066  1061.658153  18.628241  0.086113  1.409607  0.069696
1390  990.163087  1018.268897  18.835293  0.086133  1.309024  0.060247
1391  1140.084265  1047.468954  18.657008  0.052341  1.237365  0.115580
1392  1026.756198  1132.837642  18.652422  0.082722  1.507177  0.064728
1393  1014.375158  887.903212  18.633087  0.052141  1.423887  0.071167
1394  1075.937362  984.835154  18.549943  0.059166  1.435025  0.066995
1395  982.306038  1044.616724  18.519615  0.087459  1.437685  0.128327
1396  1068.603146  1033.650729  18.600499  0.070859  1.343187  0.097830
1397  1051.360993  1041.650749  18.597673  0.108248  1.364200  0.075196
1398  1016.520561  1030.974362  18.499503  0.085671  1.356609  0.073474
1399  1011.120026  997.660365  18.625459  0.065281  1.348327  0.058804
1400  1046.808064  882.917356  18.847012  0.123059  1.486163  0.064267
1401  995.857019  1130.601308  18.498177  0.062373  1.324348  0.062709
1402  1049.749688  867.351572  18.641394  0.065843  1.267367  0.075445
1403  1143.721226  1129.959117  18.612975  0.082543  1.265242  0.075618
1404  952.700518  989.863096  18.552103  0.051300  1.358365  0.066397
1405  1149.083423  1020.168827  18.723354  0.122313  1.379517  0.069410
1406  1036.553114  1193.426350  18.561210  0.088785  1.325476  0.059284
1407  1056.401162  1089.675653  18.528037  0.053237  1.351905  0.055397
1408  1040.572355  1078.759526  18.449091  0.087563  1.301194  0.153867
1409  1123.575194  998.349681  18.347312  0.094111  1.453515  0.072991
1410  912.171090  945.449349  18.473879  0.071757  1.323623  0.065541
1411  1089.207276  934.375219  18.345864  0.115602  1.025401  0.136663
1412  1023.317545  942.777917  18.407878  0.117216  1.465686  0.079347
1413  896.069755  1119.258235  18.481015  0.055542  1.381378  0.056864
1414  994.490839  1091.572838  18.464536  0.072204  1.341895  0.080192
1415  982.015283  875.459502  18.346859  0.105136  1.451298  0.074913
1416  909.062226  968.307589  18.392144  0.078883  1.308017  0.055820
1417  943.935037  1108.328428  18.408153  0.047119  1.261668  0.076139
1418  949.516206  1108.128911  18.291836  0.118899  1.345849  0.051127
1419  1005.764198  1105.885307  18.346133  0.065644  1.345674  0.063073
1420  957.360804  991.389450  18.455161  0.126829  1.383384  0.095756
1421  1078.975406  1155.182715  18.320195  0.045648  1.330805  0.050817
1422  1017.807892  1029.803766  18.257795  0.080341  1.375407  0.064393
1423  945.035571  1071.699927  18.285180  0.056678  1.298784  0.047742
1424  916.205957  1000.520479  18.352140  0.062301  1.359844  0.049805
1425  1188.583363  884.985303  18.340644  0.065316  1.310333  0.087041
1426  935.406182  966.016635  18.095157  0.101009  1.319091  0.059293
1427  1050.504397  1035.672084  18.212882  0.048514  1.310629  0.087565
1428  1119.003914  1089.231811  18.188642  0.056838  1.287225  0.106944
1429  912.467087  1020.539167  18.232368  0.046294  1.438001  0.062958
1430  1021.212426  985.425981  18.299156  0.059798  1.283086  0.050466
1431  989.890253  955.989606  18.269853  0.077694  1.423402  0.066216
1432  1059.184763  886.416794  18.154350  0.078971  1.205942  0.121574
1433  1076.607652  965.904118  18.284365  0.143124  1.282810  0.075383
1434  985.394340  932.120310  18.286389  0.072618  1.272565  0.091814
1435  1003.280036  1105.930793  18.070048  0.092589  1.297440  0.070145
1436  994.867610  1033.262961  18.060316  0.112966  1.406091  0.051670
1437  1160.777646  895.112806  18.247797  0.065779  1.291150  0.064472
1438  1008.135332  1042.780897  18.256645  0.179603  1.429013  0.103372
1439  942.954148  970.062950  18.139712  0.047811  1.200329  0.066443
1440  937.685135  1046.898811  18.148890  0.086864  1.086716  0.138456
1441  1079.624008  1082.531553  18.191785  0.050402  1.336270  0.095984
1442  1043.255378  962.789171  18.117030  0.062249  1.331356  0.100723
1443  1066.575892  1014.367334  18.156584  0.046799  1.314200  0.070327
1444  998.401659  1003.894682  18.063949  0.112264  1.287107  0.061614
1445  1189.997937  983.487017  18.117331  0.068030  1.273177  0.075263
1446  1147.628012  936.746373  18.174816  0.075098  1.340668  0.063270
1447  1109.886607  977.821983  18.206357  0.142978  1.333241  0.051096
1448  1062.731715  1101.783265  18.018911  0.111366  1.174382  0.069116
1449  960.103240  1086.096978  18.080733  0.064814  1.224223  0.128185
1450  1096.225239  1126.739231  18.031964  0.042728  1.349412  0.048297
1451  1098.537144  1092.070195  17.937759  0.053755  1.323427  0.051620
1452  1172.512051  968.772731  17.974149  0.050479  1.188406  0.081979
1453  1010.141962  999.096668  17.796268  0.088655  1.149000  0.094061
1454  1125.727027  1087.321989  18.028435  0.085904  1.529837  0.092488
1455  1034.380308  843.875553  17.905570  0.115313  1.230619  0.119197
1456  926.114324  1086.310523  17.899883  0.065279  1.335295  0.057641
1457  929.854587  976.554435  17.850534  0.056154  1.312995  0.053057
1458  913.670390  1030.769275  17.920031  0.056300  1.255473  0.091114
1459  1136.418324  1033.912320  17.776789  0.069258  1.240017  0.056552
1460  918.831555  1020.615373  17.928529  0.057092  1.445865  0.115311
1461  998.560829  852.757996  17.825509  0.059929  1.285916  0.069835
1462  1024.140206  1017.212723  17.785705  0.057669  1.315302  0.055585
1463  1031.290204  1039.976079  17.760038  0.058880  1.274172  0.077004
1464  953.085768  927.098102  17.793568  0.054799  1.261387  0.051968
1465  1072.123781  1053.780500  17.752543  0.067131  1.389290  0.098605
1466  1114.286039  1045.443625  17.759577  0.042358  1.291704  0.097685
1467  995.872604  909.991178  17.672974  0.061584  1.275245  0.078055
1468  1047.193580  1080.762429  17.796001  0.067329  1.150322  0.085100
1469  1180.976148  1033.104753  17.765832  0.071703  1.286903  0.076310
1470  1094.410404  1134.947942  17.770825  0.074990  1.443698  0.083961
1471  1063.445320  1119.449702  17.865449  0.062180  1.288019  0.107112
1472  1034.780672  986.435236  17.724406  0.050502  1.286563  0.043729
1473  1111.306916  977.369559  17.822953  0.061434  1.269931  0.069417
1474  1077.622211  1038.216561  17.690597  0.059066  1.424358  0.043418
1475  1067.352637  1056.576635  17.581733  0.051876  1.286899  0.067728
1476  1046.771098  1131.633316  17.627227  0.103949  1.393541  0.069890
1477  1042.922127  982.143283  17.650477  0.125114  1.280520  0.044659
1478  1015.417610  1040.099738  17.749678  0.102309  1.294132  0.047306
1479  1148.241551  1010.676797  17.589801  0.057978  1.226172  0.086133
1480  1034.885693  1037.203927  17.530566  0.058490  1.420294  0.061206
1481  1052.402954  1066.489180  17.548182  0.056062  1.315316  0.056910
1482  993.371136  1059.692728  17.423818  0.084238  1.424517  0.073154
1483  975.121285  1026.995098  17.440523  0.082581  1.268336  0.092595
1484  940.311880  1082.926223  17.448212  0.047840  1.309152  0.054411
1485  1113.211863  872.114668  17.447063  0.055853  1.267674  0.062818
1486  915.257385  1024.827679  17.577454  0.072464  1.186523  0.071018
1487  1032.517489  1088.504402  17.319559  0.059412  1.370133  0.074020
1488  1048.754504  1107.113288  17.343955  0.102266  1.344430  0.066157
1489  1112.251638  934.472724  17.490910  0.044312  1.142053  0.065321
1490  1065.898947  997.084017  17.186700  0.105800  1.218657  0.041896
1491  917.171610  926.161428  17.254818  0.074534  1.240147  0.102181
1492  1054.201938  963.910001  17.347806  0.051481  1.329141  0.037619
1493  925.146112  935.379620  17.397376  0.093895  1.297323  0.058995
1494  1085.204644  1061.254799  17.278698  0.066120  1.268297  0.037662
1495  940.981289  899.335905  17.258506  0.045141  1.221369  0.038025
1496  911.016243  1040.341873  17.274217  0.045980  1.309139  0.071002
1497  1028.317430  1122.683290  17.286696  0.061018  1.202402  0.055235
1498  1091.376415  931.529810  17.179586  0.037951  1.245295  0.067366
1499  955.464458  1049.774490  17.318690  0.064677  1.243703  0.070939
1500  1177.329480  1050.431140  17.228318  0.067561  1.381428  0.062248
1501  1093.591409  912.755732  17.241548  0.106650  1.258030  0.038925
1502  929.103503  1062.061773  17.370704  0.087555  1.347935  0.060993
1503  1045.432730  1134.732513  17.170460  0.062841  1.331431  0.049025
1504  1080.470630  871.723766  17.152585  0.034452  1.244947  0.038339
1505  1050.865705  1100.954173  17.190967  0.095386  1.375966  0.084284
1506  1047.718318  1057.816740  17.010266  0.039665  1.189378  0.067627
1507  1075.969618  1080.517386  16.985687  0.072100  1.237797  0.077452
1508  1112.520540  996.892692  17.001747  0.035251  1.326603  0.110072
1509  1020.582871  1117.180170  17.115100  0.073689  1.213183  0.058912
1510  1105.182228  1166.161101  16.979561  0.037699  1.344095  0.057271
1511  967.259505  1036.433859  16.948765  0.036889  1.271416  0.041547
1512  984.372756  1081.557463  16.859418  0.072347  1.238532  0.035868
1513  1095.198065  888.292372  17.006032  0.049183  1.332540  0.034292
1514  1079.755039  1071.613952  16.878300  0.053249  1.267560  0.071223
1515  1063.914230  852.736778  17.060741  0.077064  1.270280  0.036745
1516  1086.191002  1142.186066  16.834005  0.063457  1.222486  0.058933
1517  966.824489  1043.349443  16.890961  0.033397  1.298111  0.056314
1518  1068.132045  1027.466035  16.888900  0.045728  1.247437  0.038217
1519  1136.732918  1070.088847  16.929618  0.039227  1.224317  0.096608
1520  891.811103  1128.684462  16.786934  0.065194  1.422880  0.072597
1521  998.692086  1111.796818  16.923928  0.047039  1.108256  0.069847
1522  1016.589517  1055.358853  16.822968  0.085054  1.225747  0.040985
1523  967.576740  1159.899361  16.756867  0.084360  1.283413  0.051179
1524  1115.625984  1097.739899  16.798320  0.031887  1.271185  0.066819
1525  887.415624  948.961505  16.765803  0.061872  1.242898  0.036678
1526  975.459820  1017.327063  16.776150  0.036024  1.294464  0.040992
1527  1180.036669  1022.031729  16.699390  0.066231  1.270130  0.061253
1528  1014.522368  1042.258985  16.729160  0.075663  1.220340  0.054593
1529  1095.908127  994.096681  16.745139  0.036088  1.228921  0.034137
1530  954.424730  945.804739  16.624572  0.033935  1.229147  0.063718
1531  1001.929994  955.814871  16.666292  0.032489  1.196139  0.069184
1532  1068.650312  1002.350653  16.589476  0.055678  1.209716  0.034989
1533  966.094029  1083.959071  16.493673  0.039514  1.230335  0.069236
1534  1152.870441  977.481728  16.483356  0.069359  1.209759  0.050665
1535  1094.676009  1069.294264  16.501233  0.077630  1.193515  0.045811
1536  931.633029  925.452308  16.536250  0.034679  1.234309  0.062632
1537  931.884933  987.085148  16.451559  0.070081  1.254947  0.035659
1538  950.553313  1044.600627  16.365148  0.055509  1.295886  0.049833
1539  1097.648333  1041.463726  16.349085  0.054940  1.160240  0.041341
1540  960.716800  1146.541015  16.212362  0.028670  1.225250  0.045040
1541  1033.393766  976.700559  16.272562  0.057542  1.225962  0.053096
1542  1100.040479  1144.942490  16.064877  0.030051  1.115802  0.052867
1543  996.892795  934.745293  16.177858  0.077811  1.086830  0.038878
1544  848.837448  1073.159823  16.184566  0.037951  1.103601  0.053146
1545  1046.366065  971.652301  16.097594  0.034788  1.194303  0.034495
1546  1168.807178  1045.167923  16.049249  0.071842  1.127104  0.041476
1547  960.048026  893.676503  16.075541  0.069002  1.134427  0.034885
1548  1183.027323  958.873887  16.005041  0.029770  1.069421  0.032362
1549  1068.316508  1015.454679  16.025564  0.031457  1.143154  0.028949
1550  1109.837455  965.015880  16.073549  0.061305  1.069764  0.068769
1551  1085.128110  1109.754778  15.972730  0.035741  1.222158  0.071845
1552  942.031340  926.598328  15.950671  0.041360  1.211561  0.057034
1553  985.701315  1054.968771  15.919781  0.051142  1.037354  0.057244
1554  1176.395080  976.274862  15.924228  0.052460  1.158930  0.068272
1555  965.619958  1163.288904  15.903012  0.053571  1.212170  0.045132
1556  1127.756452  1032.396411  15.835529  0.049103  1.190857  0.050156
1557  1006.418985  1067.892060  15.936756  0.096810  1.059106  0.028707
1558  1060.811428  998.430720  15.798260  0.037947  1.081044  0.035079
1559  1214.808453  949.353001  15.801655  0.093011  1.176480  0.058609
1560  926.966231  1079.234335  15.743878  0.044116  1.171579  0.050292
1561  898.667786  1094.251909  15.681196  0.045188  1.080585  0.042445
1562  1016.162550  1012.829737  15.551880  0.049380  1.163897  0.064360
1563  969.765130  1048.480625  15.506455  0.026149  1.123365  0.052273
1564  955.134444  1010.624717  15.418309  0.033002  1.044832  0.065396
1565  1136.409068  1103.407841  15.323097  0.041403  1.007285  0.033752
1566  1106.092196  1205.516534  15.191256  0.062791  1.067273  0.060992
1567  1082.893537  846.747259  15.127145  0.053764  1.034839  0.027441
1568  1220.207370  1018.433024  15.203403  0.025122  1.031585  0.053701
1569  986.247496  1132.557640  15.229770  0.066771  1.018051  0.033618
1570  949.570089  813.313966  15.128348  0.030231  1.022785  0.039328
1571  1023.587717  1102.608609  15.040820  0.059061  0.963079  0.045830
1572  1165.372088  899.457454  15.065639  0.026231  1.052264  0.032248
1573  976.405791  1021.652890  14.964045  0.028637  0.995264  0.025505
1574  1093.789389  1033.173443  15.058552  0.070892  1.016646  0.042205
1575  1074.933268  1111.808553  14.967688  0.031602  0.995424  0.035962
1576  1061.508649  1010.877952  14.975985  0.037448  0.966710  0.049958
1577  1058.381271  1097.336812  14.835545  0.059464  0.975471  0.042293
1578  885.032591  1081.993646  14.814301  0.049878  0.972268  0.062450
1579  1111.340298  1011.143496  14.860007  0.037145  0.963275  0.027464
1580  891.566776  1049.244160  14.741769  0.061344  0.974254  0.022690
1581  998.720205  1158.943048  14.662809  0.070042  0.886040  0.053437
1582  1087.937884  1028.980101  14.559121  0.029913  0.921433  0.045311
1583  1042.419118  877.257953  14.429153  0.028618  0.878183  0.065590
1584  1002.757714  1037.930189  14.425283  0.026092  0.919584  0.036502
1585  931.673641  1002.435645  14.383232  0.039802  0.863363  0.033943
1586  1078.916915  1016.789217  14.366032  0.037516  0.898648  0.054691
1587  1208.307159  1118.692536  14.258637  0.023859  0.925061  0.068865
1588  994.031411  914.456351  14.157199  0.039512  0.827660  0.021361
1589  1017.362391  1110.674207  14.223090  0.038027  0.774626  0.046748
1590  1165.937091  1124.270121  14.151557  0.028047  0.863160  0.022649
1591  1211.341476  1017.995264  14.145236  0.061810  0.832140  0.025737
1592  1074.078679  1090.556068  14.167432  0.028945  0.887788  0.036151
1593  1132.963287  961.398292  14.061149  0.025353  0.788830  0.032747
1594  902.463222  1046.477230  14.014367  0.022919  0.803064  0.028275
1595  928.950723  1110.385951  13.941791  0.048002  0.770749  0.023860
1596  994.353644  1051.493642  13.884542  0.062053  0.779686  0.061017
1597  912.683500  1119.161262  13.850406  0.026099  0.698446  0.034618
1598  1019.439288  961.672253  13.803979  0.022745  0.769216  0.022395
1599  1138.096681  1021.911695  13.685395  0.030485  0.724452  0.025520
1600  1031.264133  1010.033172  13.715866  0.044047  0.702846  0.037089
1601  1075.834327  963.849093  13.617787  0.050510  0.739254  0.022096
1602  1052.145357  1006.926459  13.524309  0.052359  0.699691  0.048958
1603  1121.488261  937.974661  13.500985  0.033556  0.769442  0.056244
1604  906.012856  1035.281736  13.445318  0.030972  0.725056  0.055629
1605  1016.091197  1035.979244  13.408530  0.040221  0.677655  0.053284
1606  1096.169226  1109.328343  13.191531  0.057270  0.648925  0.036513
1607  1003.977339  1173.597389  13.230187  0.046476  0.660903  0.041061
1608  879.359590  984.197919  13.234476  0.038571  0.643623  0.049532
1609  1037.955871  1135.667487  13.173249  0.023354  0.601003  0.042933
1610  1024.588882  1106.404147  13.125917  0.054541  0.659575  0.045264
1611  1032.632893  1029.474693  12.952671  0.041880  0.637752  0.047567
1612  966.638264  1008.824975  13.006953  0.031040  0.610796  0.024715
1613  951.087944  1147.700408  12.966905  0.033595  0.606593  0.024553
1614  999.390597  955.103334  12.888028  0.023274  0.605053  0.020988
1615  1049.587773  1127.911649  12.816225  0.037644  0.529115  0.040605
1616  1029.836534  1124.866703  12.756722  0.025263  0.573009  0.022283
1617  995.544310  947.831009  12.704066  0.020209  0.565752  0.039364
1618  947.160392  1058.446459  12.668712  0.040729  0.628476  0.057300
1619  867.653652  1122.362593  12.571360  0.019907  0.543544  0.029756
1620  888.457277  997.384294  12.513176  0.018677  0.530418  0.036842
1621  1076.124467  1202.640036  12.415833  0.019102  0.533147  0.027624
1622  1014.962483  972.160123  12.340297  0.046328  0.475624  0.044078
1623  1010.385490  914.143314  12.325211  0.039063  0.539788  0.033112
1624  1034.783130  1052.033577  12.250592  0.020540  0.492421  0.034489
1625  967.972782  1130.509640  12.188911  0.021523  0.525914  0.029648
1626  1188.523848  1014.363423  12.144987  0.044013  0.470982  0.017774
1627  1030.060032  1085.782753  12.090313  0.040612  0.513447  0.020516
1628  1022.162043  898.664407  12.045801  0.024179  0.486979  0.021011
1629  1017.300541  980.338442  11.872799  0.023117  0.475552  0.023985
1630  1106.417992  1059.965051  11.915159  0.050915  0.478565  0.033624
1631  1065.156977  960.407798  11.877798  0.035899  0.422657  0.035496
1632  1100.860867  1015.644590  11.685622  0.041903  0.457054  0.025753
1633  997.896376  1072.350167  11.623149  0.026433  0.433290  0.028097
1634  892.988129  1112.179487  11.590413  0.019651  0.416146  0.041465
1635  860.095345  950.304952  11.510506  0.038978  0.427190  0.035700
1636  1035.931136  1083.595510  11.437717  0.036457  0.375022  0.041655
1637  960.024371  1053.703967  11.324579  0.019334  0.359975  0.019910
1638  1036.243825  1188.134195  11.273198  0.049390  0.336448  0.019342
1639  1150.421996  931.234550  11.158207  0.016889  0.267706  0.037682
1640  912.824115  1066.215404  11.165782  0.047203  0.307271  0.025283
1641  1095.392276  1064.069325  10.977771  0.022743  0.358898  0.021519
1642  1125.864038  1050.818560  11.005690  0.020428  0.366595  0.017066
1643  1109.544059  1017.214566  10.819806  0.021491  0.258632  0.032411
1644  1123.971256  914.413507  10.841812  0.025380  0.333714  0.028436
1645  1105.811292  878.559334  10.712806  0.030747  0.328230  0.018998
1646  995.211080  1027.816059  10.600197  0.027854  0.305416  0.027228
1647  949.508219  1076.904632  10.473869  0.034380  0.309203  0.030275
1648  1036.108943  1167.262577  10.375046  0.022815  0.284197  0.022686
1649  960.812421  1062.887772  10.225342  0.038626  0.313216  0.018699
1650  1029.782999  944.576532  10.227078  0.042396  0.278146  0.027840
1651  902.664212  1007.759442  10.162697  0.029536  0.362397  0.030501
1652  1037.504471  974.191473  9.945097  0.048353  0.328031  0.042718
1653  1158.467011  936.277586  9.975312  0.027226  0.354973  0.033765
1654  1089.658040  1029.548646  9.777706  0.026164  0.371140  0.027504
1655  1185.078252  913.483203  10.152725  0.018132  1.036907  0.024006
1656  1070.052680  1020.865864  9.016407  0.027933  1.135442  0.019603
1657  951.396270  952.986030  9.656167  0.035269  1.068641  0.033589
1658  986.138112  1057.191956  9.444343  0.047794  1.058073  0.060300
1659  1035.357430  965.977477  9.205478  0.031008  0.997445  0.046455
1660  1099.005399  1103.612641  8.216810  0.024896  1.303432  0.039423
20  2026.673297  1831.255593  10.844490  0.028853  2.218343  0.026482
21  1131.775907  591.065626  9.275269  0.032903  0.987792  0.056893
22  306.697215  696.582175  8.394311  0.042948  -0.022446  0.022124
23  790.748195  991.268666  8.769707  0.018792  0.146536  0.023623
24  1611.681614  1467.735392  9.494667  0.017269  0.514344  0.018668
25  1954.247913  1016.200920  10.237791  0.019577  1.063463  0.028234
26  66.707638  1016.366929  8.753030  0.034648  -0.160154  0.021959
27  1008.734587  7.008308  8.897836  0.036101  -0.097546  0.029211
28  1084.891076  1069.021634  8.741712  0.026973  -0.133110  0.035616
29  1675.412278  697.279746  9.251569  0.023619  0.020553  0.036382
210  1396.867243  731.498775  9.812680  0.021057  0.163529  0.024217
211  978.805120  979.677074  9.393855  0.027852  -0.035623  0.022703
212  459.706952  356.466490  9.919274  0.023754  -0.083014  0.044183
213  465.867777  506.853148  10.479866  0.040579  0.217837  0.046275
214  1035.611851  696.483451  11.014373  0.023345  0.145842  0.029686
215  1065.040120  1912.807504  10.975861  0.031632  0.211114  0.022977
216  962.328315  1524.220459  11.080549  0.022768  0.215497  0.027367
217  248.318554  1168.062600  11.369542  0.021535  0.444353  0.039763
218  111.360193  465.265177  11.448310  0.039789  -0.080390  0.032598
219  511.628297  1048.049658  11.385655  0.026694  -0.027383  0.047748
220  346.866836  790.357420  14.208709  0.033088  1.496810  0.021112
221  84.530168  715.423627  11.275388  0.022937  0.092009  0.020515
222  483.304510  1859.082144  14.420320  0.038394  1.283918  0.040522
223  234.893224  1159.690263  12.445180  0.018255  0.380633  0.051254
224  26.141603  662.264796  16.573954  0.055011  2.638117  0.044287
225  1498.464560  1478.689622  15.092194  0.050536  1.900910  0.045607
226  539.249553  530.819899  12.560292  0.056842  0.446282  0.034433
227  728.925905  124.815384  15.061525  0.031875  1.840557  0.040009
228  1039.419733  846.902534  16.747110  0.092185  2.498440  0.074770
229  919.331994  849.246201  13.271927  0.024424  0.180540  0.047055
230  1784.543750  1873.556115  13.188893  0.025579  0.361468  0.038598
231  409.791205  1177.457329  17.370025  0.085982  2.658193  0.047605
232  1139.440895  1535.951212  12.581252  0.030219  0.097123  0.028151
233  1493.805304  1700.109593  18.608339  0.062046  3.293222  0.109621
234  698.261245  1821.043510  14.654307  0.028519  1.171439  0.023016
235  2029.584865  1272.818128  17.041740  0.054255  2.422134  0.072026
236  1227.021662  1711.698269  13.146796  0.026268  0.447511  0.021040
237  1538.907104  1822.999774  18.456636  0.052705  3.235630  0.064747
238  1654.755052  718.350369  13.642020  0.037080  0.425238  0.049753
239  259.586674  1589.742359  20.752505  0.148971  4.126829  0.196933
240  864.222414  611.456840  14.666505  0.031546  0.922657  0.036702
241  1279.106493  1939.435247  17.074139  0.040309  2.345949  0.063032
242  56.950990  1896.404268  13.739311  0.050467  0.439491  0.023698
243  1629.260419  518.807467  14.084961  0.059229  1.097658  0.025392
244  663.405107  1976.243959  19.297947  0.082548  3.403193  0.111357
245  1915.221476  1613.349909  13.780600  0.029136  0.407597  0.022120
246  1312.809448  703.257319  13.455404  0.024219  0.318669  0.045369
247  2016.397013  709.497737  14.097668  0.047431  0.417428  0.035396
248  426.158720  942.752580  13.658391  0.021027  0.698956  0.046336
249  491.987247  1963.714457  15.814422  0.032793  1.393557  0.071388
250  1892.854432  440.164624  16.996822  0.048146  1.819350  0.098762
251  16.804390  426.369884  17.660883  0.040974  2.662265  0.052397
252  766.406749  399.815844  18.272606  0.121436  2.504223  0.095712
253  793.010337  49.339616  19.751386  0.139169  3.322418  0.258627
254  607.002569  1281.790637  14.681643  0.022145  0.558891  0.027847
255  355.511945  1998.483788  14.497884  0.040751  0.543687  0.054521
256  855.899324  519.965840  14.623541  0.022949  0.620972  0.031609
257  1310.172574  1049.122053  19.238623  0.100408  3.030913  0.156831
258  919.852821  306.040923  16.423550  0.033210  1.702866  0.057975
259  475.585346  285.804387  14.692921  0.037373  0.659520  0.038416
260  1588.181124  584.973325  14.187282  0.026277  0.430024  0.023848
261  1119.450632  1408.608767  14.758007  0.042299  0.671905  0.038800
262  1705.312426  257.224807  17.873182  0.060852  2.522603  0.071079
263  512.327304  144.425221  17.845569  0.071081  2.318266  0.049585
264  53.491151  1686.042500  15.395267  0.035398  1.183227  0.048875
265  484.850450  901.603816  14.777629  0.022512  0.546637  0.027717
266  167.221472  1700.900397  15.720004  0.033852  1.285978  0.033896
267  28.706262  558.685619  16.267159  0.058042  1.576802  0.037368
268  1889.985304  575.328413  14.751267  0.035021  1.286243  0.044323
269  678.146085  1328.787472  17.098754  0.070110  1.969849  0.077656
270  1535.872121  1309.082549  15.314896  0.034188  0.802001  0.033884
271  1982.604069  1806.911445  14.744543  0.068901  0.662855  0.036423
272  1028.429434  306.756097  15.870674  0.043532  0.932767  0.048189
273  1342.639314  1178.888803  16.981436  0.061292  1.526851  0.034381
274  1445.290462  60.850830  20.510133  0.126364  3.182412  0.101214
275  748.597570  1153.593877  15.557611  0.049193  0.589047  0.057915
276  1288.118069  164.073137  17.412587  0.054481  1.733550  0.040089
277  1021.395873  245.879994  18.940008  0.087103  2.622094  0.061853
278  1442.087135  51.055387  19.972540  0.079570  3.174204  0.080431
279  477.117798  228.802217  15.367981  0.054520  1.072087  0.042928
280  1395.240482  1643.204643  15.519894  0.036027  0.887968  0.084625
281  883.952687  465.760358  15.994424  0.044807  0.994667  0.063202
282  1200.836825  858.467109  15.542836  0.025963  0.859332  0.033130
283  1567.277916  695.976754  15.902016  0.045988  1.241025  0.039879
284  1898.604587  732.259238  19.498993  0.091100  3.093941  0.085977
286  1715.666357  574.870089  18.639023  0.066902  2.545024  0.124141
287  1199.333827  1578.194646  14.318993  0.031646  0.108463  0.028014
288  1747.941602  1110.566331  15.488137  0.041772  0.911116  0.045725
289  1145.341540  1643.898722  15.451329  0.026792  1.299502  0.041410
290  913.338335  1569.021870  16.590493  0.072796  1.205277  0.036083
291  815.351073  1881.555587  20.904753  0.210287  3.657803  0.147188
292  1178.579731  416.839886  16.901210  0.052647  1.691125  0.043597
293  1574.838690  1405.155636  15.364303  0.040137  0.487633  0.063851
294  370.742991  1038.712856  16.605052  0.066927  1.318274  0.052022
295  1563.781756  515.668604  15.220357  0.026012  0.371639  0.039605
296  199.619503  1356.738632  18.806593  0.120065  2.424055  0.070056
297  1760.532076  718.360122  15.833760  0.027046  0.786672  0.051705
298  1296.794693  137.473078  15.351888  0.032346  0.744838  0.036197
299  638.130165  26.850186  15.208008  0.035858  0.712845  0.037946
2100  144.366912  351.772855  16.775151  0.064260  1.055140  0.055045
2101  1744.705307  855.647571  18.072346  0.055278  1.880324  0.049306
2103  615.870548  226.187630  19.589034  0.124923  2.829425  0.092600
2104  517.707645  465.971289  16.702150  0.034075  0.965173  0.047839
2105  1582.853042  32.193489  16.205481  0.039290  1.081928  0.065687
2106  932.660182  292.115648  16.098226  0.041275  0.602861  0.062877
2107  195.431223  829.954529  16.350586  0.073952  0.937586  0.081321
2108  1664.719379  276.471835  16.268245  0.038224  0.532476  0.062192
2109  261.179371  1233.576439  16.321462  0.053832  0.948646  0.094146
2110  1255.498086  2013.720107  15.505529  0.046394  0.454186  0.029253
2111  76.736938  378.867373  15.786567  0.026157  0.711201  0.053210
2113  975.090683  1584.819868  16.843080  0.044205  1.103201  0.050550
2114  1242.678531  1459.746799  19.055087  0.093494  2.396614  0.077834
2116  1409.937264  511.678592  17.620985  0.064645  1.492540  0.047105
2117  1582.391986  1269.068050  15.975514  0.034203  0.741701  0.064424
2118  2007.823958  436.844943  16.340339  0.036758  0.962883  0.057802
2119  725.156866  520.917101  20.894241  0.208841  3.597841  0.113373
2120  1778.606839  1475.457354  16.780352  0.045789  0.958622  0.061150
2121  1610.394314  88.593153  21.046325  0.259273  3.727325  0.160140
2122  746.965795  165.801925  18.979046  0.086541  1.624996  0.212244
2123  1286.833370  1166.602794  16.226483  0.048007  0.845710  0.047985
2124  166.357131  94.115352  16.096256  0.044391  1.273994  0.033368
2125  791.678589  1759.615266  16.297799  0.103190  0.904514  0.058766
2126  675.768933  1196.566090  18.100747  0.050253  1.745454  0.101238
2128  1280.564142  1332.584469  17.475922  0.060636  1.701469  0.105753
2129  714.801455  186.476165  16.222754  0.032981  0.823197  0.067197
2130  1289.458375  616.953659  15.732929  0.051209  0.417543  0.036461
2131  1789.719486  1145.757053  15.361597  0.037128  0.342700  0.038373
2132  493.481753  432.133219  16.427393  0.096553  0.729902  0.057095
2133  1064.420421  291.799241  15.067169  0.039688  0.255762  0.026620
2134  1819.915003  841.389185  19.475381  0.064633  2.586800  0.080652
2135  365.708616  1254.097024  20.493449  0.096893  3.009304  0.162159
2136  315.785727  51.395375  16.313988  0.031734  1.403046  0.046731
2137  1813.190014  593.234227  16.581000  0.070276  0.856237  0.044695
2138  1698.529801  1042.581533  16.795984  0.040104  0.849784  0.035337
2139  197.959068  1805.187142  17.184929  0.050206  0.826281  0.108229
2140  1866.572458  1624.712598  17.177987  0.077061  1.586672  0.067583
2142  828.983974  1471.801629  18.212419  0.087529  1.335506  0.047178
2143  948.989121  858.600457  16.931294  0.064737  0.973062  0.057613
2144  1777.029366  1602.390785  19.104358  0.154856  2.194896  0.092757
2145  1031.550647  1364.605625  16.608427  0.044256  0.775798  0.039277
2147  1393.680359  1274.177567  16.126577  0.087028  0.441022  0.072705
2148  870.837997  113.020444  17.457843  0.073956  1.020338  0.093587
2149  650.526039  1248.720922  20.142129  0.149701  2.721050  0.095706
2151  1367.336992  1417.146164  16.851109  0.067535  0.862913  0.085685
2153  1312.648616  13.927822  15.525004  0.044587  0.023132  0.042765
2154  1572.309117  1151.938191  16.803328  0.078059  0.927299  0.055010
2155  1147.963582  1932.404753  18.326703  0.128223  1.601974  0.139157
2156  1143.831022  764.133437  17.340220  0.054374  0.980438  0.053405
2157  1146.457345  145.085838  17.274175  0.055988  1.025461  0.050130
2158  1061.346169  210.677646  18.939248  0.099174  1.943267  0.108152
2159  856.617208  1627.457948  18.098319  0.070150  1.293039  0.046672
2160  1329.467393  844.871115  16.826918  0.066629  0.785015  0.051665
2161  943.294695  133.281789  20.402093  0.213708  2.646715  0.124783
2162  331.823894  446.775582  20.252840  0.204147  2.593371  0.162961
2163  1555.602493  704.275194  17.499802  0.051830  0.992313  0.077595
2164  1105.752257  2036.859946  17.200116  0.045547  0.823183  0.046431
2165  1683.986135  1759.359736  19.314301  0.074320  2.340712  0.103504
2166  1547.912653  1765.361661  18.512318  0.048236  1.644812  0.081527
2167  1320.799287  733.589434  17.420417  0.036795  1.148054  0.052059
2168  1828.477121  1134.950952  17.144938  0.046021  1.044577  0.047776
2169  1544.351919  660.265011  21.106045  0.206328  2.728274  0.191949
2170  897.985180  1105.861334  20.282310  0.237399  2.644600  0.314335
2171  519.417532  1198.014720  16.798081  0.043991  0.761253  0.057497
2172  1984.026939  379.378598  17.304501  0.076362  0.969091  0.061218
2173  120.628453  1191.498909  16.859631  0.043591  0.831875  0.067503
2174  1991.539291  176.593115  15.538245  0.031144  -0.039655  0.032167
2176  680.523039  938.186074  18.847384  0.061292  2.064408  0.076900
2177  853.407239  1900.405838  17.103040  0.067553  1.465759  0.067233
2178  1462.331232  1762.770529  19.803846  0.102527  2.604912  0.099506
2179  1741.752170  258.455277  20.162136  0.113185  2.538940  0.099204
2180  1775.190565  735.056540  16.966123  0.059310  0.920314  0.038198
2181  1677.086772  981.022621  16.750990  0.058784  0.790240  0.034711
2182  9.123862  958.834423  19.257443  0.065717  2.069507  0.128522
2183  757.268702  924.357635  16.024295  0.048253  0.257673  0.040740
2184  185.461942  1241.861511  18.041227  0.067238  1.570632  0.054650
2185  1266.668260  93.385267  19.107547  0.084117  2.275693  0.126865
2186  561.550566  1047.673019  18.027964  0.056725  1.406999  0.106298
2187  289.133626  329.374411  16.736211  0.056799  0.981614  0.060983
2188  1436.553896  64.344344  18.639136  0.076271  1.775057  0.051624
2189  228.078982  119.341103  19.559251  0.202717  1.670912  0.118570
2190  636.013513  1957.337489  20.733084  0.101009  2.462282  0.133984
2191  308.891210  1213.071846  20.898398  0.143465  2.720890  0.142192
2192  1877.041543  307.874487  16.317355  0.122420  -0.005183  0.042471
2193  1922.541333  519.151593  17.357349  0.087890  0.572637  0.069388
2194  415.600546  1678.615794  18.184530  0.046499  1.274861  0.156074
2195  1963.558339  1221.191005  18.109902  0.076524  1.496751  0.080868
2196  1467.525853  1643.884892  20.058111  0.096074  2.215812  0.159536
2197  1484.047615  86.315547  19.837788  0.118779  2.257019  0.085044
2198  792.948425  1071.521531  17.761326  0.063206  1.012121  0.041050
2200  1238.949919  338.832396  17.484084  0.046152  0.630325  0.081259
2201  1480.145954  803.337301  19.993365  0.105812  2.231535  0.107420
2202  1569.097101  1474.174034  18.925291  0.128003  1.621092  0.097761
2203  232.395486  1963.617908  20.293677  0.176537  2.661296  0.193823
2204  1903.053405  1986.787047  20.871964  0.257538  2.720354  0.173086
2207  424.410963  1872.343479  20.928946  0.229446  2.378675  0.152435
2208  1383.078574  1861.862686  20.096530  0.199831  2.147226  0.111070
2209  706.151070  446.642972  18.116192  0.121410  1.942633  0.057213
2210  1469.609462  201.332586  18.013880  0.061483  1.244216  0.043077
2211  1025.127954  1885.199334  18.015837  0.063286  1.733221  0.068925
2212  1438.150818  1473.047426  15.857203  0.035140  -0.006650  0.027405
2213  827.216990  611.468571  20.877501  0.262009  2.609417  0.201380
2214  761.685563  1107.850527  20.459139  0.101160  2.514414  0.099482
2215  741.308499  141.783356  16.604072  0.046703  0.277163  0.071530
2216  1464.485627  1378.499482  20.122951  0.129056  2.221497  0.238054
2217  1426.404386  1207.654798  17.588926  0.061862  1.004515  0.052160
2218  151.966116  1712.202339  17.322602  0.129422  0.463646  0.069331
2219  1491.037729  1231.043189  17.713588  0.059685  1.202098  0.048316
2220  202.304305  609.860852  20.147040  0.203829  2.351699  0.187527
2221  2013.356666  302.498772  17.746807  0.061234  0.985149  0.046045
2222  648.117241  623.929181  17.506534  0.124693  0.844901  0.036035
2223  1812.566659  1487.756001  18.583094  0.131618  1.429230  0.083610
2224  734.974592  1626.808669  18.398021  0.109344  1.279602  0.051785
2225  1346.036282  1332.075513  19.096075  0.126568  1.595111  0.141974
2226  358.400976  1268.357294  18.195895  0.055724  1.348179  0.082798
2227  1692.144392  465.742678  17.814463  0.066646  1.060353  0.041265
2228  1453.931607  552.499302  17.665647  0.068365  1.041517  0.042265
2229  283.101732  471.781594  18.402400  0.072064  1.368424  0.051876
2230  132.660057  1495.518597  18.141353  0.080397  0.910588  0.089762
2232  475.671696  1079.325442  19.248592  0.087449  1.805982  0.128010
2233  1981.602205  1870.551904  18.584496  0.074003  2.131449  0.073349
2235  367.117082  305.729229  19.556860  0.152351  1.964233  0.081690
2237  1053.735343  1851.361102  17.978082  0.074585  1.138356  0.041748
2238  719.098872  1445.160000  16.505429  0.106843  0.027652  0.080701
2239  1755.301534  862.609764  18.223821  0.069972  1.374526  0.093326
2240  1704.006650  1779.026501  20.289020  0.191090  2.567144  0.153948
2242  1645.790038  94.405481  18.335541  0.093049  1.095608  0.068493
2243  1478.805034  1378.377529  19.994305  0.162627  2.439752  0.216244
2244  1464.674593  1738.000149  19.237889  0.165282  1.773476  0.117846
2245  891.341562  308.807955  20.757760  0.122047  2.605593  0.121704
2246  1960.204659  1070.431057  19.816699  0.138510  2.045202  0.121367
2247  1273.854441  1532.499980  19.143060  0.185234  1.839621  0.075635
2248  1950.294123  1567.574902  18.613587  0.094099  1.366526  0.123539
2249  1783.874815  175.863276  17.096714  0.035635  0.515433  0.065814
2250  1326.158792  1048.309081  17.569053  0.068345  0.703863  0.092305
2251  552.774572  1120.981920  17.135166  0.048570  0.438941  0.045510
2252  29.586162  372.985958  18.093953  0.047659  1.176181  0.051725
2253  266.121588  521.346748  18.427975  0.132146  1.320302  0.114058
2254  949.870568  1484.811783  18.509163  0.056664  1.406604  0.146710
2255  1235.454197  1199.645871  17.991701  0.102897  1.380032  0.058759
2256  1243.546653  310.313912  18.139343  0.054708  1.585082  0.068066
2257  501.466691  1672.953489  18.584358  0.089066  1.208912  0.102993
2258  1365.985869  329.192983  17.590750  0.080637  1.066401  0.061168
2259  1866.079945  566.102047  18.056136  0.062580  1.105818  0.068703
2260  1070.469189  768.059689  18.257847  0.064872  1.323659  0.070743
2261  95.455144  613.843507  20.073137  0.137438  1.938656  0.089438
2262  1216.777816  473.737867  19.202598  0.082259  1.101249  0.131468
2263  1672.418881  352.220204  20.986652  0.145295  2.515376  0.108647
2264  1816.194066  1553.562671  20.399546  0.092323  1.914408  0.097539
2265  1616.848993  1427.614216  19.128338  0.077232  1.212284  0.111954
2266  1200.360304  1565.965114  19.181115  0.081769  1.469807  0.083749
2267  1092.156591  1272.148431  18.505693  0.076397  1.054467  0.066850
2268  1051.454412  1908.828280  19.820028  0.116464  1.903444  0.160998
2269  575.816120  570.056780  20.066573  0.087064  1.840145  0.158660
2270  124.922469  1080.709014  20.189318  0.165811  2.415528  0.166057
2271  1626.820071  902.857348  19.144222  0.164477  1.281996  0.112137
2272  1944.173681  167.362546  19.873960  0.094413  1.942247  0.122934
2273  173.397734  82.449094  18.970919  0.076282  1.356492  0.084537
2274  396.057986  1389.524692  18.966306  0.144848  2.344757  0.106501
2275  569.324476  1603.618999  19.297012  0.150043  2.120073  0.117068
2276  866.086294  1886.743694  19.766106  0.098563  1.842808  0.086328
2277  876.761151  1837.618738  19.374591  0.085318  1.554018  0.060658
2278  1146.442303  1556.408887  18.952124  0.085180  1.923035  0.058635
2279  1951.548883  231.692651  19.523383  0.129497  1.272298  0.126868
2280  644.682490  326.125471  19.203977  0.121023  1.289653  0.060032
2281  820.299110  1148.426802  19.666407  0.076439  1.127067  0.173268
2282  662.539065  475.933227  19.143221  0.062959  2.334689  0.150815
2284  262.052866  1004.271999  18.510279  0.111002  1.150221  0.060465
2285  227.007665  440.369263  18.165348  0.069736  0.845437  0.097386
2286  1136.819643  1856.046784  19.277285  0.086778  1.591730  0.121757
2287  1677.985558  363.726867  19.015143  0.069955  1.640190  0.163957
2288  671.517466  1177.908087  18.719702  0.069672  1.405209  0.080377
2289  1239.278205  359.752074  18.851209  0.061593  1.023694  0.058986
2291  428.700699  754.574625  19.416137  0.206954  1.171587  0.116842
2292  438.976877  196.447158  18.985302  0.123052  1.526733  0.094366
2293  98.074791  174.618594  18.122678  0.100319  0.581367  0.094986
2294  1030.206390  1026.277768  19.282990  0.177707  1.387519  0.110200
2296  391.859447  501.837806  18.701522  0.169067  1.336743  0.066763
2297  253.796584  1097.475219  19.284190  0.110615  1.152367  0.153723
2298  1573.101381  1737.260203  18.267004  0.094626  1.017479  0.045511
2299  1449.385367  55.546576  20.282601  0.137978  1.897627  0.089418
2300  506.661571  44.179259  19.149593  0.111406  1.765715  0.076777
2301  43.699971  1482.297906  18.688459  0.072575  1.297827  0.064820
2302  1071.957841  150.527372  19.452884  0.067254  1.499007  0.123673
2303  154.562222  868.154862  19.665706  0.072834  1.496144  0.149964
2304  693.473360  1004.466944  19.648078  0.073107  2.281999  0.114681
2305  2026.389816  694.459193  19.531297  0.111518  1.420935  0.114721
2306  1480.561533  301.393536  19.517983  0.218737  1.749737  0.114878
2307  848.616068  1116.443412  18.800351  0.061649  2.121875  0.052351
2308  390.324365  998.991239  17.414215  0.048947  0.507872  0.076971
2309  256.469442  463.750833  20.517794  0.154028  2.185022  0.154080
2310  479.394783  322.967488  19.481092  0.105872  1.761515  0.187579
2311  384.486030  967.111495  17.724644  0.130056  0.710397  0.069829
2312  1223.164531  909.653351  20.797005  0.194686  2.286181  0.193552
2313  653.687934  272.938519  19.094155  0.075746  1.338469  0.079124
2314  1225.613000  684.084070  19.360038  0.067322  1.960778  0.089596
2316  1871.260176  1643.758786  19.691233  0.087809  1.672023  0.151311
2318  697.384706  1006.992524  19.430246  0.092662  1.604158  0.069497
2319  1920.285263  1106.995494  19.007145  0.097094  1.554039  0.155470
2320  1957.689973  1252.007379  19.064193  0.168228  1.869048  0.067419
2321  1353.527371  692.393973  19.370968  0.127369  1.373644  0.065117
2322  544.233839  1106.881944  20.614625  0.169017  2.030380  0.108944
2323  1558.611837  775.715325  19.213069  0.175639  1.313509  0.109960
2324  1538.872000  1184.807569  18.136663  0.110576  1.046002  0.090934
2325  362.366216  1537.796768  18.512809  0.106969  1.096194  0.097231
2326  648.097693  2030.936798  21.034361  0.130003  2.262321  0.154844
2327  111.082771  1115.005595  19.716662  0.104463  1.811019  0.074404
2328  1282.394458  1471.727974  19.094626  0.077131  1.319012  0.105822
2329  1678.061571  86.181561  19.357938  0.113730  2.261583  0.070698
2330  2007.553718  1667.556067  17.560079  0.100619  0.626180  0.053971
2331  103.940828  12.902320  19.102810  0.086743  2.110384  0.071435
2332  712.430453  976.341092  19.722443  0.109409  1.524673  0.113808
2333  538.718783  1993.372812  19.513647  0.102469  2.372622  0.111078
2334  1611.763156  740.196124  18.107676  0.057455  1.152181  0.125096
2335  1491.564184  1683.513155  19.517919  0.084794  1.547217  0.103741
2337  539.348804  713.623976  19.232368  0.170937  1.225575  0.096343
2338  17.933200  504.455638  18.429337  0.058763  1.000289  0.096541
2339  1523.213757  601.046867  17.041702  0.047122  0.143353  0.061023
2340  605.671932  1547.144432  18.314411  0.048626  0.654094  0.080748
2341  308.682647  1393.024302  19.717665  0.179846  1.665940  0.075660
2342  1371.909754  920.491312  19.362989  0.087785  1.347741  0.105780
2343  1208.862466  1128.086539  18.561305  0.055199  1.493213  0.066868
2344  1218.542597  1253.309932  19.892517  0.239832  1.797888  0.107279
2345  1540.942724  1902.791522  19.390507  0.067257  1.425433  0.063026
2346  1383.891085  9.975734  18.764360  0.095012  1.344113  0.094394
2348  528.767780  1562.514776  19.502031  0.096219  2.247029  0.083052
2349  445.175978  1676.353985  17.902284  0.051336  0.574594  0.066455
2350  121.223807  647.407189  20.557400  0.119985  2.154634  0.201099
2351  1188.076999  931.621389  19.764480  0.116829  1.804795  0.090798
2353  1875.612390  642.718641  19.941214  0.164628  1.375018  0.169333
2354  1306.576896  996.197041  18.806320  0.057158  0.991792  0.064672
2355  1291.605932  1179.942998  19.140220  0.088423  0.993484  0.134758
2356  847.140428  1133.864298  20.492418  0.163129  1.585742  0.150321
2357  751.937651  1209.803982  17.974992  0.045781  0.298626  0.098887
2358  664.954808  1632.370667  19.205345  0.099675  1.085766  0.131784
2360  868.052749  1721.495175  20.337225  0.154640  1.962904  0.182783
2361  1248.694003  676.120914  20.817756  0.167469  2.103972  0.118106
2362  157.036166  6.159243  18.360275  0.067205  0.406421  0.068175
2363  1298.422428  1574.927218  18.658887  0.122965  1.250834  0.110899
2364  1192.438265  458.668485  19.209600  0.141178  0.862786  0.127259
2365  1895.941485  1545.179628  20.255060  0.109498  1.643724  0.123702
2368  534.694172  1658.046363  19.696809  0.121230  1.417882  0.189890
2369  512.991289  1885.729699  18.285701  0.082277  0.533943  0.119093
2370  1149.940052  1359.508636  20.311297  0.108778  1.637597  0.139897
2371  1191.999154  894.643723  20.610153  0.209525  2.094294  0.213828
2372  1173.309951  548.546648  19.831916  0.169314  1.599607  0.201078
2373  1158.796561  1919.802666  19.548751  0.087848  1.393895  0.065392
2374  1847.082051  1260.960920  20.633432  0.173167  1.732838  0.121845
2375  1212.842336  1304.192332  19.128769  0.091555  0.879415  0.055904
2376  37.762833  369.550226  19.699431  0.144599  1.967758  0.085323
2378  1650.531071  1566.817268  20.023275  0.088026  1.787749  0.111602
2379  2024.031655  1611.763342  20.140966  0.123278  1.339022  0.166200
2380  1435.256262  1696.009392  17.904449  0.058042  0.133372  0.075939
2382  1998.266265  791.714691  20.080820  0.154252  1.848856  0.206964
2383  275.139562  1880.637227  19.857545  0.181938  1.319604  0.089528
2384  632.767737  816.931848  19.967728  0.095995  1.471414  0.113535
2385  1769.277528  1792.610423  19.791583  0.079250  1.411183  0.113077
2386  1404.671841  1586.124338  19.219662  0.099972  1.240412  0.110586
2387  742.335226  924.063495  19.669229  0.097765  1.681458  0.124865
2388  63.767129  1588.103177  19.825968  0.096655  1.080362  0.101728
2389  1814.746586  1421.915812  20.267180  0.093396  1.749767  0.144780
2390  390.057549  654.775160  17.818349  0.075109  0.089816  0.059051
2391  785.587976  1621.286709  20.638736  0.158438  1.652169  0.180225
2392  1855.889400  827.992431  20.182421  0.082017  1.760012  0.094749
2394  713.260608  965.240818  20.611532  0.129540  1.858730  0.173885
2396  1820.601134  1070.113708  20.365284  0.092957  1.557998  0.210955
2397  1861.368133  709.729831  20.219143  0.114425  1.890002  0.226792
2400  63.715705  867.940035  20.219603  0.095513  1.366278  0.131682
2401  1272.196405  158.093396  20.705292  0.131042  1.799299  0.100251
2402  406.012022  938.047904  20.678356  0.238791  2.217309  0.250508
2405  1244.528839  399.699753  20.683089  0.186205  2.163830  0.187677
2406  1136.677624  1256.160080  19.915798  0.155255  1.753138  0.157153
2409  656.727327  28.841038  19.583986  0.082252  1.380640  0.105239
2410  1661.987700  471.592606  19.953884  0.156357  1.655888  0.083597
2411  611.131156  835.281702  20.345347  0.207310  1.570228  0.114514
2412  780.993023  230.002439  19.977693  0.181227  1.918619  0.174084
2413  102.186577  1237.927845  20.017489  0.098331  1.934090  0.108738
2414  260.514441  141.285199  18.924109  0.095224  0.911689  0.071735
2415  966.796498  277.108676  20.871573  0.155608  1.933170  0.145606
2416  180.051371  1299.221754  17.429653  0.072310  0.144544  0.122140
2417  1784.063672  1021.881262  17.420851  0.075093  0.306273  0.043319
2418  1321.732141  868.939328  19.533289  0.071172  1.560068  0.087497
2420  799.375749  1370.463007  19.934790  0.132497  1.369538  0.076929
2421  541.162457  1720.343797  20.456870  0.140994  1.769352  0.199669
2422  1405.794659  298.246650  18.910927  0.112282  0.973896  0.066247
2423  1592.847383  1211.873096  19.744403  0.107424  2.114495  0.096946
2424  416.505784  1356.255987  20.044555  0.090595  1.555504  0.104312
2427  638.689432  1424.162107  19.922510  0.082929  1.611741  0.109415
2428  1184.736539  538.432261  19.983081  0.156068  1.638604  0.095484
2429  1028.972834  940.472602  20.209648  0.160221  1.549610  0.115474
2430  1446.409203  183.076797  20.277165  0.155271  1.372138  0.158034
2431  208.543738  949.562953  20.453281  0.146186  1.516134  0.166218
2432  1940.446035  1511.415548  19.708400  0.100144  1.598091  0.112034
2433  1646.798210  1304.581282  19.967464  0.208927  1.790720  0.202269
2434  1276.711807  884.430478  20.250836  0.167893  1.650327  0.112541
2436  15.704824  288.286748  19.900169  0.178952  1.428004  0.105160
2437  1528.430019  589.994136  18.260918  0.046413  0.486821  0.091766
2439  1985.826795  428.410031  19.919459  0.101345  1.799663  0.099765
2440  59.339432  293.033305  19.513534  0.075954  1.304326  0.069289
2441  730.996831  471.938078  20.361030  0.097204  1.491676  0.113896
2442  315.895758  1196.494017  19.678120  0.080319  1.119738  0.073276
2443  272.048568  380.601244  20.114264  0.112014  1.556969  0.083777
2445  1867.872396  1652.665570  20.900526  0.315635  1.901060  0.165519
2447  1603.801937  674.162917  19.504281  0.117335  1.495550  0.161931
2448  1481.971397  263.788692  18.449006  0.089171  0.549702  0.075061
2449  320.692592  1041.814577  20.561469  0.124455  1.777384  0.116908
2450  724.140654  206.327468  20.283710  0.118148  1.546999  0.078763
2451  745.840435  1481.150118  19.808293  0.171916  1.623934  0.125990
2452  1971.742655  1787.603352  19.823526  0.144270  1.616733  0.129339
2453  690.629753  1069.549198  19.522217  0.111475  1.394292  0.122043
2455  402.312892  1869.132026  20.720815  0.186351  1.835971  0.176428
2456  556.451941  1322.677775  20.305253  0.156538  1.578040  0.119266
2457  1219.839568  1960.142545  19.388777  0.197250  1.524167  0.177747
2458  560.719088  98.806201  20.842808  0.173636  1.933322  0.166163
2459  339.427610  1147.276550  19.278543  0.178314  1.053388  0.060164
2460  1111.314194  156.736373  19.824395  0.100112  1.688444  0.109735
2462  589.926033  328.348956  20.172701  0.149939  1.420676  0.169963
2463  1157.341390  1555.490926  19.620153  0.134436  1.935533  0.111029
2465  1898.541661  1626.394809  19.940322  0.220692  1.470144  0.129831
2466  32.932579  172.681786  20.597511  0.141188  1.701486  0.099937
2467  803.669102  970.572683  20.539799  0.129061  2.966260  0.112200
2468  2024.355392  71.848409  20.573251  0.215893  1.971899  0.187267
2470  563.733929  1049.201845  20.308939  0.198371  1.611615  0.204944
2471  1813.532754  1764.342103  20.197449  0.178764  1.642738  0.132201
2472  716.899271  8.132118  20.667632  0.170986  1.717599  0.095501
2473  332.363697  1781.094412  20.733693  0.118459  1.623842  0.121114
2474  99.966735  799.593256  20.509345  0.326761  1.935694  0.174745
2475  1768.874473  1058.643189  19.977507  0.137728  1.217933  0.090381
2476  366.174083  1142.447198  20.618866  0.152065  1.709612  0.149558
2478  1572.270841  493.002894  19.766464  0.113385  0.919891  0.133148
2481  1732.523963  682.937111  20.874102  0.342602  1.546272  0.141906
2482  253.562368  296.325234  19.638692  0.103004  0.938932  0.082231
2485  893.450265  279.175204  20.880286  0.134939  1.708323  0.225732
2487  293.572818  1250.051863  17.940772  0.069194  -0.066853  0.096013
2488  1939.816362  1471.281232  20.934584  0.200020  1.554390  0.354827
2489  1411.329847  565.868073  20.749983  0.170202  1.778035  0.238733
2490  358.887862  925.845605  20.801013  0.198170  1.551313  0.111110
2493  178.466322  2041.682222  20.295267  0.142859  1.334834  0.092474
2494  961.984159  1700.600705  20.528608  0.229069  1.697486  0.128875
2499  1298.262328  48.039050  20.391764  0.162816  1.163645  0.135260
2502  491.525225  1453.551743  20.237503  0.346017  2.400960  0.194167
2503  974.525693  53.197206  20.258229  0.199595  1.424212  0.175803
2505  1632.301571  1494.872876  21.333702  0.161070  2.026387  0.373514
2506  1092.734806  1676.642271  21.502048  0.164026  2.830275  0.237322
2507  2028.448648  1650.215667  20.843803  0.140009  1.781303  0.170152
2511  244.930933  128.942103  20.622767  0.259321  2.065534  0.184070
2512  627.380115  1472.962722  17.948181  0.090919  0.173036  0.069340
2515  580.517467  147.594561  19.368990  0.092923  0.903517  0.077140
2516  1476.094881  885.163822  21.107082  0.140797  1.756171  0.163979
2518  125.689380  903.626057  21.232712  0.150604  2.191646  0.351601
2519  346.655563  1781.565474  20.562860  0.142000  1.970000  0.105322
2522  1989.083554  1078.759081  20.607658  0.153207  1.490049  0.146085
2525  920.910930  603.357499  20.641277  0.141472  1.740280  0.099296
2526  294.442913  409.005576  21.155429  0.206632  1.594605  0.183215
2527  445.002598  1624.526854  21.557965  0.246325  1.772389  0.266313
2528  2013.443563  1257.502362  21.088647  0.317535  1.887271  0.270834
2529  1712.458319  291.568324  21.059515  0.161777  1.709383  0.115363
2530  1365.072400  473.267992  20.376723  0.106408  1.814473  0.110481
2532  285.533395  1508.986176  20.844837  0.140262  1.171349  0.219369
2533  1471.707893  1155.174588  20.896993  0.182811  1.403899  0.151275
2534  1437.984899  108.707788  20.161562  0.075931  1.272922  0.137106
2535  98.201145  921.550586  20.997065  0.212601  1.934911  0.190716
2536  1594.978413  110.081799  18.698694  0.070992  0.542090  0.057936
2540  408.936830  108.993652  19.204059  0.071019  0.713090  0.078212
2542  1585.315984  214.734401  18.322849  0.088975  0.089799  0.074285
2543  1113.109281  1237.241864  20.982298  0.155151  1.660206  0.108800
2545  141.116338  1142.103261  20.743752  0.187024  1.468155  0.100726
2546  1896.194814  522.062750  20.370831  0.225159  1.772038  0.180878
2550  1934.642868  1968.986698  20.466392  0.149205  1.306564  0.220913
2551  1947.753663  938.948860  19.904648  0.079828  1.358565  0.128134
2553  99.145506  1486.193650  19.929272  0.182128  1.113855  0.205780
2557  10.310182  1326.592534  20.651804  0.136023  1.546394  0.177300
2558  1407.924147  172.262197  20.123385  0.110727  1.139571  0.180957
2559  1674.167247  706.808370  19.090420  0.103374  0.720406  0.092982
2560  434.867505  1872.520708  20.346421  0.109926  2.118564  0.183902
2564  1180.423648  1057.281186  20.497865  0.198876  1.482627  0.173175
2565  1398.951909  1309.178513  20.924548  0.256230  1.758187  0.170020
2566  1245.361418  725.843369  20.902073  0.100953  1.770406  0.110069
2568  121.625041  2017.105979  19.475984  0.221495  0.850069  0.134965
2571  2038.874617  765.232254  21.299882  0.234127  1.783893  0.165283
2578  1338.296818  1692.486535  20.774152  0.126261  2.108277  0.241657
2581  1738.082335  1702.406184  20.233940  0.178376  1.370828  0.141065
2583  539.712682  1806.914873  19.847651  0.136041  0.905860  0.112554
2586  219.641165  1920.800980  20.471821  0.535634  1.830252  0.217710
2591  1272.979669  120.851497  20.572687  0.142831  1.654052  0.168964
2593  704.422256  566.306071  20.315327  0.143927  2.190961  0.181091
2594  247.090858  882.625612  18.652827  0.068279  0.255820  0.055612
2595  916.499048  1996.179672  20.205461  0.138271  1.281550  0.146685
2598  1497.025966  1188.149821  20.585366  0.173608  1.644051  0.261258
2599  1382.253179  1950.533873  20.447814  0.169771  1.617326  0.157594
2600  1426.559915  1845.359677  20.025192  0.169049  1.145797  0.175321
2601  920.465569  172.813363  20.512970  0.121073  1.398909  0.187567
2602  1908.427342  1201.263928  20.593738  0.150443  1.730980  0.165336
2603  994.125978  1104.843106  20.652728  0.100554  1.401019  0.287531
2604  95.799510  268.867702  20.588099  0.102362  1.989311  0.136936
2606  1719.005497  772.456390  21.073900  0.180308  1.840794  0.177807
2608  1236.613072  987.947061  19.349293  0.152727  0.948152  0.100646
2609  593.908705  1291.330405  19.285169  0.076284  0.608372  0.061428
2612  867.404696  997.044714  20.281746  0.143474  1.524538  0.092993
2614  324.961206  121.960958  20.985025  0.228775  1.887623  0.301252
2616  2034.025978  665.120256  20.489558  0.094785  1.481243  0.188509
2617  97.965128  1593.630926  20.466951  0.170093  1.636915  0.182892
2620  1742.735191  33.365307  20.474089  0.264512  0.608503  0.115452
2621  2022.262475  323.244975  21.513946  0.209797  2.399409  0.175257
2624  721.214252  144.500785  20.909047  0.123115  1.150306  0.120451
2628  2016.666247  137.969371  19.596538  0.116378  0.729444  0.151670
2630  832.915100  432.655827  21.007196  0.224408  1.902352  0.407318
2639  1622.171420  1429.665907  21.248418  0.187179  1.339592  0.221029
2640  560.055022  759.195666  21.764099  0.187509  1.737206  0.140740
2664  1169.214130  871.391579  20.638624  0.191770  1.343315  0.106003
2666  996.371635  1025.431363  20.060823  0.118567  0.784926  0.139574
2670  1236.010152  1565.195254  20.171473  0.101818  0.935580  0.115766
2672  635.047428  1322.882197  21.153018  0.177506  1.437846  0.140475
2675  1994.791366  1287.921202  20.605740  0.116440  0.647791  0.155228
2676  1847.110125  1391.398352  19.933517  0.124338  0.891815  0.115721
2679  674.179329  426.662402  19.874713  0.119532  0.467012  0.186973
2680  1262.280578  495.754375  19.619622  0.159282  0.558012  0.132636
2681  1053.651579  451.787993  19.464129  0.096571  0.621285  0.067325
2686  670.172577  462.666035  20.407814  0.231370  1.161850  0.164843
2687  1682.865547  1204.126325  18.925187  0.090934  0.430844  0.086650
2691  800.288721  85.365400  20.749475  0.175250  0.942692  0.177473
2698  1718.759223  618.400990  20.833281  0.140066  1.297034  0.109565
2699  683.349217  1292.786442  19.624199  0.130262  0.639802  0.155764
2700  716.269611  1705.989819  19.088503  0.070663  0.301897  0.105664
2701  714.184196  1385.774500  20.560978  0.125688  1.183999  0.101740
2703  794.783520  301.045589  20.183241  0.182017  0.984466  0.173513
2708  273.389478  1959.027759  20.180764  0.220328  1.004882  0.094953
2713  1594.238703  1767.123755  20.768399  0.171975  1.144742  0.245598
2717  257.301847  948.355537  20.582684  0.139307  0.908346  0.202382
2719  1737.896535  519.120568  19.886081  0.079319  0.725001  0.132850
2720  1599.744352  529.827449  21.588887  0.148315  1.437919  0.308705
2722  460.880876  456.951395  19.683566  0.082854  0.581563  0.109850
2723  1587.772690  447.585837  20.294639  0.103015  0.982583  0.109607
2724  287.432551  1449.077404  20.396711  0.206653  0.888156  0.129038
2727  1019.513147  311.300886  20.732710  0.109197  0.949015  0.122438
2738  27.538094  393.169526  20.400807  0.202683  1.251493  0.189190
2740  979.796865  1891.377751  20.860577  0.150206  0.778152  0.207874
2747  1267.252696  1040.383674  20.293774  0.134396  0.301671  0.223582
2750  1587.858259  1306.404243  19.992564  0.138532  0.615543  0.174384
2754  1036.570281  1868.524341  21.087078  0.211384  0.998668  0.132806
2755  1038.771619  2.453637  20.867542  0.249270  0.773950  0.108264
2756  1363.179484  1777.914598  20.571031  0.102595  0.747011  0.143622
2760  181.420981  1811.458849  21.290777  0.221772  1.076290  0.250869
2761  1948.432081  1823.856469  21.025846  0.226779  1.522861  0.367278
2764  1294.561391  1418.401505  20.753287  0.188972  0.452565  0.148621
