# id  x  y  V  eV  BV  eBV
10  947.701883  1043.460649  20.992332  0.153815  1.660302  0.183421
13  990.858486  1068.960358  20.014987  0.377502  1.671149  0.216025
14  1124.080538  1100.864655  21.335941  0.156495  1.747374  0.121719
15  1049.922191  1020.581417  21.065562  0.129529  1.525892  0.234836
18  1065.317437  1018.052362  21.197893  0.275176  1.747620  0.176892
19  926.182666  930.646671  21.264989  0.185251  1.623077  0.141378
112  1004.400599  997.333402  20.710263  0.236412  1.709827  0.238517
114  1176.003359  1088.526234  20.782043  0.301790  1.545170  0.132164
115  970.766684  1096.986010  20.766465  0.125593  1.390069  0.258490
117  1050.078290  1079.849513  21.162597  0.238326  1.631060  0.169969
118  963.081216  1011.963781  21.070278  0.233818  1.475573  0.254396
119  1213.629932  1059.276370  20.843988  0.291495  1.896616  0.168215
120  1097.456046  841.298657  20.702409  0.275518  1.472866  0.159249
122  818.171556  1123.139379  21.147134  0.141295  1.274229  0.149690
128  961.348014  1102.508524  21.065006  0.177053  1.604480  0.111339
133  988.269322  811.346575  20.871616  0.111313  1.581133  0.124376
136  1020.691046  920.266691  20.773363  0.293144  1.769146  0.260326
138  960.074916  1068.634132  20.821928  0.106675  1.703169  0.212713
142  1072.106394  977.766994  20.988900  0.114568  1.873122  0.158265
143  930.517729  1121.046487  20.962139  0.185251  1.745117  0.215687
148  1009.129062  1176.420987  20.961545  0.108313  1.815489  0.154466
150  1115.502141  1055.850107  20.633017  0.165183  1.572278  0.171836
153  989.208781  1073.213133  20.669216  0.110921  1.497626  0.152010
155  1029.971722  1245.454602  20.545130  0.195924  1.432450  0.126445
157  1056.701174  811.798221  20.917992  0.224484  1.977319  0.272419
160  1017.969807  1030.341693  21.143494  0.211113  1.204201  0.195593
163  989.303296  1006.391112  20.711187  0.106215  1.541338  0.106980
165  993.611674  1075.568742  21.256194  0.163728  1.424338  0.116890
167  945.754030  1009.277051  20.858664  0.110355  1.628320  0.141371
169  988.625940  1135.330140  20.890739  0.196088  1.599536  0.138346
170  1168.811766  1183.076516  20.361439  0.247681  2.011957  0.298475
171  1169.917993  1027.307356  20.591421  0.207251  1.779395  0.177137
173  1035.569295  949.163704  20.879372  0.120395  1.721053  0.100858
174  1058.426798  1015.407985  20.869605  0.145159  1.580780  0.175618
176  970.054533  994.323599  20.641393  0.274016  1.665949  0.099932
180  977.412915  1058.993603  20.433908  0.169889  1.546615  0.106705
184  1017.982525  911.710106  20.536936  0.169287  1.548491  0.128827
185  986.334925  988.593869  20.825146  0.171845  1.448619  0.283627
188  1015.616696  1027.954176  20.773777  0.267917  1.651751  0.119145
189  789.341409  969.290486  20.630787  0.152854  1.666675  0.188706
191  1050.410230  805.803172  20.402773  0.184740  1.621383  0.151239
192  983.790674  1143.540081  20.409329  0.246533  1.802394  0.261773
195  1052.764426  1204.533514  20.610045  0.103942  1.445502  0.255279
196  1028.716401  1027.849789  20.540950  0.103563  1.528989  0.095022
198  1034.946171  1073.939436  20.301483  0.201320  1.488795  0.112684
199  1103.745638  944.046223  20.469694  0.159601  1.514455  0.138845
1100  829.831352  1003.807846  20.420149  0.121369  1.957571  0.149622
1101  969.616323  1004.971622  20.544220  0.090879  1.663640  0.105771
1102  884.956017  1079.651860  20.668333  0.125204  1.623739  0.132580
1104  1011.068314  930.738237  20.491654  0.133353  1.796078  0.174851
1106  1006.995149  911.892009  20.532364  0.186268  1.589538  0.195407
1107  938.245571  830.332764  20.813550  0.201670  1.641081  0.152797
1108  987.070976  1017.595986  20.407645  0.132342  1.402790  0.245155
1110  989.325005  893.167636  20.632475  0.242900  1.573769  0.124157
1111  1072.102769  1219.284275  20.461455  0.215407  1.508936  0.103523
1112  1109.606175  1084.676915  20.349229  0.207268  1.490656  0.114444
1113  1076.575805  957.835817  20.438716  0.173672  1.464402  0.131803
1114  1094.515671  831.865610  20.334325  0.128862  1.573432  0.090478
1115  1178.948751  961.673032  20.529116  0.162056  1.364899  0.211918
1117  1007.928627  1079.274578  20.244020  0.083047  1.503901  0.101242
1118  1063.954944  917.798318  20.110045  0.089126  1.523891  0.154025
1119  1077.819761  1110.512271  20.225881  0.123427  1.488898  0.168179
1120  950.615511  922.481193  20.117406  0.166300  1.472223  0.166227
1121  837.994906  1044.182036  20.201280  0.129960  1.708986  0.085059
1123  1010.234798  1063.722701  19.957216  0.108433  1.601306  0.189204
1125  1092.495688  876.898775  20.131625  0.142924  1.280733  0.181252
1126  1143.050363  1111.740867  20.271937  0.127941  1.340539  0.122094
1127  1063.335711  1077.057434  20.117300  0.102665  1.629655  0.092060
1128  1067.796480  1065.458422  20.351950  0.170259  1.518345  0.119864
1130  1115.246838  933.125407  19.982131  0.080606  1.556604  0.106083
1131  1122.357166  1082.437018  20.052817  0.100987  1.737754  0.160853
1132  1082.448650  1061.722419  20.246922  0.118272  1.095240  0.156996
1133  1168.890245  1116.465459  20.133571  0.104281  1.544650  0.086221
1134  1104.165007  981.597307  20.188568  0.178172  1.648592  0.167949
1135  919.314248  900.984730  20.129153  0.149798  1.522754  0.078543
1136  952.220836  1199.272182  20.118445  0.079597  1.453706  0.153325
1137  987.381453  1167.768207  19.849370  0.137095  1.425060  0.104119
1138  959.952609  978.666476  20.233597  0.230979  1.454315  0.167718
1139  1113.427476  1143.101850  20.196579  0.143029  1.311591  0.100663
1140  1105.949553  985.880719  19.968213  0.081670  1.504073  0.098513
1141  1099.749499  959.718851  20.129308  0.170980  1.377395  0.199335
1142  1155.714990  1109.495132  20.143799  0.107608  1.609116  0.155654
1143  1036.035830  1117.958472  19.984115  0.155762  1.358121  0.096383
1144  1086.407434  1084.419748  20.074744  0.152825  1.570150  0.153257
1145  1039.889408  1028.428882  19.994475  0.151014  1.558779  0.097019
1146  1015.386644  944.787825  19.729022  0.177952  1.505417  0.083245
1147  987.411825  1074.591068  19.824195  0.086562  1.701854  0.109954
1148  1119.792353  1003.458744  19.914105  0.115202  1.420068  0.147800
1149  1113.162117  1202.162545  20.183912  0.103432  1.207609  0.183172
1150  908.093194  968.150815  19.968567  0.076700  1.349935  0.208459
1151  1042.630513  1033.167032  19.997239  0.082879  1.499127  0.093044
1152  1157.042074  987.189105  19.998825  0.118308  1.625277  0.185326
1153  966.189384  1042.576486  19.872049  0.303589  1.255810  0.158969
1154  1021.289800  1089.960714  19.879207  0.207786  1.415740  0.089959
1155  1200.228086  1040.814592  20.053033  0.127075  1.437982  0.176303
1156  905.298657  988.022108  20.020829  0.097481  1.466109  0.129707
1157  1144.558408  950.200566  20.143677  0.173580  1.552063  0.100872
1158  1033.075200  911.049667  20.078684  0.133684  1.606205  0.078536
1159  978.000957  1152.173322  19.998196  0.110986  1.333288  0.136209
1160  1035.888046  954.475090  19.897880  0.179239  1.513696  0.152674
1161  895.975670  1046.283264  19.937374  0.089069  1.589752  0.192613
1162  1074.435256  971.258982  19.847637  0.100840  1.528482  0.101167
1163  1025.381437  943.177216  19.802408  0.134903  1.326255  0.135512
1164  986.189496  850.235720  20.121310  0.143276  1.527750  0.101059
1165  1036.546744  1013.894001  20.005305  0.084117  1.648955  0.137638
1166  1066.246410  1043.453051  19.803071  0.273460  1.651803  0.132654
1167  923.780854  1094.118277  19.856439  0.103043  1.451304  0.077320
1168  1149.316936  1016.782131  20.018081  0.122839  1.461911  0.087698
1169  1050.992947  1017.423094  20.001999  0.106812  1.451878  0.139548
1170  920.974459  1076.137615  19.956038  0.079534  1.468075  0.142447
1171  892.187054  1023.130931  19.933902  0.086911  1.455863  0.160262
1172  1054.526792  1129.906811  19.956291  0.100267  1.350357  0.098216
1173  864.486687  947.691500  19.705097  0.178075  1.204918  0.251495
1174  1010.746122  970.567803  20.138738  0.182521  1.788264  0.119915
1175  992.980193  913.735967  19.872424  0.121095  1.385294  0.100220
1176  1135.090401  1169.967063  19.830419  0.096916  1.501655  0.231864
1177  1009.345618  960.774820  20.231716  0.184244  1.668299  0.146686
1178  1183.278961  1004.792361  19.886864  0.088335  1.633795  0.097093
1179  925.791396  1006.080492  19.965340  0.105241  1.632668  0.114829
1180  1000.171028  1057.856410  19.918267  0.086966  1.521115  0.200092
1181  1020.904735  966.597100  19.848302  0.079700  1.487168  0.119779
1182  918.504919  949.162045  19.964671  0.138523  1.459226  0.088062
1183  1128.151409  1099.605156  19.900144  0.101572  1.503316  0.074392
1184  937.442427  1008.349696  19.568795  0.219146  1.426673  0.203119
1185  1093.777531  1191.257395  19.944708  0.143099  1.410681  0.093241
1186  1070.355415  1003.713147  20.066543  0.130585  1.776592  0.180108
1187  942.155756  1037.195100  19.703317  0.097878  1.378713  0.129727
1188  990.458552  1008.664166  19.865885  0.105266  1.704814  0.117738
1189  1020.701573  1092.478874  19.560813  0.105239  1.428298  0.082356
1190  899.843994  1000.030065  19.757175  0.100108  1.583613  0.085763
1191  914.838344  1150.157312  19.781681  0.110174  1.496920  0.085067
1192  946.973573  1052.131840  19.741755  0.078962  1.574041  0.111228
1193  1013.501624  1015.712686  19.774404  0.079672  1.410408  0.115488
1194  1126.483313  839.880806  19.688223  0.100929  1.553625  0.122906
1195  964.226621  951.902700  19.818231  0.083383  1.609655  0.151057
1196  1169.443697  1076.575949  19.629418  0.109967  1.546520  0.069631
1197  1103.058207  972.503081  19.847488  0.131844  1.426396  0.076853
1198  1175.907144  947.506831  19.815145  0.110283  1.565679  0.137975
1199  931.648614  976.933908  19.686090  0.078974  1.482554  0.089567
1200  981.956567  1014.384374  19.625886  0.115428  1.399152  0.147609
1201  1219.165532  1050.943324  20.123976  0.255738  1.322336  0.096854
1202  1081.708134  1088.294605  19.781829  0.117090  1.543689  0.110176
1203  1064.659149  1050.540421  19.528239  0.100163  1.364894  0.084131
1204  1067.255562  1038.432727  19.749982  0.116621  1.533843  0.090206
1205  923.291238  966.153073  19.633456  0.143172  1.505398  0.094143
1206  1010.820915  1065.789297  19.366161  0.132056  1.397031  0.074318
1207  1069.863117  942.272348  19.478852  0.136278  1.305840  0.121513
1208  1078.666732  917.031608  19.503622  0.138181  1.581957  0.209817
1209  1129.172009  1106.301727  19.572783  0.076198  1.483940  0.078501
1210  1058.631475  1006.438953  19.650610  0.263846  1.456184  0.167929
1211  1105.600430  897.849897  19.469265  0.102729  1.358177  0.105460
1212  1019.154063  1059.579761  19.454224  0.071856  1.413711  0.161719
1213  950.218998  1016.222638  19.535602  0.105650  1.269287  0.065481
1214  1129.842463  1129.334436  19.328880  0.122916  1.368188  0.120945
1215  1145.996882  1010.219581  19.545951  0.070335  1.480707  0.101516
1216  1039.353692  1027.742188  19.375062  0.086650  1.633751  0.105532
1217  1028.876227  1054.722437  19.528463  0.090265  1.513398  0.094030
1218  943.513518  978.625741  19.526523  0.212041  1.445925  0.101583
1219  957.075087  923.780239  19.351259  0.079290  1.586411  0.135073
1220  1081.483592  836.625285  19.436792  0.104182  1.320710  0.065284
1221  1144.783749  967.475302  19.369948  0.093336  1.510644  0.132197
1222  1080.870748  1179.669627  19.384154  0.101234  1.457757  0.075699
1223  1059.149025  1216.942572  19.499157  0.064661  1.444040  0.072530
1224  1096.994652  1138.009027  19.535938  0.220053  1.411217  0.185804
1225  1098.407404  1103.672771  19.394627  0.078426  1.628097  0.106435
1226  998.317548  1043.467366  19.430814  0.108198  1.352753  0.095891
1227  949.020508  954.363372  19.716024  0.155239  1.505121  0.078050
1228  1176.485868  946.358415  19.451229  0.102959  1.385293  0.068318
1229  1045.455278  924.994150  19.446709  0.137878  1.515353  0.094493
1230  914.280407  1052.277801  19.462196  0.079253  1.085699  0.154658
1231  1142.633062  1143.899668  19.649212  0.175842  1.603325  0.133928
1232  1053.262213  1011.085394  19.459510  0.104777  1.432995  0.130378
1233  1098.864927  1070.876221  19.450638  0.086396  1.359093  0.100140
1234  1161.005097  1101.968671  19.635543  0.111399  1.421056  0.071233
1235  1103.163494  1204.705792  19.671771  0.115134  1.514697  0.112447
1236  1042.240901  997.732884  19.419839  0.104540  1.375077  0.086935
1237  1126.152663  861.433221  19.415997  0.064462  1.374153  0.077388
1238  965.519237  1229.162373  19.395152  0.065349  1.421164  0.107213
1239  1036.735324  948.017725  19.403048  0.099194  1.409485  0.066085
1240  1057.890775  933.880218  19.258447  0.093158  1.362596  0.123209
1241  1099.505848  968.817132  19.273361  0.085804  1.580982  0.148585
1242  933.782303  934.812180  19.416874  0.104831  1.472819  0.077234
1243  1069.249987  1011.357901  19.286922  0.085042  1.472012  0.069870
1244  1109.014385  1031.155917  19.198523  0.133382  1.449811  0.090747
1245  1086.336901  1092.944998  19.252701  0.080267  1.395673  0.104325
1246  899.776737  1052.146586  19.238439  0.084332  1.390793  0.168744
1247  1060.199936  1003.806290  19.582973  0.124573  1.357873  0.124316
1248  1028.539904  1129.219604  19.362531  0.095734  1.525697  0.101197
1249  945.319404  933.184143  19.205394  0.110569  1.555604  0.185505
1250  954.471813  1135.505613  19.214401  0.173332  1.471692  0.120014
1251  1017.510789  1040.879944  19.390930  0.096111  1.208537  0.139283
1252  1128.343880  1151.286927  19.375381  0.132385  1.456431  0.084051
1253  1024.513843  1029.190697  19.426112  0.091637  1.528042  0.071053
1254  942.813020  970.701865  19.207876  0.077199  1.709238  0.185955
1255  1099.684147  1062.821048  19.263602  0.062164  1.364609  0.069880
1256  1177.314816  977.132237  19.216586  0.158919  1.168432  0.150294
1257  1060.273603  924.450304  19.225124  0.062927  1.515775  0.144374
1258  974.097326  1109.469901  19.146926  0.115810  1.438038  0.150213
1259  982.137549  1022.045716  19.314412  0.074583  1.364895  0.178952
1260  874.101309  1006.104986  19.203619  0.133633  1.481766  0.061448
1261  918.090895  1094.241260  19.245238  0.134050  1.425437  0.098319
1262  1107.119575  1038.468710  19.315301  0.112826  1.653708  0.186323
1263  970.543534  1030.251377  19.277193  0.086790  1.240655  0.134441
1264  971.206328  1077.638144  19.304622  0.077761  1.503240  0.115564
1265  998.624973  1018.281882  19.327513  0.151688  1.540757  0.111403
1266  994.072330  1124.075418  19.318940  0.119562  1.445381  0.124900
1267  959.266591  1035.954156  19.163065  0.116472  1.474414  0.066452
1268  946.497147  1160.254198  19.113857  0.086368  1.404685  0.060923
1269  879.445053  1146.148393  19.153591  0.153984  1.395187  0.100865
1270  1049.779220  1002.200924  19.027939  0.080508  1.329272  0.154691
1271  1128.562115  1045.680333  19.158628  0.109931  1.466089  0.115266
1272  1091.816858  951.286374  19.186552  0.068270  1.416241  0.103504
1273  848.944681  1016.589783  19.218404  0.075838  1.159479  0.129932
1274  1123.392348  1063.840113  19.148089  0.080666  1.586017  0.148682
1275  1123.487130  1223.488041  19.032025  0.057504  1.323648  0.103021
1276  1084.947087  994.933105  18.798113  0.146608  1.274450  0.067899
1277  1108.291809  1004.739973  19.024421  0.081383  1.422820  0.061883
1278  1017.692078  1154.587873  19.076520  0.074391  1.512068  0.083768
1279  1023.882998  1028.060959  19.055502  0.074937  1.454334  0.140411
1280  1000.461312  1148.077363  19.031146  0.077725  1.282159  0.140078
1281  859.147039  1050.849649  18.976175  0.143556  1.426476  0.099406
1282  951.684506  1046.833582  18.935882  0.095712  1.424104  0.095523
1283  1169.886863  975.257436  19.066353  0.129960  1.384869  0.072978
1284  870.184018  997.834854  19.020728  0.090567  1.292518  0.081914
1285  1016.144097  1069.196452  19.019727  0.111095  1.274197  0.130994
1286  1016.684257  1016.954429  19.049601  0.071310  1.461923  0.094453
1287  1082.542305  1069.107917  19.118265  0.113651  1.196920  0.176422
1288  1123.213394  888.047104  19.049190  0.093411  1.547838  0.208500
1289  1055.360655  1028.063601  19.048714  0.084133  1.380079  0.099345
1290  831.206687  982.110106  18.964768  0.124024  1.348373  0.068665
1291  1006.028636  1044.845998  18.927719  0.076975  1.373630  0.080976
1292  1000.529203  1171.443630  19.010777  0.057239  1.464589  0.129981
1293  959.699190  1013.676114  18.959150  0.074453  1.510363  0.074675
1294  1090.630328  939.420774  18.878543  0.102718  1.450359  0.077684
1295  1065.922888  1061.882675  18.982694  0.057273  1.389326  0.076847
1296  917.601690  1070.468895  18.866666  0.152900  1.413293  0.056710
1297  1102.616310  1069.949235  19.004069  0.077842  1.263763  0.126495
1298  1092.414833  1167.792415  18.816586  0.093043  1.417018  0.078882
1299  1153.556009  1046.260204  18.712921  0.088360  1.614099  0.095299
1300  902.472274  944.007926  19.048945  0.120454  1.327586  0.113936
1301  1069.949338  1102.876754  19.084956  0.065714  1.599355  0.137133
1302  982.920315  1068.401930  18.895717  0.157579  1.428932  0.068204
1303  998.226002  1210.981376  19.056123  0.079625  1.454358  0.145154
1304  982.362173  928.952402  18.987206  0.075545  1.372690  0.097659
1305  1035.608945  1167.371121  18.827049  0.152195  1.475137  0.071048
1306  994.650624  1084.253594  18.905509  0.064691  1.453254  0.163349
1307  1156.367974  1132.861153  19.000604  0.118532  1.546606  0.102901
1308  1185.370358  1101.036687  18.864079  0.114729  1.329153  0.059750
1309  1035.218186  1029.993800  18.921304  0.091657  1.485217  0.081494
1310  1011.340493  1051.700060  18.905075  0.097197  1.446740  0.069676
1311  1088.481710  1058.738442  18.861923  0.057250  1.359922  0.083175
1312  937.640694  886.716621  18.957261  0.083163  1.376415  0.094379
1313  1156.525629  1164.067267  18.941695  0.063887  1.491600  0.056199
1314  1107.436319  1084.222833  18.801834  0.066804  1.416318  0.063555
1315  1001.394237  996.300595  18.786338  0.104252  1.213809  0.118154
1316  979.510497  992.756101  18.846202  0.104762  1.539952  0.124725
1317  982.677545  1032.809779  18.640957  0.154926  1.367603  0.069457
1318  944.591094  973.520712  18.912137  0.062041  1.331727  0.131154
1319  868.525711  994.707292  18.815602  0.088760  1.246140  0.132059
1320  1101.202207  910.706115  18.634842  0.126738  1.406974  0.058701
1321  946.372157  945.765868  18.817144  0.169823  1.302579  0.065497
1322  1112.321516  992.572559  18.801636  0.052117  1.460621  0.054219
1323  1026.254090  965.715517  18.856642  0.182728  1.378471  0.096562
1324  1078.030664  1034.801766  18.793352  0.106846  1.387800  0.100975
1325  956.712325  904.240783  18.729929  0.117411  1.449444  0.097239
1326  1042.506220  954.793738  18.658699  0.051456  1.490345  0.088485
1327  1020.010250  937.681695  18.688075  0.109289  1.340941  0.065932
1328  1018.885366  978.933944  18.801017  0.053491  1.438104  0.059021
1329  1170.603377  1021.195284  18.897392  0.104335  1.234264  0.127148
1330  982.560440  867.007898  18.716571  0.074298  1.315731  0.053230
1331  1025.467740  981.475779  18.693611  0.061530  1.334555  0.054762
1332  1033.310925  966.826701  18.683112  0.114921  1.260671  0.053089
1333  1007.530004  964.887306  18.779137  0.095532  1.302907  0.108770
1334  983.628595  973.365453  18.658197  0.147469  1.366737  0.088878
1335  919.830426  891.639480  18.573962  0.051047  1.398561  0.053689
1336  915.668582  970.333286  18.561161  0.066703  1.408732  0.054469
1337  1026.848031  959.515197  18.489993  0.088560  1.333410  0.049990
1338  1089.438884  1103.807181  18.612788  0.075315  1.582633  0.186119
1339  1081.562952  934.905487  18.408120  0.086448  1.360165  0.111705
1340  991.854735  1071.848079  18.683331  0.049904  1.386719  0.062665
1341  1098.313298  1031.638917  18.578115  0.077460  1.290850  0.060322
1342  1059.028316  857.802117  18.504677  0.102354  1.209195  0.113237
1343  931.402220  1075.296092  18.652760  0.114340  1.403309  0.077093
1344  1042.343854  1209.004278  18.635990  0.113787  1.288548  0.059765
1345  959.010079  931.092644  18.517376  0.104328  1.394527  0.072606
1346  1040.405811  1085.961462  18.682849  0.092046  1.393271  0.070864
1347  861.444342  1126.597550  18.702051  0.125433  1.445109  0.060565
1348  938.280223  826.143273  18.572242  0.065340  1.323423  0.090100
1349  1022.264791  1102.039224  18.592514  0.105788  1.302610  0.093920
1350  988.839731  1086.849126  18.586230  0.062188  1.456684  0.049317
1351  1078.623560  869.948252  18.478354  0.059783  1.274079  0.071071
1352  990.097736  1003.382211  18.574063  0.110239  1.267120  0.070682
1353  1138.907914  1011.869102  18.535397  0.067807  1.499168  0.064877
1354  1160.997949  964.556186  18.528213  0.144291  1.442671  0.123284
1355  982.601011  966.186394  18.605247  0.081011  1.422449  0.048790
1356  867.244872  1036.337582  18.494133  0.136847  1.469378  0.073635
1357  1057.403249  1091.894764  18.522943  0.105499  1.251947  0.147614
1358  1255.834604  1027.074130  18.506875  0.068637  1.411548  0.081407
1359  944.931451  1015.330324  18.459399  0.082675  1.436160  0.127488
1360  1084.843459  1049.477202  18.579399  0.140579  1.410694  0.080907
1361  1048.340500  1149.034537  18.455962  0.124579  1.344137  0.093985
1362  1013.193421  1018.916536  18.525511  0.058103  1.385177  0.071665
1363  973.735055  1082.482278  18.350213  0.089323  1.419356  0.115112
1364  1013.405450  972.844974  18.369256  0.087122  1.280809  0.091169
1365  948.537139  1040.280351  18.425870  0.091598  1.372171  0.056493
1366  1051.365171  996.588298  18.227605  0.108216  1.584129  0.087586
1367  1049.050542  1107.077202  18.355982  0.048711  1.394289  0.067457
1368  971.224146  986.741678  18.263809  0.136649  1.388217  0.069986
1369  925.619282  1218.082181  18.441308  0.057288  1.433180  0.056960
1370  935.477002  961.242604  18.232466  0.107624  1.300818  0.089372
1371  1016.500429  1046.718996  18.397753  0.053520  1.385014  0.050065
1372  904.517775  917.280727  18.355178  0.059408  1.220975  0.088041
1373  955.718042  1001.934828  18.286001  0.093909  1.353616  0.046190
1374  944.865096  1022.784184  18.424455  0.047724  1.220299  0.050618
1375  994.420613  882.758431  18.331881  0.069670  1.237924  0.064623
1376  1117.391872  1119.523369  18.400810  0.070521  1.356663  0.052816
1377  990.126510  957.108224  18.410958  0.176218  1.337775  0.099923
1378  1028.056453  1004.959007  18.325382  0.075945  1.338340  0.049540
1379  992.106271  1096.057098  18.191009  0.087619  1.170350  0.134356
1380  1165.268664  1040.902943  18.328466  0.204960  1.321248  0.077369
1381  1172.953313  1169.841459  18.272650  0.067429  1.319988  0.054773
1382  1172.385157  1006.831636  18.150515  0.086371  1.319527  0.047046
1383  992.481198  1093.676093  18.266467  0.054683  1.270189  0.077185
1384  1085.576151  1031.902597  18.271493  0.116622  1.587168  0.139512
1385  1088.073974  1040.717087  18.223194  0.090815  1.446433  0.057741
1386  1051.300946  1070.279332  18.164845  0.083755  1.369071  0.078690
1387  1003.290522  935.429612  18.190970  0.081703  1.290861  0.048486
1388  1006.342083  1047.776932  18.140593  0.115086  1.375770  0.071741
1389  1073.832755  936.168407  18.127955  0.059230  1.290845  0.071438
1390  1042.757161  1081.082778  18.164682  0.081082  1.411153  0.067822
1391  1017.624576  1046.663741  18.308500  0.092294  1.277130  0.063432
1392  1137.149092  1195.640074  18.283486  0.071485  1.190955  0.085769
1393  970.904576  1000.103608  18.269215  0.116266  1.370975  0.094982
1394  1056.666255  1016.518185  18.150005  0.094770  1.279984  0.059229
1395  978.995343  1014.349844  18.161745  0.069231  1.305178  0.053918
1396  933.958758  1026.683924  18.184502  0.104296  1.245562  0.078474
1397  909.356278  1109.358592  18.147125  0.056019  1.257198  0.057008
1398  960.755651  1176.567316  18.089440  0.073588  1.188171  0.067810
1399  990.385869  1155.731579  18.047295  0.048688  1.223389  0.080927
1400  1109.464146  932.292895  18.047976  0.049039  1.290168  0.052408
1401  925.342147  938.310984  18.058005  0.049371  1.333597  0.088554
1402  975.310582  923.846697  17.985786  0.111435  1.336500  0.042703
1403  993.783439  1073.019003  18.094366  0.071494  1.436799  0.124260
1404  1036.014469  1085.029130  18.060931  0.112842  1.273711  0.082129
1405  1009.696399  1117.838828  17.845761  0.081187  1.346512  0.111675
1406  990.855844  1071.505654  17.996616  0.103457  1.233962  0.059341
1407  1167.002829  1098.244342  18.066994  0.043763  1.308545  0.046123
1408  1002.106143  1149.168763  18.186793  0.096979  1.269603  0.050394
1409  992.625029  893.447926  18.006825  0.045557  1.345430  0.055903
1410  950.923530  1137.731604  17.966399  0.071860  1.164779  0.089741
1411  1032.393298  901.841592  17.874237  0.129190  1.304324  0.049286
1412  1015.064371  1103.947039  18.012559  0.051197  1.394073  0.088864
1413  971.622134  819.491389  18.059466  0.105880  1.401315  0.062021
1414  943.474831  1021.056635  17.906631  0.074885  1.289934  0.054483
1415  1130.320998  1039.870812  17.911107  0.106618  1.244467  0.066305
1416  976.210371  932.603044  17.902766  0.051187  1.307316  0.056654
1417  979.390730  999.976284  17.934707  0.072550  1.508268  0.150127
1418  1097.031086  1142.641521  17.816245  0.066201  1.298021  0.090591
1419  890.138440  996.452577  17.883675  0.046750  1.184900  0.126584
1420  1130.259333  1050.562683  17.917665  0.054610  1.505937  0.173156
1421  985.725051  1018.102395  17.885773  0.054476  1.317095  0.072206
1422  814.574182  908.786483  17.925596  0.108055  1.309540  0.066056
1423  1129.247662  1110.699848  17.878762  0.048320  1.329834  0.043808
1424  1146.040443  847.639491  17.828370  0.064534  1.247258  0.041327
1425  968.065413  1126.381199  18.049033  0.103607  1.262067  0.052378
1426  1103.755960  1021.659136  17.888341  0.061208  1.264811  0.060312
1427  913.982403  1102.863524  17.754201  0.044422  1.369771  0.063942
1428  1148.435743  950.273638  17.798886  0.080505  1.276674  0.114666
1429  1048.073687  1075.491000  17.669170  0.133040  1.232517  0.070108
1430  1069.033902  990.157619  17.813517  0.106677  1.230043  0.201413
1431  1129.448366  970.286694  17.806100  0.102508  1.166030  0.084232
1432  1036.547523  947.826053  17.744135  0.057698  1.307092  0.065803
1433  938.211901  978.526679  17.714547  0.044114  1.287495  0.051985
1434  1182.099620  851.185029  17.781555  0.052139  1.265280  0.050840
1435  994.936443  1006.005432  17.688451  0.052982  1.275850  0.040292
1436  1089.244303  1012.620411  17.778475  0.103065  1.247130  0.067461
1437  1016.810209  999.024722  17.675407  0.047420  1.230192  0.046644
1438  866.339860  1053.436764  17.719521  0.057395  1.236008  0.097640
1439  1099.545088  1125.517865  17.695058  0.053481  1.418080  0.093782
1440  845.872394  1061.300859  17.634018  0.049624  1.288259  0.094174
1441  1146.776801  1025.536614  17.645032  0.044118  1.409266  0.088864
1442  1004.456059  1083.644887  17.552980  0.072320  1.310638  0.076851
1443  1045.981307  1135.929283  17.702118  0.065505  1.199657  0.087014
1444  1052.388127  1199.023084  17.625782  0.045287  1.236625  0.045636
1445  1097.546097  1079.184036  17.532493  0.043578  1.227769  0.068605
1446  1136.114053  1043.550228  17.521371  0.085510  1.332277  0.047369
1447  1144.385024  985.721549  17.579810  0.072137  1.227026  0.040684
1448  925.512294  1046.990643  17.482212  0.056777  1.355887  0.066639
1449  1143.273267  1096.606822  17.638248  0.053186  1.255309  0.039849
1450  1134.714941  1111.298232  17.564376  0.038097  1.319869  0.062149
1451  993.172316  1038.049690  17.575597  0.041777  1.266256  0.076032
1452  1041.958932  913.720893  17.655692  0.063129  1.176320  0.093165
1453  1091.669484  1082.038170  17.444049  0.043924  1.332483  0.053810
1454  880.608113  950.858322  17.480425  0.036817  1.290023  0.044255
1455  875.955466  1164.733358  17.474084  0.039256  1.295551  0.052213
1456  949.103473  993.566085  17.391074  0.055073  1.239459  0.044067
1457  977.718559  1077.798134  17.412833  0.042328  1.161895  0.064005
1458  923.041137  1015.393997  17.506145  0.059899  1.268686  0.044063
1459  1081.899151  1081.344143  17.477081  0.070516  1.339211  0.040687
1460  1069.057331  1126.087639  17.300526  0.051961  1.248735  0.072695
1461  1066.114806  987.917865  17.351129  0.066261  1.305956  0.062614
1462  1170.429153  1032.949780  17.342248  0.071887  1.233375  0.057178
1463  1105.019208  1047.014892  17.267280  0.041019  1.233858  0.080099
1464  898.204713  946.636186  17.355528  0.037538  1.243778  0.056697
1465  1097.821327  806.242447  17.382844  0.043021  1.224191  0.042976
1466  1225.968312  1006.057677  17.328501  0.040023  1.222413  0.045315
1467  869.446287  1154.756710  17.342871  0.039345  1.250870  0.041081
1468  968.901161  911.588332  17.553737  0.095933  1.232771  0.039211
1469  1073.786307  940.594586  17.288316  0.060271  1.244455  0.063945
1470  1016.770396  1192.371425  17.299270  0.046868  1.266509  0.067992
1471  1025.955451  846.990479  17.181892  0.042313  1.386525  0.099109
1472  1003.276964  885.986406  17.227849  0.064922  1.170032  0.053900
1473  888.099246  1125.260964  17.311360  0.049757  1.197067  0.056425
1474  1067.833733  1056.533012  17.162846  0.075543  1.215622  0.044428
1475  964.338237  1001.221714  17.230373  0.047393  1.346516  0.060108
1476  942.289940  1057.517261  17.195033  0.057575  1.343979  0.050510
1477  901.901742  877.128847  17.182306  0.058272  1.137923  0.039643
1478  976.344781  1004.156396  17.166976  0.086574  1.270567  0.052344
1479  998.802268  984.200069  17.102333  0.035110  1.204187  0.071745
1480  1043.105464  1057.168118  17.068532  0.042491  1.173809  0.040759
1481  1112.420393  985.087181  17.050781  0.084941  1.230482  0.036452
1482  1109.908337  991.184036  17.012819  0.081013  1.034777  0.094662
1483  994.716365  985.144484  17.046288  0.056765  1.202508  0.092335
1484  1034.012754  945.572721  17.139554  0.100466  1.151651  0.054768
1485  1050.027561  1132.801393  17.020000  0.044441  1.130716  0.070388
1486  970.039910  988.916552  16.958231  0.048870  1.202042  0.045650
1487  968.045896  1064.741949  17.183053  0.086663  1.172587  0.035110
1488  1007.409275  1124.323594  17.014562  0.037875  1.163628  0.062509
1489  1024.878285  1051.769467  16.934714  0.069449  1.134293  0.068268
1490  1002.812211  1113.118269  16.991504  0.036590  1.214846  0.049877
1491  1054.588375  1136.668467  16.914447  0.041437  1.233147  0.052178
1492  912.105554  1066.298675  16.786030  0.069245  1.208188  0.066446
1493  952.066109  956.585267  16.957305  0.065883  1.204961  0.033337
1494  1119.132611  999.233823  16.849474  0.058788  1.210712  0.046074
1495  1092.116111  1185.475113  16.868309  0.069387  1.294743  0.076767
1496  1083.772150  1138.559672  16.857884  0.084622  1.125967  0.073365
1497  1060.565217  1099.751424  16.761924  0.041541  1.219435  0.036245
1498  955.780137  888.805970  16.919687  0.058355  1.140040  0.056334
1499  1106.674381  964.934533  16.818345  0.036528  1.115742  0.099186
1500  977.848771  974.098289  16.766972  0.052915  1.237244  0.089095
1501  957.755310  1101.637632  16.908642  0.078055  1.142929  0.039766
1502  789.343498  987.617526  16.683462  0.055204  1.170506  0.055098
1503  1110.853386  957.429371  16.685173  0.034140  1.127578  0.061624
1504  1105.218273  1129.861714  16.712304  0.047223  1.277688  0.060165
1505  984.359895  1009.492644  16.598681  0.055407  1.137277  0.060958
1506  998.497075  993.391657  16.582902  0.033419  1.133455  0.033677
1507  915.198669  865.783583  16.351654  0.076183  1.215839  0.036405
1508  1171.513815  1055.852872  16.584901  0.042789  1.221461  0.071862
1509  982.294774  1022.051615  16.619960  0.037830  1.216624  0.070675
1510  1190.255145  1113.818051  16.627792  0.051600  1.228910  0.050311
1511  933.352366  958.842511  16.574336  0.060824  1.148935  0.047804
1512  1125.277225  993.680548  16.573360  0.032932  1.280122  0.056335
1513  967.411753  1051.567452  16.530667  0.030790  1.170742  0.030695
1514  1114.695844  1122.410598  16.550619  0.049726  1.083014  0.052142
1515  972.903444  932.270797  16.513580  0.037530  1.195244  0.059961
1516  1008.434156  1119.999877  16.498531  0.067828  1.064865  0.056199
1517  1010.565345  818.370540  16.505098  0.046898  1.066652  0.045180
1518  1100.208660  821.825987  16.510638  0.032150  1.004663  0.091179
1519  980.423864  970.308628  16.394169  0.046871  1.143642  0.036890
1520  1017.900175  1096.713359  16.572397  0.054439  1.117594  0.101870
1521  1063.941243  930.971136  16.518192  0.076129  1.063989  0.042829
1522  849.863291  974.715597  16.494456  0.067889  1.126361  0.036122
1523  1068.852347  1014.290842  16.472375  0.036736  1.130395  0.041713
1524  1042.601370  1059.580027  16.384156  0.043208  1.066167  0.079863
1525  869.139169  1010.355446  16.320093  0.068357  1.155604  0.032822
1526  993.370931  1015.251374  16.302775  0.036380  1.199048  0.076230
1527  1052.767416  1141.224079  16.273845  0.041897  1.173270  0.083420
1528  1035.943834  1089.692365  16.338416  0.030208  1.106764  0.037408
1529  1147.190743  1038.985114  16.211708  0.035655  1.102372  0.046176
1530  1010.885181  1118.247854  16.223444  0.056318  1.153961  0.076729
1531  1021.036012  1056.160727  16.282064  0.036101  1.116887  0.037128
1532  1023.066010  1031.768801  16.121441  0.065446  1.194067  0.065411
1533  1233.972879  1031.667671  16.196563  0.035526  1.117253  0.058354
1534  1030.576435  1112.061932  16.169878  0.059916  1.175727  0.029574
1535  981.213204  1086.772552  16.057308  0.089471  1.085479  0.071007
1536  1036.094996  1031.482040  15.968407  0.074990  1.089305  0.055858
1537  1075.034624  1056.640225  16.042448  0.028933  1.101377  0.038249
1538  916.276572  1036.792013  15.929819  0.048809  1.101725  0.033692
1539  1120.010568  1036.304486  15.966285  0.052035  1.079471  0.036646
1540  936.406508  1059.494666  15.882331  0.032952  0.982176  0.059785
1541  1011.924869  907.441152  15.731778  0.052399  1.007757  0.034315
1542  1059.930460  1077.945836  15.646187  0.058290  0.964293  0.035556
1543  1178.211820  1044.905615  15.632550  0.028050  1.018375  0.028875
1544  994.858824  1079.828849  15.541392  0.040153  1.015340  0.032709
1545  1008.681738  1004.106854  15.676130  0.037129  0.912459  0.053662
1546  862.831862  1092.139909  15.670743  0.031859  1.045519  0.039002
1547  1017.666970  1008.014746  15.592638  0.026722  1.023725  0.031326
1548  1058.188452  868.970086  15.549660  0.030654  1.012749  0.048093
1549  1163.927798  900.648571  15.511576  0.072732  1.051135  0.041169
1550  918.714532  1070.889329  15.618986  0.075543  0.998913  0.032126
1551  1120.857661  884.484628  15.546844  0.055339  1.025093  0.040674
1552  1195.582587  1044.642345  15.447430  0.041637  1.096536  0.033171
1553  908.307640  1172.700611  15.544933  0.034387  0.921966  0.054524
1554  982.899794  945.176125  15.455048  0.035758  1.037969  0.032435
1555  1056.852460  1088.114975  15.395657  0.047929  1.002683  0.065096
1556  1169.484227  1120.554004  15.382337  0.029194  0.967446  0.048856
1557  1057.341727  971.517420  15.361445  0.046049  1.037263  0.071409
1558  1015.570084  1048.656794  15.312845  0.026256  1.007302  0.068484
1559  1127.809659  881.084703  15.258255  0.055667  0.920266  0.054233
1560  1036.936602  1103.396434  15.213487  0.030214  0.933096  0.038306
1561  1033.119089  962.222490  15.179222  0.044055  1.056309  0.069125
1562  1126.297149  969.525760  15.091676  0.037928  0.934646  0.040580
1563  1097.848197  904.580751  15.069778  0.041801  0.971122  0.050595
1564  1065.716429  1215.328543  15.001153  0.025916  0.846265  0.053552
1565  998.880911  923.790971  14.842667  0.035798  0.848258  0.023993
1566  1199.707505  1055.598551  14.847439  0.051800  0.886601  0.027992
1567  979.741491  1106.477404  14.752880  0.050824  0.808562  0.051491
1568  1201.949512  1077.067284  14.720063  0.052533  0.856851  0.054056
1569  1160.872346  843.426816  14.738218  0.029131  0.918656  0.056794
1570  876.361748  1183.022223  14.688894  0.039073  0.818356  0.046593
1571  986.454651  969.111142  14.729520  0.060187  0.752265  0.054984
1572  987.885425  884.799918  14.629622  0.043260  0.792234  0.066502
1573  1000.794296  1123.156890  14.687444  0.050510  0.798892  0.040060
1574  984.347197  899.474186  14.628624  0.039532  0.848752  0.033746
1575  1055.197614  990.570496  14.543811  0.046293  0.794843  0.040799
1576  933.556367  901.344358  14.463901  0.077315  0.869568  0.035926
1577  1079.592653  994.507530  14.505873  0.028764  0.740624  0.030869
1578  911.217213  1045.176586  14.488400  0.027623  0.828122  0.052935
1579  1105.433354  1038.752461  14.419646  0.040462  0.844287  0.041592
1580  990.420050  1000.022077  14.409273  0.058018  0.764970  0.043937
1581  984.554865  973.860086  14.281504  0.049638  0.768814  0.053242
1582  1078.978232  1124.730450  14.264203  0.031525  0.739184  0.034410
1583  1072.852316  928.499692  14.087667  0.048578  0.663099  0.034049
1584  1106.353971  1054.035149  13.992486  0.043161  0.646138  0.028301
1585  846.859039  990.059991  14.031291  0.036849  0.766836  0.035716
1586  1079.973642  1047.863050  14.004609  0.025998  0.670498  0.047100
1587  1122.472632  1053.421199  14.003576  0.029674  0.677363  0.029372
1588  959.640781  985.400914  14.007590  0.049031  0.720759  0.037512
1589  1037.646356  1112.483594  13.969449  0.031790  0.681753  0.026623
1590  986.745815  1112.822313  13.935810  0.038939  0.714697  0.025130
1591  1079.610593  992.649544  13.844377  0.028002  0.654710  0.040696
1592  955.792855  957.290680  13.800769  0.042573  0.693445  0.020367
1593  1003.435704  1055.857910  13.803174  0.069978  0.648576  0.031120
1594  1087.021425  1010.410988  13.706991  0.020470  0.667638  0.033171
1595  1098.154865  883.883110  13.695613  0.028198  0.655873  0.054804
1596  1097.247928  1164.065300  13.591064  0.045791  0.644815  0.030933
1597  1034.876170  1078.493307  13.570767  0.036684  0.615071  0.037423
1598  1037.331661  996.234220  13.522027  0.026292  0.699545  0.046084
1599  1020.573020  1013.753262  13.456856  0.021307  0.558594  0.043519
1600  1070.381588  1217.864745  13.374879  0.024050  0.603026  0.030622
1601  1051.975905  1018.037371  13.394602  0.020562  0.564285  0.023596
1602  1085.890765  1109.619507  13.366801  0.020332  0.545842  0.022196
1603  1016.269844  985.023775  13.345783  0.054302  0.537161  0.039763
1604  865.456701  1002.049475  13.292772  0.030814  0.549848  0.032787
1605  943.825756  991.836713  13.204669  0.021413  0.567471  0.021547
1606  1245.589770  1076.419768  13.156432  0.020028  0.534238  0.039849
1607  1170.673500  939.804590  13.058179  0.041976  0.533907  0.030004
1608  1115.251384  1062.891540  12.963822  0.026316  0.478068  0.034449
1609  868.942234  911.078195  12.991751  0.050062  0.553706  0.050911
1610  984.568422  882.946929  12.851673  0.026687  0.466355  0.034751
1611  1074.440540  1094.153851  12.852809  0.019100  0.571246  0.054018
1612  958.234890  978.252452  12.832182  0.023302  0.435789  0.040662
1613  1022.946570  996.866642  12.698327  0.047299  0.441809  0.023109
1614  1002.684170  980.493824  12.744536  0.019360  0.455000  0.029517
1615  906.593587  1078.345830  12.633815  0.050734  0.379949  0.042927
1616  1085.168517  872.963174  12.658438  0.039580  0.450105  0.035317
1617  1065.992008  992.675901  12.548239  0.021294  0.391348  0.026542
1618  965.081989  835.104768  12.533618  0.038273  0.446079  0.018365
1619  1030.629847  1052.426629  12.404740  0.045032  0.460412  0.025349
1620  1005.752873  903.964774  12.280264  0.044004  0.389819  0.030421
1621  1034.380718  1002.502779  12.348746  0.023908  0.414333  0.028027
1622  970.991186  1143.578051  12.238855  0.019071  0.401221  0.022772
1623  1014.329344  956.705956  12.247436  0.044907  0.461227  0.047097
1624  956.161004  1008.880271  12.143457  0.023859  0.340538  0.051857
1625  999.784858  1120.998359  11.947844  0.039268  0.376283  0.032996
1626  1045.424394  1001.658634  11.956348  0.023883  0.368707  0.034907
1627  1004.483277  991.770030  12.005078  0.037529  0.328299  0.031108
1628  995.756216  1065.359544  11.939627  0.030263  0.326277  0.032446
1629  1088.401654  943.213937  11.816159  0.043542  0.331509  0.021602
1630  1099.935621  1043.466957  11.770711  0.019053  0.330998  0.020187
1631  972.908872  1019.789107  11.605431  0.033368  0.294137  0.035227
1632  1052.751380  1075.133501  11.544568  0.037091  0.285675  0.030276
1633  962.370048  1086.091182  11.588696  0.037615  0.235217  0.029136
1634  1167.765873  1009.856307  11.559046  0.041598  0.212183  0.031239
1635  1103.590646  1180.286300  11.439543  0.018113  0.272039  0.020155
1636  882.713395  926.748549  11.425314  0.031808  0.229650  0.017749
1637  1068.969902  1140.806738  11.290672  0.031839  0.229462  0.027684
1638  862.029332  1037.252690  11.223566  0.035462  0.204342  0.018366
1639  952.488161  1088.806482  11.217924  0.030615  0.183457  0.016845
1640  1015.422034  997.149757  11.091377  0.018057  0.151717  0.021230
1641  964.884787  1080.067789  11.064257  0.018406  0.115943  0.027084
1642  1071.019418  1005.237207  11.028147  0.020907  0.133714  0.053516
1643  1097.072538  953.287475  10.922654  0.024056  0.144321  0.022626
1644  1084.135977  929.522708  10.955722  0.031567  0.155588  0.035307
1645  916.103680  1050.159677  10.826395  0.020131  0.089860  0.019464
1646  1076.834959  1083.414303  10.757584  0.038461  0.086718  0.034776
1647  925.214495  1031.754486  10.727359  0.026171  0.090092  0.016645
1648  935.319163  1013.389476  10.635737  0.024203  0.043517  0.018865
1649  1068.253676  1104.354734  10.565724  0.038294  0.021610  0.024679
1650  1033.887437  914.318561  10.510222  0.036165  0.024075  0.025137
1651  1087.238001  905.736458  10.558889  0.029123  0.061820  0.042659
1652  1011.791585  909.472932  10.468647  0.021809  0.030790  0.026827
1653  1077.628273  1069.797908  10.405579  0.025295  0.005574  0.024355
1654  980.737352  1108.479058  10.332707  0.026007  -0.001064  0.037633
1655  1038.190879  1039.591588  10.336210  0.016580  -0.016113  0.019948
1656  953.287188  1037.607854  10.282266  0.039317  0.027868  0.029252
1657  1053.324349  1116.904530  10.174343  0.017130  -0.017759  0.020941
1658  957.357814  913.600860  10.084022  0.061537  -0.035165  0.019058
1659  1050.847764  1146.773094  10.117047  0.034267  -0.033966  0.033007
1660  959.857418  1055.200645  10.091867  0.036027  -0.040948  0.022230
1661  950.324081  962.482852  10.011444  0.036632  -0.027623  0.020287
1662  1040.786063  1077.482045  9.962777  0.025043  -0.056364  0.016862
1663  1100.211016  1066.766336  9.824435  0.026306  -0.044642  0.020298
1664  1020.940554  869.381673  9.758993  0.022233  0.012580  0.037771
1665  1061.046292  979.565076  9.728453  0.044339  -0.026896  0.038637
1666  1039.027692  1041.415926  9.635048  0.019437  -0.053188  0.021653
1667  972.716278  1009.155072  9.603080  0.043404  -0.053200  0.024496
1668  1096.468460  968.821780  9.443480  0.021547  -0.065251  0.036139
1669  930.215035  951.630643  9.411791  0.028598  -0.058132  0.017203
1670  1104.452526  861.835162  9.320957  0.019956  -0.101763  0.023766
1671  1176.523407  995.789148  9.165694  0.034398  -0.125390  0.050993
1672  962.559590  1008.912753  9.004690  0.026655  -0.018684  0.042387
1673  927.674634  996.430561  8.976328  0.037506  -0.124566  0.037008
1674  930.871296  913.432494  8.888216  0.030448  -0.114437  0.033571
1675  1073.813217  917.595996  8.655904  0.022838  -0.089914  0.032026
1676  1070.977700  1021.927076  8.595070  0.018728  -0.108538  0.027366
1677  976.050401  1033.197302  8.516533  0.019703  -0.151595  0.022956
1678  909.163151  1007.094108  8.383804  0.018179  -0.103051  0.030322
1679  1137.277686  936.148582  8.155924  0.018395  -0.101311  0.023155
1680  936.310784  945.823130  7.917672  0.042828  -0.177145  0.034275
1681  1022.888018  1154.651464  7.685286  0.015532  -0.149382  0.024754
1682  1020.974838  1090.753249  7.634829  0.030696  -0.201358  0.028449
1683  934.425108  923.584266  7.214727  0.038067  -0.181868  0.031206
1684  1149.046456  990.406267  6.895281  0.032720  -0.200776  0.024301
1685  1141.563699  1031.315948  6.718154  0.029845  -0.203537  0.031163
1686  1057.345147  1049.763492  5.717537  0.020984  -0.215339  0.015826
1687  926.665810  1048.939786  5.432756  0.019836  -0.214330  0.015484
1688  862.005842  1072.811233  10.369736  0.019110  0.010071  0.033176
1689  874.504765  974.443418  4.046827  0.018792  -0.216786  0.020028
1690  1082.410906  952.402657  8.223211  0.033735  -0.130391  0.017662
1691  999.682253  1100.294328  8.790295  0.018629  -0.126251  0.026993
20  2026.673297  1831.255593  10.828500  0.051667  2.167122  0.017345
21  1131.775907  591.065626  9.289823  0.029857  1.063110  0.041118
22  306.697215  696.582175  8.295385  0.032060  -0.008415  0.018633
23  790.748195  991.268666  8.827310  0.039131  0.127837  0.017166
24  1611.681614  1467.735392  9.531544  0.024539  0.493086  0.025342
25  1954.247913  1016.200920  10.265568  0.028663  0.989364  0.020134
26  66.707638  1016.366929  8.700218  0.041108  -0.190796  0.024441
27  1008.734587  7.008308  8.934207  0.032772  -0.121075  0.020880
28  1084.891076  1069.021634  8.739918  0.017940  -0.135116  0.018632
29  1675.412278  697.279746  9.254374  0.023038  0.103075  0.045049
210  1396.867243  731.498775  9.837109  0.052070  0.140280  0.026723
211  978.805120  979.677074  9.424217  0.020847  -0.049972  0.033660
212  459.706952  356.466490  9.931716  0.032240  -0.108661  0.029855
213  465.867777  506.853148  10.529065  0.027571  0.239346  0.023623
214  1035.611851  696.483451  11.047145  0.030481  0.145082  0.040419
215  1065.040120  1912.807504  11.044585  0.023737  0.230398  0.044418
216  962.328315  1524.220459  11.058814  0.025508  0.229409  0.031026
217  248.318554  1168.062600  11.377048  0.018082  0.442220  0.020726
218  111.360193  465.265177  11.481086  0.021285  -0.013641  0.024784
219  511.628297  1048.049658  11.387944  0.022778  0.011523  0.025972
220  346.866836  790.357420  14.181643  0.040522  1.514234  0.039519
221  84.530168  715.423627  11.344635  0.038219  0.037891  0.040278
222  483.304510  1859.082144  14.391102  0.037298  1.303320  0.027774
223  234.893224  1159.690263  12.422578  0.040692  0.435008  0.023340
224  26.141603  662.264796  16.578710  0.050819  2.679045  0.068274
225  1498.464560  1478.689622  15.111366  0.032455  1.826201  0.064210
226  539.249553  530.819899  12.613324  0.025952  0.571435  0.034859
227  728.925905  124.815384  15.046469  0.051197  1.915845  0.030863
228  1039.419733  846.902534  16.717371  0.060618  2.427526  0.064014
229  919.331994  849.246201  13.242734  0.033297  0.330199  0.040750
230  1784.543750  1873.556115  13.204071  0.024351  0.360030  0.059144
231  409.791205  1177.457329  17.262570  0.039802  2.563222  0.074499
232  1139.440895  1535.951212  12.637115  0.038938  0.082701  0.035681
233  1493.805304  1700.109593  18.556194  0.088267  3.303000  0.054936
234  698.261245  1821.043510  14.661776  0.033454  1.226783  0.032293
235  2029.584865  1272.818128  17.023141  0.040914  2.433102  0.035588
236  1227.021662  1711.698269  13.161409  0.027341  0.400909  0.043500
237  1538.907104  1822.999774  18.347914  0.110575  3.356916  0.075286
238  1654.755052  718.350369  13.634472  0.021591  0.392661  0.045489
239  259.586674  1589.742359  20.567655  0.092359  4.147298  0.123648
240  864.222414  611.456840  14.685472  0.051003  0.923738  0.030590
241  1279.106493  1939.435247  16.971844  0.058702  2.367474  0.053430
242  56.950990  1896.404268  13.701639  0.029277  0.411660  0.021058
243  1629.260419  518.807467  13.973721  0.027617  1.091198  0.058040
244  663.405107  1976.243959  19.329450  0.122589  3.371349  0.089217
245  1915.221476  1613.349909  13.802965  0.032249  0.455984  0.038128
246  1312.809448  703.257319  13.408150  0.040263  0.329851  0.050580
247  2016.397013  709.497737  14.010099  0.024692  0.416006  0.023500
248  426.158720  942.752580  13.704329  0.053511  0.710031  0.040295
249  491.987247  1963.714457  15.734778  0.032526  1.279294  0.041449
250  1892.854432  440.164624  16.938061  0.049614  2.043289  0.048169
251  16.804390  426.369884  17.657772  0.081232  2.576457  0.053559
252  766.406749  399.815844  18.272826  0.083687  2.644476  0.134193
253  793.010337  49.339616  19.708489  0.171434  3.132693  0.170406
254  607.002569  1281.790637  14.641041  0.031921  0.616710  0.040505
255  355.511945  1998.483788  14.489083  0.041647  0.595733  0.049565
256  855.899324  519.965840  14.599326  0.037006  0.603842  0.052871
257  1310.172574  1049.122053  19.179666  0.112556  3.033862  0.081930
258  919.852821  306.040923  16.470155  0.039667  1.664066  0.030858
259  475.585346  285.804387  14.737450  0.026954  0.611252  0.061000
260  1588.181124  584.973325  14.153057  0.024434  0.493762  0.040208
261  1119.450632  1408.608767  14.760697  0.060634  0.706487  0.054499
262  1705.312426  257.224807  17.773395  0.046506  2.540961  0.048707
263  512.327304  144.425221  17.861490  0.061397  2.325231  0.056706
264  53.491151  1686.042500  15.444738  0.042539  1.205367  0.068760
265  484.850450  901.603816  14.811135  0.030988  0.526582  0.036220
266  167.221472  1700.900397  15.731730  0.074940  1.220576  0.030090
267  28.706262  558.685619  16.230690  0.035308  1.562615  0.045517
268  1889.985304  575.328413  14.897227  0.025918  1.289580  0.035825
269  678.146085  1328.787472  17.054970  0.042371  1.853933  0.072871
270  1535.872121  1309.082549  15.290598  0.049205  0.781870  0.049759
271  1982.604069  1806.911445  14.768175  0.034644  0.778601  0.070050
272  1028.429434  306.756097  15.902656  0.034878  1.019086  0.042374
273  1342.639314  1178.888803  16.923161  0.054503  1.488604  0.062314
275  748.597570  1153.593877  15.493828  0.029918  0.522605  0.046397
276  1288.118069  164.073137  17.563579  0.118349  1.741442  0.105562
277  1021.395873  245.879994  19.004683  0.121062  2.834544  0.124265
278  1442.087135  51.055387  20.094445  0.095638  3.250214  0.145457
279  477.117798  228.802217  15.467830  0.031366  1.009263  0.044996
280  1395.240482  1643.204643  15.562179  0.056692  0.580190  0.030808
281  883.952687  465.760358  16.017145  0.064988  0.927280  0.027616
282  1200.836825  858.467109  15.556864  0.026614  0.816046  0.032264
283  1567.277916  695.976754  15.850947  0.075536  1.172690  0.046215
284  1898.604587  732.259238  19.374552  0.085801  3.123838  0.130428
286  1715.666357  574.870089  18.871669  0.093280  2.597220  0.069422
287  1199.333827  1578.194646  14.253520  0.037661  0.156296  0.032850
288  1747.941602  1110.566331  15.610405  0.082961  0.927275  0.025759
289  1145.341540  1643.898722  15.525734  0.053695  1.248378  0.054007
290  913.338335  1569.021870  16.651567  0.039084  1.272156  0.031666
291  815.351073  1881.555587  20.543309  0.090291  3.722124  0.119077
292  1178.579731  416.839886  17.013054  0.044956  1.660722  0.113226
293  1574.838690  1405.155636  15.409829  0.036538  0.549605  0.032857
294  370.742991  1038.712856  16.551358  0.030334  1.342498  0.031911
295  1563.781756  515.668604  15.189803  0.031025  0.336827  0.034385
296  199.619503  1356.738632  18.866431  0.101909  2.664962  0.139980
297  1760.532076  718.360122  15.846239  0.041492  0.768096  0.060661
298  1296.794693  137.473078  15.378217  0.039413  0.802124  0.027082
299  638.130165  26.850186  15.105851  0.029687  0.735159  0.032198
2100  144.366912  351.772855  16.782248  0.091945  1.165744  0.053762
2101  1744.705307  855.647571  17.940253  0.063974  1.813417  0.079674
2102  1409.687955  230.426394  21.009762  0.176063  3.477247  0.174930
2103  615.870548  226.187630  19.589703  0.074597  2.751746  0.097873
2104  517.707645  465.971289  16.790170  0.087090  0.869889  0.043287
2105  1582.853042  32.193489  16.218058  0.071946  0.995462  0.038318
2106  932.660182  292.115648  16.167144  0.078312  0.646444  0.072041
2107  195.431223  829.954529  16.429565  0.078024  0.892535  0.067778
2108  1664.719379  276.471835  16.152605  0.051623  0.815311  0.075780
2109  261.179371  1233.576439  16.237649  0.038269  1.002337  0.036999
2110  1255.498086  2013.720107  15.504486  0.044983  0.469387  0.039623
2111  76.736938  378.867373  15.743929  0.063041  0.669403  0.033142
2113  975.090683  1584.819868  16.805694  0.036901  1.134546  0.034113
2114  1242.678531  1459.746799  19.135797  0.064250  2.486263  0.077340
2116  1409.937264  511.678592  17.531538  0.111412  1.534591  0.057775
2117  1582.391986  1269.068050  15.975339  0.030264  0.720289  0.050170
2118  2007.823958  436.844943  16.299089  0.049648  0.898786  0.069329
2120  1778.606839  1475.457354  16.737745  0.039939  0.886224  0.055350
2122  746.965795  165.801925  19.220047  0.112093  2.075370  0.088057
2123  1286.833370  1166.602794  16.232825  0.036034  0.833743  0.080940
2124  166.357131  94.115352  16.071478  0.046420  1.290798  0.042784
2125  791.678589  1759.615266  16.312505  0.037096  0.917497  0.029422
2126  675.768933  1196.566090  18.026182  0.043039  1.767826  0.090355
2128  1280.564142  1332.584469  17.588777  0.118437  1.582491  0.063759
2129  714.801455  186.476165  16.169882  0.067024  0.982131  0.050039
2130  1289.458375  616.953659  15.768828  0.034281  0.591835  0.071887
2131  1789.719486  1145.757053  15.373434  0.032922  0.275782  0.026255
2132  493.481753  432.133219  16.399466  0.034260  0.775552  0.031762
2133  1064.420421  291.799241  15.028669  0.034729  0.188112  0.051715
2134  1819.915003  841.389185  19.373554  0.070631  2.438398  0.095598
2135  365.708616  1254.097024  20.822574  0.269334  3.771316  0.253841
2136  315.785727  51.395375  16.316841  0.041594  1.206761  0.055687
2137  1813.190014  593.234227  16.589405  0.071374  0.810118  0.040450
2138  1698.529801  1042.581533  16.706279  0.061458  0.934516  0.050938
2139  197.959068  1805.187142  17.148704  0.052846  0.886050  0.038617
2140  1866.572458  1624.712598  17.174691  0.038909  1.541570  0.066321
2142  828.983974  1471.801629  18.189322  0.073200  1.244862  0.119431
2143  948.989121  858.600457  16.932676  0.033359  1.005959  0.045573
2144  1777.029366  1602.390785  19.199229  0.109089  1.877705  0.113105
2145  1031.550647  1364.605625  16.703251  0.048971  0.824201  0.048138
2147  1393.680359  1274.177567  16.170403  0.048943  0.383630  0.072299
2148  870.837997  113.020444  17.408481  0.073813  1.018827  0.043937
2149  650.526039  1248.720922  20.358369  0.114799  2.984602  0.187528
2151  1367.336992  1417.146164  16.783548  0.046609  0.791175  0.066259
2153  1312.648616  13.927822  15.545441  0.050565  -0.136426  0.058430
2154  1572.309117  1151.938191  16.751244  0.037568  0.865736  0.062886
2155  1147.963582  1932.404753  18.507347  0.055370  1.799622  0.056894
2156  1143.831022  764.133437  17.291302  0.076050  0.868196  0.061041
2157  1146.457345  145.085838  17.321217  0.064988  1.057312  0.040590
2158  1061.346169  210.677646  18.793336  0.125852  1.759467  0.099050
2159  856.617208  1627.457948  18.169698  0.088822  1.334409  0.046102
2160  1329.467393  844.871115  16.935270  0.062133  0.841376  0.037506
2162  331.823894  446.775582  20.378895  0.084236  3.216102  0.258840
2163  1555.602493  704.275194  17.531278  0.087076  0.867352  0.083374
2164  1105.752257  2036.859946  17.224460  0.038760  0.821817  0.069892
2165  1683.986135  1759.359736  19.573010  0.103241  2.109444  0.074497
2166  1547.912653  1765.361661  18.416111  0.095855  1.626215  0.107582
2167  1320.799287  733.589434  17.178084  0.101009  1.109081  0.056640
2168  1828.477121  1134.950952  17.227603  0.052114  1.198152  0.105020
2169  1544.351919  660.265011  21.305131  0.211130  3.029578  0.210283
2170  897.985180  1105.861334  20.209037  0.237206  2.497129  0.118346
2171  519.417532  1198.014720  16.874893  0.116433  0.702125  0.063354
2172  1984.026939  379.378598  17.254823  0.049463  1.055751  0.120495
2173  120.628453  1191.498909  16.897516  0.033061  0.949541  0.039761
2174  1991.539291  176.593115  15.497438  0.041369  0.020459  0.034550
2175  1988.882093  1383.995502  21.314546  0.226842  3.251027  0.219048
2176  680.523039  938.186074  18.997757  0.091589  2.035760  0.078407
2177  853.407239  1900.405838  17.171272  0.048327  1.505576  0.054542
2178  1462.331232  1762.770529  19.848095  0.200286  2.615728  0.096065
2179  1741.752170  258.455277  20.249604  0.187498  2.572758  0.079626
2180  1775.190565  735.056540  17.040067  0.106184  0.948196  0.046621
2181  1677.086772  981.022621  16.783639  0.056552  0.709851  0.036538
2182  9.123862  958.834423  18.993339  0.117497  2.352352  0.106531
2183  757.268702  924.357635  15.958448  0.042934  0.304718  0.088611
2184  185.461942  1241.861511  18.069018  0.071635  1.635486  0.086620
2185  1266.668260  93.385267  19.024310  0.116151  2.153769  0.109256
2186  561.550566  1047.673019  17.850832  0.077606  1.436818  0.056790
2187  289.133626  329.374411  16.697061  0.063023  0.930104  0.108098
2188  1436.553896  64.344344  18.706376  0.127527  1.737682  0.062856
2189  228.078982  119.341103  19.767037  0.097383  1.897679  0.237701
2190  636.013513  1957.337489  20.362347  0.180328  2.765367  0.166777
2192  1877.041543  307.874487  16.282880  0.063898  0.058246  0.030604
2193  1922.541333  519.151593  17.555212  0.118265  0.708077  0.069990
2194  415.600546  1678.615794  18.045741  0.097860  1.268383  0.056581
2195  1963.558339  1221.191005  17.990956  0.067079  1.439960  0.062288
2196  1467.525853  1643.884892  20.211017  0.119711  2.419835  0.140325
2197  1484.047615  86.315547  19.865587  0.182284  2.295236  0.131273
2198  792.948425  1071.521531  17.812736  0.058797  1.108647  0.059368
2199  1883.859261  1145.956453  20.419468  0.127707  2.500251  0.220713
2200  1238.949919  338.832396  17.365548  0.041233  0.751700  0.042914
2201  1480.145954  803.337301  19.803347  0.134629  2.232067  0.150785
2202  1569.097101  1474.174034  19.149147  0.171401  1.555733  0.087501
2203  232.395486  1963.617908  20.300978  0.128099  2.284589  0.122015
2208  1383.078574  1861.862686  20.135692  0.191139  2.170233  0.115213
2209  706.151070  446.642972  18.042032  0.045905  1.985441  0.067317
2210  1469.609462  201.332586  17.872280  0.050516  1.257795  0.052931
2211  1025.127954  1885.199334  17.960572  0.042044  1.779790  0.045110
2212  1438.150818  1473.047426  15.868435  0.053290  0.006573  0.041591
2214  761.685563  1107.850527  20.534056  0.187924  2.182264  0.172975
2215  741.308499  141.783356  16.839894  0.067017  0.214839  0.042949
2216  1464.485627  1378.499482  20.173020  0.086151  2.160480  0.162560
2217  1426.404386  1207.654798  17.536154  0.076166  1.018982  0.141038
2218  151.966116  1712.202339  17.139792  0.038462  0.526842  0.076752
2219  1491.037729  1231.043189  17.623713  0.067022  1.165803  0.079728
2220  202.304305  609.860852  20.225764  0.099371  2.405760  0.238826
2221  2013.356666  302.498772  17.950126  0.040917  0.986300  0.051038
2222  648.117241  623.929181  17.442235  0.112327  0.782286  0.067553
2223  1812.566659  1487.756001  18.467573  0.058920  1.296111  0.096182
2224  734.974592  1626.808669  18.447183  0.062533  1.258216  0.065115
2225  1346.036282  1332.075513  19.151757  0.062842  1.647113  0.057317
2226  358.400976  1268.357294  18.147561  0.061817  1.279277  0.089262
2227  1692.144392  465.742678  17.717956  0.058222  1.073717  0.058576
2228  1453.931607  552.499302  17.746793  0.067063  1.066974  0.055958
2229  283.101732  471.781594  18.473291  0.070349  1.430643  0.058955
2230  132.660057  1495.518597  18.283121  0.075226  0.950710  0.050419
2232  475.671696  1079.325442  19.435501  0.086174  1.814581  0.101487
2233  1981.602205  1870.551904  18.538846  0.056960  2.203278  0.079793
2235  367.117082  305.729229  19.801775  0.110472  2.146924  0.079380
2236  409.046272  1911.929364  21.229681  0.363423  2.875993  0.151531
2237  1053.735343  1851.361102  17.720949  0.115469  1.137654  0.048892
2238  719.098872  1445.160000  16.521821  0.038718  0.053075  0.054261
2239  1755.301534  862.609764  18.116012  0.115744  1.065477  0.118299
2240  1704.006650  1779.026501  20.430021  0.167996  2.404337  0.097347
2242  1645.790038  94.405481  18.293731  0.060730  1.180257  0.068599
2243  1478.805034  1378.377529  20.334781  0.125894  2.324667  0.094626
2244  1464.674593  1738.000149  19.394270  0.111959  1.964758  0.153230
2245  891.341562  308.807955  20.533789  0.100281  2.784937  0.137069
2246  1960.204659  1070.431057  19.689472  0.079702  1.982534  0.082747
2247  1273.854441  1532.499980  19.738655  0.146436  1.738131  0.099722
2248  1950.294123  1567.574902  18.598532  0.075044  1.332692  0.057442
2249  1783.874815  175.863276  17.111340  0.047083  0.576008  0.056096
2250  1326.158792  1048.309081  17.585376  0.051339  0.742544  0.084329
2251  552.774572  1120.981920  17.068084  0.066877  0.494701  0.043409
2252  29.586162  372.985958  17.931161  0.045745  1.191452  0.091372
2253  266.121588  521.346748  18.357209  0.135560  1.169402  0.078478
2254  949.870568  1484.811783  18.325071  0.112488  1.473623  0.053111
2255  1235.454197  1199.645871  18.089160  0.073600  1.554537  0.072725
2256  1243.546653  310.313912  18.080308  0.081270  1.775799  0.053425
2257  501.466691  1672.953489  18.745376  0.087921  1.167532  0.049578
2258  1365.985869  329.192983  17.530095  0.065595  0.907811  0.099367
2259  1866.079945  566.102047  18.095767  0.065341  0.864736  0.057402
2260  1070.469189  768.059689  18.381505  0.057914  1.288156  0.116319
2261  95.455144  613.843507  19.955710  0.246003  1.970286  0.074593
2262  1216.777816  473.737867  19.145604  0.060792  1.339236  0.105051
2264  1816.194066  1553.562671  20.407802  0.102751  1.690744  0.204298
2265  1616.848993  1427.614216  19.183759  0.102004  1.132394  0.069589
2266  1200.360304  1565.965114  19.084944  0.090018  1.602601  0.110641
2267  1092.156591  1272.148431  18.627274  0.093754  0.879245  0.111146
2268  1051.454412  1908.828280  20.059344  0.089952  1.919143  0.111702
2269  575.816120  570.056780  20.020193  0.128287  1.939034  0.115228
2271  1626.820071  902.857348  19.248711  0.126393  1.248024  0.085280
2272  1944.173681  167.362546  20.027712  0.129085  1.835550  0.112587
2273  173.397734  82.449094  18.988832  0.062123  1.455417  0.082268
2274  396.057986  1389.524692  19.008703  0.179290  2.412348  0.081579
2275  569.324476  1603.618999  19.404970  0.064855  1.876205  0.073530
2276  866.086294  1886.743694  19.800525  0.126215  1.584177  0.102394
2277  876.761151  1837.618738  19.386634  0.113137  1.594027  0.099570
2278  1146.442303  1556.408887  18.903956  0.113818  1.886216  0.060125
2279  1951.548883  231.692651  19.306846  0.071701  1.397192  0.074669
2280  644.682490  326.125471  19.311169  0.088062  1.336786  0.068648
2281  820.299110  1148.426802  19.467510  0.201522  1.582677  0.091935
2282  662.539065  475.933227  18.925251  0.118419  2.078163  0.151601
2284  262.052866  1004.271999  18.398282  0.104169  0.947636  0.083851
2285  227.007665  440.369263  18.470232  0.066425  0.684983  0.087444
2286  1136.819643  1856.046784  19.457864  0.084697  1.246788  0.129170
2287  1677.985558  363.726867  19.118523  0.077983  1.316044  0.063155
2288  671.517466  1177.908087  18.917131  0.157328  1.391672  0.052956
2289  1239.278205  359.752074  18.848194  0.104688  0.965041  0.052848
2291  428.700699  754.574625  18.720523  0.114457  1.215707  0.059103
2292  438.976877  196.447158  18.986082  0.145331  1.582122  0.058843
2293  98.074791  174.618594  18.075464  0.045669  0.547011  0.174655
2294  1030.206390  1026.277768  19.317172  0.102476  1.226884  0.124822
2296  391.859447  501.837806  18.948119  0.170990  1.396595  0.092515
2297  253.796584  1097.475219  19.269771  0.061095  1.529875  0.111543
2298  1573.101381  1737.260203  18.038453  0.114848  0.922078  0.053042
2299  1449.385367  55.546576  20.278280  0.113077  2.115882  0.153624
2300  506.661571  44.179259  19.182805  0.094281  1.819631  0.125591
2301  43.699971  1482.297906  18.830352  0.080262  1.127593  0.087805
2302  1071.957841  150.527372  19.531178  0.116565  1.476316  0.102483
2303  154.562222  868.154862  19.489881  0.115785  1.667570  0.089527
2304  693.473360  1004.466944  19.588681  0.131243  2.463927  0.087511
2305  2026.389816  694.459193  19.557143  0.070723  1.323485  0.132943
2306  1480.561533  301.393536  19.520489  0.112489  1.695834  0.081155
2307  848.616068  1116.443412  18.709337  0.088826  2.274660  0.110147
2308  390.324365  998.991239  17.472212  0.055758  0.458642  0.098778
2309  256.469442  463.750833  20.577014  0.237726  1.980985  0.139800
2310  479.394783  322.967488  19.251193  0.077917  1.602876  0.082827
2311  384.486030  967.111495  17.765617  0.055286  0.666076  0.067018
2312  1223.164531  909.653351  20.450341  0.216620  1.895252  0.162791
2313  653.687934  272.938519  19.026629  0.091239  1.576320  0.194268
2314  1225.613000  684.084070  19.296478  0.101311  1.982592  0.079387
2316  1871.260176  1643.758786  19.764776  0.225067  1.398036  0.102377
2318  697.384706  1006.992524  19.306085  0.149675  1.405650  0.144797
2319  1920.285263  1106.995494  19.072418  0.179292  1.299024  0.081360
2320  1957.689973  1252.007379  18.888451  0.068761  1.884659  0.083812
2321  1353.527371  692.393973  19.258454  0.114533  1.279670  0.101869
2323  1558.611837  775.715325  19.322238  0.127110  1.601995  0.067964
2324  1538.872000  1184.807569  18.180613  0.102960  1.012571  0.101266
2325  362.366216  1537.796768  18.578490  0.051999  1.091247  0.089225
2327  111.082771  1115.005595  19.812571  0.224459  1.745410  0.132196
2328  1282.394458  1471.727974  19.142626  0.070661  1.467241  0.087280
2329  1678.061571  86.181561  19.046879  0.106904  2.133533  0.084160
2330  2007.553718  1667.556067  17.607423  0.042471  0.419832  0.085216
2331  103.940828  12.902320  19.283938  0.183880  2.274739  0.104105
2332  712.430453  976.341092  19.577579  0.201084  1.564137  0.097520
2333  538.718783  1993.372812  19.690903  0.161954  2.425022  0.110068
2334  1611.763156  740.196124  18.110251  0.090259  0.853403  0.060280
2335  1491.564184  1683.513155  19.703001  0.138601  1.706564  0.099216
2337  539.348804  713.623976  19.086725  0.095284  1.203380  0.082796
2338  17.933200  504.455638  18.407369  0.078760  1.017922  0.065290
2339  1523.213757  601.046867  17.131741  0.067178  0.236155  0.055613
2340  605.671932  1547.144432  18.329610  0.098650  0.670870  0.072159
2341  308.682647  1393.024302  19.875206  0.160881  1.909992  0.083030
2342  1371.909754  920.491312  19.368716  0.151745  1.341563  0.095884
2343  1208.862466  1128.086539  18.563038  0.096083  1.550951  0.108948
2344  1218.542597  1253.309932  20.137462  0.107451  1.870326  0.131476
2345  1540.942724  1902.791522  19.365179  0.183715  1.333796  0.084776
2346  1383.891085  9.975734  18.683482  0.116664  1.247022  0.062169
2348  528.767780  1562.514776  19.671350  0.160310  2.327692  0.138202
2349  445.175978  1676.353985  17.863434  0.042286  0.552405  0.096662
2350  121.223807  647.407189  20.263420  0.204316  1.860313  0.135211
2351  1188.076999  931.621389  19.422755  0.149534  1.656770  0.130640
2353  1875.612390  642.718641  19.801054  0.162002  1.632450  0.172095
2354  1306.576896  996.197041  18.671682  0.072869  1.032606  0.062493
2355  1291.605932  1179.942998  19.118173  0.123711  1.062060  0.076157
2356  847.140428  1133.864298  20.552969  0.117801  1.664202  0.128575
2357  751.937651  1209.803982  17.740006  0.119005  0.388937  0.056316
2358  664.954808  1632.370667  19.461826  0.166825  1.059769  0.124130
2360  868.052749  1721.495175  20.206286  0.154248  1.698443  0.175577
2361  1248.694003  676.120914  20.084594  0.243084  2.154159  0.111964
2362  157.036166  6.159243  18.281012  0.060599  0.388992  0.053061
2363  1298.422428  1574.927218  18.912357  0.124366  0.868337  0.064064
2364  1192.438265  458.668485  19.335628  0.095640  0.963389  0.134181
2368  534.694172  1658.046363  19.586834  0.132543  1.671081  0.097831
2369  512.991289  1885.729699  18.232555  0.183056  0.553469  0.071131
2370  1149.940052  1359.508636  20.131801  0.081985  1.726764  0.138430
2371  1191.999154  894.643723  20.517634  0.274237  2.103955  0.118612
2372  1173.309951  548.546648  19.661118  0.082981  1.259406  0.121389
2373  1158.796561  1919.802666  19.513929  0.078144  1.506700  0.204765
2374  1847.082051  1260.960920  20.727059  0.193897  1.529842  0.110542
2375  1212.842336  1304.192332  19.152998  0.137341  0.949657  0.059114
2376  37.762833  369.550226  19.949173  0.130238  1.895065  0.121981
2378  1650.531071  1566.817268  19.952212  0.185104  1.554882  0.158597
2379  2024.031655  1611.763342  20.023437  0.195202  1.684730  0.210105
2380  1435.256262  1696.009392  17.776069  0.081103  0.232505  0.041779
2382  1998.266265  791.714691  19.919834  0.095666  1.624160  0.118469
2383  275.139562  1880.637227  19.607289  0.068434  1.497778  0.101812
2384  632.767737  816.931848  19.799896  0.093788  1.465137  0.121834
2385  1769.277528  1792.610423  19.877354  0.085675  1.197712  0.155953
2386  1404.671841  1586.124338  19.318224  0.141967  1.221553  0.066442
2387  742.335226  924.063495  19.617310  0.121508  1.642463  0.088012
2388  63.767129  1588.103177  19.627291  0.166982  1.227669  0.083640
2389  1814.746586  1421.915812  20.061418  0.154425  1.725299  0.092605
2390  390.057549  654.775160  17.826977  0.082868  0.252008  0.106259
2391  785.587976  1621.286709  20.415858  0.090829  1.213819  0.267422
2394  713.260608  965.240818  20.625999  0.200213  1.844508  0.176099
2395  305.458899  715.987092  20.582984  0.218317  1.725843  0.168149
2396  1820.601134  1070.113708  20.106880  0.126435  1.611834  0.155618
2397  1861.368133  709.729831  20.317772  0.163271  1.584969  0.127061
2400  63.715705  867.940035  20.293041  0.098583  1.521149  0.088400
2401  1272.196405  158.093396  20.657508  0.196157  1.673178  0.150035
2403  399.675274  1840.622888  20.809879  0.110868  1.797742  0.221710
2406  1136.677624  1256.160080  20.009869  0.111851  1.488218  0.168623
2409  656.727327  28.841038  19.582688  0.067244  1.465357  0.109400
2411  611.131156  835.281702  20.202728  0.094445  1.696939  0.163911
2412  780.993023  230.002439  19.820094  0.150442  2.006979  0.093575
2413  102.186577  1237.927845  20.029483  0.095335  1.905548  0.098019
2414  260.514441  141.285199  19.044589  0.062234  0.907306  0.161392
2415  966.796498  277.108676  20.992388  0.123639  1.908895  0.183924
2416  180.051371  1299.221754  17.541975  0.040390  0.097595  0.044389
2417  1784.063672  1021.881262  17.570038  0.039617  0.274837  0.045529
2418  1321.732141  868.939328  19.450276  0.123977  1.426119  0.090102
2420  799.375749  1370.463007  19.988105  0.084872  1.418838  0.141745
2421  541.162457  1720.343797  20.597441  0.183451  1.406213  0.278106
2422  1405.794659  298.246650  19.214486  0.096763  1.170259  0.133528
2423  1592.847383  1211.873096  19.325433  0.113761  2.161384  0.191951
2424  416.505784  1356.255987  20.090207  0.121808  1.549983  0.081439
2427  638.689432  1424.162107  20.017163  0.158974  1.412142  0.094468
2428  1184.736539  538.432261  20.269816  0.238496  1.748596  0.105214
2429  1028.972834  940.472602  20.217099  0.153866  1.636065  0.217111
2430  1446.409203  183.076797  20.239848  0.103348  1.471553  0.086286
2431  208.543738  949.562953  20.226986  0.360410  1.636411  0.125438
2432  1940.446035  1511.415548  19.542989  0.108819  1.634601  0.119928
2433  1646.798210  1304.581282  20.040489  0.119342  1.898025  0.188352
2434  1276.711807  884.430478  20.468030  0.161155  1.906991  0.173704
2435  155.445846  1470.100117  21.490871  0.305587  2.372214  0.166392
2437  1528.430019  589.994136  18.265005  0.046834  0.298927  0.132513
2438  1414.415301  1321.209835  20.388111  0.179090  1.731651  0.239405
2439  1985.826795  428.410031  19.857687  0.086594  1.802877  0.106266
2440  59.339432  293.033305  19.577110  0.075203  1.160702  0.156278
2442  315.895758  1196.494017  19.469629  0.167391  1.315244  0.207431
2443  272.048568  380.601244  19.859083  0.138548  1.435561  0.149719
2445  1867.872396  1652.665570  20.843858  0.172429  2.080398  0.104868
2447  1603.801937  674.162917  19.598416  0.111910  1.504317  0.143314
2448  1481.971397  263.788692  18.420002  0.121773  0.563507  0.063372
2449  320.692592  1041.814577  20.481782  0.142427  1.738474  0.098035
2450  724.140654  206.327468  20.184531  0.130539  1.481747  0.160102
2451  745.840435  1481.150118  19.785374  0.069619  1.609048  0.090551
2452  1971.742655  1787.603352  19.736264  0.109827  1.454515  0.092540
2453  690.629753  1069.549198  19.601613  0.072860  1.329900  0.147438
2455  402.312892  1869.132026  20.810173  0.133972  2.085658  0.116985
2456  556.451941  1322.677775  20.105672  0.227643  1.505195  0.128243
2457  1219.839568  1960.142545  19.222011  0.111309  1.379689  0.081123
2458  560.719088  98.806201  20.836660  0.197352  2.082192  0.120171
2459  339.427610  1147.276550  19.075067  0.081789  1.026443  0.119827
2460  1111.314194  156.736373  20.044659  0.110672  1.249982  0.137852
2461  1101.539192  1885.567914  20.678022  0.166883  1.757167  0.130799
2462  589.926033  328.348956  20.001670  0.134204  1.525624  0.205809
2463  1157.341390  1555.490926  19.524717  0.068323  2.006786  0.149567
2465  1898.541661  1626.394809  19.765408  0.112545  1.071768  0.117467
2466  32.932579  172.681786  20.408012  0.124168  1.960817  0.180016
2467  803.669102  970.572683  20.635088  0.205606  2.816871  0.117163
2468  2024.355392  71.848409  20.363206  0.216067  1.741984  0.265822
2470  563.733929  1049.201845  20.309445  0.141273  1.599176  0.102865
2471  1813.532754  1764.342103  20.522322  0.224389  1.748994  0.084379
2474  99.966735  799.593256  21.243030  0.130112  2.036130  0.182451
2475  1768.874473  1058.643189  19.788235  0.175618  1.095615  0.108295
2478  1572.270841  493.002894  19.984295  0.137222  0.840642  0.140140
2481  1732.523963  682.937111  20.912947  0.183141  1.726256  0.149939
2482  253.562368  296.325234  19.715480  0.112754  0.792722  0.220112
2487  293.572818  1250.051863  17.863277  0.043150  0.058330  0.052275
2491  1712.877831  1206.615783  21.012338  0.242396  1.767263  0.190665
2493  178.466322  2041.682222  20.296718  0.196310  1.469817  0.100378
2497  893.653683  83.777736  20.567151  0.286700  1.983121  0.158788
2499  1298.262328  48.039050  19.735977  0.261393  1.134052  0.200706
2500  299.094634  1475.187948  20.425438  0.239229  2.588330  0.221494
2503  974.525693  53.197206  20.481772  0.116657  1.478106  0.145340
2504  1833.076128  779.592394  20.827810  0.398853  2.092181  0.496967
2507  2028.448648  1650.215667  20.635551  0.254703  1.754538  0.108789
2511  244.930933  128.942103  20.747031  0.154100  2.035040  0.135038
2512  627.380115  1472.962722  18.151919  0.076994  0.296642  0.154851
2515  580.517467  147.594561  19.313385  0.094847  0.857474  0.074793
2516  1476.094881  885.163822  21.189662  0.184392  1.884102  0.117708
2519  346.655563  1781.565474  20.604162  0.234627  1.979397  0.149850
2522  1989.083554  1078.759081  20.664265  0.257102  1.699508  0.240301
2523  1636.084437  960.223927  20.354920  0.298601  2.927460  0.114762
2524  1630.275750  969.833853  20.976102  0.138451  1.604790  0.160705
2525  920.910930  603.357499  21.009207  0.145966  1.761044  0.121284
2530  1365.072400  473.267992  20.628088  0.152465  1.861102  0.179240
2534  1437.984899  108.707788  20.010165  0.151000  0.994536  0.191749
2535  98.201145  921.550586  20.339644  0.383394  1.945228  0.113329
2536  1594.978413  110.081799  18.574550  0.075446  0.517975  0.071890
2540  408.936830  108.993652  19.175272  0.062851  0.575415  0.107950
2542  1585.315984  214.734401  18.502509  0.127756  0.098282  0.053840
2545  141.116338  1142.103261  20.268208  0.101598  1.276805  0.150871
2546  1896.194814  522.062750  20.656636  0.199324  1.532602  0.089741
2549  575.289515  1327.034153  20.542209  0.267557  1.103325  0.320435
2550  1934.642868  1968.986698  20.913434  0.168974  1.337601  0.209183
2551  1947.753663  938.948860  20.011021  0.153240  1.403870  0.110581
2553  99.145506  1486.193650  19.741791  0.112592  0.584457  0.169281
2558  1407.924147  172.262197  19.987415  0.145230  1.186072  0.178719
2559  1674.167247  706.808370  19.060722  0.117895  0.842634  0.134279
2564  1180.423648  1057.281186  20.293303  0.090131  1.588473  0.129566
2567  1804.673962  1041.060297  20.801443  0.130460  1.484762  0.187261
2568  121.625041  2017.105979  19.664152  0.107838  0.984645  0.094849
2571  2038.874617  765.232254  21.359278  0.289929  1.772317  0.144777
2577  1610.620378  995.089881  21.561575  0.129385  2.112689  0.233806
2578  1338.296818  1692.486535  20.473537  0.194283  1.493455  0.113864
2579  1818.040089  608.047215  21.021887  0.127534  2.179231  0.223411
2583  539.712682  1806.914873  19.751900  0.114878  0.926371  0.107035
2584  890.458896  388.680793  21.103328  0.163510  1.822660  0.188826
2587  746.707325  2037.017727  20.773191  0.185148  1.446158  0.198493
2591  1272.979669  120.851497  20.814592  0.130399  1.740598  0.210172
2592  421.077801  1706.044247  20.882761  0.161780  1.553918  0.217957
2593  704.422256  566.306071  20.679695  0.173075  2.403232  0.303424
2594  247.090858  882.625612  18.765324  0.081761  0.273717  0.144651
2595  916.499048  1996.179672  20.368757  0.091359  1.260527  0.086689
2596  1976.947368  1455.301999  20.805527  0.187126  1.437101  0.110827
2597  709.551369  154.375993  21.066797  0.160382  1.731165  0.130275
2600  1426.559915  1845.359677  19.743364  0.088169  1.067713  0.221059
2601  920.465569  172.813363  20.674476  0.103217  1.067246  0.150870
2603  994.125978  1104.843106  20.467480  0.363981  1.807103  0.168283
2604  95.799510  268.867702  20.597494  0.160999  2.139130  0.145738
2605  642.482540  1071.949301  20.881178  0.171451  1.509496  0.140362
2608  1236.613072  987.947061  19.329049  0.061884  0.836493  0.075921
2609  593.908705  1291.330405  19.329151  0.164199  0.652239  0.106078
2612  867.404696  997.044714  20.379146  0.098883  1.655731  0.124529
2616  2034.025978  665.120256  20.569011  0.110256  1.475410  0.123767
2617  97.965128  1593.630926  20.770372  0.136440  1.563577  0.114456
2620  1742.735191  33.365307  20.488801  0.107502  1.219308  0.220504
2628  2016.666247  137.969371  19.500701  0.115434  0.485781  0.123671
2630  832.915100  432.655827  21.009177  0.243552  1.739385  0.122137
2632  1196.917444  1115.657076  21.855874  0.240515  1.439908  0.294050
2636  147.450329  283.717289  20.148637  0.142042  0.688886  0.175873
2639  1622.171420  1429.665907  21.125236  0.320189  1.722837  0.437421
2646  1881.276440  424.790694  20.963992  0.164171  1.682663  0.134452
2651  1139.400410  1834.535618  20.734937  0.127332  1.450366  0.127268
2666  996.371635  1025.431363  20.295725  0.140624  1.010089  0.119679
2669  39.496089  1239.970754  21.683353  0.222062  1.418917  0.158319
2670  1236.010152  1565.195254  20.080182  0.143394  0.857026  0.188956
2675  1994.791366  1287.921202  20.386618  0.108859  0.735378  0.180331
2676  1847.110125  1391.398352  19.974302  0.110558  0.817634  0.148123
2679  674.179329  426.662402  19.847054  0.086380  0.551465  0.222722
2680  1262.280578  495.754375  20.012872  0.147256  0.564022  0.125978
2681  1053.651579  451.787993  19.326812  0.245030  0.497949  0.068820
2687  1682.865547  1204.126325  18.919937  0.092291  0.337764  0.079767
2699  683.349217  1292.786442  19.553188  0.087681  0.768530  0.118847
2700  716.269611  1705.989819  19.029343  0.102074  0.317006  0.061827
2701  714.184196  1385.774500  20.496036  0.256501  1.083175  0.194877
2703  794.783520  301.045589  20.218791  0.135662  1.053536  0.202799
2708  273.389478  1959.027759  20.333525  0.108520  1.074046  0.131591
2713  1594.238703  1767.123755  21.036682  0.169503  1.049781  0.333774
2717  257.301847  948.355537  20.260072  0.134678  0.875612  0.123615
2719  1737.896535  519.120568  20.066560  0.286134  0.637372  0.140663
2722  460.880876  456.951395  19.534472  0.066415  0.460874  0.087212
2723  1587.772690  447.585837  20.303208  0.128568  1.123051  0.150266
2724  287.432551  1449.077404  19.971735  0.138614  0.764362  0.081337
2727  1019.513147  311.300886  20.976964  0.201112  0.776079  0.179746
2732  748.614411  85.441969  20.544490  0.115555  1.033024  0.159248
2740  979.796865  1891.377751  20.412612  0.149830  0.938438  0.219568
2745  1513.747623  1735.787526  20.858774  0.327807  1.009218  0.162578
2746  1955.330961  692.613499  20.533197  0.150920  0.993235  0.184465
2750  1587.858259  1306.404243  20.228490  0.131903  0.336111  0.113660
2755  1038.771619  2.453637  20.379493  0.099924  0.712480  0.115170
2756  1363.179484  1777.914598  20.217795  0.167834  0.579716  0.133412
2759  790.134592  1037.695895  20.857052  0.149647  1.664788  0.334339
