# id  x  y  V  eV  BV  eBV
114  1066.966487  1198.919004  21.126275  0.196283  1.449123  0.187390
116  935.970468  1043.844096  20.789004  0.120948  1.432175  0.218813
117  971.065119  1007.207997  20.694657  0.161853  1.434583  0.205378
118  868.743188  1042.364826  20.547052  0.180810  1.393185  0.187225
119  1007.818772  1070.073672  20.527893  0.135320  1.226179  0.176355
121  964.999148  1078.841508  20.506455  0.172209  1.304585  0.151095
122  1011.631063  963.808932  20.409459  0.085168  1.513929  0.109464
123  1065.986560  1045.265838  20.300837  0.187703  1.538567  0.161890
124  976.572334  1060.547584  20.111914  0.079690  1.597212  0.172665
125  986.038436  1104.601743  20.148430  0.096108  1.048376  0.166934
126  1211.496100  987.480637  19.995285  0.173596  1.285688  0.119517
127  875.054797  909.494845  19.842675  0.074679  1.454486  0.071150
128  1130.018304  1047.868621  19.629654  0.208878  1.454086  0.070576
129  855.459697  1072.722698  19.482439  0.103548  1.575934  0.123854
130  1056.518124  1074.717512  19.312671  0.122579  1.442402  0.060243
131  1148.644618  956.510679  19.096270  0.074079  1.562558  0.095202
132  1172.672123  1195.417825  18.783948  0.110894  1.360285  0.089408
133  884.575396  1015.647580  18.958770  0.073030  1.223221  0.075108
134  940.619346  1099.327734  18.392792  0.063255  1.283207  0.054427
135  865.368801  992.979579  18.298056  0.133683  1.229693  0.069773
136  1000.182968  1143.737836  18.229170  0.061417  1.365386  0.125876
137  1156.699894  908.130857  17.481203  0.057604  1.180291  0.047595
138  1073.833574  994.074911  17.288920  0.045272  1.111739  0.108558
139  1083.186504  1016.924037  16.941934  0.048945  1.015483  0.050142
140  1018.957681  957.407642  16.498332  0.060221  0.941764  0.060157
141  1120.897393  940.812001  16.039498  0.056829  0.887101  0.039409
142  926.971310  852.879319  15.708678  0.046231  0.753543  0.048539
143  947.560653  816.342651  14.502016  0.053248  0.542039  0.035582
144  1082.407465  895.055790  14.372945  0.040256  0.628421  0.026616
145  1067.367158  1071.493550  13.505291  0.027656  0.458869  0.047394
146  1006.547579  1095.803945  12.474643  0.041291  0.294750  0.028838
147  1009.078436  1043.728998  11.636377  0.018724  0.380895  0.033458
148  854.022369  1050.534707  10.666464  0.026685  1.078372  0.037305
149  895.735583  1035.716321  13.177615  0.048384  0.404615  0.023450
150  998.840320  1011.648594  16.021471  0.053878  0.848237  0.055062
20  1223.819552  1960.776855  12.161009  0.023836  2.935727  0.027614
21  1978.760859  1413.720351  10.152064  0.029401  1.418945  0.041588
22  31.531249  449.471172  12.960713  0.021135  2.921187  0.023284
23  345.161473  1404.434157  8.916066  0.029879  0.109982  0.027644
24  1972.985720  636.065466  8.357379  0.025802  0.018898  0.024153
25  639.444851  390.582479  8.632312  0.034891  -0.053860  0.016506
26  2032.725451  1204.545051  10.094207  0.034947  0.625267  0.036147
27  186.186257  1021.464834  9.307540  0.038788  0.002724  0.040819
28  999.750409  623.847860  9.410044  0.019288  0.150340  0.039224
29  1103.438117  1668.385828  14.712455  0.025307  3.153169  0.030133
210  975.146193  1732.212534  12.297381  0.033577  1.464084  0.035428
211  57.858216  1443.724215  10.662880  0.035733  0.505757  0.041869
212  1585.503822  615.783628  11.149217  0.033723  0.434041  0.025587
213  402.958778  1495.518464  11.321021  0.034363  0.712895  0.029278
214  99.387074  159.875797  10.539516  0.041959  -0.095887  0.017478
215  841.248870  211.506878  16.098685  0.032806  3.046057  0.038093
216  1563.315418  1071.552520  12.675168  0.026240  1.084472  0.039565
217  3.988137  190.430768  11.203069  0.028114  0.439719  0.034872
218  549.260271  147.434546  12.883802  0.025137  0.786095  0.026035
219  2028.844015  197.325033  11.480998  0.025450  0.146692  0.019196
220  807.901454  1346.355824  11.638492  0.037254  0.309993  0.051955
221  1820.796802  767.929102  12.635031  0.030771  0.661415  0.026474
222  675.578115  907.151720  18.242846  0.089024  3.770131  0.073137
223  1883.034621  516.040527  12.497824  0.047435  0.387299  0.031659
224  1674.428564  621.889939  15.978607  0.074999  2.580414  0.049837
225  1986.246267  816.279304  13.823082  0.052379  1.021867  0.049671
226  1409.672920  33.016965  14.984977  0.043734  1.658172  0.029488
227  1550.545781  1626.600472  13.250002  0.057077  0.844008  0.020707
228  813.394190  1913.174013  13.700779  0.052743  1.015067  0.030849
229  1.997633  457.879804  13.029788  0.023670  0.281720  0.028901
230  1034.872259  738.223434  13.390293  0.041278  0.364620  0.034471
231  1657.975659  1259.224715  12.879888  0.037739  0.345423  0.028040
232  1408.248158  1408.048199  12.825610  0.034861  0.072982  0.046141
233  126.332690  1744.310597  16.603856  0.033695  2.472517  0.031282
234  798.845954  1817.207218  15.253938  0.030747  1.745614  0.060808
235  132.283094  1108.069355  12.366855  0.020959  0.035833  0.023446
236  1863.618687  1721.078316  12.828621  0.022473  0.299512  0.029216
237  1857.745918  1965.570933  12.799519  0.037796  0.480167  0.059520
238  2021.624637  1384.850142  12.956637  0.029652  0.121595  0.019140
239  30.355146  1854.211215  15.627007  0.064743  1.617311  0.063767
240  75.476811  1558.367861  14.114816  0.027241  0.892183  0.033887
241  376.928276  1035.675100  13.405400  0.029925  0.236908  0.023678
242  1241.151179  1087.274858  13.845767  0.029136  0.405451  0.021631
243  1452.100180  67.206267  14.157962  0.038047  0.850894  0.036506
244  540.267500  1081.377091  14.056900  0.022938  0.469879  0.049167
245  519.118689  951.197890  14.837271  0.036392  1.155649  0.045469
246  1004.828311  526.802639  13.656692  0.027506  0.385261  0.029438
247  1831.452285  1168.930434  13.646225  0.047043  0.585970  0.059117
248  1633.885505  993.397950  12.935020  0.024005  0.113778  0.030385
249  1998.892688  591.646830  13.599692  0.020471  0.494080  0.035799
250  1186.310928  969.373496  13.977600  0.024226  0.592127  0.034683
251  709.670948  1607.467117  13.035386  0.039772  0.163088  0.023005
252  199.550764  170.341786  14.867640  0.026514  0.686987  0.042104
253  1874.837643  217.606380  18.936726  0.062058  2.930182  0.078982
254  1007.724268  287.283358  14.160300  0.029697  0.404289  0.053761
255  583.969420  561.771688  15.163834  0.061820  0.843045  0.033180
256  1602.911122  1819.930725  15.063616  0.051858  0.884889  0.047426
257  1997.768277  763.710803  19.292911  0.062521  3.128858  0.125058
258  608.395862  1531.822380  14.226038  0.066513  0.397427  0.027933
259  895.819448  1846.627778  14.665742  0.079218  0.619424  0.031240
260  572.270913  1580.132235  13.368406  0.028515  0.050653  0.051539
261  1783.544725  1405.414331  16.974065  0.039440  2.082048  0.046380
262  262.846456  409.544262  13.714745  0.056162  0.033824  0.050912
263  135.737181  695.400167  16.030952  0.033514  1.425750  0.054966
264  988.485657  1870.139972  13.966460  0.030717  0.363777  0.024087
265  486.920958  84.922588  15.257983  0.044182  1.109168  0.025822
266  488.362363  1322.038990  15.465763  0.040032  1.056423  0.036465
267  952.008345  706.489492  14.453960  0.032921  0.604222  0.031938
268  972.704482  1938.389931  14.390108  0.037326  0.563937  0.027666
269  1152.084973  637.372076  14.120813  0.039044  0.456399  0.032792
270  150.851976  1856.170050  16.786862  0.081852  2.033344  0.089016
271  460.532137  1547.543413  14.267671  0.033392  1.106795  0.039844
272  1043.335546  1485.019404  15.307966  0.033930  0.511997  0.062128
273  1143.509003  1781.474657  15.015374  0.045261  0.558501  0.053786
274  1367.578836  185.674223  18.911006  0.101988  2.771040  0.055594
275  1667.707424  1373.666419  17.663076  0.044281  2.052890  0.063971
276  903.686399  1040.460668  15.589899  0.026561  0.770256  0.027192
277  1055.355333  1741.241250  19.483619  0.073655  3.167689  0.091184
278  457.492487  1317.497605  18.067522  0.094783  2.098751  0.059680
279  1576.301910  502.453290  18.453129  0.128845  2.454909  0.121086
280  956.921186  369.611895  17.797789  0.058829  2.219942  0.052447
281  1636.199810  2008.946613  14.755951  0.024202  0.793468  0.043586
282  1350.957514  749.965430  16.016239  0.053165  1.051771  0.054983
283  1015.192227  147.148487  16.713922  0.056965  1.544276  0.043174
284  930.558187  908.422142  14.587923  0.048224  0.293889  0.047866
285  853.150658  615.737442  15.284834  0.037306  1.401373  0.026169
286  972.170842  368.232933  15.689766  0.056539  1.003628  0.042630
287  1697.513125  1967.480051  15.380450  0.030776  0.729210  0.028802
288  1812.594481  2042.083545  15.307444  0.038583  1.158314  0.028992
289  1789.213894  1611.503317  16.481321  0.041218  1.343631  0.033079
290  326.822352  488.353502  15.996881  0.043716  1.092812  0.040368
291  46.657125  1509.390496  16.477707  0.043696  1.228708  0.035984
292  1932.939433  103.465439  15.189910  0.042301  0.690083  0.026956
293  1433.569185  665.194496  15.108596  0.025954  1.124118  0.034482
294  495.942312  649.611394  18.362481  0.111896  2.342950  0.069378
295  1439.531433  793.859056  17.338782  0.079850  1.955362  0.070584
296  484.359853  36.931087  15.221736  0.053089  0.848496  0.047941
297  709.398608  754.842278  16.691919  0.039453  1.340082  0.034629
298  669.627897  709.990699  14.290956  0.029548  0.307344  0.049329
299  111.503398  579.069007  16.037360  0.057940  1.096521  0.033567
2100  1453.027709  1707.340508  14.629256  0.024448  0.168500  0.047800
2101  627.070878  1851.375207  20.467329  0.092107  3.723109  0.191763
2102  217.192762  1003.446497  15.707225  0.035307  0.809678  0.029659
2103  1534.170465  317.155018  17.780029  0.053204  1.902105  0.053154
2104  714.943287  1467.001701  16.741402  0.038475  1.138962  0.041040
2105  659.198055  1822.215618  15.854214  0.042040  0.924270  0.043878
2106  128.044731  1810.065718  15.759365  0.033509  0.890576  0.050393
2107  1776.967560  1306.600138  14.241023  0.027213  -0.227841  0.029720
2109  1799.935403  983.692000  15.634010  0.036440  0.649599  0.026957
2110  1703.652062  573.053593  16.846009  0.070318  1.351345  0.036602
2111  202.855313  1476.549763  17.465448  0.055471  1.628084  0.072387
2112  1190.184280  394.459890  18.450419  0.053287  2.196445  0.083611
2113  198.159006  964.352168  17.118763  0.045972  1.454006  0.068792
2114  1801.897636  1531.934355  15.438367  0.035636  0.475225  0.044557
2115  1207.952541  1248.556941  15.889361  0.074565  0.710917  0.047585
2116  1853.311862  629.585312  17.908174  0.060062  1.670888  0.054117
2117  922.972786  204.755673  15.496685  0.047691  0.580381  0.043217
2118  1263.276234  2030.871562  15.818824  0.066089  0.554776  0.029215
2119  216.002203  1944.675523  18.972546  0.088103  2.688416  0.109753
2120  508.259971  1388.545156  16.147182  0.048245  0.769826  0.033574
2121  190.608766  1117.625892  15.154777  0.040350  0.172472  0.025613
2122  1823.737757  1983.627533  18.285190  0.077937  1.965131  0.064369
2125  1826.149689  1298.641706  18.760608  0.065251  2.485586  0.088080
2126  197.982454  1191.979789  18.873721  0.071363  2.480640  0.073519
2127  1440.150650  511.338942  16.310647  0.038792  0.984844  0.046525
2128  302.602296  1130.208564  16.148382  0.047397  0.823608  0.055637
2129  1398.922798  561.276446  16.829820  0.072309  1.306643  0.046982
2130  1956.534193  1607.368912  16.070853  0.043585  0.646355  0.054486
2131  1184.904490  464.701558  16.159085  0.038026  1.306157  0.029035
2132  1634.182500  1533.032363  19.206005  0.117488  2.529180  0.137855
2133  204.728265  180.614480  16.140790  0.057485  0.918208  0.028268
2134  1525.080956  305.626632  16.698210  0.067011  1.214180  0.033564
2135  53.568605  616.659411  15.524533  0.030723  0.621118  0.033124
2136  591.796314  348.498305  17.945131  0.063961  2.085089  0.107395
2137  454.518092  977.956067  16.574975  0.034048  1.698283  0.064187
2138  1257.332534  1497.575772  17.684750  0.039518  1.464817  0.081036
2139  1809.858323  1058.698112  19.930559  0.161307  2.698627  0.160084
2140  895.798382  1147.309510  16.949767  0.041687  0.978950  0.061784
2141  1948.268422  568.994578  19.400456  0.091023  2.284076  0.074568
2142  1754.020172  1887.794501  15.670897  0.046546  0.497842  0.077888
2143  1708.277870  401.605812  19.038826  0.059867  2.135540  0.067414
2144  479.129100  86.274800  19.594552  0.162470  2.520759  0.111025
2145  75.597222  228.069354  19.506563  0.119064  2.504298  0.073902
2148  65.939196  1500.125936  16.497116  0.053671  0.656350  0.054227
2149  1397.914261  1453.586827  16.340293  0.030519  0.954422  0.031347
2150  1136.193031  1221.416661  17.269237  0.055758  1.327089  0.067018
2151  658.938997  1782.335000  17.713097  0.107538  1.553675  0.073709
2152  703.918367  331.969766  16.990824  0.054126  1.538588  0.061063
2153  1373.290308  552.491991  20.286039  0.085921  2.931614  0.172497
2154  2004.063396  1407.104917  19.158809  0.073448  2.293967  0.195806
2156  1484.338219  1974.649840  15.854467  0.054269  0.510519  0.045940
2159  1484.325649  1134.988985  16.301349  0.038364  0.818508  0.054044
2160  560.648190  188.772984  16.750400  0.037947  0.979112  0.034334
2161  295.362065  329.582795  16.741457  0.061263  0.904190  0.052076
2162  534.426805  1065.851151  15.408411  0.055071  0.271779  0.052478
2163  435.188047  1977.231718  16.430465  0.047273  0.689596  0.034564
2164  1575.365756  1359.375027  18.645854  0.063916  2.176238  0.139937
2166  1878.829352  911.474082  15.635007  0.097351  0.143634  0.036447
2167  1959.788347  863.157768  18.254238  0.069469  1.872867  0.071621
2168  70.787729  1041.392888  17.284868  0.048635  1.073742  0.058655
2169  1510.070924  600.313603  16.817977  0.055039  1.601089  0.034328
2170  442.575529  1840.122372  16.407351  0.089073  0.559547  0.042444
2171  773.371833  330.275948  20.294463  0.128675  2.890545  0.192917
2172  341.686387  569.862599  17.289984  0.042320  1.035069  0.073553
2173  1282.635942  1915.747346  16.646174  0.042038  0.889360  0.067551
2174  1137.196205  2037.985193  15.123698  0.071558  -0.151034  0.024496
2175  1914.653965  1075.096466  16.090485  0.058852  0.368727  0.036224
2176  37.896652  1728.598424  17.157399  0.121083  1.234121  0.046614
2178  25.495070  208.159673  19.492638  0.081029  2.462867  0.092099
2179  1647.640898  2009.105958  16.517894  0.059562  0.803395  0.046030
2180  37.194874  340.028852  16.118719  0.040979  0.380631  0.042583
2181  1636.352438  1610.533641  17.157611  0.058506  1.207496  0.059943
2182  1190.745956  1387.318856  16.381611  0.047873  1.512986  0.039454
2183  717.059630  527.972277  18.517471  0.066769  2.001654  0.091824
2184  1600.273100  1086.189685  17.641440  0.050565  1.698171  0.099964
2185  1520.271535  582.764833  16.513459  0.052633  0.840833  0.031503
2186  81.394559  1833.217443  19.438838  0.065066  2.454744  0.136881
2187  712.792507  2047.042326  16.394762  0.044190  0.827382  0.030209
2188  154.395432  18.737024  18.057975  0.106915  1.799716  0.111815
2189  1727.809870  262.421194  16.354354  0.069164  0.707488  0.051093
2190  319.314125  1351.034556  16.299389  0.069434  0.605277  0.038248
2191  1369.725852  1369.734208  16.518475  0.032635  1.680645  0.043368
2192  1202.916110  1590.720046  19.892965  0.156290  2.458400  0.074640
2193  577.849594  1482.529374  17.769922  0.064249  1.282095  0.071452
2194  1421.402492  675.634034  18.752334  0.071384  1.905297  0.114387
2195  955.749834  729.762915  17.042260  0.049041  1.037536  0.085591
2196  666.952206  1777.732465  17.862271  0.133391  1.267393  0.098788
2197  1619.413706  1138.883738  18.429211  0.073600  1.291592  0.097833
2198  149.822582  1397.142326  17.718880  0.055805  1.056571  0.073510
2199  1656.672557  1699.985557  18.585561  0.051898  1.463876  0.100417
2200  1720.939198  1045.895381  16.551044  0.031397  0.588694  0.048964
2201  1937.894998  295.666603  20.254522  0.222552  2.887062  0.119073
2202  280.976198  1936.904707  17.163681  0.059140  0.987614  0.078670
2203  828.605453  593.910707  16.696583  0.043671  0.724033  0.077610
2204  1824.493066  928.191601  19.409381  0.126932  2.131136  0.147942
2205  442.184342  1345.616733  17.140573  0.085895  0.840127  0.071252
2206  1314.896511  758.604850  17.569366  0.039033  1.141511  0.064289
2207  918.904789  1204.604085  15.352386  0.043217  -0.269675  0.038185
2208  594.298282  1286.439636  17.403216  0.083003  0.979433  0.043975
2209  1532.584954  1352.186287  16.123536  0.050628  0.315038  0.028542
2210  1331.745408  923.170768  18.984184  0.061962  1.867865  0.098356
2211  838.227497  0.591891  16.862065  0.057445  0.837360  0.041510
2212  1799.648719  613.533086  16.953323  0.057206  0.612210  0.045871
2213  953.398988  1747.266088  17.277908  0.053927  1.089038  0.062963
2214  1790.698099  1901.332075  17.538937  0.102934  1.102231  0.057279
2215  1949.321860  1889.187725  17.212347  0.051083  1.029387  0.078184
2216  345.030960  253.080557  19.670274  0.105074  2.502991  0.194777
2217  1434.788282  1477.165486  19.157867  0.073550  2.227151  0.085711
2218  1689.367917  773.191661  17.052314  0.078016  0.823014  0.061812
2219  1898.144930  596.800510  18.790941  0.137598  1.963456  0.149521
2220  1652.099962  525.394911  17.039211  0.043908  0.657834  0.091964
2221  182.695789  608.458914  17.511536  0.048745  0.786540  0.077216
2222  1671.437941  1564.045894  15.512855  0.038535  -0.086032  0.066013
2223  843.349503  788.804160  19.414580  0.173715  2.094997  0.060506
2224  1794.290814  1276.679505  17.574485  0.056494  0.904056  0.066166
2225  1120.827475  281.357582  16.998903  0.039902  0.984530  0.043741
2226  1088.056671  181.382232  15.305995  0.049062  -0.120760  0.038557
2227  1401.535353  993.634398  16.767490  0.065398  0.689004  0.036685
2228  500.696941  815.396948  18.295711  0.047232  1.432903  0.058799
2229  1608.615594  1224.551436  17.254186  0.061974  1.201183  0.045353
2230  2026.415107  369.803962  17.978153  0.080557  1.077695  0.108426
2232  112.226370  869.199021  19.451907  0.103770  2.217440  0.164556
2233  838.274635  199.052732  20.122617  0.084471  2.339530  0.186440
2234  1319.042258  950.234218  18.041929  0.077468  1.150197  0.064520
2236  1996.219567  28.848725  16.840896  0.048682  0.784532  0.044461
2237  1352.771411  888.938951  16.574998  0.044466  0.564246  0.047834
2238  1382.489403  305.196219  15.759776  0.033965  0.148671  0.037866
2239  1655.030879  1126.779737  17.764438  0.052808  1.083274  0.051004
2240  989.072667  1056.725824  18.129861  0.104788  1.333747  0.086339
2241  1152.505248  303.602274  14.970594  0.032909  -0.336804  0.030280
2242  163.853915  687.652989  17.559656  0.111850  1.274681  0.066236
2243  25.659994  574.516871  19.665748  0.213514  2.346437  0.186510
2244  1224.830363  793.174146  16.749902  0.064843  0.678817  0.052472
2245  260.741760  1629.935683  20.315223  0.097385  2.796032  0.124674
2246  283.873219  1639.670605  18.739493  0.087925  1.750365  0.081341
2247  1854.139782  1962.746629  17.132544  0.044510  1.011601  0.063707
2248  175.088242  1805.466844  18.064816  0.135678  1.351004  0.043964
2249  966.676375  546.978541  16.923743  0.045691  0.614715  0.040576
2250  650.259114  784.989037  17.012389  0.043463  0.753933  0.051780
2251  1217.624402  1969.127926  19.603200  0.079705  1.964536  0.156984
2252  924.357858  1837.607341  15.225596  0.030574  -0.140025  0.057579
2253  929.418993  208.035991  17.010160  0.042884  1.007976  0.044771
2254  701.600300  235.865534  19.946075  0.079267  2.289325  0.163771
2255  1026.843191  1464.089570  18.201509  0.126948  1.392437  0.067658
2256  418.081018  1764.184866  18.445342  0.054687  1.351041  0.135237
2258  1664.931504  98.955911  17.412996  0.082846  0.843620  0.121665
2259  274.006475  1584.651613  17.238966  0.046289  0.936210  0.037923
2261  164.444485  497.196070  18.373804  0.060063  1.498895  0.059816
2262  304.172768  350.562943  17.491574  0.076200  0.613661  0.053721
2263  1411.236209  1167.393202  20.502661  0.203018  2.275572  0.144372
2264  1314.260399  1962.311262  16.527622  0.035987  0.176932  0.059594
2265  1306.575974  733.848666  19.918965  0.112746  2.016473  0.126816
2266  714.339815  1442.643936  18.956705  0.066065  1.534634  0.088245
2268  1661.158855  1466.680522  17.903732  0.068915  1.119136  0.052205
2269  1092.254864  1756.893582  18.275538  0.099742  1.334156  0.096006
2270  82.553623  125.424265  19.091003  0.128179  1.827108  0.142999
2272  1166.372533  1654.086782  17.419627  0.061834  0.575702  0.058279
2273  428.224572  1439.350857  19.205398  0.085068  1.669514  0.064719
2274  1771.083546  1717.077561  17.977799  0.060361  0.844030  0.096256
2275  434.579929  462.539086  21.128721  0.160850  2.923615  0.234981
2276  1680.550573  227.855118  19.081578  0.067718  1.681931  0.125220
2277  1021.355837  206.836250  17.439246  0.071656  0.565926  0.060026
2278  1676.425971  581.659001  18.093800  0.069439  0.742340  0.161121
2279  1714.987817  1511.872653  17.282522  0.062024  0.476976  0.051506
2280  1480.430638  1939.245474  17.931872  0.071859  0.949215  0.070999
2282  617.841103  994.304521  16.151427  0.068222  -0.067012  0.030976
2283  895.106007  135.302704  18.998447  0.099838  1.635993  0.106683
2284  392.089794  656.555821  18.673851  0.094766  1.314517  0.070590
2286  1586.892140  617.756904  17.953097  0.110190  0.856480  0.097715
2287  1162.624460  144.620246  18.670235  0.070203  1.107738  0.073497
2289  415.036625  1189.736479  16.370777  0.039040  -0.106513  0.063459
2290  584.835131  1245.019855  19.572817  0.122187  1.779730  0.131593
2291  1502.873284  1736.399469  18.278761  0.120001  1.050688  0.082891
2292  1901.091848  315.348156  18.244213  0.140529  1.187004  0.054520
2293  1450.467991  27.914526  17.994084  0.058920  0.917632  0.092392
2294  2.367417  374.528149  20.109155  0.094436  2.023634  0.104219
2295  1930.509156  1836.289943  19.436433  0.065913  1.952289  0.072760
2296  1576.260523  1501.763849  18.468998  0.048170  1.312152  0.052939
2298  1386.816572  371.283683  18.026963  0.045224  0.952519  0.045594
2299  230.556791  1881.123245  18.301315  0.080927  1.037045  0.064055
2300  1605.337899  718.211431  19.221306  0.145540  1.872295  0.158702
2301  236.452739  1174.883845  17.826404  0.057977  1.099129  0.049921
2303  1842.305299  277.174127  20.195221  0.087925  2.386999  0.100427
2304  1229.991987  1104.050151  17.401245  0.045238  0.805061  0.077726
2305  1998.770268  494.691401  20.593037  0.092257  2.245467  0.153582
2306  595.958086  882.697872  18.116481  0.093602  1.122572  0.095425
2307  1655.130329  1657.671170  16.234392  0.054952  0.138247  0.045792
2309  614.719074  657.769991  18.439901  0.053213  1.059283  0.066949
2310  332.443112  1130.187490  18.216631  0.051546  1.958424  0.075431
2311  1577.709164  1139.966248  17.619613  0.062884  0.737847  0.063520
2312  314.071605  465.032836  17.773686  0.058436  0.995044  0.057291
2313  161.326397  889.967331  18.282762  0.094328  1.410031  0.050064
2314  1457.551551  966.605984  18.697956  0.063052  1.251969  0.076282
2315  1063.508954  428.340261  19.580138  0.229197  1.936102  0.121546
2316  2028.144744  1246.259627  18.231650  0.069705  1.290299  0.066512
2317  1540.642755  1640.851982  19.944360  0.184339  1.939817  0.097519
2318  1171.387758  324.714711  18.163603  0.082324  0.913863  0.100808
2319  970.733770  1897.308915  18.447025  0.142810  1.327878  0.053102
2320  774.624179  507.205261  17.318621  0.049555  0.671720  0.087616
2322  1037.533005  1312.221096  17.552184  0.037407  0.736351  0.056321
2323  1367.294523  1688.171950  17.788921  0.113498  1.302399  0.113557
2324  1395.304750  1742.834503  17.937772  0.062475  0.899186  0.056483
2325  1580.195259  1153.606115  17.661480  0.050454  0.790462  0.072522
2326  795.141575  538.546639  20.410723  0.141590  2.293402  0.106089
2327  933.500403  1927.510953  18.744092  0.086163  1.553880  0.161346
2328  1064.678661  918.970204  18.743243  0.130262  1.403724  0.086865
2329  1786.004479  1991.574041  17.656626  0.051702  0.971862  0.070387
2330  1930.553038  1529.936270  17.007235  0.040583  0.270925  0.059153
2331  1380.203485  1920.246207  18.532716  0.110605  1.293965  0.088570
2332  1277.135362  831.675868  15.701702  0.039410  -0.514166  0.059269
2333  1535.181365  503.455484  18.815598  0.154318  1.519456  0.080425
2334  591.016388  1037.913888  19.349979  0.125215  1.821577  0.083762
2335  2010.330887  559.479500  20.723140  0.158281  2.663461  0.171486
2336  1041.522411  1860.081874  17.770558  0.077133  1.056743  0.068764
2337  135.331627  1711.457287  18.363582  0.053168  0.931345  0.112267
2338  18.605229  1079.478280  17.911301  0.070010  2.432951  0.101170
2339  1706.351565  115.032051  15.685566  0.041585  -0.416639  0.045589
2340  1040.731870  931.062294  18.722049  0.093147  1.460136  0.154779
2341  587.509645  1073.384371  17.164062  0.056682  0.503824  0.065314
2342  368.155024  1850.533318  15.933431  0.050305  -0.264799  0.067985
2343  1931.402540  1107.641455  16.633312  0.063473  0.251488  0.032303
2344  926.081553  918.972790  18.649378  0.106186  1.287207  0.082038
2345  1082.942700  758.655430  17.760859  0.046942  1.782073  0.077607
2346  1493.991439  362.019938  20.398400  0.087933  2.081192  0.116890
2347  1013.790157  1460.347642  19.586436  0.113411  1.786597  0.086490
2348  895.031894  1225.224555  20.073189  0.113581  2.170137  0.135157
2349  774.208612  790.846198  17.930178  0.041157  1.074624  0.057134
2350  1105.212169  1704.239396  18.935945  0.072588  1.483698  0.100632
2351  1265.755421  1799.952259  19.816414  0.131711  1.978998  0.093286
2352  758.419130  1375.498050  18.376689  0.067624  1.207489  0.045287
2353  208.215843  629.374576  17.994235  0.068677  1.350980  0.080760
2354  820.881103  969.503702  21.206535  0.234343  2.801533  0.272966
2355  426.230169  302.769711  16.825005  0.037146  0.396709  0.060106
2356  1948.020834  556.794632  18.030258  0.056674  1.084256  0.045953
2357  1854.390152  1531.627802  19.620955  0.101281  1.835072  0.151921
2359  1534.434167  1575.813740  19.244831  0.070931  1.586679  0.099389
2360  777.253865  1107.393962  18.846096  0.098784  1.317659  0.103288
2361  568.300524  160.548771  19.613823  0.119049  1.980012  0.068892
2362  614.939981  1932.431657  18.089975  0.088275  1.049675  0.049255
2363  1489.580246  915.812458  18.426340  0.086629  2.371003  0.058634
2364  1734.912455  1102.759036  18.666198  0.072943  1.997048  0.136286
2365  95.616180  1518.829007  18.855586  0.062017  1.919114  0.091261
2366  1074.335382  312.836702  18.524985  0.076786  1.105757  0.090737
2367  1478.253129  1249.800949  18.722752  0.090808  1.490791  0.052639
2368  1655.694081  434.853460  18.942008  0.077479  1.148419  0.060010
2370  1953.640050  1062.488791  18.279944  0.070977  0.980120  0.099306
2371  1921.412743  171.771404  19.426518  0.113977  1.532888  0.090500
2373  336.279278  71.744919  19.038387  0.097014  1.313292  0.060563
2374  1752.671530  75.644019  18.544813  0.161774  1.057241  0.075619
2375  737.118435  1486.556729  18.661776  0.116059  1.035372  0.066719
2377  2038.920891  568.266003  19.036611  0.060492  1.380766  0.155593
2378  1435.586177  1624.682911  17.238393  0.103283  0.323730  0.052931
2379  1335.573195  1511.944016  18.638910  0.051492  0.965512  0.097105
2380  645.216301  660.076140  18.370024  0.052004  0.710741  0.155205
2381  651.369713  199.832584  18.555542  0.107493  1.104005  0.091911
2382  445.062872  1008.254220  18.396932  0.116807  0.839848  0.063262
2383  1069.578588  1140.323041  19.033918  0.103793  1.237372  0.110918
2385  185.627566  625.194216  18.844809  0.069335  1.311463  0.106559
2386  999.981152  1534.161142  19.011186  0.070101  1.618003  0.071002
2387  321.846227  1857.869398  20.762571  0.311927  2.826851  0.281000
2388  1268.754288  950.397656  19.112570  0.094130  1.747849  0.166504
2389  1789.255392  565.449510  18.644943  0.062167  1.223565  0.089981
2390  492.112912  11.837828  19.475618  0.096244  1.492787  0.193849
2391  21.888510  1774.836034  20.228334  0.114347  2.280530  0.129650
2392  742.705471  1135.284765  18.890089  0.185965  1.157585  0.070486
2393  1010.122650  411.325057  16.681544  0.043731  -0.163267  0.048114
2394  1960.400587  2025.027525  16.819082  0.046298  -0.079347  0.062772
2395  859.864475  180.728312  18.207187  0.063577  0.973577  0.086353
2396  70.864594  634.322037  19.890000  0.079150  1.756198  0.100613
2397  1875.630473  1403.774405  17.082881  0.051630  0.196137  0.038507
2398  1105.873354  1874.516063  20.161546  0.105139  1.938360  0.127153
2399  1950.846537  790.473424  18.439661  0.200142  0.963358  0.057229
2400  823.206710  867.237076  18.832048  0.094629  1.430233  0.080780
2401  1330.108503  1238.697042  18.729426  0.136714  1.046013  0.115516
2402  1264.090891  1345.552397  18.963184  0.057928  0.973863  0.149731
2403  1714.462075  416.933352  16.961305  0.088103  0.078032  0.078745
2404  191.738697  1654.768384  18.992932  0.087602  1.252344  0.102696
2405  1117.587070  1194.826727  19.034764  0.097639  1.235135  0.098472
2407  72.561606  450.743448  18.492553  0.059389  0.978965  0.092853
2408  1262.954215  660.175378  18.508648  0.054551  1.323532  0.075408
2409  78.819922  984.332670  19.152049  0.105202  1.087982  0.061168
2410  1036.899691  1921.300155  16.930770  0.071105  0.108033  0.042273
2411  1397.983774  1407.515393  20.384068  0.213404  2.130369  0.116630
2412  921.769751  1135.281575  16.423069  0.034730  -0.147880  0.041518
2413  418.844517  1890.487743  18.822533  0.081340  1.408183  0.181376
2414  649.722471  1371.721584  20.045038  0.108799  1.839004  0.075442
2415  1786.558688  274.417606  19.360099  0.077257  1.541544  0.085992
2416  94.818924  498.377290  20.271591  0.097748  2.081354  0.121000
2417  1335.886381  1334.195863  18.486114  0.070859  1.192060  0.049296
2418  444.559634  290.028576  18.538200  0.056187  0.808777  0.099476
2419  1252.934122  1933.411622  19.140493  0.069496  1.444531  0.149133
2420  1032.265579  550.299975  18.402551  0.097899  1.148081  0.103974
2421  1609.299829  88.968734  18.696547  0.096259  1.834791  0.117998
2422  396.305627  517.552488  20.615945  0.101580  2.034634  0.110848
2423  1110.577702  861.406876  18.803598  0.054595  1.238824  0.055565
2424  1462.869304  512.078959  18.618312  0.074928  1.664163  0.069784
2425  439.588125  1422.487967  19.812899  0.079072  1.506911  0.115576
2426  1320.858911  546.205267  18.903819  0.055026  2.200216  0.070474
2429  101.097771  1102.427274  18.825616  0.054460  1.487876  0.069941
2430  1548.318314  1805.240093  17.761348  0.058242  0.591761  0.062333
2431  1901.209490  432.167870  18.670142  0.150914  1.239001  0.097634
2432  275.948271  1883.815119  18.588130  0.107634  1.159303  0.082509
2435  884.650334  1571.170422  17.572310  0.039340  0.325900  0.070148
2436  1366.281341  1340.111950  19.150789  0.089406  0.965737  0.207966
2437  656.438230  619.551868  19.108261  0.079599  1.025031  0.187675
2438  842.389524  614.665263  20.466684  0.099124  2.330865  0.200790
2439  1108.076780  1425.108409  19.251523  0.244669  1.270206  0.104802
2440  1817.900172  1203.003171  19.306853  0.107692  1.369861  0.081522
2441  1693.960814  315.384069  17.902365  0.060105  0.523103  0.049432
2442  688.042492  557.030216  20.034893  0.252878  1.890424  0.178642
2443  1784.627835  752.706639  20.771762  0.122863  2.251979  0.101580
2444  326.291464  1317.688289  18.706630  0.163432  1.101341  0.075784
2445  385.439578  33.927142  19.308796  0.118252  1.442084  0.122804
2446  188.809004  1116.935513  18.990019  0.075503  1.178672  0.060565
2447  169.118878  1557.592012  18.785095  0.168170  1.180438  0.078152
2448  1032.138749  1179.095289  18.328518  0.105730  0.869191  0.072602
2451  1111.771008  577.239192  18.895907  0.062936  1.281849  0.094251
2452  238.160536  89.046360  20.384631  0.222906  1.954234  0.086231
2453  1056.949509  1861.634978  19.848046  0.136136  1.395919  0.193167
2454  57.560581  206.144172  18.658706  0.098864  0.989909  0.088754
2455  1833.602555  1390.061965  18.222492  0.072843  0.907383  0.054070
2456  1610.357897  1209.475469  21.067219  0.227681  2.474160  0.120850
2457  835.704428  1086.969331  18.982765  0.060107  1.505778  0.092654
2458  339.600451  1085.463042  18.294429  0.056526  1.124546  0.065258
2459  240.684464  793.701412  18.256344  0.074696  0.934743  0.121072
2461  1275.055111  958.796251  19.830846  0.098859  1.645241  0.066534
2462  1676.685257  1859.916548  18.638663  0.136455  1.700591  0.139163
2463  2011.493800  1170.568257  20.385905  0.157651  1.968696  0.172227
2464  265.390297  18.426301  20.218777  0.171674  2.027361  0.187351
2465  2028.503526  301.359831  18.365073  0.067923  1.096721  0.054826
2466  1897.417899  1916.456458  19.175076  0.087200  1.425088  0.147603
2467  1052.493629  795.436733  18.919996  0.105540  1.293709  0.056605
2469  654.606711  1866.772878  18.533224  0.082819  1.410944  0.167596
2470  1494.875017  456.785916  20.980760  0.340130  2.506717  0.196164
2471  149.323516  1979.134564  17.955005  0.101819  0.718613  0.092181
2472  1046.032135  985.945925  18.529138  0.118965  0.869779  0.083991
2473  1842.004923  1796.305564  18.884815  0.083895  2.183720  0.082101
2474  1430.634296  336.676886  18.944673  0.059856  1.109756  0.079638
2475  668.252380  1586.332461  17.515737  0.037691  0.487384  0.069423
2476  1853.785963  899.852270  16.517250  0.092101  0.014721  0.034041
2477  1528.997684  451.858231  19.267058  0.075535  1.542647  0.078686
2479  675.343543  319.737120  19.585274  0.117790  1.815497  0.133006
2480  1506.535582  701.476295  18.867695  0.083821  2.343397  0.072154
2482  911.212066  665.488590  20.110861  0.162605  1.792876  0.103196
2483  279.686032  1908.155326  19.268736  0.143334  1.295796  0.127549
2484  684.954895  1399.519144  19.874574  0.108423  1.686375  0.082730
2485  1842.159797  1877.370269  18.746058  0.137768  1.351278  0.074245
2486  1130.414637  1874.190635  18.650693  0.063174  1.081214  0.102891
2487  1140.164377  204.491917  19.112732  0.076011  1.442026  0.058695
2489  744.567822  210.251384  19.118721  0.056059  1.193224  0.071242
2490  1290.480129  1567.564555  18.732154  0.075404  1.476877  0.071582
2491  574.793345  1709.975257  19.082155  0.069541  1.109055  0.140452
2492  1798.512377  288.552276  18.783113  0.094162  1.162882  0.081203
2493  556.597622  513.584695  19.561881  0.120270  1.701684  0.098168
2494  534.072567  488.244637  18.680779  0.066407  1.119956  0.055865
2495  1389.676415  381.966431  17.980932  0.089997  0.777652  0.111492
2496  583.685707  528.820377  20.416307  0.116296  2.428496  0.146734
2497  1461.027433  1692.652475  18.939781  0.054992  1.151920  0.088362
2499  63.339877  417.058919  19.194472  0.073983  1.481006  0.093552
2500  838.610533  482.813049  18.584052  0.070683  1.375530  0.134654
2501  1435.494936  1500.307357  18.637304  0.060662  1.042700  0.092325
2502  291.269510  1118.962997  20.232077  0.117273  1.699278  0.188426
2503  1138.539947  1178.846319  20.653246  0.185817  1.980311  0.184850
2504  493.411877  455.044974  19.099214  0.080894  1.011783  0.072825
2506  1358.432425  1506.795252  18.850679  0.121786  1.075567  0.108251
2507  924.394506  569.374876  20.272571  0.111775  1.756798  0.131185
2509  118.198898  1247.553333  19.672085  0.188219  1.467270  0.084610
2510  1344.159576  2031.984291  19.625475  0.071114  1.109545  0.092594
2511  7.767938  71.494919  20.693862  0.145886  1.858698  0.183122
2512  1128.394229  724.602977  20.573814  0.265569  2.121144  0.093595
2513  616.336268  41.179221  19.669901  0.126513  1.289186  0.067686
2514  1771.962650  1320.916137  20.916079  0.121941  1.834089  0.227829
2515  399.317155  884.339463  19.123057  0.061757  1.021854  0.071426
2516  310.449330  647.458114  19.617706  0.188898  2.150102  0.102052
2517  625.919027  1808.014082  20.456967  0.200837  1.971860  0.125409
2518  1161.060987  140.460673  19.822843  0.225083  1.297291  0.165073
2519  332.604637  1851.866204  20.113934  0.178869  1.791509  0.239847
2520  881.558284  1940.818659  18.577173  0.057078  0.412067  0.051513
2522  1868.493085  416.678553  19.064512  0.107607  0.979444  0.081322
2523  1736.990323  471.821520  20.699607  0.170104  1.848914  0.091965
2524  313.896717  681.876292  19.726696  0.160898  1.336440  0.070161
2525  1192.663356  1400.598395  19.921092  0.083896  1.522058  0.085140
2526  132.494556  1008.640297  19.786198  0.120920  1.348249  0.118985
2529  1181.951591  678.628700  17.722207  0.063442  0.215308  0.070586
2530  1775.887982  2035.467903  20.062194  0.080106  1.724682  0.104859
2531  1127.135392  1393.534345  19.237351  0.185489  1.115391  0.077281
2532  1745.717938  1150.855682  19.577927  0.180310  1.092647  0.113144
2533  369.954028  1931.119306  18.895715  0.064116  0.748831  0.062447
2534  481.617845  166.226947  20.953612  0.170427  1.720212  0.327725
2535  1080.898436  1328.730496  19.964363  0.157571  2.155464  0.228808
2537  1443.071585  1259.693576  19.460658  0.191094  1.359342  0.137602
2538  383.815157  1448.404464  19.313328  0.147786  1.415478  0.079439
2539  125.238881  1233.535668  19.686561  0.113128  1.205425  0.108453
2540  581.447244  992.588753  20.073118  0.092232  1.785675  0.154609
2541  943.705853  1303.322862  20.317389  0.275323  1.600952  0.110025
2542  69.121413  1430.580062  19.789629  0.159105  1.254096  0.089998
2544  1005.668250  1375.786582  19.424985  0.094465  1.248373  0.112400
2545  1679.254714  15.621160  19.170056  0.073466  0.947790  0.067028
2546  225.040210  817.127953  19.955621  0.081172  1.622195  0.089955
2547  1011.672335  986.722640  19.077473  0.057810  1.139791  0.092357
2548  1773.844772  1328.024284  18.974847  0.107299  0.655015  0.096408
2549  1563.890616  908.242644  19.583113  0.099545  1.325356  0.130542
2550  1714.749290  78.118638  19.695514  0.096626  1.150164  0.068106
2551  375.406196  344.912622  19.505649  0.098299  1.568374  0.251177
2552  543.453455  633.951267  16.718271  0.041797  -0.294288  0.049954
2554  1020.248975  252.479431  19.425357  0.108600  1.192878  0.081026
2555  159.038798  412.779237  18.064353  0.055101  0.587906  0.063404
2556  899.410793  269.546576  20.175440  0.253069  1.730599  0.151788
2557  84.535054  568.489020  19.332846  0.104311  1.918908  0.142023
2558  249.533712  1773.632834  17.734255  0.052830  0.301308  0.045781
2559  1329.107433  2038.928821  19.137592  0.120237  1.578253  0.140418
2560  929.002257  1073.977192  18.179163  0.109719  0.356114  0.060436
2562  714.842174  899.905990  20.456467  0.086024  1.644802  0.121652
2563  1054.662264  1266.652623  19.139589  0.098076  1.061360  0.076772
2565  1519.167257  1594.219391  20.287301  0.093907  1.661837  0.124140
2566  1789.874879  1923.078927  19.098577  0.062453  1.099307  0.090359
2569  575.630621  56.948114  19.836711  0.116634  1.559206  0.142518
2570  313.375637  160.135191  19.386394  0.073735  2.578151  0.070008
2571  669.536551  1016.527260  18.985521  0.078740  0.874711  0.069055
2572  564.897069  430.331041  18.879442  0.079871  1.009492  0.117122
2575  2024.101814  40.701712  20.157448  0.097356  1.620517  0.098167
2576  1240.383997  1779.557105  18.945720  0.107851  0.916326  0.084941
2577  490.912884  931.117002  19.661450  0.117716  1.421988  0.077443
2578  957.675653  892.602597  19.976929  0.074855  2.133132  0.145427
2580  648.547218  1881.860456  19.408540  0.078515  1.267612  0.109367
2581  1320.378727  1752.585165  19.135894  0.057361  1.075586  0.064902
2582  196.560402  250.627951  19.128699  0.087652  1.127670  0.064472
2583  96.251894  954.280082  20.306166  0.137979  1.587604  0.088614
2585  1854.620764  555.899714  20.019525  0.245816  1.452323  0.211206
2586  1443.857017  636.176599  20.933548  0.136045  2.066586  0.125152
2587  353.701852  538.361342  19.145676  0.077521  1.264579  0.110943
2588  837.375751  1160.252635  19.888609  0.126158  1.187993  0.139752
2589  1739.748822  95.776973  20.573018  0.246873  1.738956  0.162097
2590  572.750208  630.553933  19.527828  0.086945  1.466149  0.188615
2591  1413.868247  518.807259  19.723506  0.163124  1.320035  0.127128
2592  1030.652054  1901.147253  19.563606  0.066874  1.271516  0.097435
2593  683.874742  1151.236269  19.846335  0.104232  1.381266  0.101119
2594  1038.185586  546.132483  17.723816  0.086560  0.327213  0.052125
2595  679.863749  264.959028  19.012191  0.089989  0.893633  0.080908
2597  1592.858416  1815.019702  19.881251  0.083266  1.390473  0.136349
2598  597.564674  386.459891  19.946123  0.181389  1.513503  0.083611
2599  969.750644  148.123611  19.191077  0.085933  0.872908  0.125052
2600  802.933125  1843.184528  19.895529  0.098790  1.277446  0.073094
2601  722.201362  60.168643  20.897752  0.127886  2.436241  0.118941
2603  1260.672691  1433.131310  20.891860  0.117201  1.923232  0.166078
2605  1073.542263  175.451397  19.422449  0.105760  1.346544  0.110008
2606  911.320908  1470.020904  20.309644  0.160595  1.987175  0.195662
2607  413.941408  998.206008  19.331737  0.088433  1.097968  0.131648
2608  1328.942842  1991.602295  18.988814  0.077333  1.244743  0.077493
2610  2016.011853  352.403045  16.493287  0.057864  -0.403785  0.043382
2611  1498.537456  9.765117  19.581208  0.078449  2.511650  0.139342
2612  1713.603374  146.148110  19.246004  0.144134  1.349004  0.112541
2613  848.733555  538.635854  19.441481  0.089380  1.167345  0.110818
2614  108.106252  17.843228  20.310413  0.111126  1.581405  0.098628
2616  646.020583  1312.433565  19.644641  0.101102  1.309438  0.069563
2617  1678.235489  353.122633  19.312315  0.077474  2.344922  0.101884
2618  557.664257  2014.174907  20.044371  0.174856  1.713301  0.122683
2619  1034.496186  488.453234  19.522506  0.105800  1.350451  0.140682
2620  1359.480257  1627.442737  19.305460  0.106649  0.800211  0.071495
2621  131.577053  633.313539  19.155840  0.087855  0.958088  0.112317
2622  808.340923  1555.447775  19.556557  0.087214  1.389337  0.079886
2623  719.213817  764.419099  20.322825  0.166721  1.787038  0.154553
2626  1756.648848  1159.673610  19.752698  0.086554  2.022021  0.068607
2627  1420.870853  1499.674748  19.141205  0.098149  1.190752  0.089458
2628  563.815705  1117.751928  17.306100  0.097950  -0.009350  0.042756
2629  1035.040688  619.184414  19.384025  0.134965  1.714103  0.176061
2630  989.133962  99.047175  20.584130  0.100145  2.018535  0.223970
2631  1291.438870  1080.654257  20.559687  0.172480  1.909966  0.107021
2632  1644.370594  123.525055  19.189710  0.059984  0.881621  0.144722
2633  1033.070345  1995.405107  19.787032  0.162702  1.640107  0.087472
2635  1148.557604  1898.048919  18.547436  0.120150  0.686508  0.094932
2636  319.987160  150.107218  19.965374  0.133319  1.368310  0.086921
2637  75.320598  1497.149187  20.355874  0.194769  1.852694  0.133756
2639  1220.508631  42.046988  19.822717  0.227671  1.825817  0.166190
2640  1665.128781  594.552665  17.674206  0.053088  0.302599  0.089549
2641  1685.442539  1292.888783  18.243712  0.072344  0.506466  0.057342
2642  1755.730806  1296.411618  19.306755  0.122248  1.159484  0.063299
2643  248.854684  1778.286690  19.748856  0.235520  1.585796  0.103381
2644  491.959029  1380.970386  19.717848  0.123705  1.359205  0.065570
2645  296.259040  1813.285054  20.082678  0.181507  1.630785  0.087026
2646  1857.388474  1387.703352  18.881006  0.121235  0.970206  0.080239
2647  1726.498884  990.202800  19.699905  0.075466  1.612906  0.124407
2648  1492.907957  868.077081  18.005947  0.068781  0.392321  0.112014
2649  348.377574  335.518715  19.574140  0.143663  1.379149  0.207895
2650  847.360198  1601.678353  19.584281  0.076216  1.358158  0.097206
2651  749.864377  674.805079  19.674056  0.073742  1.136136  0.077645
2652  538.309439  444.626647  19.672456  0.099443  1.748989  0.193785
2653  982.184659  1948.990608  20.209286  0.198327  1.307611  0.141794
2654  1361.459647  889.942291  19.404183  0.165373  1.303003  0.103711
2655  1143.923237  1033.721042  19.834499  0.193281  1.539291  0.195590
2656  1669.718300  1547.149048  19.963415  0.157028  1.317805  0.092619
2657  329.747527  827.213187  19.575935  0.134031  1.496798  0.069128
2659  344.752996  826.849363  19.543100  0.103169  2.125455  0.169457
2660  131.472939  1245.375264  17.813992  0.059309  0.174678  0.113327
2661  1427.628922  1532.866676  19.450617  0.108000  0.831918  0.162791
2662  1793.645954  689.874376  20.616651  0.151068  1.787231  0.094130
2663  1239.648499  1547.057477  19.394424  0.163516  1.144174  0.093933
2664  779.710177  86.548073  19.679423  0.134529  1.301389  0.152702
2666  511.357901  1021.778210  20.084123  0.118699  1.665520  0.121232
2667  1987.608260  1459.460344  20.204453  0.095420  1.624129  0.107721
2668  1795.439862  1623.445781  17.434792  0.072254  -0.150768  0.096535
2670  596.017003  948.214712  19.895842  0.143079  1.802092  0.158562
2671  1914.255439  1237.723598  19.483248  0.155106  1.805559  0.128798
2672  1085.730860  431.053000  19.779814  0.199985  1.444097  0.079375
2673  693.826610  1364.192797  19.453288  0.099438  1.425538  0.128674
2674  634.597455  57.821392  19.613248  0.090786  1.555951  0.085036
2676  1868.653110  1522.529613  20.306338  0.091686  1.548548  0.170937
2677  1614.355639  776.166568  19.476847  0.154610  1.057137  0.100893
2678  1866.445079  26.216765  19.934389  0.173761  1.564680  0.120090
2679  1781.572067  303.631717  20.504054  0.142558  1.849237  0.135481
2680  173.930427  460.111882  18.190912  0.054917  0.635979  0.062683
2681  1966.688963  1918.645647  20.302551  0.148347  1.415215  0.143971
2682  1419.443564  36.980883  19.411773  0.163525  1.932789  0.073577
2683  1157.078904  442.814512  18.995647  0.125219  1.253188  0.100705
2684  1575.263928  1172.649920  19.881505  0.087917  2.340401  0.099401
2685  1687.742672  1184.045893  19.508625  0.104047  1.141377  0.109256
2686  665.800500  1666.317882  19.471835  0.109769  1.927057  0.100277
2687  1572.234010  1440.369023  19.778327  0.119766  1.618622  0.174583
2688  1862.834992  1195.162843  19.180949  0.075519  1.093841  0.063162
2689  1673.001658  1568.956150  19.456713  0.093787  2.251176  0.105182
2690  1052.408186  174.491564  18.769701  0.103866  0.865703  0.077835
2691  515.566150  669.633046  19.839565  0.151236  1.352084  0.129264
2692  528.522594  1901.850732  20.074856  0.106549  1.560458  0.175810
2693  812.036107  1451.221886  21.093203  0.369012  2.130488  0.202270
2695  1539.818088  559.604493  19.549688  0.095268  1.084169  0.093520
2696  763.611981  207.999990  20.735127  0.281918  2.230756  0.104380
2699  124.200718  1796.734737  20.221767  0.105518  1.338270  0.099431
2700  58.993983  915.960618  19.664680  0.085362  1.065775  0.093611
2701  973.616910  1992.143719  20.214569  0.333625  2.698545  0.169728
2702  698.227537  1163.263705  19.753788  0.151812  1.218730  0.150749
2704  834.408466  800.301565  20.100212  0.233681  1.318884  0.141747
2706  1320.940147  396.177788  20.282613  0.152030  2.911596  0.102623
2707  879.223374  1832.572314  19.867097  0.145928  1.155471  0.137430
2708  1109.834508  515.387239  20.241964  0.279268  1.418507  0.184208
2710  7.964299  379.802999  20.591954  0.207725  1.053727  0.183733
2712  905.093050  610.044563  20.194985  0.105292  1.184573  0.125595
2713  1144.812512  414.681131  19.036913  0.071294  0.457689  0.085678
2714  488.187008  641.300851  19.973220  0.103856  1.032170  0.157116
2717  160.206843  737.921324  18.611256  0.145083  0.370470  0.058279
2718  152.691705  1235.545551  20.254112  0.189947  1.439170  0.144265
2719  631.034817  1688.258303  20.314943  0.113762  1.709408  0.146667
2720  1326.487806  152.582255  18.354734  0.121027  0.309735  0.089227
2721  718.489229  1964.789390  19.810077  0.075604  1.159742  0.085086
2722  576.270650  1469.865000  20.609178  0.097261  2.127454  0.192422
2723  777.850836  1221.254385  20.347184  0.114991  1.658094  0.195183
2724  142.306390  1245.209717  19.217762  0.119649  0.869771  0.121758
2725  389.266970  1832.869271  19.714868  0.206115  1.326483  0.104025
2726  1819.701418  479.585349  19.542993  0.149505  0.645507  0.146805
2728  833.706676  1229.512538  20.454215  0.194308  2.008780  0.087618
2730  1591.203129  1888.058268  18.283496  0.083223  0.435558  0.099073
2733  1906.621260  1254.884900  20.200208  0.113363  1.109359  0.079986
2734  122.488870  1496.188908  18.777730  0.096239  0.468684  0.095546
2735  896.502193  1602.445013  20.048674  0.146809  1.254638  0.103643
2737  1280.719440  402.461809  18.792423  0.098717  0.774124  0.146904
2738  1440.857062  647.496115  19.312334  0.078772  0.656762  0.098478
2740  1837.018609  390.892494  20.482461  0.177655  1.568999  0.160822
2741  1747.826785  1613.349075  21.098813  0.126853  2.092612  0.215473
2742  2037.649695  865.346856  19.895385  0.138130  1.503185  0.088999
2743  259.056044  1028.242537  19.994581  0.106191  1.497873  0.112773
2744  712.237397  1788.250959  20.008002  0.183209  1.322201  0.102106
2745  712.134804  818.018669  20.471083  0.190109  1.891148  0.171384
2747  2021.535704  1540.657030  20.463100  0.185774  1.392204  0.167508
2748  1334.175263  754.921336  19.835543  0.090253  1.336255  0.208793
2749  1342.024964  622.183240  20.503789  0.098538  0.910720  0.212925
2750  1330.954188  58.709400  19.841107  0.118054  1.192914  0.129400
2751  552.456319  1285.054044  20.448633  0.193919  1.256555  0.254643
2753  265.342992  303.713941  20.503770  0.122347  1.959565  0.228401
2754  517.677625  1724.460262  18.761423  0.093973  0.556798  0.060171
2755  842.290883  2000.677581  19.884573  0.153694  1.387288  0.190614
2756  239.790967  1323.775701  17.926167  0.051381  -0.196674  0.096027
2757  227.635115  1827.048273  19.144883  0.060119  0.526886  0.098748
2758  1749.160350  273.152756  19.952661  0.199969  0.949641  0.180247
2759  349.300241  1796.436996  19.687238  0.154130  1.031001  0.099009
2760  759.443562  1484.001299  20.099913  0.114947  1.244860  0.144123
2761  698.889868  352.297444  20.245141  0.315958  2.020261  0.163285
2762  1764.176609  1283.910411  19.828109  0.086260  2.384354  0.116021
2763  458.403220  46.233666  20.204776  0.139567  1.147305  0.165109
2766  426.825360  1562.333101  20.100522  0.078854  1.673787  0.157752
2767  1926.789523  1530.302155  20.541025  0.100825  1.437281  0.124740
2768  964.918679  262.555786  18.925038  0.127060  0.725586  0.121141
2769  402.090622  1635.401773  20.563148  0.175513  1.339333  0.110110
2772  2040.751429  1228.354303  19.834577  0.142603  0.766475  0.087387
2774  1417.320725  538.121278  18.757912  0.051817  0.580355  0.085834
2775  1407.507842  1584.376384  20.264001  0.112077  1.592009  0.218605
2777  1097.942489  1692.716102  19.321113  0.066000  0.642643  0.083951
2778  852.714930  1895.922762  18.040967  0.087909  0.071212  0.054835
2779  1332.459626  529.546636  20.730859  0.257473  1.346695  0.138660
2780  928.282970  877.484217  20.051562  0.113553  1.359464  0.128617
2781  1568.603857  87.915784  20.368282  0.239287  1.490476  0.124105
2783  1679.806588  145.412045  20.050342  0.077618  1.109508  0.176859
2784  1147.907193  107.397306  20.190693  0.081037  1.019071  0.134347
2785  1142.768130  1526.520118  20.134286  0.109552  1.190143  0.078543
2786  1342.511867  1109.718505  20.470991  0.234814  1.409518  0.190981
2787  779.065742  1126.496756  20.452477  0.106391  1.416985  0.161572
2789  1679.326492  1626.116817  19.638933  0.105635  1.298415  0.176356
2790  547.681962  1333.409771  19.678856  0.133202  1.064233  0.248778
2792  1083.091080  1442.404413  19.608534  0.098540  0.881103  0.070130
2793  1108.929608  900.067118  20.050980  0.142887  2.037574  0.198206
2794  1011.759599  842.791410  19.762299  0.134120  1.330970  0.151819
2796  1564.647423  426.447049  20.762621  0.114833  1.491187  0.125926
2798  768.704572  1354.901968  20.084211  0.083646  1.583452  0.180360
2799  1086.883777  5.664054  20.297493  0.088811  1.436404  0.141027
2801  447.468070  1.634766  19.093413  0.142666  0.806153  0.074336
2805  178.942134  1906.371498  20.087012  0.096581  1.304865  0.158853
2807  187.896879  2033.371409  20.585955  0.100496  1.386286  0.144788
2808  434.680930  1295.721898  18.984260  0.061140  0.628767  0.063349
2809  356.682916  743.143348  19.983416  0.146644  1.372101  0.102531
2810  1744.726572  1263.625041  19.569734  0.089665  0.890629  0.094650
2811  1445.028341  1881.578725  19.606741  0.070759  0.857352  0.110085
2812  822.344971  568.752476  20.410025  0.236201  2.482714  0.167082
2813  400.623849  1256.054399  19.904540  0.081535  1.112068  0.173726
2814  283.374736  1266.664675  19.896746  0.123650  0.998118  0.132660
2815  898.604322  553.621119  19.361599  0.087037  0.757074  0.221712
2819  340.213278  503.801933  20.578607  0.098565  1.524585  0.099452
2820  1518.441602  141.285460  20.321296  0.116667  1.084820  0.117352
2822  1688.182333  1458.378269  18.527126  0.058943  0.185418  0.073200
2824  1823.809107  1531.727623  20.837830  0.202482  1.786729  0.198723
2825  777.499491  349.642171  20.703681  0.194448  1.577033  0.209008
2827  1399.674732  1588.488490  20.295017  0.197401  0.919137  0.086454
2828  221.585093  353.328902  19.288279  0.100702  0.825599  0.154819
2829  109.030727  1531.393680  20.470484  0.226468  2.305073  0.147374
2830  1226.373167  614.703049  20.052321  0.150926  1.635867  0.253324
2831  1325.849177  49.708789  17.477603  0.044475  -0.322869  0.074660
2832  1661.344391  1046.995172  20.264691  0.191863  1.447131  0.097394
2833  1386.757911  887.775597  20.034903  0.167062  1.495105  0.105746
2837  1993.402457  1268.447741  20.138530  0.140540  1.482560  0.103606
2838  1641.604416  786.609347  20.181139  0.079091  1.206985  0.276727
2839  914.981570  612.492457  20.770602  0.133530  1.625240  0.094409
2841  1505.830999  538.542293  19.932780  0.095785  1.305905  0.186948
2842  117.167209  844.504759  20.235319  0.324817  2.054292  0.113290
2843  1806.887803  1649.749487  20.522310  0.194231  2.178478  0.140774
2844  1223.428042  148.502715  20.106258  0.101101  1.231126  0.286581
2845  1142.134708  1063.506470  18.288061  0.106175  0.280192  0.147583
2847  359.034339  658.824701  20.183164  0.092982  1.487641  0.079678
2850  1439.567137  349.139523  20.602774  0.259190  1.661221  0.110320
2852  1911.961060  1015.062247  19.889662  0.153758  1.003344  0.135386
2853  1220.103883  982.265550  20.120873  0.120344  1.536432  0.164434
2854  686.069440  1258.221130  20.497108  0.104655  1.692368  0.121090
2855  714.011802  586.785297  20.300897  0.106790  1.397713  0.136925
2857  657.642508  75.766592  20.589574  0.136276  1.613509  0.119641
2859  1028.193694  489.906088  20.153973  0.183347  1.323919  0.108203
2860  4.839550  916.308854  20.475102  0.131882  1.545243  0.173551
2861  1367.238494  344.633335  18.580580  0.057166  0.450196  0.057398
2863  2014.568359  1683.508847  20.341618  0.316401  1.547089  0.242589
2864  167.313175  2008.741536  20.277528  0.137121  1.442321  0.201040
2865  1081.060259  1579.975550  20.274396  0.174054  1.694635  0.098809
2866  1838.760327  1892.657940  19.608029  0.101507  1.046433  0.068790
2867  559.005112  325.776006  20.247885  0.149525  1.323485  0.118800
2868  1021.187111  1943.353636  20.464819  0.104564  1.571306  0.091801
2869  1171.518159  1512.463218  20.804543  0.127908  1.822442  0.162965
2872  1787.781651  1199.451611  20.102033  0.095400  1.349315  0.079598
2873  1900.718322  1406.699190  20.691483  0.101397  1.503573  0.126788
2874  1599.821148  1760.388621  18.181287  0.110514  0.250521  0.082869
2875  497.856718  29.369152  19.936549  0.098225  1.157653  0.122699
2876  321.103459  159.022985  19.740710  0.148518  1.324079  0.121178
2880  1763.941342  882.599597  19.981866  0.093414  1.832558  0.135330
2881  671.563128  500.803613  19.424878  0.162537  0.868896  0.063142
2882  22.056647  1019.309964  20.887461  0.149917  1.382710  0.109652
2884  1044.496082  120.963436  20.302092  0.179090  1.397402  0.118626
2886  1140.750892  1892.515536  20.375242  0.117022  1.249204  0.094757
2888  1310.170313  774.557632  20.371043  0.188832  1.443964  0.082098
2891  1161.559563  1533.459800  19.959601  0.111240  1.265087  0.097012
2892  1404.391396  1305.021720  20.092563  0.091197  1.448463  0.149922
2893  1384.630917  1633.581751  19.756507  0.158278  1.150847  0.088616
2894  1154.488485  495.691219  20.596808  0.098197  2.300811  0.104799
2895  463.930573  1621.438362  20.509673  0.135512  1.339950  0.238190
2896  653.245660  148.787292  17.988804  0.051911  -0.071997  0.054237
2898  1260.311607  503.067183  18.225867  0.077969  0.156192  0.090458
2900  939.764913  1100.511128  20.201144  0.150914  1.296252  0.119637
2901  1903.609424  1525.350055  19.991706  0.093113  1.082813  0.120305
2902  540.771543  1990.188605  20.524601  0.125796  1.283048  0.089802
2904  1704.756685  1187.694876  19.889176  0.100644  1.156314  0.150128
2905  1125.447927  975.775219  20.769351  0.284369  1.982833  0.383699
2906  1075.816058  5.486326  20.564046  0.237486  1.195238  0.111946
2908  1220.903041  1811.724423  19.385417  0.201139  0.658863  0.178041
2910  720.316061  1221.182402  19.998908  0.106811  1.126952  0.124240
2911  1102.235715  411.959422  20.303649  0.096377  1.745096  0.158466
2912  302.365891  1606.845318  19.947396  0.132466  1.378901  0.113108
2913  1212.823748  1465.776938  20.189040  0.122171  1.334658  0.104335
2915  207.446829  947.022894  19.666072  0.068219  1.125592  0.114085
2916  1508.664382  1941.078466  17.090302  0.040599  -0.394574  0.047510
2917  1375.491354  701.007020  19.895127  0.132370  1.258708  0.120445
2918  793.878372  2021.526751  19.728256  0.162679  1.691244  0.215826
2920  1641.905987  1976.987983  19.139203  0.105526  0.717647  0.131922
2922  694.899998  23.330101  19.185219  0.092196  0.354723  0.088608
2923  1301.871926  595.649766  19.501695  0.093431  0.360159  0.108846
2924  632.079085  1836.643025  20.822450  0.156666  1.206180  0.316447
2928  970.370921  1222.829647  20.056807  0.124269  0.848217  0.107392
2930  320.898771  361.358926  20.275277  0.241453  1.450334  0.314460
2932  1698.902062  968.166889  20.519879  0.129948  1.128129  0.193673
2934  1209.310444  814.878794  20.276918  0.193499  1.087293  0.236169
2937  158.306894  751.147555  19.852890  0.119470  0.827396  0.094642
2939  1574.710098  1159.853994  20.599517  0.475399  1.836265  0.181655
2954  1765.618135  923.775934  20.675032  0.108444  1.630982  0.109284
2958  1086.239266  837.376300  19.918276  0.079430  0.675257  0.087450
2959  507.392423  958.902942  18.073424  0.053751  -0.180253  0.050264
2960  1937.294049  1082.344371  20.576648  0.204646  1.368932  0.146057
2961  1417.569427  1524.102166  20.877896  0.422325  1.521802  0.136027
2964  978.110876  507.243773  20.547649  0.180319  1.031192  0.156036
2965  30.501762  1305.407152  19.736343  0.086293  0.454055  0.101163
2967  950.568802  1961.901221  19.055617  0.079402  0.568094  0.076958
2970  701.931993  151.624182  19.898530  0.136337  0.792399  0.075334
2971  974.109671  939.678474  20.794989  0.277074  1.286483  0.142819
2972  1406.963211  933.872345  19.776744  0.092706  1.021511  0.120357
2973  1495.650454  1031.596088  18.413056  0.172694  -0.029571  0.072073
2977  299.152459  1606.379782  20.716743  0.167666  1.411099  0.207830
2978  1235.049845  1068.863746  20.790433  0.351532  1.353122  0.117959
2979  1144.418173  522.707700  19.585819  0.155225  0.671210  0.226851
2984  467.458182  35.197354  21.148020  0.155309  2.133751  0.222805
2986  2005.592730  1148.497825  20.822372  0.158916  1.306323  0.210571
2987  1352.472338  622.653040  19.798419  0.110480  0.646168  0.090091
2991  69.748068  225.600164  20.404772  0.203861  1.199278  0.109074
2997  1087.715559  1200.140815  20.517471  0.093294  1.396898  0.133124
21000  1491.431485  417.205258  20.973646  0.268364  1.703646  0.168920
21003  1297.022223  576.860692  20.350859  0.317337  2.445096  0.260717
21005  931.130617  1410.557864  20.695400  0.163676  1.593517  0.154404
21009  1524.674417  425.930389  20.872701  0.144209  1.435676  0.140399
21015  648.748055  1889.784595  20.065472  0.162854  0.802046  0.248690
21017  1668.958710  237.927096  20.153293  0.144309  0.776738  0.170162
21018  1065.876677  1941.157138  20.527102  0.091737  1.110858  0.111544
21019  599.394445  1616.301044  19.612185  0.082808  0.687036  0.095498
21020  1422.783504  1098.710262  20.431553  0.269266  1.273143  0.106993
21022  646.804324  596.009642  20.431759  0.089651  1.027842  0.099404
21024  1417.410919  1268.456225  19.319033  0.116579  0.497689  0.073834
21025  1460.376840  1929.104380  20.643706  0.175987  1.386468  0.171677
21026  1464.597850  904.525998  19.668840  0.219260  0.775533  0.114352
21027  910.779159  1758.605963  18.683007  0.066867  0.210192  0.061801
21029  18.171069  1227.909373  20.722478  0.155589  1.309120  0.180444
21030  373.689587  1659.471224  18.206477  0.053609  0.076532  0.083432
21031  686.992139  691.428885  20.116550  0.252262  1.133647  0.195653
21034  106.800694  280.584307  20.586021  0.135307  1.640875  0.093986
21038  1292.349755  458.181911  18.191521  0.064953  -0.105154  0.099343
21042  1850.526562  1953.204432  19.390333  0.141883  0.508823  0.107629
21043  1140.800714  121.313792  19.988729  0.146342  0.743368  0.093297
21044  1013.418934  1909.020974  20.908656  0.147919  1.564364  0.356568
21049  178.717834  906.517660  20.302243  0.132153  0.977790  0.191009
21050  1353.703916  1789.437693  21.090141  0.140078  1.488145  0.194151
21052  1319.263770  1232.668516  21.061262  0.131081  1.221484  0.175428
21053  818.136829  617.501553  19.280765  0.072999  0.079674  0.154582
21055  731.219975  1690.327631  19.638521  0.079395  0.830261  0.112178
21056  1340.130543  695.137050  20.775863  0.321756  1.290938  0.132272
21058  871.386220  1860.712386  20.346390  0.109444  1.019699  0.117592
21060  923.329287  1855.472787  20.794958  0.144358  1.612722  0.161837
21062  117.343870  1249.319157  20.173949  0.177966  0.490055  0.226997
21066  892.446915  790.594186  20.516383  0.103080  1.260069  0.166675
21071  862.179998  476.953396  20.530728  0.123709  1.391009  0.092886
21074  1447.051303  451.621101  18.097796  0.063381  -0.057047  0.072589
21075  1086.227222  664.865898  19.120237  0.058920  0.291233  0.089486
21076  1522.371604  351.001453  18.460059  0.068090  0.140244  0.093219
21077  1723.621009  838.313273  20.402949  0.272748  1.573352  0.219467
21080  1831.301503  1338.127018  20.872919  0.112536  1.778453  0.144470
21083  1556.079070  1134.796785  20.281095  0.152932  1.449544  0.143577
21091  472.114627  220.441684  18.982919  0.073050  0.192420  0.128001
21093  1064.243996  1647.342815  18.886900  0.206848  0.340843  0.119257
21096  632.769921  839.577034  18.689994  0.141304  -0.167523  0.126155
21101  425.496094  594.370479  19.201564  0.161143  0.437194  0.112652
21106  1613.862310  1795.857645  20.454698  0.167797  0.999233  0.124331
21107  1432.565160  116.272263  20.521922  0.142189  1.669562  0.179878
21113  385.318871  634.089038  21.197919  0.234736  2.914439  0.156638
21115  4.628873  1387.555065  20.655779  0.219270  1.554342  0.191470
21123  256.793292  1245.944316  20.230361  0.092450  1.100796  0.125621
21124  1803.557104  549.094637  20.772689  0.284012  1.918806  0.324989
21125  328.245214  580.498991  20.725470  0.100111  1.838019  0.152326
21130  832.655871  285.902162  18.821882  0.082801  0.572068  0.125220
21132  1986.878259  916.354177  20.580639  0.274407  1.927374  0.238935
21133  1519.738053  637.148237  19.321165  0.086625  0.534000  0.087641
21135  321.190612  1896.497607  19.837034  0.196883  0.867585  0.173098
21137  1261.281756  352.208498  20.801079  0.222831  1.910189  0.218634
21139  712.523391  1002.816373  20.740770  0.222972  1.444779  0.095879
21142  1446.719479  1089.711787  21.041426  0.216533  1.592305  0.197939
21143  780.881788  1848.341284  19.085212  0.071494  0.376846  0.096014
21148  1493.861073  2019.908162  18.221390  0.087896  -0.169884  0.047003
21149  756.530375  871.606008  20.680828  0.185152  1.390135  0.136595
21150  182.893575  1794.911952  20.804632  0.146720  1.260842  0.128525
21152  752.349850  1058.849329  19.339248  0.191316  0.349612  0.085616
21153  1515.030760  1763.265138  19.333832  0.139357  0.679420  0.112671
21154  1383.525928  524.485432  20.984650  0.135618  1.604481  0.165387
21159  1715.648859  853.687920  19.515288  0.128767  0.339148  0.160934
21164  1481.170708  1023.896680  20.605800  0.090775  1.444232  0.219911
21168  1434.703476  1380.798055  19.682171  0.252216  0.810756  0.086451
21170  244.258169  377.323438  21.120528  0.141401  1.933609  0.288134
21173  1046.578476  715.051777  20.928418  0.195921  1.544942  0.177848
21177  1967.896420  1152.363979  21.033859  0.160926  2.749276  0.113025
21178  1139.812725  448.425677  20.922096  0.388065  1.291073  0.209724
21181  1857.385918  1822.725090  20.877085  0.141290  2.086731  0.104651
21186  774.998313  900.097927  20.765889  0.168100  1.475588  0.240710
21187  808.883844  1772.295238  20.720034  0.127188  1.297969  0.195374
21190  1405.121178  226.848371  21.181726  0.383629  1.924516  0.173601
21191  911.276471  970.003144  20.968682  0.229499  1.892955  0.116952
21196  1071.312203  1267.485119  20.277919  0.092362  1.321532  0.131513
21201  1389.141252  1999.802990  20.795716  0.113351  1.257808  0.169728
21203  1945.690187  1584.427598  20.861325  0.159958  1.411280  0.122453
21204  1595.876844  1444.625139  20.984030  0.137120  1.523746  0.099124
21205  495.862112  2019.051884  20.780358  0.164279  2.410983  0.189534
21211  1997.221395  1900.993347  19.094342  0.058648  0.387528  0.062472
21212  305.779722  468.495581  20.950617  0.132805  1.315835  0.172027
21218  112.668629  1325.404162  20.212196  0.205510  0.656697  0.192813
21220  1341.446565  1350.357057  20.286695  0.140987  0.833193  0.120198
21223  2003.867331  458.109413  19.338716  0.138965  -0.011620  0.072774
21232  919.702806  1309.881396  20.691783  0.227059  2.241042  0.267671
21235  1290.733987  1504.810232  21.128961  0.148151  1.383583  0.198483
21245  661.167380  1023.637057  20.334578  0.125960  0.672449  0.087703
21248  1775.280231  874.642165  19.072452  0.064414  0.050503  0.070025
21253  161.275081  1707.062431  19.590030  0.127166  0.322102  0.121653
21254  1968.000842  1634.015899  20.640510  0.098188  0.718794  0.212808
21255  1390.941059  1060.036199  21.197724  0.234029  1.950307  0.255634
21258  293.309828  1738.779995  21.302245  0.331954  1.276830  0.281510
21259  593.579488  758.600033  20.492657  0.179508  1.523228  0.259187
21274  889.202332  1308.552417  20.290551  0.125925  0.907116  0.107196
21281  492.263717  1749.064986  21.394298  0.215359  1.982844  0.175096
21282  284.645955  583.240227  19.818635  0.125914  0.434824  0.157225
21284  1049.540647  1380.239502  19.838766  0.164658  0.435581  0.124850
21287  2007.604155  1149.754003  19.324092  0.069680  0.281390  0.134119
21293  33.157122  25.888631  21.587590  0.146046  1.405765  0.170547
21299  1389.832621  1170.301489  19.567367  0.168268  0.214480  0.118405
21307  1913.839279  166.948437  18.986851  0.060157  -0.099967  0.057174
21311  1198.721281  1089.330688  19.604543  0.186369  0.457978  0.075958
21312  1635.385942  1053.418916  21.669648  0.177586  1.499101  0.309760
21317  495.418797  1078.089411  19.965743  0.174847  0.773180  0.086261
21327  1706.760995  459.381700  19.931196  0.154060  0.633075  0.124593
21338  1398.041164  17.951516  19.037274  0.155108  -0.015767  0.056897
21340  284.081767  552.263769  20.147277  0.192622  0.782773  0.185926
21342  420.490489  607.140249  19.548935  0.127721  0.477198  0.131392
21344  1117.972986  587.853287  20.549985  0.220526  0.677572  0.109211
21350  821.588730  705.150290  20.679021  0.249099  0.951391  0.132964
21351  700.741523  182.066707  20.443210  0.126004  0.550492  0.100049
21352  138.747467  277.054835  19.970347  0.114872  0.652683  0.109273
21355  517.126129  587.369963  20.926847  0.105674  1.184828  0.102299
21360  262.755511  1930.718084  20.464249  0.151965  1.015516  0.207307
21361  390.278529  1391.289076  20.712154  0.202853  1.093318  0.222989
21364  938.718312  1999.386976  19.339950  0.063148  0.220142  0.089038
21375  634.844329  569.865118  20.057487  0.120586  0.790035  0.118465
21376  386.097587  1635.817541  20.912065  0.267691  1.452802  0.264185
21377  653.137678  1530.166077  20.118517  0.102918  0.584817  0.127609
21384  1307.185699  838.844236  20.123675  0.179113  0.696609  0.131687
21388  575.927006  290.856965  20.962695  0.180235  1.029087  0.119923
21400  1690.610704  1520.546596  18.810963  0.195011  -0.247223  0.126163
21404  824.639961  478.117454  20.345649  0.096270  1.061708  0.276381
21405  1994.249833  1552.525196  19.982094  0.142957  0.887512  0.114549
21415  1464.250355  1369.647035  20.564386  0.229924  1.239959  0.193048
21424  264.820931  1698.783264  20.276554  0.097207  0.565996  0.092715
21440  1545.397190  1970.955703  20.101909  0.098384  0.801323  0.201173
21441  705.182471  1945.171334  20.021765  0.247468  0.862243  0.094059
21452  1550.029126  318.611191  19.635958  0.188269  0.064204  0.060840
21456  1223.078644  1952.508124  18.817662  0.069905  -0.111718  0.095098
21475  900.432807  890.919106  20.830049  0.153267  1.070547  0.292050
21476  950.786840  948.682455  20.965251  0.221670  0.797777  0.247777
21478  910.824922  836.484447  20.219013  0.222033  0.925014  0.115889
21479  63.263812  77.041509  20.384457  0.182388  0.471421  0.106158
21482  1931.469543  1627.206903  19.553608  0.140805  0.312147  0.198714
21483  1744.916875  246.068109  21.315499  0.141664  1.403214  0.225657
21486  137.894260  688.670867  19.007409  0.053369  -0.228924  0.136450
21490  11.627830  1891.356634  20.290532  0.137119  0.760362  0.156820
21506  702.468498  1951.564410  19.609564  0.189432  0.285457  0.085137
21510  761.910189  1584.950134  18.695269  0.102018  -0.114720  0.072121
21511  2019.008314  517.018408  19.323934  0.067466  0.270228  0.122649
21513  1277.123150  1392.234094  19.175900  0.077650  0.030055  0.060354
21514  1040.216025  940.616415  20.642066  0.103749  1.071221  0.169210
21518  1323.702009  1983.090946  20.333022  0.118274  0.959648  0.123812
21521  1098.349062  134.223499  20.283793  0.186026  0.701927  0.106299
21527  777.609728  1579.210590  19.925355  0.087109  0.807218  0.105313
21534  0.614812  435.784952  19.926001  0.108982  0.547009  0.101186
21537  204.884334  623.096231  21.244833  0.238654  0.831196  0.272835
21538  459.246412  341.336850  21.186981  0.196373  0.890638  0.139269
21539  1131.155432  1344.882216  20.795914  0.115917  0.786906  0.121271
21542  165.938540  1063.955242  20.885240  0.146152  1.169349  0.164309
21543  20.508134  1504.800300  20.606755  0.175705  0.738393  0.110055
21551  1427.828203  625.646011  19.297272  0.214616  0.190679  0.076292
21554  1025.748210  199.626492  20.747903  0.196545  0.685144  0.112617
21556  1875.166825  1623.312781  20.448616  0.149272  0.557004  0.174015
21560  640.136032  1516.014814  20.818025  0.202073  0.983553  0.112428
21561  1243.376584  208.914454  19.870352  0.099532  0.229574  0.164102
21565  1874.651346  846.867427  20.772583  0.124938  0.789502  0.112549
21566  360.017984  1561.378708  20.609600  0.106656  0.338295  0.194059
21567  16.377976  167.228269  20.618711  0.145926  0.761914  0.104806
21571  880.866637  1284.528074  21.212917  0.240772  1.225383  0.228369
21573  1271.953079  81.587251  20.700093  0.151315  0.821146  0.126852
21574  1566.441049  1049.949876  19.835714  0.089643  0.147665  0.181147
21576  734.118011  441.527924  21.540394  0.226455  0.770375  0.395489
21579  1532.215485  1233.683688  21.029798  0.120699  1.041788  0.145331
21581  270.511388  1089.368887  19.866430  0.143398  0.305244  0.110168
21590  112.439363  1202.489866  20.221889  0.087801  0.513083  0.158526
21596  97.479542  1826.447215  20.241563  0.102411  0.411359  0.096613
21602  81.444239  1468.326458  20.688513  0.122554  0.623264  0.110560
21607  1025.957112  1950.989738  20.375914  0.162961  0.455641  0.121939
21610  29.283338  381.711557  20.329094  0.239695  0.821766  0.156893
21612  776.865701  130.860510  20.344288  0.173748  0.392030  0.119976
21614  1449.136679  476.574998  20.564197  0.263560  0.787270  0.157785
21616  670.485672  1312.356040  21.206310  0.192391  1.113155  0.274170
21624  924.509212  1418.045833  20.892386  0.128534  0.956336  0.173415
21626  234.089083  1454.213396  20.518681  0.087844  0.708620  0.128356
21633  1521.781291  1132.620209  20.269373  0.114851  0.366708  0.139799
21637  726.313002  227.145676  19.633391  0.227033  0.308747  0.092737
21638  703.730114  1656.805778  20.596379  0.179065  0.746739  0.162620
21640  122.009763  140.535815  19.885936  0.127311  0.168387  0.128058
21641  1809.769107  517.024721  19.880412  0.165707  0.025357  0.080223
21643  1161.583365  1701.039961  20.113507  0.189487  0.300929  0.101238
21645  1490.170795  1906.743511  19.517610  0.173320  0.050998  0.093243
21647  1336.253936  504.486715  19.872722  0.084149  0.169637  0.120622
21652  763.459357  1180.734570  20.758596  0.136433  0.676136  0.198986
21654  1679.484994  788.292760  20.642466  0.118469  0.340522  0.132316
21658  807.006277  82.823804  20.006086  0.124639  0.150246  0.206080
21660  644.876097  443.419876  20.420726  0.127683  0.129484  0.225604
21672  1852.295804  1039.743823  20.622751  0.133777  0.451232  0.121365
21678  1551.338274  1030.978102  21.324131  0.183422  1.091458  0.164612
21681  1490.277171  1348.566624  20.519423  0.185683  0.834209  0.157048
21689  882.737990  1067.623909  20.206865  0.216685  0.584494  0.159493
21708  749.136031  1173.375327  21.198754  0.156287  0.379041  0.312042
21718  16.430618  748.488863  20.881765  0.125517  0.718420  0.169417
21734  140.534026  284.258061  21.461612  0.316607  0.888373  0.286005
