# id  x  y  V  eV  BV  eBV
112  1125.118689  897.075118  20.842335  0.119666  1.337868  0.113608
114  1116.287406  930.967859  20.557066  0.146211  1.479292  0.288197
118  1067.045048  1121.625088  20.443274  0.197007  1.498636  0.104073
119  925.651661  1095.561196  20.385796  0.096931  1.360974  0.208833
120  1094.619341  1029.132124  20.108478  0.103367  1.479318  0.174960
121  1064.623616  1064.384799  20.345177  0.128003  1.618819  0.176498
122  968.049480  1106.629448  20.260360  0.137736  1.283603  0.167297
123  1015.580140  1029.490504  19.884925  0.131621  1.330376  0.162613
124  1056.305500  1014.667653  19.883041  0.113252  1.568158  0.228017
125  1129.300193  1061.954621  19.911163  0.106607  1.494605  0.139245
126  1131.564790  1057.140572  19.875131  0.092044  1.226298  0.131597
127  952.412099  1008.573788  19.662337  0.113289  1.435365  0.086085
128  993.914081  917.054669  19.489843  0.163814  1.208380  0.110251
129  915.858555  929.535980  19.456114  0.142351  1.268631  0.148825
130  966.056038  879.135416  19.479897  0.066342  1.302220  0.067087
131  1039.600742  1015.994307  19.334320  0.144780  1.329592  0.065825
132  976.388116  983.670292  19.169807  0.094355  1.274578  0.111045
133  1121.085768  1111.914803  19.230690  0.130938  1.298681  0.078468
134  977.884815  958.087762  18.785754  0.077388  1.262078  0.088827
135  1120.091873  982.244577  18.454352  0.115444  1.213846  0.051415
136  1015.153132  1097.225339  18.321546  0.082068  1.224774  0.092233
137  1133.321052  1027.739955  18.091504  0.114003  1.235661  0.062174
138  977.540813  1020.388147  17.738384  0.125247  1.205927  0.133306
139  1161.209590  991.336509  17.702423  0.100457  1.184465  0.085609
140  1075.837932  1210.872914  17.543631  0.111573  1.116102  0.060530
141  797.478851  970.811863  17.367203  0.085529  0.977753  0.060578
142  878.774620  1080.189604  16.684996  0.073863  0.899059  0.038442
143  960.464978  1086.179328  16.589939  0.044242  0.827465  0.035129
144  940.887962  926.748795  15.887115  0.053829  0.676879  0.053938
145  1106.009620  1034.812416  15.613382  0.044615  0.649760  0.046463
146  1022.634865  974.138634  15.151845  0.040936  0.566490  0.027454
147  1012.655596  992.038052  14.425441  0.032601  0.524454  0.040933
148  1096.903127  998.033654  13.883524  0.021780  0.392401  0.032739
149  1076.265513  1018.263982  13.252810  0.063056  0.359714  0.041424
150  950.307942  1090.484511  11.942232  0.044479  0.154565  0.036346
151  916.665610  1107.087892  19.273872  0.079104  1.239779  0.099112
20  1223.819552  1960.776855  12.133495  0.021673  2.906508  0.026741
21  1978.760859  1413.720351  10.154180  0.035232  1.429840  0.017837
22  31.531249  449.471172  12.966607  0.022523  2.895652  0.039752
23  345.161473  1404.434157  8.873223  0.021893  0.109360  0.016112
24  1972.985720  636.065466  8.399472  0.027436  -0.012897  0.042316
25  639.444851  390.582479  8.708501  0.042252  -0.056505  0.033516
26  2032.725451  1204.545051  10.057661  0.030010  0.650747  0.033598
27  186.186257  1021.464834  9.279425  0.034163  -0.008121  0.022510
28  999.750409  623.847860  9.394054  0.020136  0.086491  0.030857
29  1103.438117  1668.385828  14.845733  0.054372  3.230161  0.043933
210  975.146193  1732.212534  12.360558  0.022582  1.441309  0.033719
211  57.858216  1443.724215  10.676913  0.030319  0.538263  0.020598
212  1585.503822  615.783628  11.179743  0.017447  0.449028  0.027334
213  402.958778  1495.518464  11.245490  0.035348  0.810496  0.048865
214  99.387074  159.875797  10.555226  0.018720  -0.109273  0.026693
215  841.248870  211.506878  16.072952  0.033182  2.973145  0.059205
216  1563.315418  1071.552520  12.598197  0.024602  0.990581  0.040137
217  3.988137  190.430768  11.278478  0.027790  0.509142  0.045261
218  549.260271  147.434546  12.903711  0.040737  0.652627  0.057847
219  2028.844015  197.325033  11.526331  0.034824  0.089229  0.027593
220  807.901454  1346.355824  11.664380  0.023327  0.283743  0.036820
221  1820.796802  767.929102  12.626987  0.038566  0.533996  0.044980
222  675.578115  907.151720  18.218085  0.060241  3.866538  0.093669
223  1883.034621  516.040527  12.493664  0.019979  0.376364  0.019363
224  1674.428564  621.889939  16.037165  0.044541  2.523502  0.090239
225  1986.246267  816.279304  13.770168  0.034577  0.991462  0.063075
226  1409.672920  33.016965  15.048989  0.042262  1.641564  0.023574
227  1550.545781  1626.600472  13.245610  0.041625  0.848887  0.030720
228  813.394190  1913.174013  13.716098  0.031821  0.952886  0.021771
229  1.997633  457.879804  12.998733  0.020599  0.363518  0.021762
230  1034.872259  738.223434  13.324502  0.028859  0.367616  0.025891
231  1657.975659  1259.224715  12.904796  0.023423  0.282356  0.028168
232  1408.248158  1408.048199  12.838980  0.021845  0.093540  0.039453
233  126.332690  1744.310597  16.550150  0.049807  2.513202  0.062419
234  798.845954  1817.207218  15.267044  0.035559  1.689588  0.031736
235  132.283094  1108.069355  12.408288  0.025512  0.039681  0.034405
236  1863.618687  1721.078316  12.837534  0.020270  0.331078  0.022221
237  1857.745918  1965.570933  12.821655  0.030754  0.506486  0.046673
238  2021.624637  1384.850142  12.969958  0.028188  0.135307  0.042020
239  30.355146  1854.211215  15.604561  0.040933  1.634535  0.034318
240  75.476811  1558.367861  14.186321  0.041946  0.882276  0.026052
241  376.928276  1035.675100  13.339582  0.023193  0.211294  0.025194
242  1241.151179  1087.274858  13.839882  0.041662  0.345593  0.051762
243  1452.100180  67.206267  14.211979  0.031577  0.812859  0.024300
244  540.267500  1081.377091  14.026593  0.040807  0.460276  0.045600
245  519.118689  951.197890  14.796726  0.066278  1.211076  0.062611
246  1004.828311  526.802639  13.645556  0.025217  0.336497  0.029996
247  1831.452285  1168.930434  13.803214  0.028113  0.654152  0.062896
248  1633.885505  993.397950  12.953563  0.021390  0.115776  0.040270
249  1998.892688  591.646830  13.621011  0.035779  0.565546  0.029253
250  1186.310928  969.373496  13.913436  0.051060  0.597873  0.025924
251  709.670948  1607.467117  13.030435  0.033315  0.198158  0.034335
252  199.550764  170.341786  14.884311  0.036318  0.660367  0.042401
253  1874.837643  217.606380  18.891301  0.054002  3.169697  0.106542
254  1007.724268  287.283358  14.166672  0.039884  0.443834  0.037537
255  583.969420  561.771688  15.225980  0.029800  0.892663  0.040518
256  1602.911122  1819.930725  14.930949  0.023804  0.807933  0.026763
257  1997.768277  763.710803  19.379958  0.063468  3.067181  0.163275
258  608.395862  1531.822380  14.273239  0.044204  0.381657  0.061560
259  895.819448  1846.627778  14.495957  0.029922  0.557804  0.045114
260  572.270913  1580.132235  13.399412  0.019739  0.024138  0.022894
261  1783.544725  1405.414331  16.928657  0.036180  2.076996  0.035640
262  262.846456  409.544262  13.737096  0.028974  0.048442  0.042480
263  135.737181  695.400167  16.066666  0.038819  1.362620  0.055338
264  988.485657  1870.139972  13.983143  0.043432  0.422489  0.053575
265  486.920958  84.922588  15.203937  0.056928  1.033202  0.054816
266  488.362363  1322.038990  15.432395  0.055542  1.067048  0.036806
267  952.008345  706.489492  14.467206  0.035404  0.516048  0.023407
268  972.704482  1938.389931  14.321623  0.028971  0.578262  0.036669
269  1152.084973  637.372076  14.082018  0.033727  0.417685  0.042400
270  150.851976  1856.170050  16.699349  0.081897  1.812280  0.032207
271  460.532137  1547.543413  14.320952  0.063564  1.108739  0.066300
272  1043.335546  1485.019404  15.269169  0.024350  0.637800  0.054989
273  1143.509003  1781.474657  15.005831  0.069879  0.547857  0.027146
274  1367.578836  185.674223  18.799616  0.122166  2.833077  0.092478
275  1667.707424  1373.666419  17.671789  0.047656  2.147409  0.135666
276  903.686399  1040.460668  15.560369  0.032228  0.691521  0.027295
277  1055.355333  1741.241250  19.566260  0.083557  2.881500  0.096509
278  457.492487  1317.497605  17.753007  0.116765  2.172616  0.061518
279  1576.301910  502.453290  18.352698  0.091479  2.489125  0.101663
280  956.921186  369.611895  17.874327  0.065571  2.297997  0.080562
281  1636.199810  2008.946613  14.788352  0.024003  0.744560  0.045147
282  1350.957514  749.965430  16.072172  0.089077  1.063991  0.037894
283  1015.192227  147.148487  16.540623  0.073342  1.462688  0.031407
284  930.558187  908.422142  14.469130  0.030501  0.254407  0.055373
285  853.150658  615.737442  15.233715  0.053655  1.356299  0.024015
286  972.170842  368.232933  15.611759  0.073134  0.884623  0.043576
287  1697.513125  1967.480051  15.367887  0.026793  0.667684  0.052847
288  1812.594481  2042.083545  15.349447  0.044057  1.236026  0.058469
289  1789.213894  1611.503317  16.392365  0.052215  1.335601  0.032385
290  326.822352  488.353502  15.921377  0.027611  1.080620  0.091451
291  46.657125  1509.390496  16.438773  0.035759  1.279446  0.053986
292  1932.939433  103.465439  15.215378  0.052525  0.702828  0.044779
293  1433.569185  665.194496  15.147595  0.049605  1.163012  0.038450
294  495.942312  649.611394  18.366434  0.100084  2.401638  0.074577
295  1439.531433  793.859056  17.428385  0.070634  1.888822  0.075452
296  484.359853  36.931087  15.206744  0.029956  0.873833  0.044434
297  709.398608  754.842278  16.673275  0.052737  1.312687  0.032905
298  669.627897  709.990699  14.281208  0.025082  0.212388  0.044943
299  111.503398  579.069007  15.954023  0.038515  1.059287  0.052113
2100  1453.027709  1707.340508  14.645686  0.034007  0.140155  0.037551
2102  217.192762  1003.446497  15.710844  0.073125  0.870742  0.039036
2103  1534.170465  317.155018  17.918873  0.066834  1.814000  0.070128
2104  714.943287  1467.001701  16.786313  0.071876  1.170822  0.052486
2105  659.198055  1822.215618  15.822600  0.040909  0.845460  0.032657
2106  128.044731  1810.065718  15.650522  0.049349  0.866226  0.057812
2107  1776.967560  1306.600138  14.302403  0.037601  -0.227547  0.021383
2109  1799.935403  983.692000  15.625272  0.025670  0.680573  0.072409
2110  1703.652062  573.053593  16.840483  0.058081  1.347132  0.035871
2111  202.855313  1476.549763  17.338916  0.077048  1.770777  0.038316
2112  1190.184280  394.459890  18.523994  0.076367  2.169105  0.052381
2113  198.159006  964.352168  17.052060  0.047250  1.344338  0.086226
2114  1801.897636  1531.934355  15.439879  0.059182  0.535119  0.026965
2115  1207.952541  1248.556941  16.041989  0.055920  0.743954  0.041167
2116  1853.311862  629.585312  17.999507  0.085078  1.779226  0.044221
2117  922.972786  204.755673  15.462855  0.030215  0.607119  0.044507
2118  1263.276234  2030.871562  15.756369  0.038573  0.592726  0.109495
2119  216.002203  1944.675523  18.911955  0.101909  2.360503  0.083519
2120  508.259971  1388.545156  16.227502  0.033913  0.709877  0.041079
2121  190.608766  1117.625892  15.126662  0.047340  0.163752  0.045139
2122  1823.737757  1983.627533  18.147615  0.078799  1.879275  0.074168
2125  1826.149689  1298.641706  18.826568  0.112636  2.377314  0.075736
2126  197.982454  1191.979789  18.946945  0.142875  2.612715  0.130578
2127  1440.150650  511.338942  16.248540  0.048068  0.891329  0.041247
2128  302.602296  1130.208564  16.099975  0.046283  0.769611  0.045924
2129  1398.922798  561.276446  16.860197  0.059759  1.354173  0.043640
2130  1956.534193  1607.368912  15.927500  0.106550  0.720634  0.057419
2131  1184.904490  464.701558  16.155347  0.075680  1.281904  0.069883
2132  1634.182500  1533.032363  19.099573  0.084141  2.689744  0.080539
2133  204.728265  180.614480  16.213602  0.042464  0.904979  0.062790
2134  1525.080956  305.626632  16.908636  0.034537  1.307524  0.046234
2135  53.568605  616.659411  15.601268  0.061267  0.634915  0.025968
2136  591.796314  348.498305  17.908522  0.099588  1.912172  0.051417
2137  454.518092  977.956067  16.578072  0.035217  1.796778  0.034342
2138  1257.332534  1497.575772  17.641847  0.048823  1.625999  0.053883
2139  1809.858323  1058.698112  20.077976  0.126217  2.615063  0.137534
2140  895.798382  1147.309510  16.993786  0.034443  1.009505  0.033306
2141  1948.268422  568.994578  19.102634  0.244228  2.211071  0.121562
2142  1754.020172  1887.794501  15.671387  0.026352  0.335582  0.057843
2143  1708.277870  401.605812  19.081702  0.079820  2.111232  0.125095
2144  479.129100  86.274800  19.451503  0.144759  2.139630  0.096630
2145  75.597222  228.069354  19.526175  0.083489  2.402743  0.063286
2148  65.939196  1500.125936  16.422543  0.057793  0.710220  0.033722
2149  1397.914261  1453.586827  16.377558  0.046990  1.046601  0.055682
2150  1136.193031  1221.416661  17.302334  0.093917  1.363917  0.085702
2151  658.938997  1782.335000  17.531811  0.075739  1.371118  0.144452
2152  703.918367  331.969766  16.998472  0.043747  1.582629  0.051182
2153  1373.290308  552.491991  20.219104  0.104750  2.986181  0.091101
2154  2004.063396  1407.104917  19.008549  0.058698  2.411951  0.077079
2156  1484.338219  1974.649840  15.981048  0.036642  0.506633  0.046993
2159  1484.325649  1134.988985  16.345830  0.080569  0.942947  0.043658
2160  560.648190  188.772984  16.784706  0.056155  0.919924  0.061521
2161  295.362065  329.582795  16.709648  0.061682  0.899394  0.055855
2162  534.426805  1065.851151  15.388983  0.025400  0.073953  0.062285
2163  435.188047  1977.231718  16.514637  0.055393  0.657038  0.049493
2164  1575.365756  1359.375027  18.558745  0.086834  1.651326  0.071553
2166  1878.829352  911.474082  15.531664  0.027156  0.076073  0.038343
2167  1959.788347  863.157768  18.362204  0.082284  2.020857  0.060622
2168  70.787729  1041.392888  17.301272  0.045641  1.125356  0.042308
2169  1510.070924  600.313603  16.679157  0.080516  1.752807  0.073696
2170  442.575529  1840.122372  16.244531  0.051317  0.675570  0.049863
2172  341.686387  569.862599  17.301424  0.040969  1.013713  0.064705
2173  1282.635942  1915.747346  16.517820  0.043641  0.863809  0.035305
2174  1137.196205  2037.985193  15.218111  0.044255  -0.281822  0.061042
2175  1914.653965  1075.096466  16.151655  0.057124  0.417235  0.059404
2176  37.896652  1728.598424  17.293572  0.132970  1.434514  0.077743
2178  25.495070  208.159673  19.535269  0.109101  2.414831  0.131401
2179  1647.640898  2009.105958  16.425346  0.035256  0.774068  0.030836
2180  37.194874  340.028852  16.029007  0.031340  0.291934  0.067479
2181  1636.352438  1610.533641  17.287202  0.065392  1.167519  0.049958
2182  1190.745956  1387.318856  16.435535  0.033336  1.554785  0.079852
2183  717.059630  527.972277  18.524347  0.137346  1.984830  0.066604
2184  1600.273100  1086.189685  17.550742  0.039624  1.486767  0.039056
2185  1520.271535  582.764833  16.177599  0.066437  0.810606  0.069314
2186  81.394559  1833.217443  19.446892  0.069170  2.408923  0.113836
2187  712.792507  2047.042326  16.315346  0.046124  0.742912  0.029323
2188  154.395432  18.737024  17.966481  0.099397  1.566402  0.099105
2189  1727.809870  262.421194  16.416011  0.043809  0.726848  0.055198
2190  319.314125  1351.034556  16.316141  0.032996  0.606519  0.101636
2191  1369.725852  1369.734208  16.421291  0.031931  1.615172  0.077535
2192  1202.916110  1590.720046  20.081466  0.179827  2.629700  0.107744
2193  577.849594  1482.529374  17.889278  0.070896  1.297174  0.061956
2194  1421.402492  675.634034  18.852473  0.066816  1.803642  0.095250
2195  955.749834  729.762915  17.018500  0.040965  0.882656  0.084017
2196  666.952206  1777.732465  17.727792  0.056735  1.231581  0.053518
2197  1619.413706  1138.883738  18.405113  0.104915  1.363090  0.093997
2198  149.822582  1397.142326  17.697843  0.064776  1.036481  0.078381
2199  1656.672557  1699.985557  18.656214  0.062231  1.592300  0.072262
2200  1720.939198  1045.895381  16.653940  0.056005  0.472970  0.056234
2201  1937.894998  295.666603  20.207658  0.108177  2.456158  0.099803
2202  280.976198  1936.904707  17.196714  0.056926  0.985700  0.071770
2203  828.605453  593.910707  16.646822  0.051428  0.681389  0.030804
2204  1824.493066  928.191601  19.564541  0.204107  2.216228  0.110882
2205  442.184342  1345.616733  17.085838  0.036834  0.689807  0.065317
2206  1314.896511  758.604850  17.634583  0.048537  1.240114  0.052778
2207  918.904789  1204.604085  15.343058  0.045456  -0.269588  0.064030
2208  594.298282  1286.439636  17.537975  0.111807  0.926746  0.040545
2209  1532.584954  1352.186287  16.080229  0.066341  0.345924  0.031265
2210  1331.745408  923.170768  18.988195  0.102894  1.911029  0.065612
2211  838.227497  0.591891  16.905904  0.035342  0.926472  0.095804
2212  1799.648719  613.533086  16.957945  0.039891  0.625729  0.043121
2213  953.398988  1747.266088  17.333014  0.047891  1.051782  0.064752
2214  1790.698099  1901.332075  17.629447  0.083083  1.128910  0.038891
2215  1949.321860  1889.187725  17.225865  0.055190  1.045989  0.048529
2216  345.030960  253.080557  19.620958  0.092033  2.143217  0.080168
2217  1434.788282  1477.165486  19.256935  0.178418  2.169790  0.122225
2218  1689.367917  773.191661  17.058890  0.035548  0.817382  0.044072
2219  1898.144930  596.800510  18.881950  0.089911  1.886322  0.101276
2220  1652.099962  525.394911  17.054511  0.068878  0.874974  0.061515
2221  182.695789  608.458914  17.484085  0.058008  0.903160  0.053169
2222  1671.437941  1564.045894  15.467119  0.079238  -0.014372  0.068151
2223  843.349503  788.804160  19.268599  0.077322  2.132116  0.182818
2224  1794.290814  1276.679505  17.413177  0.086890  1.036263  0.055826
2225  1120.827475  281.357582  16.984433  0.082854  0.922849  0.042276
2226  1088.056671  181.382232  15.349244  0.031448  -0.136038  0.026930
2227  1401.535353  993.634398  16.871449  0.067358  0.723990  0.066777
2228  500.696941  815.396948  18.212572  0.053413  1.369676  0.061665
2229  1608.615594  1224.551436  17.251342  0.074829  1.142487  0.052255
2230  2026.415107  369.803962  17.812929  0.045887  1.095852  0.046598
2232  112.226370  869.199021  19.443423  0.063840  1.793677  0.107099
2233  838.274635  199.052732  20.168315  0.091195  2.461873  0.092930
2234  1319.042258  950.234218  18.058113  0.045795  1.260908  0.087243
2236  1996.219567  28.848725  16.815970  0.035860  0.685341  0.037508
2237  1352.771411  888.938951  16.456718  0.056562  0.621556  0.055077
2238  1382.489403  305.196219  15.789650  0.048971  0.255053  0.039872
2239  1655.030879  1126.779737  17.863212  0.076669  1.102245  0.084195
2240  989.072667  1056.725824  18.090250  0.086612  1.408052  0.090733
2241  1152.505248  303.602274  15.015028  0.051862  -0.357983  0.044327
2242  163.853915  687.652989  17.653279  0.042470  1.167349  0.122392
2243  25.659994  574.516871  19.602471  0.103955  2.555406  0.125887
2244  1224.830363  793.174146  16.670335  0.093481  0.839100  0.066874
2246  283.873219  1639.670605  18.789420  0.073805  1.510807  0.104324
2247  1854.139782  1962.746629  17.151433  0.069542  0.934418  0.077794
2248  175.088242  1805.466844  17.985721  0.075871  1.357532  0.080743
2249  966.676375  546.978541  16.896842  0.041944  0.660418  0.064538
2250  650.259114  784.989037  17.019247  0.098975  0.857406  0.050073
2251  1217.624402  1969.127926  19.319205  0.122909  2.068010  0.078615
2252  924.357858  1837.607341  15.204021  0.024975  -0.159493  0.024685
2253  929.418993  208.035991  16.994185  0.073795  1.035440  0.061033
2254  701.600300  235.865534  19.958578  0.102419  2.423266  0.130904
2255  1026.843191  1464.089570  18.016701  0.057918  1.349412  0.056801
2256  418.081018  1764.184866  18.224711  0.121397  1.582050  0.110002
2258  1664.931504  98.955911  17.120484  0.112262  0.901775  0.129974
2259  274.006475  1584.651613  17.221609  0.053188  0.904431  0.035814
2261  164.444485  497.196070  18.017029  0.122016  1.439440  0.073611
2262  304.172768  350.562943  17.443156  0.059940  0.646526  0.049419
2263  1411.236209  1167.393202  20.054724  0.136746  2.733848  0.247476
2264  1314.260399  1962.311262  16.488160  0.030350  0.129469  0.073287
2265  1306.575974  733.848666  19.834455  0.079772  1.965066  0.106101
2266  714.339815  1442.643936  18.953554  0.082436  1.623959  0.122559
2268  1661.158855  1466.680522  17.805757  0.069173  1.218055  0.101306
2269  1092.254864  1756.893582  18.203334  0.095409  1.300024  0.072284
2270  82.553623  125.424265  19.341780  0.134396  1.948421  0.143472
2272  1166.372533  1654.086782  17.452060  0.095629  0.603547  0.042386
2273  428.224572  1439.350857  19.261507  0.174468  1.839359  0.130613
2274  1771.083546  1717.077561  17.924038  0.064050  1.108035  0.097524
2276  1680.550573  227.855118  19.116123  0.107577  1.705382  0.113134
2277  1021.355837  206.836250  17.442840  0.074988  0.414461  0.068845
2278  1676.425971  581.659001  18.112699  0.052253  0.958194  0.050538
2279  1714.987817  1511.872653  17.320181  0.057933  0.397617  0.053918
2280  1480.430638  1939.245474  17.944322  0.052453  0.999715  0.104376
2282  617.841103  994.304521  16.309007  0.061427  -0.013607  0.029660
2283  895.106007  135.302704  19.057950  0.072986  1.796004  0.118706
2284  392.089794  656.555821  18.812973  0.100630  1.259243  0.077698
2286  1586.892140  617.756904  17.887108  0.064143  1.074917  0.053004
2287  1162.624460  144.620246  18.677048  0.056903  1.245045  0.076883
2288  1384.596215  303.073215  20.146505  0.121751  2.160835  0.127361
2289  415.036625  1189.736479  16.412421  0.073730  -0.099274  0.045027
2290  584.835131  1245.019855  19.733841  0.086876  1.788610  0.265140
2291  1502.873284  1736.399469  18.273315  0.134362  1.034356  0.078253
2292  1901.091848  315.348156  17.999636  0.105828  1.246404  0.067877
2293  1450.467991  27.914526  17.835527  0.072528  1.045156  0.061143
2294  2.367417  374.528149  19.991108  0.126716  1.956757  0.084178
2295  1930.509156  1836.289943  19.533876  0.074520  2.037820  0.118115
2296  1576.260523  1501.763849  18.582679  0.153337  1.386599  0.062957
2297  1745.883670  1947.537970  21.001324  0.109890  2.384242  0.334698
2298  1386.816572  371.283683  18.105884  0.099165  0.879786  0.070781
2299  230.556791  1881.123245  18.096225  0.055133  1.256395  0.077508
2300  1605.337899  718.211431  19.599521  0.132356  1.679133  0.075675
2301  236.452739  1174.883845  17.840763  0.074024  1.069326  0.116546
2303  1842.305299  277.174127  20.227652  0.139964  2.404749  0.088531
2304  1229.991987  1104.050151  17.316235  0.056643  0.716949  0.038790
2305  1998.770268  494.691401  20.472015  0.150365  2.254707  0.141682
2306  595.958086  882.697872  18.202799  0.071796  1.098940  0.072909
2307  1655.130329  1657.671170  16.186881  0.111240  0.077829  0.037087
2309  614.719074  657.769991  18.424100  0.066482  1.064206  0.048014
2310  332.443112  1130.187490  18.229895  0.068134  2.079661  0.050468
2311  1577.709164  1139.966248  17.834512  0.042460  0.722417  0.067807
2312  314.071605  465.032836  17.738413  0.072502  1.010131  0.083072
2313  161.326397  889.967331  18.355205  0.079682  1.393813  0.091565
2314  1457.551551  966.605984  18.972848  0.098030  1.547560  0.111429
2315  1063.508954  428.340261  19.506206  0.084380  1.829110  0.127417
2316  2028.144744  1246.259627  18.167370  0.052482  1.217979  0.052267
2317  1540.642755  1640.851982  19.774337  0.096725  2.014369  0.163474
2318  1171.387758  324.714711  18.237014  0.070027  1.110923  0.088704
2319  970.733770  1897.308915  18.522870  0.065618  1.498799  0.081520
2320  774.624179  507.205261  17.436454  0.087113  0.585836  0.045603
2322  1037.533005  1312.221096  17.434218  0.078243  0.676979  0.038627
2323  1367.294523  1688.171950  17.788829  0.062153  1.189698  0.066205
2324  1395.304750  1742.834503  17.901623  0.054565  1.035936  0.068574
2325  1580.195259  1153.606115  17.820069  0.076386  0.855358  0.099493
2326  795.141575  538.546639  20.596927  0.164667  2.346115  0.104789
2327  933.500403  1927.510953  18.583696  0.095292  1.734862  0.111880
2328  1064.678661  918.970204  18.721832  0.059656  1.267821  0.049473
2329  1786.004479  1991.574041  17.610355  0.050154  0.977099  0.057307
2330  1930.553038  1529.936270  16.999820  0.040304  0.226001  0.111533
2331  1380.203485  1920.246207  18.528785  0.066124  1.120861  0.091100
2332  1277.135362  831.675868  15.722994  0.051786  -0.489105  0.057050
2333  1535.181365  503.455484  19.254548  0.103401  1.388755  0.131140
2334  591.016388  1037.913888  19.442734  0.121095  1.812675  0.133661
2335  2010.330887  559.479500  20.608524  0.253942  2.606214  0.108524
2336  1041.522411  1860.081874  17.838848  0.072668  1.056833  0.074799
2337  135.331627  1711.457287  18.386283  0.075405  0.872603  0.115066
2338  18.605229  1079.478280  17.942394  0.074168  2.185457  0.074091
2339  1706.351565  115.032051  15.721811  0.027868  -0.400915  0.041000
2340  1040.731870  931.062294  18.869524  0.082872  1.498045  0.096128
2341  587.509645  1073.384371  17.007429  0.067821  0.491371  0.086652
2342  368.155024  1850.533318  15.986432  0.031377  -0.343709  0.067602
2343  1931.402540  1107.641455  16.650301  0.075124  0.228222  0.048841
2344  926.081553  918.972790  18.514186  0.080877  1.124206  0.074878
2345  1082.942700  758.655430  17.806917  0.043618  1.688978  0.039964
2346  1493.991439  362.019938  20.245328  0.190128  2.224166  0.087820
2347  1013.790157  1460.347642  19.467554  0.085192  1.812252  0.088264
2348  895.031894  1225.224555  20.267446  0.114190  2.187275  0.083289
2349  774.208612  790.846198  17.896999  0.053803  1.154881  0.043978
2350  1105.212169  1704.239396  18.970968  0.056935  1.176026  0.148467
2351  1265.755421  1799.952259  19.680077  0.093554  1.788788  0.091572
2352  758.419130  1375.498050  18.237140  0.080057  1.229527  0.085100
2353  208.215843  629.374576  18.112909  0.046977  1.429401  0.048912
2355  426.230169  302.769711  16.897435  0.045734  0.361282  0.061884
2356  1948.020834  556.794632  17.998261  0.057361  1.132006  0.041764
2357  1854.390152  1531.627802  19.607276  0.189483  1.961815  0.149509
2359  1534.434167  1575.813740  19.147232  0.078934  1.778819  0.168566
2360  777.253865  1107.393962  18.819041  0.089181  1.337750  0.058237
2361  568.300524  160.548771  20.064283  0.178886  2.004711  0.080214
2362  614.939981  1932.431657  18.196801  0.058793  1.185421  0.080837
2363  1489.580246  915.812458  18.369591  0.087176  2.500425  0.177577
2364  1734.912455  1102.759036  18.603387  0.074769  1.778564  0.097176
2365  95.616180  1518.829007  18.949081  0.081852  1.686966  0.110357
2366  1074.335382  312.836702  18.442336  0.127902  1.137429  0.102831
2367  1478.253129  1249.800949  18.438328  0.110690  1.459077  0.080918
2368  1655.694081  434.853460  18.930112  0.066361  0.974741  0.077532
2370  1953.640050  1062.488791  18.204621  0.073124  0.805003  0.066648
2371  1921.412743  171.771404  19.098460  0.062291  1.266965  0.127498
2373  336.279278  71.744919  18.802708  0.124125  1.329704  0.069466
2374  1752.671530  75.644019  18.711206  0.103945  1.014751  0.055400
2375  737.118435  1486.556729  18.470660  0.102052  1.180064  0.068888
2376  988.195806  413.301038  20.530383  0.235845  2.435317  0.155788
2377  2038.920891  568.266003  19.057330  0.101759  1.351839  0.065168
2378  1435.586177  1624.682911  17.249412  0.039687  0.306277  0.057083
2379  1335.573195  1511.944016  18.558572  0.064592  0.810849  0.049929
2380  645.216301  660.076140  18.287288  0.053120  0.810991  0.103008
2381  651.369713  199.832584  18.544562  0.108224  1.025488  0.108827
2382  445.062872  1008.254220  18.306160  0.086732  0.895375  0.049695
2383  1069.578588  1140.323041  18.945919  0.083894  0.987397  0.099037
2385  185.627566  625.194216  18.856253  0.123300  1.139530  0.125759
2386  999.981152  1534.161142  19.080990  0.113844  1.543416  0.120715
2388  1268.754288  950.397656  19.136749  0.071408  1.790190  0.151099
2389  1789.255392  565.449510  18.414477  0.128125  1.185192  0.119827
2390  492.112912  11.837828  19.554116  0.112073  1.702255  0.075326
2391  21.888510  1774.836034  20.217832  0.111342  1.981191  0.139846
2392  742.705471  1135.284765  18.910351  0.131288  1.069569  0.063440
2393  1010.122650  411.325057  16.712022  0.039693  -0.189224  0.040616
2394  1960.400587  2025.027525  16.788906  0.039273  -0.072465  0.041913
2395  859.864475  180.728312  18.209642  0.072474  0.915204  0.057254
2396  70.864594  634.322037  20.046438  0.083753  1.933748  0.213537
2397  1875.630473  1403.774405  17.084964  0.051919  0.202149  0.037560
2399  1950.846537  790.473424  18.652814  0.073443  1.026750  0.121636
2400  823.206710  867.237076  18.832065  0.102217  1.258394  0.100546
2401  1330.108503  1238.697042  18.625450  0.062004  0.840339  0.090307
2402  1264.090891  1345.552397  18.957833  0.082111  1.238256  0.079111
2403  1714.462075  416.933352  16.986097  0.054491  0.113891  0.037235
2404  191.738697  1654.768384  18.896938  0.071110  1.256250  0.069143
2405  1117.587070  1194.826727  19.041885  0.090809  1.354743  0.157860
2407  72.561606  450.743448  18.253239  0.066492  0.954340  0.068196
2408  1262.954215  660.175378  18.440021  0.052045  1.433879  0.055843
2409  78.819922  984.332670  19.048780  0.063594  1.173006  0.058679
2410  1036.899691  1921.300155  17.013587  0.039093  0.283223  0.118316
2412  921.769751  1135.281575  16.444102  0.036261  -0.169251  0.044966
2413  418.844517  1890.487743  18.921152  0.070055  1.242126  0.073083
2414  649.722471  1371.721584  19.996748  0.126247  1.846811  0.249125
2415  1786.558688  274.417606  19.421278  0.119387  1.281112  0.100392
2416  94.818924  498.377290  20.165466  0.096523  1.935542  0.200949
2417  1335.886381  1334.195863  18.422885  0.053961  1.156734  0.076959
2418  444.559634  290.028576  18.490569  0.070094  0.895802  0.110421
2419  1252.934122  1933.411622  19.282548  0.067983  1.327594  0.260549
2420  1032.265579  550.299975  18.383076  0.083875  1.007299  0.148099
2421  1609.299829  88.968734  18.791279  0.096315  2.003129  0.058126
2423  1110.577702  861.406876  18.934961  0.076473  1.230749  0.117312
2424  1462.869304  512.078959  18.605120  0.071016  1.601112  0.058430
2425  439.588125  1422.487967  19.676536  0.077128  1.643215  0.098933
2426  1320.858911  546.205267  18.864707  0.054653  2.240905  0.071146
2429  101.097771  1102.427274  18.987263  0.066012  1.902729  0.131510
2430  1548.318314  1805.240093  17.784462  0.041142  0.513022  0.061164
2431  1901.209490  432.167870  18.837024  0.071939  1.197714  0.097051
2432  275.948271  1883.815119  18.402321  0.099766  1.011179  0.082820
2435  884.650334  1571.170422  17.569574  0.081009  0.437336  0.084384
2436  1366.281341  1340.111950  18.976366  0.127947  1.149137  0.123740
2437  656.438230  619.551868  19.204252  0.098779  1.342428  0.067714
2438  842.389524  614.665263  20.249521  0.239208  2.312560  0.168333
2439  1108.076780  1425.108409  19.113182  0.187192  1.326430  0.115300
2440  1817.900172  1203.003171  19.381707  0.116423  1.098460  0.110489
2441  1693.960814  315.384069  17.816003  0.069260  0.552125  0.062646
2442  688.042492  557.030216  20.249158  0.164258  1.641378  0.248043
2444  326.291464  1317.688289  18.916137  0.110134  1.067889  0.072484
2445  385.439578  33.927142  19.425283  0.080036  1.276020  0.092259
2446  188.809004  1116.935513  18.884711  0.145197  1.127217  0.072040
2447  169.118878  1557.592012  18.751994  0.106637  1.161615  0.053512
2448  1032.138749  1179.095289  18.547530  0.054938  0.892369  0.103827
2451  1111.771008  577.239192  18.701694  0.105171  0.950560  0.083627
2452  238.160536  89.046360  20.120417  0.087661  1.959714  0.186320
2453  1056.949509  1861.634978  19.825062  0.122536  1.746159  0.240961
2454  57.560581  206.144172  18.787979  0.052196  1.054126  0.086884
2455  1833.602555  1390.061965  18.203630  0.126002  0.828071  0.065300
2457  835.704428  1086.969331  19.236527  0.093046  1.322528  0.116501
2458  339.600451  1085.463042  18.302407  0.050117  1.080410  0.097889
2459  240.684464  793.701412  18.345453  0.068919  0.943480  0.108105
2461  1275.055111  958.796251  19.825769  0.163793  1.646677  0.107612
2462  1676.685257  1859.916548  18.848495  0.072604  1.603489  0.127659
2464  265.390297  18.426301  20.406558  0.135790  2.229276  0.102430
2465  2028.503526  301.359831  18.453443  0.064633  0.809427  0.096273
2466  1897.417899  1916.456458  19.073313  0.059191  1.677464  0.131502
2467  1052.493629  795.436733  18.971027  0.055478  1.216988  0.057920
2469  654.606711  1866.772878  18.647085  0.053948  1.266495  0.082618
2471  149.323516  1979.134564  17.755431  0.097949  0.806019  0.061515
2472  1046.032135  985.945925  18.408665  0.169846  0.918275  0.047947
2473  1842.004923  1796.305564  18.802513  0.070335  2.189899  0.104020
2474  1430.634296  336.676886  18.927155  0.129718  1.075262  0.082833
2475  668.252380  1586.332461  17.621059  0.109580  0.467428  0.056875
2476  1853.785963  899.852270  16.638791  0.039863  0.096044  0.035359
2477  1528.997684  451.858231  19.276550  0.059977  1.485368  0.100945
2479  675.343543  319.737120  19.448286  0.198383  1.537871  0.148898
2480  1506.535582  701.476295  18.807862  0.091488  2.156848  0.143861
2481  1083.956121  512.686236  20.622991  0.159664  2.025996  0.124854
2482  911.212066  665.488590  20.105619  0.162901  2.137318  0.149737
2483  279.686032  1908.155326  19.218021  0.127662  1.237921  0.065088
2484  684.954895  1399.519144  19.846800  0.117370  1.690909  0.115091
2485  1842.159797  1877.370269  19.111552  0.159277  1.239299  0.075090
2486  1130.414637  1874.190635  18.582680  0.070327  1.049224  0.108771
2487  1140.164377  204.491917  19.129736  0.062833  1.584572  0.102274
2488  2034.357303  226.821022  20.759652  0.102553  2.227277  0.162241
2489  744.567822  210.251384  19.165287  0.080622  1.327959  0.077782
2490  1290.480129  1567.564555  18.723799  0.059534  1.545274  0.137334
2491  574.793345  1709.975257  18.948660  0.088860  1.235260  0.092365
2492  1798.512377  288.552276  18.753942  0.066063  1.094879  0.087715
2493  556.597622  513.584695  19.560308  0.100989  1.619148  0.126529
2494  534.072567  488.244637  18.823975  0.127075  1.392220  0.157709
2495  1389.676415  381.966431  17.986536  0.077294  0.567611  0.052036
2497  1461.027433  1692.652475  18.972749  0.203662  1.211902  0.059502
2499  63.339877  417.058919  19.313790  0.182430  1.439381  0.131412
2500  838.610533  482.813049  18.917555  0.118949  1.167981  0.103203
2501  1435.494936  1500.307357  18.645008  0.079291  1.123394  0.052937
2502  291.269510  1118.962997  20.032675  0.185341  1.730337  0.188740
2504  493.411877  455.044974  18.981863  0.055943  0.987858  0.109536
2506  1358.432425  1506.795252  19.047488  0.123044  1.009077  0.076463
2507  924.394506  569.374876  20.267629  0.248286  1.698256  0.091106
2509  118.198898  1247.553333  19.823704  0.112443  1.103502  0.183420
2510  1344.159576  2031.984291  19.514730  0.095639  1.167205  0.066639
2512  1128.394229  724.602977  20.772815  0.175610  1.842248  0.179716
2513  616.336268  41.179221  19.614806  0.130986  1.195142  0.110646
2515  399.317155  884.339463  19.413992  0.147756  1.193643  0.095298
2516  310.449330  647.458114  19.789291  0.109462  2.361284  0.084082
2517  625.919027  1808.014082  20.439415  0.135772  1.874666  0.125279
2518  1161.060987  140.460673  19.861753  0.118095  1.455844  0.109711
2520  881.558284  1940.818659  18.445793  0.106151  0.631425  0.107234
2522  1868.493085  416.678553  18.990625  0.084886  0.971054  0.082876
2523  1736.990323  471.821520  20.803579  0.238801  1.337580  0.300543
2524  313.896717  681.876292  19.818575  0.110179  1.236212  0.090438
2525  1192.663356  1400.598395  19.805679  0.143778  1.231719  0.085873
2526  132.494556  1008.640297  19.840317  0.131957  0.967258  0.128499
2529  1181.951591  678.628700  17.635922  0.079018  0.147492  0.040355
2530  1775.887982  2035.467903  19.923036  0.110979  1.664445  0.077336
2531  1127.135392  1393.534345  19.166813  0.104142  0.906353  0.130181
2532  1745.717938  1150.855682  19.631739  0.108767  1.176940  0.082078
2533  369.954028  1931.119306  18.822421  0.062393  0.745419  0.060966
2535  1080.898436  1328.730496  19.910524  0.071735  2.374433  0.146472
2537  1443.071585  1259.693576  19.345498  0.100376  1.306125  0.083563
2538  383.815157  1448.404464  19.503336  0.176117  1.305412  0.175183
2539  125.238881  1233.535668  19.505341  0.177043  1.233884  0.178747
2540  581.447244  992.588753  19.567606  0.165331  1.719423  0.139373
2541  943.705853  1303.322862  20.257960  0.095822  1.791702  0.221662
2542  69.121413  1430.580062  19.492511  0.113359  1.173331  0.064315
2544  1005.668250  1375.786582  19.194121  0.157153  1.164284  0.068198
2545  1679.254714  15.621160  19.002649  0.117061  1.079208  0.125841
2546  225.040210  817.127953  19.806881  0.123977  1.682490  0.078884
2547  1011.672335  986.722640  18.995556  0.106009  1.063483  0.065760
2548  1773.844772  1328.024284  18.889706  0.082513  0.875623  0.085468
2549  1563.890616  908.242644  20.069556  0.182468  1.358161  0.203811
2550  1714.749290  78.118638  19.636254  0.073213  1.230009  0.070881
2551  375.406196  344.912622  19.574928  0.151783  1.616640  0.097045
2552  543.453455  633.951267  16.745236  0.051440  -0.243340  0.057866
2554  1020.248975  252.479431  19.457084  0.066299  1.140371  0.077212
2555  159.038798  412.779237  17.997843  0.099299  0.516468  0.046135
2556  899.410793  269.546576  20.233509  0.089523  1.761212  0.166837
2557  84.535054  568.489020  19.405786  0.075753  1.602503  0.103377
2558  249.533712  1773.632834  17.746830  0.058083  0.355649  0.046823
2559  1329.107433  2038.928821  19.393597  0.097656  1.869545  0.086761
2560  929.002257  1073.977192  17.953641  0.055875  0.334217  0.075068
2563  1054.662264  1266.652623  19.327954  0.123686  0.920954  0.157074
2565  1519.167257  1594.219391  19.844794  0.142495  1.791885  0.202997
2566  1789.874879  1923.078927  18.909670  0.100837  1.057249  0.100666
2569  575.630621  56.948114  19.622192  0.068232  1.486937  0.123965
2570  313.375637  160.135191  19.438801  0.093616  2.250662  0.206539
2571  669.536551  1016.527260  19.147399  0.168273  0.658921  0.114908
2572  564.897069  430.331041  19.057352  0.116913  0.968522  0.117834
2575  2024.101814  40.701712  20.123278  0.095007  1.587286  0.099530
2576  1240.383997  1779.557105  19.113733  0.101009  0.763076  0.103885
2577  490.912884  931.117002  19.856802  0.133113  1.264301  0.084486
2578  957.675653  892.602597  19.802573  0.131735  2.145713  0.104921
2580  648.547218  1881.860456  19.470454  0.149458  1.211915  0.071931
2581  1320.378727  1752.585165  19.162089  0.083047  0.994764  0.118661
2582  196.560402  250.627951  19.245413  0.093385  1.146755  0.117809
2583  96.251894  954.280082  20.244686  0.111454  1.776439  0.121980
2585  1854.620764  555.899714  19.986354  0.117406  1.285186  0.194010
2587  353.701852  538.361342  19.040318  0.074369  1.107693  0.078106
2588  837.375751  1160.252635  19.866226  0.123616  1.495553  0.079769
2589  1739.748822  95.776973  20.168397  0.154665  1.307175  0.162640
2590  572.750208  630.553933  19.490521  0.184387  1.570811  0.142136
2591  1413.868247  518.807259  19.719744  0.103899  1.301558  0.139533
2592  1030.652054  1901.147253  19.635962  0.124956  1.317681  0.113439
2593  683.874742  1151.236269  19.571890  0.109198  1.349185  0.090428
2594  1038.185586  546.132483  17.785172  0.065801  0.341122  0.047475
2595  679.863749  264.959028  18.905016  0.060604  0.822938  0.095188
2597  1592.858416  1815.019702  19.953523  0.159742  1.343072  0.153439
2598  597.564674  386.459891  19.458292  0.253472  1.435846  0.123417
2599  969.750644  148.123611  19.090053  0.064380  1.085144  0.116565
2600  802.933125  1843.184528  19.729921  0.142427  1.485097  0.146593
2602  0.369229  218.259160  20.400261  0.139416  2.069052  0.102415
2603  1260.672691  1433.131310  20.549306  0.231450  1.927259  0.156711
2605  1073.542263  175.451397  19.456055  0.080373  1.238564  0.086793
2606  911.320908  1470.020904  20.317108  0.142372  1.647034  0.082829
2607  413.941408  998.206008  19.381669  0.073632  1.237106  0.110131
2608  1328.942842  1991.602295  19.423260  0.136208  1.151993  0.095679
2610  2016.011853  352.403045  16.533742  0.078344  -0.342085  0.085063
2611  1498.537456  9.765117  19.393461  0.101239  2.300806  0.077049
2612  1713.603374  146.148110  19.367800  0.091370  1.382916  0.069180
2613  848.733555  538.635854  18.998951  0.140983  1.184748  0.071179
2614  108.106252  17.843228  20.133925  0.128635  1.428358  0.172489
2616  646.020583  1312.433565  19.575452  0.119098  1.145027  0.079338
2617  1678.235489  353.122633  19.404395  0.148109  2.323233  0.101369
2618  557.664257  2014.174907  20.180659  0.141195  1.594561  0.198999
2619  1034.496186  488.453234  19.480072  0.155584  1.432133  0.149316
2620  1359.480257  1627.442737  19.410225  0.123336  0.673775  0.133606
2621  131.577053  633.313539  19.055155  0.108135  1.017882  0.100500
2622  808.340923  1555.447775  19.489243  0.089896  1.394804  0.164997
2626  1756.648848  1159.673610  19.895801  0.088128  1.969506  0.106405
2627  1420.870853  1499.674748  19.223322  0.067392  1.206785  0.083203
2628  563.815705  1117.751928  17.431945  0.096164  0.016372  0.090614
2629  1035.040688  619.184414  19.727970  0.110729  2.039493  0.175561
2631  1291.438870  1080.654257  20.646443  0.246679  1.762774  0.095827
2632  1644.370594  123.525055  19.225866  0.102030  0.961771  0.067390
2633  1033.070345  1995.405107  19.636838  0.097834  1.678853  0.139152
2635  1148.557604  1898.048919  18.792391  0.068414  0.648759  0.059158
2636  319.987160  150.107218  19.985771  0.139362  1.476084  0.082540
2637  75.320598  1497.149187  20.391879  0.189354  1.699553  0.226921
2639  1220.508631  42.046988  20.382709  0.135808  1.407932  0.223926
2640  1665.128781  594.552665  17.720010  0.063610  0.124387  0.077301
2641  1685.442539  1292.888783  18.317021  0.081804  0.539733  0.071624
2642  1755.730806  1296.411618  19.499200  0.122989  1.160381  0.116243
2643  248.854684  1778.286690  19.856711  0.198315  1.444549  0.136133
2644  491.959029  1380.970386  19.483661  0.145390  1.384093  0.094753
2645  296.259040  1813.285054  20.433331  0.206487  1.530289  0.305650
2646  1857.388474  1387.703352  18.938943  0.126481  0.933483  0.093290
2647  1726.498884  990.202800  19.804129  0.116481  1.344461  0.185545
2648  1492.907957  868.077081  18.013750  0.049355  0.297376  0.042988
2649  348.377574  335.518715  19.751009  0.086426  1.398398  0.148343
2650  847.360198  1601.678353  19.693395  0.175460  1.440310  0.103604
2651  749.864377  674.805079  19.836219  0.136987  1.008329  0.110409
2652  538.309439  444.626647  19.497562  0.107905  1.693297  0.075662
2653  982.184659  1948.990608  20.275917  0.189007  1.570667  0.148955
2654  1361.459647  889.942291  19.410162  0.082137  1.273241  0.135182
2655  1143.923237  1033.721042  19.905199  0.179252  1.767275  0.259871
2656  1669.718300  1547.149048  19.918628  0.109979  1.508813  0.172185
2657  329.747527  827.213187  19.606551  0.111515  1.384893  0.086569
2659  344.752996  826.849363  19.565546  0.066317  1.878627  0.149112
2660  131.472939  1245.375264  17.889089  0.093814  0.034709  0.095664
2661  1427.628922  1532.866676  19.425125  0.135562  1.024731  0.151748
2662  1793.645954  689.874376  20.082946  0.260375  1.532274  0.273591
2663  1239.648499  1547.057477  19.246124  0.092714  1.149237  0.100036
2664  779.710177  86.548073  19.651305  0.130714  1.282615  0.095726
2666  511.357901  1021.778210  19.910756  0.255892  1.799593  0.146000
2667  1987.608260  1459.460344  20.389034  0.184713  1.642460  0.087154
2668  1795.439862  1623.445781  17.429340  0.050224  -0.113529  0.045431
2670  596.017003  948.214712  20.049026  0.079425  1.383730  0.196195
2671  1914.255439  1237.723598  20.043544  0.128333  1.986397  0.100655
2672  1085.730860  431.053000  19.988660  0.144913  1.194147  0.103044
2673  693.826610  1364.192797  19.580372  0.176097  1.462077  0.181859
2674  634.597455  57.821392  19.678243  0.070634  1.535635  0.071636
2676  1868.653110  1522.529613  20.790750  0.232810  1.365174  0.168822
2677  1614.355639  776.166568  19.559993  0.167568  1.102270  0.124028
2678  1866.445079  26.216765  19.667000  0.101464  1.411475  0.089662
2679  1781.572067  303.631717  20.482114  0.197248  1.782992  0.206346
2680  173.930427  460.111882  18.414451  0.152611  0.719345  0.053514
2681  1966.688963  1918.645647  20.050094  0.077050  1.508948  0.206627
2682  1419.443564  36.980883  19.482025  0.170969  2.102577  0.126755
2683  1157.078904  442.814512  19.154355  0.127670  1.287223  0.175731
2684  1575.263928  1172.649920  19.889091  0.099538  2.251028  0.161377
2685  1687.742672  1184.045893  19.576795  0.103868  1.242624  0.111132
2686  665.800500  1666.317882  19.393376  0.072625  2.079409  0.085835
2687  1572.234010  1440.369023  19.658998  0.141889  1.787778  0.072090
2688  1862.834992  1195.162843  19.134750  0.091563  1.261160  0.088113
2689  1673.001658  1568.956150  19.458362  0.077255  1.925537  0.077497
2690  1052.408186  174.491564  18.704678  0.068794  0.756919  0.105420
2691  515.566150  669.633046  20.127625  0.114374  1.337810  0.106438
2692  528.522594  1901.850732  20.104449  0.128453  1.202559  0.111890
2695  1539.818088  559.604493  19.396170  0.144860  1.059449  0.163523
2698  1225.722066  614.693956  20.203464  0.105748  1.227332  0.104041
2699  124.200718  1796.734737  20.453062  0.224599  1.786658  0.124347
2700  58.993983  915.960618  19.575089  0.101737  0.823730  0.169448
2702  698.227537  1163.263705  19.812287  0.087225  1.213965  0.119879
2704  834.408466  800.301565  20.147536  0.183597  1.199906  0.162393
2706  1320.940147  396.177788  20.373477  0.187134  2.772677  0.150191
2707  879.223374  1832.572314  19.791174  0.106602  1.021713  0.150452
2708  1109.834508  515.387239  20.141679  0.103087  1.408557  0.117340
2710  7.964299  379.802999  20.532721  0.099387  1.419904  0.133685
2712  905.093050  610.044563  20.325734  0.130944  1.250299  0.144714
2713  1144.812512  414.681131  19.056931  0.100934  0.587326  0.130813
2714  488.187008  641.300851  19.770799  0.118816  0.932565  0.220149
2716  1878.807779  892.550140  20.245601  0.290565  1.275332  0.146526
2717  160.206843  737.921324  18.600798  0.067021  0.445813  0.147823
2718  152.691705  1235.545551  20.279793  0.226286  1.345615  0.121344
2719  631.034817  1688.258303  20.420205  0.183087  1.730009  0.126493
2720  1326.487806  152.582255  18.312317  0.048753  0.373618  0.092314
2721  718.489229  1964.789390  19.903527  0.114885  1.035959  0.075337
2724  142.306390  1245.209717  19.127692  0.103089  0.499160  0.135618
2725  389.266970  1832.869271  19.844118  0.144076  1.384879  0.281855
2726  1819.701418  479.585349  19.476777  0.063741  0.788147  0.073897
2729  1136.898296  1697.743086  20.167563  0.147394  2.333680  0.164928
2730  1591.203129  1888.058268  18.514355  0.099245  0.336884  0.064892
2733  1906.621260  1254.884900  20.002271  0.085209  1.082059  0.197754
2734  122.488870  1496.188908  18.771034  0.071030  0.503351  0.101280
2735  896.502193  1602.445013  20.161937  0.094637  1.383274  0.195618
2737  1280.719440  402.461809  18.877674  0.085490  0.429766  0.088644
2738  1440.857062  647.496115  19.278980  0.098691  0.997959  0.121258
2742  2037.649695  865.346856  20.067033  0.199862  1.238285  0.164215
2743  259.056044  1028.242537  20.477655  0.098288  1.499674  0.194615
2744  712.237397  1788.250959  20.122633  0.112856  1.189033  0.078622
2745  712.134804  818.018669  20.495945  0.102823  1.746427  0.095560
2746  563.498164  466.198260  21.039926  0.155115  1.740331  0.132817
2748  1334.175263  754.921336  20.366027  0.197392  1.244243  0.093643
2749  1342.024964  622.183240  20.412083  0.195826  1.324017  0.180118
2750  1330.954188  58.709400  19.973230  0.101859  1.408491  0.129210
2751  552.456319  1285.054044  20.334555  0.185386  1.391074  0.179637
2754  517.677625  1724.460262  18.912116  0.080460  0.699489  0.094388
2755  842.290883  2000.677581  19.564094  0.136871  1.131566  0.071242
2756  239.790967  1323.775701  17.940113  0.077447  -0.158415  0.052730
2757  227.635115  1827.048273  18.965718  0.063177  0.492842  0.069159
2758  1749.160350  273.152756  20.250144  0.148422  1.588720  0.169333
2759  349.300241  1796.436996  19.666426  0.139973  1.218358  0.096891
2760  759.443562  1484.001299  20.294374  0.124958  1.190586  0.110021
2761  698.889868  352.297444  19.786961  0.139785  2.111782  0.102818
2762  1764.176609  1283.910411  19.882183  0.190055  2.341423  0.080726
2763  458.403220  46.233666  20.461240  0.093668  1.328912  0.090301
2766  426.825360  1562.333101  20.153063  0.115093  1.474978  0.110254
2768  964.918679  262.555786  18.662574  0.069956  0.545036  0.052733
2769  402.090622  1635.401773  20.348694  0.110248  1.133023  0.146389
2771  153.292162  1372.813675  20.518961  0.103347  1.491747  0.156688
2772  2040.751429  1228.354303  19.707001  0.108472  1.135334  0.126012
2774  1417.320725  538.121278  18.704980  0.063583  0.610265  0.060821
2775  1407.507842  1584.376384  20.279858  0.224507  1.243464  0.129509
2776  328.870074  1362.430124  20.232855  0.099058  1.716606  0.175756
2777  1097.942489  1692.716102  19.232789  0.060379  0.729751  0.148792
2778  852.714930  1895.922762  17.940918  0.104633  0.041339  0.087564
2779  1332.459626  529.546636  20.653463  0.185385  1.519343  0.164953
2780  928.282970  877.484217  20.029118  0.087231  1.218972  0.111588
2781  1568.603857  87.915784  20.101779  0.200267  1.556949  0.180940
2783  1679.806588  145.412045  20.068714  0.124609  1.199141  0.183893
2784  1147.907193  107.397306  20.139135  0.131708  1.329157  0.151188
2786  1342.511867  1109.718505  20.297938  0.160566  1.323877  0.093993
2787  779.065742  1126.496756  20.393034  0.088963  1.538121  0.177010
2788  1209.465819  1978.040134  20.539900  0.206297  1.609266  0.129013
2789  1679.326492  1626.116817  19.586464  0.077016  0.632454  0.229833
2790  547.681962  1333.409771  19.982470  0.091463  0.988709  0.152332
2792  1083.091080  1442.404413  19.492993  0.090354  1.078971  0.120792
2793  1108.929608  900.067118  20.220621  0.132006  2.024640  0.088707
2794  1011.759599  842.791410  20.047902  0.179417  1.364083  0.085684
2796  1564.647423  426.447049  20.676459  0.156108  1.664189  0.213965
2798  768.704572  1354.901968  20.219403  0.097451  1.594847  0.245528
2799  1086.883777  5.664054  20.411056  0.115062  1.314529  0.119156
2801  447.468070  1.634766  19.222924  0.064220  0.738256  0.095316
2805  178.942134  1906.371498  19.998568  0.116035  1.240338  0.109961
2808  434.680930  1295.721898  18.912012  0.089273  0.542139  0.129761
2809  356.682916  743.143348  20.043645  0.094279  1.311240  0.087036
2810  1744.726572  1263.625041  19.691240  0.078620  0.966952  0.087802
2811  1445.028341  1881.578725  19.442751  0.140639  0.919461  0.118320
2812  822.344971  568.752476  20.386524  0.222146  2.799368  0.107239
2813  400.623849  1256.054399  19.926715  0.123047  1.171378  0.091670
2814  283.374736  1266.664675  19.767869  0.173387  1.303189  0.118781
2815  898.604322  553.621119  19.123142  0.157721  0.565018  0.097346
2817  1930.578472  264.189940  20.577090  0.135478  1.809149  0.152933
2820  1518.441602  141.285460  20.406102  0.145440  1.309652  0.241279
2822  1688.182333  1458.378269  18.578780  0.067411  0.168250  0.092137
2824  1823.809107  1531.727623  20.717915  0.121782  1.747336  0.144197
2825  777.499491  349.642171  20.428826  0.246086  1.726258  0.157005
2827  1399.674732  1588.488490  19.698263  0.089015  1.205401  0.107125
2828  221.585093  353.328902  19.260198  0.064432  0.958995  0.069440
2830  1226.373167  614.703049  19.986185  0.116087  1.180585  0.109541
2831  1325.849177  49.708789  17.446389  0.054464  -0.175533  0.119239
2832  1661.344391  1046.995172  20.342112  0.143264  1.406230  0.158777
2833  1386.757911  887.775597  20.043664  0.155825  1.383517  0.117216
2836  1993.416859  757.501793  20.955194  0.221441  2.093924  0.161273
2837  1993.402457  1268.447741  20.539359  0.164893  1.283165  0.201302
2838  1641.604416  786.609347  20.384772  0.179173  1.598151  0.170675
2840  2005.157921  1013.407233  20.186329  0.250043  1.794443  0.094491
2841  1505.830999  538.542293  19.962999  0.082696  1.055302  0.191723
2842  117.167209  844.504759  20.473340  0.156730  2.345627  0.318533
2844  1223.428042  148.502715  20.230661  0.097867  1.245174  0.150599
2845  1142.134708  1063.506470  18.254366  0.070482  0.223095  0.090309
2847  359.034339  658.824701  20.159914  0.106363  1.389667  0.159304
2852  1911.961060  1015.062247  19.886666  0.095514  1.235169  0.141237
2853  1220.103883  982.265550  19.917916  0.157611  1.444285  0.086488
2854  686.069440  1258.221130  20.332749  0.090873  1.684012  0.214486
2855  714.011802  586.785297  20.075035  0.084932  1.534317  0.102107
2859  1028.193694  489.906088  19.959340  0.220597  1.325769  0.110576
2861  1367.238494  344.633335  18.467306  0.051820  0.445867  0.075043
2865  1081.060259  1579.975550  19.942418  0.154704  1.698761  0.119995
2866  1838.760327  1892.657940  19.434099  0.072117  0.944572  0.162481
2867  559.005112  325.776006  20.186708  0.099669  1.302059  0.145058
2870  835.539922  646.509252  20.748955  0.229505  2.004053  0.183151
2872  1787.781651  1199.451611  20.168672  0.085551  1.427075  0.149219
2873  1900.718322  1406.699190  20.692690  0.116877  1.433459  0.154704
2874  1599.821148  1760.388621  18.104418  0.067239  0.111072  0.079442
2875  497.856718  29.369152  19.831497  0.073901  1.324581  0.123010
2876  321.103459  159.022985  19.645671  0.136312  1.469405  0.134129
2880  1763.941342  882.599597  19.907364  0.263590  1.659737  0.103714
2881  671.563128  500.803613  19.224203  0.072668  0.889121  0.075706
2884  1044.496082  120.963436  20.471477  0.216935  1.329979  0.111557
2886  1140.750892  1892.515536  20.370331  0.122439  1.057640  0.150640
2888  1310.170313  774.557632  20.257871  0.087309  1.524329  0.106612
2891  1161.559563  1533.459800  19.586555  0.185026  1.241540  0.205112
2893  1384.630917  1633.581751  19.685558  0.206884  1.245347  0.086562
2894  1154.488485  495.691219  20.699928  0.143524  2.286927  0.163904
2895  463.930573  1621.438362  20.735946  0.229090  1.616053  0.197974
2896  653.245660  148.787292  18.067565  0.099309  -0.071657  0.082321
2898  1260.311607  503.067183  17.962602  0.126285  0.046574  0.078020
2900  939.764913  1100.511128  20.391641  0.226327  1.016665  0.147183
2901  1903.609424  1525.350055  20.089351  0.077606  1.504138  0.110684
2902  540.771543  1990.188605  20.604821  0.142447  1.249885  0.269894
2904  1704.756685  1187.694876  19.792956  0.082203  0.983318  0.137611
2906  1075.816058  5.486326  20.594602  0.158272  1.260337  0.103084
2907  245.148899  2037.510574  20.577482  0.122399  1.503754  0.122822
2908  1220.903041  1811.724423  19.040422  0.083370  0.683327  0.114245
2909  248.485819  1871.039902  20.505520  0.177169  1.661045  0.096370
2910  720.316061  1221.182402  19.927967  0.092821  1.185109  0.079662
2911  1102.235715  411.959422  20.379965  0.173613  1.490360  0.111309
2912  302.365891  1606.845318  19.972597  0.115220  1.307941  0.103917
2913  1212.823748  1465.776938  20.228613  0.079161  1.266625  0.082695
2915  207.446829  947.022894  19.738324  0.158232  1.145022  0.083336
2916  1508.664382  1941.078466  17.101559  0.035905  -0.329402  0.046418
2917  1375.491354  701.007020  19.636220  0.168531  1.558507  0.238605
2918  793.878372  2021.526751  20.059054  0.117033  1.807058  0.148745
2920  1641.905987  1976.987983  19.258245  0.099598  0.691483  0.114659
2921  782.955508  1663.576920  20.800975  0.107339  1.807978  0.217144
2922  694.899998  23.330101  19.197249  0.064677  0.501308  0.075661
2923  1301.871926  595.649766  19.526416  0.071492  0.625726  0.068583
2924  632.079085  1836.643025  20.783605  0.197243  1.622257  0.245105
2927  626.014400  915.799319  20.814186  0.101708  1.333237  0.239216
2928  970.370921  1222.829647  19.888856  0.097042  0.672974  0.096419
2930  320.898771  361.358926  20.360669  0.194244  1.615915  0.182940
2936  1284.387291  900.217809  20.570523  0.138708  1.278707  0.190909
2937  158.306894  751.147555  20.005222  0.090546  0.833303  0.088410
2947  369.406162  1111.821430  20.624492  0.279916  1.349648  0.121737
2948  129.021715  803.601452  20.904836  0.220759  1.744810  0.235765
2952  1189.391308  1708.469475  20.519843  0.338006  2.136667  0.269237
2954  1765.618135  923.775934  20.804445  0.104026  1.853335  0.187189
2957  531.041232  1339.454337  21.128667  0.174762  2.061640  0.150813
2958  1086.239266  837.376300  19.956954  0.091952  0.828355  0.075237
2959  507.392423  958.902942  17.973463  0.088107  -0.160808  0.044832
2960  1937.294049  1082.344371  20.461073  0.089910  1.486651  0.224290
2964  978.110876  507.243773  20.560803  0.193669  1.237976  0.157088
2965  30.501762  1305.407152  19.560031  0.078044  0.643110  0.164633
2966  1157.643054  1291.422538  20.606913  0.155905  1.457633  0.123348
2967  950.568802  1961.901221  19.096932  0.117850  0.515728  0.120904
2970  701.931993  151.624182  19.746806  0.133607  0.793036  0.120250
2972  1406.963211  933.872345  19.413946  0.096020  0.812740  0.192125
2973  1495.650454  1031.596088  18.511522  0.067851  0.147250  0.053031
2979  1144.418173  522.707700  19.693372  0.100783  0.326357  0.113557
2985  688.094804  1080.231300  20.541108  0.263962  1.414360  0.148548
2986  2005.592730  1148.497825  20.745258  0.102251  1.285642  0.103972
2987  1352.472338  622.653040  19.641370  0.127764  0.638594  0.114279
2988  1923.987423  1304.224289  20.842957  0.154546  1.288268  0.224384
2997  1087.715559  1200.140815  20.505657  0.104573  1.351850  0.130256
21002  345.061813  361.741904  20.802833  0.211875  1.686183  0.188396
21005  931.130617  1410.557864  20.951034  0.145749  1.652341  0.254323
21008  1025.815210  246.956745  21.256272  0.141414  1.860295  0.137972
21015  648.748055  1889.784595  19.692747  0.118270  0.973407  0.186070
21017  1668.958710  237.927096  19.935857  0.214411  0.909084  0.082333
21018  1065.876677  1941.157138  20.443985  0.104912  1.013880  0.240677
21019  599.394445  1616.301044  19.724645  0.115692  0.802684  0.095520
21022  646.804324  596.009642  20.375830  0.212938  0.849783  0.257159
21024  1417.410919  1268.456225  19.343436  0.129653  0.627649  0.126339
21026  1464.597850  904.525998  19.774061  0.147847  0.854655  0.087847
21027  910.779159  1758.605963  18.501330  0.061504  0.176061  0.090649
21030  373.689587  1659.471224  18.279230  0.061611  0.027542  0.072575
21031  686.992139  691.428885  20.372802  0.118345  1.060141  0.119289
21038  1292.349755  458.181911  18.178644  0.071989  0.027201  0.096670
21042  1850.526562  1953.204432  19.486155  0.109424  0.701554  0.066596
21043  1140.800714  121.313792  19.988164  0.077971  1.248849  0.353407
21049  178.717834  906.517660  20.382232  0.165296  0.855306  0.082266
21051  1837.574724  156.406951  20.929081  0.243091  1.505589  0.176503
21053  818.136829  617.501553  18.981372  0.212654  0.458320  0.097009
21055  731.219975  1690.327631  19.558282  0.098754  0.770194  0.138283
21056  1340.130543  695.137050  20.969585  0.183622  1.257613  0.182231
21058  871.386220  1860.712386  20.310364  0.082471  0.952478  0.084308
21061  878.767316  595.996293  21.085612  0.210908  1.296799  0.282836
21062  117.343870  1249.319157  20.081889  0.146141  0.726912  0.135030
21067  1425.196424  1613.418910  20.798693  0.152438  1.477766  0.146618
21074  1447.051303  451.621101  18.251412  0.073587  -0.108806  0.053374
21075  1086.227222  664.865898  19.032247  0.098614  0.269502  0.093445
21076  1522.371604  351.001453  18.470925  0.067063  0.065043  0.094573
21087  286.949633  1065.493020  20.829574  0.106492  2.692299  0.156836
21091  472.114627  220.441684  19.136027  0.090641  0.219900  0.123594
21093  1064.243996  1647.342815  19.055966  0.092390  0.427160  0.055381
21094  1383.284114  25.528792  21.217575  0.250101  1.770317  0.133284
21096  632.769921  839.577034  18.792158  0.061691  0.040406  0.110860
21099  1773.163833  54.261423  20.741745  0.102678  1.444807  0.178867
21100  520.483645  77.303007  20.839366  0.300328  2.656752  0.193956
21101  425.496094  594.370479  19.615217  0.315490  0.885810  0.203673
21106  1613.862310  1795.857645  20.290377  0.088375  1.382688  0.205247
21110  1993.433294  1724.620006  20.705400  0.161049  1.332831  0.196748
21120  1198.046947  1911.548709  20.806476  0.119511  1.425216  0.130558
21123  256.793292  1245.944316  20.451478  0.163897  0.840554  0.127044
21125  328.245214  580.498991  20.801667  0.103327  1.934715  0.223463
21130  832.655871  285.902162  18.747617  0.053456  0.366408  0.076964
21133  1519.738053  637.148237  19.414163  0.075782  0.261827  0.186707
21135  321.190612  1896.497607  19.908126  0.329544  1.019501  0.080302
21139  712.523391  1002.816373  20.587125  0.142762  1.432836  0.216983
21143  780.881788  1848.341284  19.001801  0.150542  0.209671  0.080510
21148  1493.861073  2019.908162  18.427909  0.048676  -0.077418  0.101704
21150  182.893575  1794.911952  20.619414  0.153225  1.040981  0.156063
21152  752.349850  1058.849329  19.645826  0.198199  0.562294  0.094990
21153  1515.030760  1763.265138  19.311321  0.159729  0.470335  0.139231
21157  9.696786  1284.871005  20.686718  0.109729  1.623353  0.109321
21159  1715.648859  853.687920  19.611888  0.138733  0.720871  0.101722
21164  1481.170708  1023.896680  20.578905  0.176470  1.409664  0.097950
21168  1434.703476  1380.798055  19.948121  0.127714  0.629644  0.106279
21169  48.012044  827.915059  20.534122  0.108188  1.342084  0.132044
21173  1046.578476  715.051777  20.768146  0.156912  1.165094  0.159520
21177  1967.896420  1152.363979  20.820671  0.190739  3.045058  0.255065
21185  788.850679  29.717607  20.510261  0.190102  1.486983  0.099907
21191  911.276471  970.003144  20.963019  0.206067  2.250251  0.248230
21192  1620.419784  1414.166480  20.626227  0.245472  1.574094  0.203776
21196  1071.312203  1267.485119  20.209741  0.153397  1.268373  0.153191
21201  1389.141252  1999.802990  20.565904  0.131831  1.386920  0.103250
21203  1945.690187  1584.427598  20.814851  0.143090  1.287313  0.283200
21211  1997.221395  1900.993347  19.041296  0.067699  0.528335  0.144079
21212  305.779722  468.495581  20.405444  0.264912  1.467475  0.130775
21218  112.668629  1325.404162  20.423926  0.224879  0.800652  0.114582
21220  1341.446565  1350.357057  20.061192  0.115071  0.723054  0.188302
21223  2003.867331  458.109413  18.988243  0.110465  0.143767  0.087478
21224  1915.712137  41.699841  20.975931  0.366783  1.703746  0.159629
21245  661.167380  1023.637057  20.197631  0.097766  0.569313  0.168796
21248  1775.280231  874.642165  19.033281  0.073524  0.061695  0.106395
21253  161.275081  1707.062431  19.784874  0.180836  0.577174  0.183735
21254  1968.000842  1634.015899  20.553399  0.249154  0.855456  0.110344
21259  593.579488  758.600033  20.479174  0.257154  1.077296  0.187664
21275  1692.500355  937.585625  21.105309  0.321675  2.164648  0.191388
21282  284.645955  583.240227  19.843903  0.128823  0.400032  0.079393
21284  1049.540647  1380.239502  19.616491  0.166294  0.745907  0.226998
21287  2007.604155  1149.754003  19.334072  0.107335  0.264463  0.088383
21299  1389.832621  1170.301489  19.310230  0.096579  0.362826  0.149383
21307  1913.839279  166.948437  19.040422  0.061557  0.031467  0.068373
21308  969.603707  1887.661166  20.457293  0.188346  1.168877  0.193733
21311  1198.721281  1089.330688  19.769619  0.121926  0.525248  0.095213
21317  495.418797  1078.089411  20.149709  0.081844  0.617059  0.133757
21326  972.656137  333.019839  20.905738  0.120590  0.860233  0.292460
21327  1706.760995  459.381700  19.428937  0.239940  0.687862  0.101862
21338  1398.041164  17.951516  19.219264  0.130354  0.180495  0.098922
21342  420.490489  607.140249  19.631356  0.116336  0.312672  0.106845
21344  1117.972986  587.853287  20.479527  0.104658  0.787644  0.104279
21345  115.420404  1612.911778  20.778178  0.165485  1.295007  0.170517
21352  138.747467  277.054835  19.661874  0.143864  0.462746  0.161402
21355  517.126129  587.369963  20.823896  0.114524  1.083999  0.110489
21360  262.755511  1930.718084  20.715452  0.094071  0.944968  0.137962
21364  938.718312  1999.386976  19.041141  0.137368  0.118656  0.092151
21368  556.251820  1860.859974  21.038416  0.161380  1.787350  0.176515
21371  1524.649645  1480.298302  21.115931  0.227337  1.327641  0.339517
21375  634.844329  569.865118  20.272743  0.168606  0.796090  0.085349
21377  653.137678  1530.166077  20.208412  0.142476  0.325667  0.117867
21384  1307.185699  838.844236  19.786204  0.088299  0.574121  0.189644
21400  1690.610704  1520.546596  18.502438  0.103110  -0.112114  0.086067
21404  824.639961  478.117454  20.490186  0.196548  0.771796  0.133485
21405  1994.249833  1552.525196  20.050389  0.141674  0.657414  0.228945
21408  1014.946440  674.553816  20.943989  0.118821  1.250874  0.116301
21424  264.820931  1698.783264  20.212993  0.140622  0.633108  0.185557
21432  1481.347225  573.464648  20.721672  0.164252  1.394855  0.174301
21440  1545.397190  1970.955703  20.412699  0.107058  0.815788  0.109463
21441  705.182471  1945.171334  20.077901  0.167472  0.792807  0.126482
21443  970.601906  1786.281212  20.999020  0.242810  1.412443  0.209736
21446  1471.538405  1927.407814  21.739958  0.273115  1.560015  0.224191
21452  1550.029126  318.611191  19.360599  0.061477  0.160966  0.067240
21456  1223.078644  1952.508124  18.627786  0.120474  -0.305143  0.184852
21476  950.786840  948.682455  20.333750  0.212803  0.805914  0.171175
21478  910.824922  836.484447  20.423208  0.136630  0.834166  0.151396
21479  63.263812  77.041509  19.993079  0.119885  0.660261  0.176059
21482  1931.469543  1627.206903  19.225649  0.183949  0.249445  0.101321
21486  137.894260  688.670867  18.867517  0.120397  0.022734  0.166717
21490  11.627830  1891.356634  20.315003  0.133722  0.680271  0.122643
21506  702.468498  1951.564410  19.728824  0.085379  0.361141  0.067812
21507  1081.749161  1553.718364  20.643019  0.337676  1.793542  0.357290
21510  761.910189  1584.950134  18.789157  0.140811  -0.214823  0.055558
21511  2019.008314  517.018408  19.031640  0.131509  0.187780  0.100196
21513  1277.123150  1392.234094  19.041312  0.056989  0.021600  0.060955
21518  1323.702009  1983.090946  20.362963  0.110055  0.715193  0.123637
21521  1098.349062  134.223499  20.648839  0.104167  0.647916  0.123910
21527  777.609728  1579.210590  20.065488  0.154476  0.622378  0.167433
21534  0.614812  435.784952  19.882452  0.075201  0.567757  0.141489
21551  1427.828203  625.646011  19.915751  0.125997  0.066102  0.112442
21556  1875.166825  1623.312781  20.425609  0.103021  0.500290  0.187407
21561  1243.376584  208.914454  19.938083  0.092013  0.049250  0.149125
21562  1513.423907  275.568801  21.273316  0.145959  1.289349  0.195254
21565  1874.651346  846.867427  20.903788  0.148017  0.851137  0.136620
21566  360.017984  1561.378708  20.688186  0.165885  0.766011  0.133383
21567  16.377976  167.228269  20.982021  0.267416  1.109023  0.190745
21573  1271.953079  81.587251  20.950163  0.229374  1.305598  0.151963
21574  1566.441049  1049.949876  19.681505  0.188567  0.202521  0.170659
21581  270.511388  1089.368887  20.158895  0.156651  0.136261  0.163530
21584  2039.441163  1378.605719  20.953729  0.123478  0.854580  0.247474
21585  1099.490083  1906.802969  20.415506  0.102435  0.924586  0.211650
21590  112.439363  1202.489866  20.127611  0.139525  0.394170  0.152360
21596  97.479542  1826.447215  20.418289  0.173957  0.114503  0.152917
21598  1383.136632  1849.340846  20.976052  0.136645  1.205547  0.247204
21601  858.612136  774.361275  20.734443  0.125381  0.850165  0.110395
21607  1025.957112  1950.989738  20.538111  0.197134  0.211329  0.131189
21610  29.283338  381.711557  20.378369  0.113587  0.798975  0.174423
21612  776.865701  130.860510  20.219418  0.140369  0.236032  0.096466
21626  234.089083  1454.213396  20.499170  0.170909  0.475612  0.169732
21637  726.313002  227.145676  19.887051  0.159873  0.368854  0.082697
21638  703.730114  1656.805778  20.541180  0.148701  0.813824  0.168116
21640  122.009763  140.535815  20.101226  0.173358  0.154104  0.084375
21641  1809.769107  517.024721  20.015107  0.119970  0.005113  0.124608
21643  1161.583365  1701.039961  19.752167  0.077848  0.401498  0.203980
21645  1490.170795  1906.743511  19.624887  0.115258  -0.033864  0.126158
21647  1336.253936  504.486715  19.658223  0.111103  0.206665  0.109264
21652  763.459357  1180.734570  20.707551  0.097012  0.796919  0.199890
21654  1679.484994  788.292760  20.552008  0.089137  0.397123  0.234494
21658  807.006277  82.823804  20.079769  0.103294  0.456112  0.117913
21660  644.876097  443.419876  20.383436  0.201091  0.442386  0.171374
21661  1911.072050  1109.851440  21.355911  0.207292  0.442245  0.325355
21668  1312.258214  840.427485  20.553523  0.102513  0.221716  0.118019
21683  1376.422320  18.174588  21.177404  0.305392  0.652070  0.133177
21689  882.737990  1067.623909  20.673266  0.156742  0.238400  0.174640
21699  1358.528427  1663.479401  21.325917  0.227899  0.705519  0.300516
21724  850.220421  1718.523610  21.589815  0.259040  1.019097  0.196113
21732  774.841584  1631.583398  21.058578  0.319809  0.319812  0.132540
