# id  x  y  V  eV  BV  eBV
110  1155.134689  1040.713298  21.192340  0.211791  1.472409  0.150861
115  1036.803174  1062.796247  21.129591  0.268518  1.793873  0.115425
117  1049.014989  980.125614  21.064267  0.110575  1.445852  0.109783
118  945.781678  937.059471  21.001567  0.259377  1.611541  0.131040
120  906.113044  835.588751  20.522948  0.190399  1.528538  0.135493
122  934.590996  994.271252  20.579331  0.109903  1.320058  0.108170
123  911.094723  986.618737  20.821659  0.130772  1.386606  0.147919
124  1030.396273  1099.502469  20.682827  0.208925  1.385608  0.267224
125  1054.622188  1031.067136  20.769355  0.235904  1.216896  0.156308
126  1020.789985  1005.311898  20.551587  0.099104  1.492045  0.113194
127  1144.139059  1107.285586  20.571042  0.203873  1.495014  0.130135
128  1063.993385  1084.011172  20.288698  0.151968  1.130597  0.218721
129  956.372255  1040.746291  20.314948  0.188965  1.552403  0.172939
130  1128.774021  1176.968724  20.353896  0.262814  1.508352  0.149483
131  985.474642  1056.732058  20.078961  0.180181  1.363190  0.112978
132  1206.658499  1023.006474  20.049425  0.173475  1.565047  0.138212
133  1088.138281  953.967882  19.930557  0.078306  1.343340  0.120508
134  1011.711324  915.016991  19.919732  0.132454  1.339472  0.115966
135  1151.957381  942.059377  19.759036  0.146108  1.529511  0.159000
136  1093.904261  1089.795727  20.038466  0.191860  1.319058  0.176327
137  1157.126451  1030.481920  19.872844  0.115033  1.430805  0.155681
138  1017.260442  961.151570  19.801766  0.157152  1.371666  0.113621
139  1135.226429  1148.674109  19.475153  0.130160  1.416998  0.072216
140  898.906010  1011.418399  19.435316  0.064557  1.282929  0.096390
141  1064.840499  909.842227  19.486836  0.078058  1.228638  0.137436
142  1068.369121  1139.679642  19.383873  0.074645  1.313898  0.140606
143  1073.348014  1087.501087  19.327289  0.101100  1.083429  0.175593
144  1068.056965  826.337075  19.342486  0.111780  1.130320  0.112586
145  939.478917  1058.827162  19.299041  0.079404  1.257500  0.061935
146  1106.166374  876.632187  19.158394  0.129079  1.204812  0.157010
147  944.045056  998.129930  18.919078  0.095298  1.291162  0.059000
148  1175.438234  1011.832709  19.007122  0.066909  1.203334  0.071253
149  1138.626191  901.998572  19.108901  0.130324  1.083977  0.109209
150  1149.209825  989.566587  18.725380  0.084989  1.226828  0.091647
151  1144.714506  1074.492170  18.692405  0.067940  1.140844  0.145649
152  1053.936906  908.063621  18.544495  0.069635  1.099725  0.088075
153  1014.172570  1125.257667  18.659051  0.067973  1.037133  0.055485
154  1077.869507  1150.181908  18.523938  0.051923  1.190971  0.110250
155  1155.721871  1214.971474  18.437750  0.060324  1.069219  0.071640
156  961.647657  1048.137605  18.331663  0.094018  1.112131  0.072928
157  1127.964242  907.579515  18.286015  0.054261  0.898901  0.091467
158  957.890826  1013.541642  18.124209  0.063923  1.037224  0.054680
159  976.315986  1072.122757  18.129815  0.063104  0.988400  0.058962
160  1020.716605  1006.460047  18.014082  0.050107  0.924619  0.064514
161  1083.728855  921.244938  17.762869  0.061235  0.702221  0.139114
162  958.784451  995.035566  17.730114  0.093546  0.988526  0.076333
163  1043.781919  1091.267400  17.679894  0.076669  1.002508  0.079010
164  1102.251479  1142.902006  17.646836  0.058149  0.877990  0.067185
165  1225.189786  1046.197740  17.622940  0.131712  0.857705  0.067491
166  1158.331863  1112.838062  17.559656  0.057150  1.004359  0.051066
167  1057.200558  1043.662275  17.418551  0.059900  0.888782  0.083400
168  1107.748884  912.494817  17.414614  0.045379  0.758409  0.088837
169  997.833318  1106.123264  17.359268  0.038772  0.869990  0.046015
170  1007.633797  932.943401  17.228274  0.049755  0.911963  0.044231
171  1050.450985  1034.603500  16.907386  0.053316  0.896016  0.077744
172  1000.395141  1033.635676  16.852430  0.068187  0.839204  0.060566
173  861.169275  899.987784  16.827322  0.057249  0.830373  0.044557
174  906.296955  1025.111921  16.773252  0.059382  0.680045  0.058805
175  1200.051548  984.794767  16.535676  0.045596  0.805115  0.032728
176  1064.859034  1104.897905  16.303119  0.042372  0.860988  0.040912
177  1034.584719  1067.369390  16.085856  0.053724  0.786359  0.059931
178  963.942748  1035.693138  16.068979  0.077170  0.535603  0.074540
179  991.053251  1142.075515  15.642933  0.104621  0.802119  0.067589
180  910.259302  965.359780  15.510708  0.058965  0.780198  0.048063
181  1094.395658  1061.923738  14.988396  0.048590  0.695109  0.064814
182  1090.011546  1010.632704  14.261899  0.023906  0.837919  0.031444
183  923.423212  1108.567327  19.221917  0.093968  1.329675  0.073749
184  929.138053  895.544914  17.039916  0.061499  0.778631  0.070965
20  187.279181  59.553939  10.596100  0.048651  1.803180  0.026827
21  1783.996721  1193.002734  12.113092  0.041716  2.159872  0.023594
22  1609.397097  890.663363  10.155655  0.035990  0.813381  0.045444
23  1021.841387  398.820842  10.677484  0.054903  0.899978  0.016590
24  1376.561267  1174.162466  10.340736  0.051079  0.642859  0.034799
25  1643.547450  347.198377  10.235340  0.018508  0.709963  0.041836
26  1079.140410  911.099630  13.768576  0.020399  2.391889  0.038903
27  81.956892  615.836511  16.106065  0.046687  3.663967  0.041409
28  1797.119372  198.268663  13.210287  0.020290  2.059184  0.025854
29  1612.114095  976.664019  12.948310  0.020008  1.914537  0.055431
210  250.916661  1397.883815  14.948727  0.039635  2.843633  0.069844
211  980.354670  1619.158565  14.297759  0.024821  2.497128  0.028043
212  516.126184  1395.791074  15.652875  0.051795  2.827541  0.028460
213  1516.001508  1126.990160  12.733909  0.032655  1.328667  0.019481
214  856.854395  855.312537  13.781814  0.054064  1.481072  0.061459
215  425.965000  440.634941  14.407079  0.051221  1.695644  0.062566
216  484.929250  211.536054  19.271767  0.093139  4.528295  0.105799
217  1271.352551  149.624153  14.322183  0.049198  1.871930  0.049084
218  928.641336  179.934331  14.235288  0.047031  1.547466  0.026649
219  17.825443  1628.075059  12.770090  0.025658  0.872715  0.021587
220  1100.626931  179.012594  12.586798  0.019439  0.498714  0.035349
221  1129.931428  2025.186737  12.735776  0.040470  0.965586  0.039525
222  1370.283647  2041.033995  16.422574  0.054629  2.456991  0.040191
223  795.682507  1612.391762  13.272549  0.022826  0.681973  0.026821
224  1281.212756  263.484617  13.824763  0.036391  1.132888  0.030257
225  1841.051200  1920.993084  13.118913  0.024055  0.918694  0.028990
226  1296.604465  208.729712  15.203194  0.029430  1.689558  0.023849
227  1421.301949  1653.760666  17.518170  0.045682  3.227546  0.088541
228  985.664283  36.419422  13.291132  0.047723  0.709120  0.026188
229  1330.578053  570.456490  17.409371  0.046316  2.846829  0.082372
230  1459.154580  126.767855  14.742356  0.035822  1.219826  0.064564
231  1260.636748  548.764015  13.728229  0.020109  1.185843  0.026100
232  626.621388  370.349408  13.740663  0.052309  0.854552  0.043718
233  1734.129740  425.599602  13.809134  0.046757  1.135740  0.056358
234  847.854701  1304.604548  14.762102  0.024490  1.126994  0.032098
235  415.019266  413.588512  17.902009  0.070224  3.147029  0.107426
236  1430.692301  102.701419  15.288241  0.026202  1.421468  0.034062
237  94.718640  1704.939951  14.088276  0.028264  1.001018  0.033535
238  128.103412  1965.017398  16.488925  0.053827  1.947764  0.054679
239  1259.412653  1856.007010  16.592669  0.034584  1.823692  0.059624
240  1218.572946  979.239960  20.181164  0.128471  3.796512  0.085876
241  1298.128252  1567.643208  14.364993  0.035336  0.772897  0.036200
242  1367.668784  1717.718925  20.607053  0.112830  4.544525  0.222718
243  36.789279  31.729625  14.535794  0.025423  0.836511  0.027889
244  1876.561628  614.128839  16.111611  0.043654  1.795516  0.030182
245  991.307315  1236.868943  13.999903  0.039107  0.504579  0.051990
246  805.491250  1951.556801  14.644459  0.029988  0.839718  0.031540
247  2001.117683  179.218027  17.602262  0.064578  2.674901  0.077232
248  454.422940  1606.554667  14.511120  0.059212  0.837164  0.024611
249  931.356085  112.048582  18.362189  0.051683  3.013920  0.056829
250  335.303500  303.165991  17.991085  0.047326  2.829107  0.071001
251  1112.310245  966.212551  18.175951  0.101782  2.842658  0.091901
252  919.503540  1039.988517  20.370260  0.100696  4.029613  0.118559
253  59.951921  1774.402067  14.106493  0.024440  0.361525  0.055526
254  1283.731636  66.844957  15.130059  0.027898  0.787848  0.033169
255  507.960579  830.128474  18.434665  0.102663  2.842767  0.085041
256  1177.449686  634.342853  21.254577  0.205025  3.944269  0.263260
257  1973.642476  1816.373487  15.146822  0.028777  0.857326  0.031033
258  1335.848217  1204.376312  14.262335  0.022842  0.487208  0.032890
259  968.333978  1994.873607  19.564029  0.117257  3.229136  0.117131
260  1622.607676  1074.251432  15.562678  0.048637  1.088652  0.072850
261  1470.648172  1559.862370  18.337282  0.136893  2.703826  0.072626
262  1679.562392  1365.579144  16.102442  0.055203  1.460404  0.045970
263  786.846713  728.927753  17.392610  0.090798  2.142491  0.058134
264  2020.400844  700.208294  15.194731  0.034047  1.301757  0.023958
265  1707.870901  708.012705  14.593873  0.052312  0.595788  0.030741
266  1210.917147  1217.667150  15.266197  0.035254  0.790303  0.033821
267  159.392699  1921.211887  15.006620  0.024651  1.327496  0.062651
268  1340.687095  1532.357552  18.347932  0.052675  2.793866  0.093724
269  1628.760406  1253.248560  16.307657  0.035793  1.460981  0.032696
270  1205.875607  1543.440896  14.724991  0.028109  0.643962  0.059797
271  1270.281103  393.056693  14.447460  0.055393  0.494757  0.038288
272  958.033531  755.437675  16.111969  0.072791  1.044681  0.070105
273  132.290160  1127.385337  15.778733  0.047228  0.978927  0.027135
274  2024.709936  1961.159760  20.797320  0.101128  3.731449  0.216660
276  1521.221183  1747.815035  14.685529  0.040874  0.295247  0.034417
277  1831.434175  917.589978  17.735969  0.080121  2.006807  0.112749
278  1720.136688  1293.316045  15.643291  0.041943  0.900365  0.056370
279  319.287630  802.277646  18.545701  0.158848  2.452532  0.118210
280  1555.120068  612.077880  16.039879  0.038721  1.003840  0.053072
281  1435.011178  603.318807  15.023419  0.036513  0.647609  0.063841
282  921.045090  1930.962846  18.900884  0.087921  2.894045  0.101499
283  1717.920381  244.599204  16.013430  0.041947  1.261290  0.040430
284  1490.734066  250.854873  18.952224  0.155980  2.819893  0.109888
285  2046.215685  517.793182  19.259932  0.061221  2.940988  0.202093
286  1094.500268  796.777352  15.476565  0.034762  0.814374  0.043781
287  1465.746568  871.166500  19.351428  0.143938  3.002575  0.122136
288  2024.937155  895.196029  16.429622  0.079897  1.276372  0.051069
289  131.472065  298.458838  17.688993  0.051985  2.028815  0.061225
290  1920.936483  1571.907625  17.431375  0.089977  1.791485  0.085919
291  1582.568453  1054.662552  18.152166  0.051576  2.473778  0.098814
292  645.827905  1780.535669  16.640411  0.038540  1.341315  0.041847
293  2042.491246  901.245693  17.229536  0.104958  1.738065  0.037287
294  1905.989299  353.639707  16.659297  0.081752  1.226790  0.056746
295  1333.608950  629.144403  16.532512  0.039800  1.453770  0.053124
296  1318.183478  1463.084897  13.967269  0.040719  -0.156085  0.062270
297  1630.566664  1941.594641  16.987274  0.106724  1.627922  0.051539
298  1898.999420  280.188499  17.756680  0.093653  1.854384  0.096858
299  1001.986938  837.095450  19.139116  0.129725  3.159378  0.123919
2100  1504.809860  939.086223  15.984489  0.057292  0.761640  0.043228
2101  1121.529693  1754.769436  14.821087  0.040244  -0.011291  0.040775
2102  420.188657  1278.165604  15.745363  0.087255  0.716729  0.089234
2103  1748.244468  1840.983032  16.129994  0.056666  0.872014  0.040610
2104  1836.564299  107.243402  17.940307  0.081882  1.969733  0.106412
2105  1232.693289  436.526295  15.579887  0.058915  0.674580  0.034034
2106  145.712227  576.920443  15.920554  0.033299  1.141978  0.065495
2107  621.127868  485.064827  19.474446  0.072767  2.585315  0.171489
2108  1551.944755  1739.515542  18.321100  0.054913  2.054593  0.106003
2109  59.823512  1392.097660  16.098808  0.068752  0.865839  0.049629
2110  6.060027  40.632980  15.987244  0.030743  1.169709  0.048284
2111  1042.662642  17.779073  15.793373  0.060859  0.574271  0.035174
2112  1378.581837  256.443559  15.849824  0.095940  0.684227  0.063459
2113  828.476906  168.316098  16.044016  0.038434  1.039703  0.058093
2114  1494.787782  1550.392156  16.023088  0.055237  0.760694  0.045359
2115  1182.509817  1759.512506  17.024144  0.034096  1.437502  0.047923
2116  1457.897148  1462.433887  16.010531  0.074503  1.200483  0.042490
2117  324.161035  265.002351  19.272603  0.085501  2.682451  0.141715
2118  1837.859688  1764.187049  15.932247  0.039363  1.189110  0.089198
2119  1296.081444  2045.743714  16.294487  0.037999  1.143955  0.028811
2120  364.506827  503.387999  15.873870  0.038608  0.662700  0.058841
2121  818.853165  1989.076125  15.887857  0.082296  1.156469  0.063171
2122  389.923965  1508.115706  19.676828  0.203272  2.778733  0.172744
2123  839.681893  736.528564  17.852365  0.043063  1.804234  0.040186
2124  160.639238  2002.089496  16.062999  0.047760  0.674317  0.038530
2125  1998.336217  1229.532528  17.182352  0.056515  1.316097  0.050974
2126  270.888133  1497.493247  17.092647  0.047164  1.397339  0.063023
2127  1724.625542  420.763075  18.362338  0.058989  2.242866  0.053447
2128  1816.238889  1758.467402  19.777089  0.101770  2.754541  0.201606
2129  1211.154081  290.822651  17.054257  0.069061  1.517985  0.036964
2130  359.972849  644.873527  16.445506  0.064022  1.012263  0.048228
2131  615.901183  878.080484  19.291458  0.104702  2.728466  0.069810
2132  1832.350983  231.086857  18.361563  0.122272  2.124825  0.093665
2133  505.057306  233.818121  18.697969  0.115902  2.279311  0.074500
2134  1934.146549  352.657716  16.196862  0.053293  0.797278  0.079280
2135  1137.916385  2018.746452  17.669697  0.067263  1.625886  0.063679
2136  303.453515  214.614150  15.519825  0.029445  0.398851  0.026653
2137  742.556859  1643.757438  15.630021  0.040914  0.435816  0.030777
2138  563.056562  1555.436871  16.539908  0.061343  1.648916  0.131929
2139  535.564446  1806.132338  16.182790  0.033517  0.660210  0.068570
2140  1379.560481  252.649269  16.826841  0.053179  1.153902  0.036995
2141  1233.564159  1355.239974  16.776630  0.072499  1.130868  0.059137
2142  307.893560  1634.679119  17.490228  0.050636  1.271904  0.056468
2143  1055.874555  358.739408  15.581585  0.048032  0.298623  0.073463
2144  581.311454  373.001908  16.357826  0.081805  0.653969  0.043661
2146  1747.986378  1408.993186  16.449053  0.038906  0.853595  0.050469
2147  173.875140  1627.028692  16.509704  0.032059  0.942582  0.062822
2148  821.461154  388.003991  18.457084  0.068352  1.993310  0.091419
2149  1828.783973  729.993365  20.191218  0.097598  2.620067  0.113725
2150  1427.980884  577.458306  16.968461  0.074101  1.070641  0.076273
2151  107.483039  416.526434  16.539770  0.061202  1.539641  0.081742
2152  1985.453455  1991.161201  18.303861  0.097649  1.930969  0.098035
2153  1675.136465  1358.643949  17.450807  0.048326  1.292318  0.060848
2154  1762.513749  1.287758  16.648322  0.033380  1.124910  0.034666
2155  870.020654  749.790606  17.972751  0.084874  1.591791  0.063291
2156  37.223153  1835.012214  18.796452  0.057984  1.904622  0.094141
2157  937.935416  329.646498  19.437610  0.095340  2.354492  0.106460
2158  121.424652  167.728606  20.449154  0.094716  2.861706  0.267101
2159  342.615863  1869.987861  19.174184  0.061952  2.334919  0.105656
2160  840.005060  1750.354448  18.172339  0.078627  1.641507  0.107959
2161  1256.321086  1259.735121  17.860535  0.076323  1.526277  0.069994
2162  1472.065211  1591.970708  16.523649  0.066970  0.681213  0.030468
2163  1836.140011  1983.899681  15.515217  0.054376  0.180604  0.045546
2164  986.011253  1170.036723  16.707683  0.091130  0.961241  0.077604
2165  1766.420485  991.248393  18.083847  0.088202  1.424869  0.092387
2166  1177.493537  1244.574298  16.747225  0.037422  0.888896  0.045182
2167  1015.602395  1358.772175  16.735567  0.060288  0.890207  0.072399
2168  1432.016505  79.248219  16.979669  0.052836  0.842347  0.083293
2169  57.263486  2039.414009  17.325167  0.084240  1.176033  0.093494
2170  654.365624  1633.314395  15.205625  0.033568  0.031149  0.053752
2171  782.059518  1433.349474  16.681409  0.035241  0.986932  0.060999
2172  1125.383403  1595.738017  16.539982  0.036853  0.804608  0.047728
2173  627.547116  1256.945603  17.122903  0.084869  1.218930  0.042704
2174  853.948512  805.322119  16.440177  0.035859  0.822659  0.036023
2175  2033.649973  1776.754128  18.519656  0.066721  1.900859  0.056784
2176  2047.153163  1857.103004  17.041161  0.036308  0.855760  0.038386
2177  1546.419993  99.788818  17.000838  0.080775  0.899681  0.035409
2178  604.018444  1293.440852  18.731523  0.125243  1.935953  0.097373
2179  136.993922  1837.360741  15.504381  0.031945  0.043650  0.029935
2182  1643.067492  379.335344  19.583014  0.066479  2.337427  0.072262
2183  1150.836362  1090.453807  16.337023  0.058527  0.958972  0.043453
2184  762.374941  1060.171967  16.728772  0.106029  0.966157  0.049848
2185  704.639331  1053.876200  20.086030  0.141613  2.327734  0.193040
2186  1811.873176  1905.287636  20.305985  0.182042  2.978147  0.105702
2187  1139.060419  1075.862676  16.794033  0.064260  1.731723  0.037122
2188  383.525136  1218.171987  17.443034  0.080569  1.362115  0.067092
2189  475.112005  1611.704360  18.384425  0.086205  1.984072  0.058175
2190  618.058084  1012.707339  16.812295  0.058770  0.914209  0.063034
2191  1536.124142  1126.878865  16.654787  0.047360  1.014111  0.031482
2192  1652.506912  1500.614561  17.603608  0.074088  1.934911  0.069577
2193  95.803644  794.648211  17.573629  0.061039  0.827634  0.038607
2194  1648.931386  1113.090458  20.759972  0.102692  2.758098  0.212212
2195  870.042808  845.296150  18.701156  0.101432  2.024490  0.076885
2196  1020.481058  289.829867  15.377204  0.064221  -0.271264  0.041039
2198  1315.661709  1678.558417  17.304826  0.046591  2.008040  0.039799
2199  1854.672458  1843.478090  16.876250  0.041992  0.643754  0.049124
2200  486.327441  1727.119016  17.829069  0.133869  0.943510  0.076809
2201  1280.374801  921.422954  17.328742  0.040709  0.861400  0.075748
2202  1448.130613  546.391661  18.218079  0.061092  1.549121  0.067099
2203  725.945664  1894.093804  16.936363  0.042368  0.727873  0.096063
2204  1168.221660  405.631463  20.868429  0.230038  2.838733  0.122387
2205  430.123361  1406.841201  17.295632  0.086534  2.118000  0.050241
2206  1692.658855  880.878896  17.178140  0.048220  1.519066  0.070292
2208  1720.442972  2.049129  19.799182  0.068676  2.433927  0.086488
2209  1408.119975  491.767151  16.124559  0.061752  0.431695  0.069796
2210  885.157537  1555.229181  17.099756  0.038911  0.724942  0.062696
2211  105.686506  2001.125455  16.491765  0.066651  0.321991  0.037631
2212  1556.798850  1451.125134  19.294883  0.068935  2.174057  0.117538
2213  1444.826565  1669.090570  18.715792  0.089361  1.928002  0.095289
2214  454.988954  1537.925516  18.153190  0.071570  1.297816  0.069129
2215  975.045317  102.793538  20.535407  0.209705  2.499541  0.084595
2216  864.601030  1349.850913  18.484505  0.103292  1.564033  0.094269
2217  1870.782803  1715.014207  17.445434  0.115999  1.264998  0.058427
2218  1459.175680  921.222518  17.349950  0.044315  0.852141  0.065852
2219  1693.326689  673.971689  16.228251  0.035589  0.233250  0.055307
2220  1321.492340  823.522767  17.012162  0.061368  0.764578  0.067320
2222  1576.498897  1137.645814  17.135483  0.062149  0.655142  0.041951
2223  476.218938  995.349489  17.610866  0.044945  1.043574  0.115774
2224  1037.920506  170.276276  17.604093  0.059799  0.949601  0.061413
2225  1126.911198  681.440182  16.286790  0.031042  0.456339  0.041092
2226  1998.921729  167.889600  15.763028  0.049669  0.157104  0.033153
2227  747.248495  1795.529538  19.875436  0.096113  2.088089  0.227798
2228  1977.634428  854.729352  18.070803  0.103923  1.268423  0.052029
2229  990.454251  1929.477569  17.606644  0.052939  0.971158  0.049257
2230  462.558180  1674.428080  19.764636  0.176413  2.548196  0.105583
2231  1547.882323  1720.604333  19.028468  0.077109  1.799102  0.091789
2232  1102.133048  959.943473  15.707296  0.047885  -0.031073  0.036944
2233  524.863547  834.509746  19.716266  0.166861  2.276802  0.112398
2234  1270.144593  1363.404566  17.022174  0.073981  0.782998  0.038457
2235  1477.730445  702.574810  15.138670  0.048426  -0.315642  0.025398
2236  1955.847816  379.665168  19.013410  0.125902  1.952430  0.131958
2237  655.295631  1940.480139  20.267279  0.128842  2.560089  0.136446
2238  2036.346612  1220.936926  16.816360  0.056433  0.454050  0.045522
2239  1808.245523  1868.863811  17.331791  0.046937  0.924223  0.086178
2240  1307.498158  696.245131  17.098631  0.072495  0.874565  0.048460
2242  553.114150  281.601424  17.479590  0.095794  0.944409  0.064964
2243  451.994750  1896.702445  18.396318  0.157628  1.276103  0.050811
2244  1412.093302  1434.862898  19.403428  0.099511  1.898015  0.092532
2245  1066.586232  1566.765236  17.486557  0.045667  0.964427  0.115375
2246  2011.001271  1763.417749  16.212420  0.036686  0.287397  0.058515
2247  1947.088418  1734.062433  15.528850  0.033150  -0.078344  0.045307
2248  1827.362531  1362.065846  16.939025  0.050411  1.054637  0.058283
2249  1883.925509  1500.700856  15.571726  0.031629  -0.099440  0.079273
2250  513.063761  1964.101906  19.879235  0.151673  2.673630  0.161322
2251  1160.459834  571.019891  19.114438  0.081725  1.973156  0.078754
2252  771.883120  1159.782191  17.687371  0.057743  1.207024  0.071607
2254  302.401839  1331.940395  18.923234  0.125591  1.839057  0.064440
2255  1685.963626  1399.054895  18.284272  0.052218  1.428648  0.069120
2256  565.482628  780.592389  21.546355  0.208141  4.014043  0.527880
2257  1436.470994  284.287219  15.561168  0.029734  -0.040970  0.063908
2258  1292.003983  677.048223  17.549641  0.082135  0.982124  0.059421
2259  169.667519  587.335313  19.386384  0.112087  2.162639  0.116331
2260  1673.980480  1519.924770  17.331069  0.062969  1.990970  0.043324
2261  286.099142  73.214313  17.311142  0.051283  0.842797  0.057389
2262  1848.218571  1180.818698  16.378749  0.083768  0.499914  0.034975
2264  1557.231095  1252.537671  17.743730  0.102069  1.282062  0.065075
2265  1279.614017  1904.858538  18.341910  0.108509  0.985621  0.063725
2266  255.172996  1109.769513  18.827773  0.074024  1.355872  0.061773
2267  1055.359368  48.469707  17.805983  0.055870  1.018546  0.069027
2268  1908.604082  1814.990113  16.684605  0.035966  0.170565  0.036719
2269  418.792913  1713.955246  18.152304  0.086888  1.507559  0.072733
2270  809.049065  2015.997043  17.851244  0.040435  0.793840  0.046594
2271  830.547705  1558.571350  17.780552  0.064080  0.768806  0.056104
2272  1574.959941  1482.499878  19.731899  0.092494  2.117408  0.127004
2273  1297.157084  303.310903  17.065852  0.058810  0.525461  0.055140
2274  1258.928208  97.809936  17.713681  0.073282  0.771458  0.074187
2275  1180.464161  1161.276677  19.897362  0.170114  1.998540  0.100174
2276  2046.571017  1968.915670  20.069235  0.128232  2.095590  0.148481
2277  379.320937  1295.698939  20.405024  0.112283  2.559682  0.111334
2278  1507.340996  1634.657660  18.076655  0.154156  2.020266  0.048156
2280  56.179651  1661.879457  17.786716  0.063868  1.132615  0.082237
2281  1447.082405  918.254531  19.300747  0.079267  1.475634  0.111446
2282  386.484298  1408.070016  21.140118  0.128654  3.282515  0.267441
2283  1642.788529  915.407538  16.773301  0.044800  0.223267  0.037059
2284  2028.409526  435.049376  17.900370  0.069018  1.150864  0.074573
2286  1462.610009  1010.766600  18.020800  0.136769  1.283025  0.091980
2287  360.883408  749.383533  18.503461  0.060895  1.362481  0.052647
2289  1652.602964  1607.721434  18.311605  0.125183  1.800335  0.081621
2290  760.995435  1352.951355  18.204580  0.092828  0.931061  0.084694
2291  165.528480  316.542397  19.884735  0.144940  1.839540  0.171319
2292  1592.719290  565.235968  17.612006  0.046322  1.048744  0.068519
2293  1585.863218  970.901452  19.557988  0.111910  1.899586  0.096450
2294  39.815739  15.727868  19.853064  0.107094  2.087474  0.099535
2295  1066.751946  1753.624255  18.734474  0.127367  1.365893  0.082713
2296  245.221691  1997.434216  19.880160  0.088721  1.973203  0.099897
2297  986.252505  1293.141052  19.778263  0.122440  1.909925  0.144314
2298  732.322181  1711.524325  18.366694  0.118627  2.184727  0.048202
2299  697.441163  1704.113493  17.901243  0.098364  1.622727  0.107099
2300  2036.370356  296.096036  17.845456  0.056890  0.924432  0.043885
2301  1898.138161  1097.742354  17.738847  0.068415  0.803383  0.064097
2302  400.922377  1792.408027  18.217184  0.080768  1.580493  0.050440
2303  547.348482  284.697219  17.944041  0.051646  0.948461  0.063448
2304  680.876608  1743.466132  17.785180  0.111151  1.108585  0.084863
2305  552.590144  479.265334  18.778824  0.074968  1.330849  0.086680
2306  163.655219  1131.011824  20.859805  0.167429  3.005503  0.198353
2307  886.739194  707.621512  17.827764  0.086733  1.196736  0.106948
2308  965.052445  197.243391  19.244273  0.057907  1.433087  0.145299
2309  2000.274263  292.775376  19.043640  0.081801  1.523253  0.092925
2310  629.502545  2036.166975  19.045774  0.076239  1.679448  0.064271
2311  1164.249949  1654.991043  17.726199  0.064341  1.407292  0.115511
2312  1189.660029  1242.536592  17.909671  0.104467  1.084959  0.084831
2314  756.396125  265.436757  19.040209  0.097831  1.624617  0.107624
2315  211.037894  1551.621154  18.267168  0.055171  1.946581  0.069994
2316  1770.808031  1339.416195  19.908563  0.154287  2.006909  0.070018
2317  1064.129649  1598.529261  18.314255  0.072383  1.836335  0.070571
2318  1349.180243  1614.324857  17.786934  0.097149  1.251174  0.057171
2319  1483.436740  1965.704083  17.621253  0.056077  0.938112  0.063915
2320  315.338217  287.914204  18.286204  0.062881  1.976831  0.063032
2321  1377.711625  1860.382240  18.116475  0.082130  1.220238  0.076439
2322  1817.836638  1546.148582  19.793165  0.160249  1.822451  0.153638
2323  2027.553937  81.526917  17.816800  0.094915  0.997033  0.045188
2325  1025.540300  1320.527539  17.629692  0.053841  0.943723  0.115851
2326  1396.090380  1410.491029  17.739897  0.056009  1.983334  0.073614
2327  1964.859057  387.970696  18.378833  0.050336  1.398175  0.075018
2328  415.594654  1454.689650  19.140803  0.110116  1.599775  0.085786
2329  319.036855  675.603967  17.588537  0.113360  1.069571  0.052806
2330  1144.571698  1973.652113  16.991346  0.052869  0.445227  0.136449
2331  1935.815436  1312.105462  19.935939  0.251698  2.560919  0.138690
2332  110.189347  1170.500615  18.226221  0.094265  1.983391  0.099328
2333  48.487759  221.785958  20.545956  0.155419  2.719084  0.123067
2334  36.365765  596.517598  19.337309  0.199074  1.891224  0.114227
2335  135.637640  620.271065  17.600550  0.045925  0.964804  0.061810
2336  951.429109  1992.420599  18.004685  0.087607  1.684209  0.079885
2337  1620.826437  1305.384845  18.500403  0.140128  1.041856  0.090377
2338  14.926977  1423.159572  18.864233  0.057859  1.680630  0.135959
2339  29.901996  1590.182587  17.482069  0.077852  0.557670  0.133879
2340  477.511711  697.902349  17.681766  0.050918  0.931931  0.086136
2341  1960.042507  285.928801  18.827230  0.074254  1.273288  0.112626
2342  283.110243  1765.221049  19.473672  0.073560  1.619038  0.095006
2344  194.976328  1786.055427  18.182840  0.144013  0.948876  0.042245
2345  1531.483816  974.443995  16.164399  0.061220  -0.113176  0.039505
2346  1015.226815  126.143151  19.129336  0.122592  1.449631  0.055169
2347  796.623001  2036.568100  18.877365  0.093947  1.445877  0.065838
2348  1603.727766  180.541178  20.532601  0.102125  2.411838  0.098399
2349  1892.101752  2.802691  18.764878  0.068256  1.602953  0.059751
2350  241.271864  449.537140  17.987991  0.093157  0.846550  0.094124
2351  586.067321  1503.058477  17.816497  0.062227  0.756088  0.050918
2352  958.788794  1523.807437  20.090884  0.122673  2.164020  0.135459
2353  622.616105  253.825293  18.400543  0.122316  2.038714  0.110112
2355  1647.417674  1968.409883  20.134249  0.094037  2.063972  0.103694
2356  967.433138  1868.824341  18.757037  0.057743  1.605321  0.100204
2357  702.238045  204.307962  18.358466  0.046970  2.016699  0.052534
2358  1797.287305  1694.317834  15.991121  0.068797  -0.313563  0.049762
2359  1360.184987  1427.368465  19.708056  0.088603  2.034463  0.093186
2360  1643.274371  1150.255285  17.359250  0.039715  0.647176  0.076086
2361  834.493371  1562.128892  17.959983  0.074352  0.947162  0.061853
2362  1888.708897  497.329254  19.260281  0.160940  1.712146  0.066903
2363  558.011950  617.670704  18.877661  0.078549  2.061339  0.095385
2364  276.210278  1706.241857  17.917648  0.069144  0.651330  0.105961
2365  643.311321  988.622992  18.713872  0.147715  1.059308  0.060734
2366  1769.442575  1430.115472  18.397187  0.095972  0.976407  0.087839
2367  1966.876431  1198.948589  18.957562  0.070971  1.843580  0.100978
2369  402.497377  172.138696  18.606984  0.135246  0.975884  0.113839
2370  1551.895898  412.624491  18.882984  0.085932  1.424952  0.139614
2371  122.243665  8.628424  18.628550  0.093792  1.118084  0.069077
2372  1024.613269  1310.119987  19.523624  0.135991  1.507611  0.152136
2373  525.978869  863.386087  18.677599  0.053076  2.303856  0.082181
2374  332.317698  1246.719741  19.480905  0.090901  1.429027  0.102352
2375  268.148315  435.470954  20.427248  0.097883  1.676524  0.188482
2376  83.211163  654.604650  18.484217  0.087890  0.916736  0.073317
2377  586.132103  1042.203902  19.073879  0.127730  1.592689  0.061965
2378  397.402269  1247.757242  19.808909  0.145989  1.448529  0.156307
2379  1299.020391  1654.302420  18.856521  0.092949  1.092679  0.080621
2380  1787.185261  1889.538120  20.563404  0.110307  2.166258  0.167842
2381  591.555895  666.938764  18.246632  0.082167  0.936835  0.058709
2382  1190.577093  1915.684681  18.250669  0.100182  0.925105  0.107867
2383  1321.655950  506.469852  20.723972  0.112748  2.091118  0.282010
2384  312.833569  417.016226  18.558709  0.112220  0.987061  0.059064
2386  968.428158  1501.435687  18.270928  0.045929  1.038402  0.099500
2387  565.761889  1343.680186  18.193193  0.057299  0.758962  0.056884
2388  742.241886  1378.920051  18.310013  0.099425  1.224215  0.161574
2389  1624.918044  1285.983020  18.545919  0.122039  1.663031  0.050873
2390  1602.749083  1268.597004  18.795130  0.117891  1.177837  0.111434
2392  682.555681  2013.789821  19.794203  0.134248  1.518084  0.112722
2393  541.548753  1936.941372  18.286804  0.124272  1.175811  0.157752
2394  1272.094514  1860.482363  16.351696  0.046368  -0.172044  0.052706
2395  76.433211  1992.526203  20.547830  0.198550  1.812858  0.085865
2396  154.534588  712.404005  19.400225  0.176480  1.076826  0.093625
2397  1577.310243  430.833424  18.420889  0.175604  0.976052  0.177371
2398  42.785549  1703.873769  18.558372  0.059322  0.894975  0.098161
2399  830.453127  366.593175  18.791242  0.134065  1.247445  0.078899
2400  1505.772580  563.569918  18.132592  0.074980  1.006066  0.089106
2401  1109.681913  249.584957  18.848692  0.213356  1.181282  0.092562
2402  184.710244  1306.308376  16.414321  0.047139  -0.105300  0.068314
2403  1153.904079  1156.212029  18.575613  0.176517  1.491569  0.219624
2404  414.257785  1035.050917  18.287309  0.048125  0.872496  0.076947
2405  154.240478  626.783176  16.289716  0.049725  -0.380949  0.044949
2406  1279.146466  1674.456045  19.338159  0.119733  1.473019  0.074353
2407  1129.088818  1763.873306  18.795340  0.066396  1.400774  0.081916
2408  316.911058  1860.387771  18.939933  0.142306  2.275660  0.173721
2409  127.568076  642.254051  19.954713  0.163468  2.058632  0.189666
2410  41.502345  1583.947618  21.001414  0.220510  2.612463  0.212605
2412  794.330195  1083.492812  19.999447  0.120426  1.671006  0.180738
2413  1922.384185  1914.211461  19.850043  0.087749  1.944042  0.113567
2414  1557.520752  2025.172791  17.874620  0.161909  0.654139  0.065316
2415  1583.070813  858.382565  18.348551  0.053113  0.847077  0.097834
2416  1438.994856  909.180189  16.625652  0.045775  -0.123016  0.041553
2417  624.624038  1721.883056  18.542393  0.091733  1.493525  0.101662
2418  458.580504  474.521159  20.179341  0.107338  1.923874  0.127565
2419  1381.494878  1528.216990  15.955865  0.041436  -0.423542  0.050220
2420  1290.839635  1583.277245  18.702718  0.064959  0.916915  0.071235
2421  1738.645782  16.072118  18.790480  0.094632  1.855179  0.096545
2422  1962.430039  797.875410  18.237806  0.104012  1.048912  0.065517
2423  1309.782728  1889.772301  18.884216  0.068853  1.595003  0.083353
2424  716.615106  1306.126449  18.231002  0.117333  0.545981  0.142858
2425  1564.524808  815.403986  18.870506  0.109306  1.257699  0.116148
2426  1872.603819  660.271273  18.370842  0.050365  0.864571  0.149397
2427  767.570214  1029.139796  18.159019  0.058494  1.041929  0.089691
2428  1225.441608  1132.462193  17.745293  0.112996  0.733742  0.066006
2429  1152.292253  478.449698  18.621890  0.138020  1.999560  0.077348
2430  364.079353  289.513391  18.794318  0.150039  0.980774  0.086316
2431  1258.669695  773.820988  19.092231  0.106567  1.036747  0.088873
2432  862.765114  666.302031  16.812117  0.062246  0.098209  0.068272
2433  1091.862930  966.969002  18.439978  0.119138  1.884773  0.064220
2435  365.794200  1111.184384  18.889754  0.089552  1.120881  0.070739
2438  22.142389  411.573105  18.789204  0.081097  1.172320  0.071442
2439  1520.027216  726.057140  20.854265  0.094515  2.124597  0.119781
2440  165.869755  565.178316  19.045750  0.086525  1.470803  0.113147
2441  1714.897248  1153.371675  16.556652  0.053218  0.154341  0.078593
2442  365.235013  564.407121  18.724347  0.139858  1.475556  0.078192
2443  379.668181  1694.093902  18.387422  0.082676  1.189689  0.049591
2444  1692.624913  882.060871  18.010588  0.117795  0.447480  0.065316
2445  739.411343  867.645037  18.766310  0.097205  1.000978  0.062240
2446  1758.537302  1421.357815  18.407006  0.083802  1.096292  0.065993
2447  963.244103  629.710219  18.067853  0.052182  0.830815  0.043808
2448  812.684307  1478.769880  18.692801  0.106566  1.161908  0.133188
2449  1320.299034  834.645235  18.674211  0.052754  1.225502  0.068114
2450  1566.382609  619.224973  19.437564  0.069973  1.356972  0.064452
2451  1816.696542  1798.448956  18.542306  0.081767  1.131487  0.104137
2452  1457.858500  937.777006  18.639797  0.109295  0.988359  0.055448
2453  829.769875  1747.373896  18.490843  0.114034  1.115480  0.072381
2454  651.770755  775.312731  15.858444  0.060260  -0.581408  0.044237
2455  940.115447  1436.597219  18.347175  0.073138  1.095180  0.058907
2456  1804.850858  167.894613  19.068447  0.140955  1.608801  0.133250
2457  1863.770106  1413.070028  18.480743  0.110372  1.165183  0.093649
2458  755.347633  1579.813988  20.097193  0.102143  1.896327  0.170747
2459  1396.140807  2003.768571  19.279257  0.091432  1.350154  0.231475
2460  865.046410  678.532120  18.508564  0.191366  1.094496  0.110885
2461  1385.043519  892.611537  18.398345  0.072252  0.865927  0.060600
2462  1173.868393  1904.313593  18.876443  0.081245  1.155329  0.107507
2463  1926.984650  1652.128694  19.635553  0.098438  1.839401  0.104734
2464  771.270067  1434.898849  18.896115  0.078868  1.820297  0.057635
2467  953.226416  1592.237868  18.430555  0.069169  0.736234  0.096554
2468  129.634209  1184.990875  18.622766  0.109980  0.996200  0.118662
2469  229.931261  2045.258007  18.832271  0.063696  0.868075  0.135347
2470  494.488459  1081.647387  20.503133  0.123927  1.879794  0.326058
2471  1319.354846  1068.506987  18.744269  0.183973  1.149614  0.106968
2472  1541.183617  1973.147290  18.709585  0.079334  1.370659  0.098538
2473  662.898540  1781.999271  21.708424  0.171692  3.052449  0.254817
2474  1570.517209  955.977321  16.916512  0.053297  0.157420  0.079519
2475  339.701353  1037.643756  19.192178  0.071282  1.430271  0.075421
2476  1287.653186  1242.544109  18.839043  0.125262  1.115908  0.055186
2477  569.432117  1871.320062  18.709752  0.070052  1.126402  0.094985
2478  1874.720345  1151.114138  18.927826  0.137498  2.076694  0.131417
2479  1688.668776  16.656818  18.463215  0.076357  1.173001  0.092649
2480  830.507065  506.519851  18.763223  0.103263  1.191484  0.056563
2481  525.922524  1025.514262  19.112564  0.172117  1.238751  0.076012
2483  24.035357  1803.212789  18.738452  0.074332  0.956095  0.080689
2484  1105.385907  958.207758  20.691024  0.133411  1.968681  0.152564
2485  1799.128507  1803.157872  18.248834  0.087720  1.081273  0.065754
2486  1964.948090  1108.642009  18.819325  0.076782  0.963216  0.066872
2487  127.428001  1899.684622  19.410515  0.200245  1.402344  0.084596
2488  704.667597  1746.328806  19.945059  0.107637  1.828643  0.106102
2489  180.865911  679.486576  20.180858  0.156916  2.005770  0.120823
2490  764.746852  1272.221166  18.988663  0.058525  1.429757  0.193144
2492  683.694462  1287.618484  20.911892  0.120163  2.495815  0.179658
2493  346.455914  993.181404  19.299157  0.111598  1.242057  0.107985
2494  500.221713  1627.931210  18.082572  0.060730  0.682679  0.104245
2495  408.898740  468.351545  19.023450  0.129770  1.103398  0.101878
2496  744.230345  1644.327237  19.135076  0.137852  2.238314  0.097722
2497  570.557860  947.185398  18.622081  0.069386  1.125772  0.087339
2498  206.497254  191.832086  19.350993  0.093794  0.968755  0.154356
2500  1260.900183  1339.530382  19.696859  0.181568  1.264139  0.084441
2501  127.396015  1009.323066  19.304966  0.088528  1.839489  0.086811
2502  57.102328  329.990412  20.681599  0.106316  1.792917  0.131673
2503  1901.780171  833.938231  19.737534  0.108955  1.433211  0.079657
2504  1687.313885  129.538494  21.051375  0.281408  1.933754  0.154954
2505  1241.132681  1175.286760  18.715807  0.121030  0.976585  0.066365
2506  1220.134454  1667.566348  19.983809  0.116600  1.389255  0.118833
2507  1975.634529  720.398653  19.063824  0.079944  1.026239  0.087837
2508  43.933917  833.340697  19.684484  0.188544  1.294614  0.166832
2509  388.367598  1835.259264  19.713509  0.122222  1.284971  0.115108
2510  1425.932648  195.254548  19.328313  0.088440  1.262144  0.084079
2511  215.313789  828.410490  18.634285  0.059306  0.771003  0.075533
2514  148.429413  908.286049  19.335093  0.186213  1.834777  0.072836
2515  1855.593516  1757.634832  19.420364  0.108258  1.204964  0.092428
2516  207.542823  1530.993430  17.165926  0.052819  0.216825  0.077601
2517  1608.804420  1930.911634  19.500248  0.170984  1.544470  0.139835
2518  859.357785  411.396528  19.134493  0.099902  0.950249  0.097284
2520  776.996605  1510.639114  19.601191  0.112557  1.061974  0.132212
2521  1034.092483  472.990086  19.052983  0.063612  1.468063  0.116475
2522  1160.919114  201.079404  17.973769  0.048644  0.517093  0.158705
2523  130.166862  1947.736503  19.290153  0.195371  1.099058  0.093006
2525  675.447903  184.921403  19.382963  0.093076  2.302887  0.087488
2526  385.172602  1803.540672  19.897936  0.119921  1.377163  0.154663
2527  1833.813663  1234.903367  19.339043  0.162002  1.271184  0.170290
2528  1356.581156  424.044895  20.467214  0.180557  1.136629  0.173868
2529  1602.894401  1016.962255  18.169318  0.121963  0.488527  0.082691
2530  1508.050283  21.935790  19.811467  0.234953  1.449220  0.120102
2531  414.970522  1948.155792  19.616380  0.231903  1.120647  0.127936
2532  146.075030  275.977281  19.924092  0.136155  1.186901  0.217295
2533  1733.636756  264.233157  20.321992  0.185393  1.770315  0.142327
2534  736.308666  428.881365  20.193394  0.227269  1.734670  0.209285
2535  1993.646233  763.467889  18.716822  0.063444  0.624860  0.115353
2536  566.708545  914.376293  18.306412  0.090109  0.367415  0.091462
2537  424.821210  1418.266533  18.692769  0.056796  0.510601  0.079354
2538  262.490018  291.935998  19.741004  0.124567  1.410000  0.150830
2539  1245.327827  1313.271854  19.499767  0.082971  1.958031  0.091779
2540  1969.622526  764.653670  19.286421  0.089361  1.197337  0.123804
2541  92.204728  1565.630956  19.049403  0.073809  1.194737  0.077910
2543  737.484646  1465.175946  19.475893  0.085900  2.099341  0.085660
2544  932.246857  2025.073403  20.473953  0.140134  1.990886  0.169769
2545  269.145507  179.935825  19.934826  0.134118  1.559615  0.123187
2546  10.588778  333.675926  19.249242  0.105717  1.128850  0.112354
2547  1992.375073  1032.753313  20.529885  0.110074  1.747787  0.133023
2548  152.547785  1938.428110  19.972180  0.076230  1.291960  0.145622
2549  1858.364338  1013.246484  18.141793  0.067950  0.366479  0.073893
2550  1438.680835  617.938003  19.755791  0.075195  1.238218  0.178162
2551  1298.307021  1062.196960  18.183382  0.047996  0.400920  0.068179
2552  1756.806407  413.012521  21.301035  0.138774  2.780369  0.206651
2553  254.374784  1892.871661  20.565751  0.103915  2.062664  0.206389
2554  1432.908084  1656.482380  19.790286  0.162529  1.754480  0.126273
2555  323.542378  597.132159  19.826898  0.139496  1.734066  0.127739
2556  188.703282  766.287780  19.673765  0.110343  1.171302  0.111493
2557  1474.095706  17.293426  18.505678  0.056307  0.990979  0.101519
2558  560.468600  1196.921673  18.929468  0.127602  0.886685  0.196388
2559  345.950181  755.518047  19.896375  0.113012  1.391433  0.118305
2560  1460.340246  1698.416034  18.123806  0.102291  0.742230  0.105620
2562  1884.244482  932.958926  19.218712  0.110551  0.987644  0.105888
2563  2001.584002  1080.998110  18.680543  0.118262  1.108412  0.082979
2565  1345.222570  1345.842212  19.428709  0.126756  1.023064  0.088907
2566  380.958681  29.333060  19.619978  0.123254  1.206174  0.068611
2567  44.143826  1156.603389  18.276600  0.063984  0.393363  0.061822
2568  1208.593095  2032.981667  18.950540  0.067094  1.243423  0.120956
2569  967.368051  1733.661859  18.937462  0.081041  1.347314  0.120553
2570  1933.728013  805.959254  18.975097  0.116118  0.993481  0.090886
2571  693.615636  27.464398  19.156415  0.063530  1.288870  0.163882
2572  27.055032  380.907287  20.994299  0.235275  2.527146  0.258011
2573  844.498061  782.944780  17.081500  0.059963  0.083527  0.052188
2574  956.605301  1330.517197  20.708672  0.123673  2.026215  0.267906
2575  115.429790  1448.097439  17.923389  0.047366  0.487731  0.045997
2576  1915.835587  164.951047  19.212377  0.097362  1.157188  0.069198
2577  1806.731163  684.775481  20.752572  0.199520  1.925591  0.141974
2578  1648.317387  1566.950799  16.614340  0.034887  -0.386242  0.050221
2580  1162.705634  2041.028008  19.235017  0.105748  1.305542  0.062282
2581  183.401329  889.447358  19.071087  0.080826  1.347984  0.072236
2582  1260.567749  63.931078  19.661376  0.122497  2.496399  0.069489
2583  1803.554557  577.920695  18.493744  0.065715  0.766948  0.085439
2586  958.218725  943.762789  19.394850  0.088150  1.426709  0.129675
2587  779.392629  656.300804  19.096640  0.122711  1.061537  0.084193
2588  853.091771  764.928519  18.195621  0.047366  0.403828  0.091547
2589  973.233651  1373.293321  19.492960  0.115201  2.171942  0.156808
2590  885.516278  146.450288  19.802081  0.125604  1.381970  0.086279
2591  1926.307933  1579.763184  18.839820  0.091979  1.047016  0.150633
2592  1896.817545  1097.785733  18.935857  0.137503  1.413277  0.107175
2593  1313.003027  1225.437226  20.215881  0.081966  1.617741  0.088583
2594  1530.280986  910.173034  19.325002  0.104747  1.363017  0.131689
2595  131.553245  1335.642917  19.014789  0.058845  1.027691  0.082299
2596  398.697231  921.041869  18.930339  0.088310  0.877820  0.100065
2597  1420.026979  1329.259259  19.799187  0.153967  1.376186  0.098325
2598  1603.517962  50.101738  18.333638  0.051591  0.580472  0.057770
2600  1784.762666  1020.886150  20.677385  0.168385  1.767414  0.183042
2601  215.635556  1924.389806  16.780635  0.050573  -0.255398  0.037040
2602  1279.493545  368.725127  18.031295  0.084618  0.497410  0.074744
2604  1962.947686  1517.705797  18.945706  0.132017  0.867232  0.075822
2605  756.713408  1695.453164  19.750522  0.089719  1.323591  0.145862
2606  1788.851791  348.764961  19.481377  0.070399  1.423295  0.078685
2607  207.371592  1094.374229  20.039689  0.093035  1.559599  0.097334
2608  1010.895577  925.297826  19.214788  0.110482  1.118956  0.162198
2610  491.144761  647.195057  20.508919  0.125639  1.839600  0.130044
2611  1337.993456  1587.701432  19.119245  0.097942  1.044256  0.061207
2612  1248.196484  447.170631  18.277334  0.055163  0.595119  0.072699
2613  1581.858359  546.896288  20.094865  0.151495  1.691305  0.151127
2614  1839.527542  1605.753466  19.083582  0.073580  1.101602  0.103855
2615  165.963509  25.323458  19.138692  0.106814  1.081538  0.119746
2616  928.440274  1282.236876  19.765148  0.087819  1.402146  0.117885
2617  730.853469  659.351619  20.313724  0.118003  1.564109  0.199320
2618  1136.285078  1648.496067  19.672212  0.178504  1.232456  0.085913
2620  2014.713408  1490.674490  19.563245  0.122471  1.198788  0.111833
2621  1473.165826  137.185378  18.857302  0.124814  0.970066  0.096255
2622  1860.628379  1140.435002  20.963514  0.212856  2.149519  0.332975
2623  550.654913  227.887529  19.108557  0.066280  0.942292  0.143966
2625  1831.278980  1308.695807  20.734350  0.118389  1.943108  0.128936
2626  1400.173702  1012.829134  20.052321  0.129330  1.579389  0.167932
2627  1623.813514  651.253081  18.293588  0.070017  0.440168  0.079123
2628  1500.931606  170.388046  19.981042  0.195384  1.485426  0.317101
2629  353.713232  1787.341215  18.031352  0.061372  0.589923  0.090042
2630  926.916279  1376.055333  21.216109  0.189872  2.474054  0.230457
2632  207.675594  705.729881  19.449485  0.123851  1.177306  0.121652
2633  986.744348  1785.914677  19.143416  0.062746  1.400760  0.074469
2634  1023.145992  590.696333  20.612053  0.227009  2.073420  0.165596
2635  1900.178022  627.739089  19.894074  0.217829  1.535958  0.158824
2636  1161.295495  143.099542  19.556099  0.105670  1.739083  0.107118
2637  1839.298076  1953.897919  19.419310  0.143541  1.220369  0.095036
2638  236.466305  312.774948  20.223082  0.201081  1.688263  0.091062
2639  942.933905  81.785347  19.524410  0.087041  1.114332  0.140600
2640  256.024921  76.652347  19.648598  0.168055  2.133783  0.186422
2641  2003.240054  69.558762  16.863282  0.038816  -0.154403  0.047344
2642  673.777162  466.295967  19.033817  0.061614  0.858744  0.065823
2643  1495.687141  1199.278325  18.763122  0.114314  0.684419  0.057048
2644  447.672060  1308.997865  18.947873  0.073130  1.072171  0.063919
2645  242.871876  1154.424256  20.137601  0.085794  1.802267  0.175992
2646  1076.340210  1961.746476  19.018477  0.059416  1.080260  0.057265
2647  1243.768305  892.606683  19.311020  0.112293  1.743914  0.070453
2648  676.973391  1402.887836  21.252649  0.152572  2.037295  0.148673
2649  1955.287396  531.813526  18.860350  0.055375  0.772240  0.078871
2651  421.224442  312.587011  18.631408  0.064850  0.617542  0.057108
2654  1531.604886  35.057733  19.155112  0.191262  1.136450  0.101370
2655  1248.897202  1084.076779  20.922057  0.106291  1.966842  0.137153
2656  312.725204  1862.644772  19.717099  0.081416  2.139871  0.186272
2657  1385.545960  1459.061162  19.407733  0.093299  1.336553  0.073542
2658  1283.518547  1639.381679  19.981869  0.085782  1.721218  0.170703
2659  658.310287  576.217211  16.860696  0.036825  -0.263404  0.073398
2660  1616.502615  1305.664455  19.711075  0.124494  1.135694  0.148498
2661  2019.946875  372.337337  19.325822  0.107743  1.017178  0.131802
2662  1722.908802  1134.080935  19.366238  0.082762  1.409575  0.075501
2663  1525.508526  1498.025727  19.312602  0.080650  2.063084  0.066535
2664  1144.843401  549.795451  19.493693  0.173667  2.657637  0.139453
2665  1240.420917  935.119881  20.479520  0.103102  1.632535  0.234615
2666  1786.289620  1044.678755  18.798660  0.055699  0.790384  0.058344
2667  843.225386  1879.054789  19.831822  0.100421  1.196539  0.095205
2668  453.306924  652.473397  18.578283  0.079610  0.865920  0.055921
2669  957.871349  312.282995  20.104502  0.168408  1.499165  0.131023
2670  1207.193065  796.097187  19.125096  0.086621  1.054795  0.062484
2671  1665.570543  637.983496  19.224357  0.097585  0.960069  0.080085
2672  423.532591  78.439384  18.128286  0.076754  0.372348  0.064106
2673  1660.364037  208.476016  20.839390  0.212993  1.837711  0.157409
2674  583.035831  488.608503  19.288534  0.072435  1.569555  0.123071
2675  770.601076  993.796158  19.033849  0.083000  0.759328  0.109471
2676  897.113912  1174.794192  18.945556  0.115298  1.084084  0.134900
2677  1344.965292  596.946420  19.363587  0.081681  1.153248  0.138391
2678  288.898735  1099.116254  19.531149  0.073150  0.941825  0.104941
2679  1342.182034  126.646649  20.973427  0.285087  2.040293  0.232813
2680  1419.008120  548.515156  19.238179  0.134345  1.522263  0.083502
2681  1937.174457  1008.006454  19.376057  0.109856  1.744296  0.073363
2682  80.833869  953.687729  19.748923  0.098381  1.481409  0.070768
2683  1781.473491  853.885427  19.169101  0.110756  1.348344  0.117995
2684  1330.390234  1346.364363  17.554055  0.057871  -0.154661  0.048552
2686  5.469417  627.191241  21.053839  0.333582  1.820883  0.120700
2687  920.396062  1976.929340  19.430293  0.108182  1.155805  0.114401
2688  486.290285  1949.383803  20.892968  0.161626  1.482994  0.161485
2689  1287.306358  1563.124906  20.009405  0.076413  1.257918  0.289849
2691  1925.728035  793.475991  20.815860  0.177131  1.844924  0.228448
2692  1460.670474  1268.441323  19.494579  0.102160  1.181283  0.184003
2693  194.339771  1512.593749  19.542215  0.144782  1.034836  0.109666
2694  1486.601549  719.925272  19.760459  0.079054  0.920204  0.121047
2696  2005.801288  268.803703  20.598167  0.110152  1.499392  0.166347
2697  1271.203509  1990.592393  20.872486  0.126233  1.451817  0.174743
2698  1361.485872  1304.490382  19.288499  0.140742  0.731622  0.112403
2699  1630.947744  1343.873037  19.825170  0.070415  1.260689  0.080914
2700  597.982298  274.176480  20.093519  0.221733  1.444858  0.118856
2701  1512.073844  1006.055591  19.885247  0.226493  1.188503  0.078658
2702  1439.608738  1832.587748  20.047630  0.133850  1.285881  0.077677
2703  689.305130  297.330713  20.106463  0.078068  1.437858  0.089208
2704  860.030601  852.854177  20.170528  0.091949  1.058592  0.089871
2705  1189.779040  531.543495  20.057888  0.099155  1.133384  0.096960
2706  1824.269198  101.236079  20.090877  0.109581  1.137560  0.142221
2707  34.698679  956.699358  20.778688  0.236474  1.845235  0.256499
2708  1692.752475  1258.319557  19.944472  0.246094  1.454922  0.077830
2709  1750.987447  1087.705366  20.715425  0.253199  2.201675  0.176035
2710  2043.692594  1841.250018  20.153359  0.369964  1.289558  0.317915
2711  1481.753341  1920.706280  19.286523  0.143914  0.875547  0.190038
2712  637.289314  23.348668  20.471550  0.192980  1.652660  0.180318
2713  335.921834  1249.287063  19.970293  0.088642  1.226384  0.139188
2714  94.625961  1138.666366  19.865528  0.092320  2.320419  0.114704
2716  1659.040951  964.050086  20.032393  0.101971  1.240305  0.109865
2718  471.404305  1947.048820  20.091213  0.179232  1.348112  0.092145
2719  795.102273  1140.993931  20.169201  0.211216  1.165830  0.085444
2720  1807.453599  1766.726936  20.017854  0.132590  1.244962  0.114452
2721  411.718937  2025.230548  19.976823  0.088486  0.959406  0.151866
2722  951.832636  1095.080665  18.584631  0.086593  0.341836  0.083110
2723  1022.536427  748.311597  17.693298  0.108352  -0.205981  0.051197
2724  615.125515  417.841195  21.077296  0.166560  1.933824  0.132685
2725  1513.606186  1493.531232  20.920099  0.126456  1.675447  0.113176
2726  1489.570853  140.177878  20.028047  0.082628  2.254818  0.141533
2727  31.442103  134.093059  20.560796  0.203865  1.577059  0.098887
2728  740.524427  916.324674  19.144058  0.136569  0.692433  0.074369
2729  168.776513  124.253274  20.602509  0.111478  1.756595  0.116531
2730  613.879027  153.496925  19.296789  0.114140  0.923231  0.166693
2731  922.992759  1601.212932  19.477821  0.138290  1.066065  0.103063
2732  680.607620  1798.848409  19.928716  0.155134  1.224033  0.143849
2733  2041.749445  1057.571423  19.733381  0.086514  1.003583  0.113206
2734  619.443015  995.677714  19.403795  0.172865  1.372751  0.108653
2735  827.967813  915.434482  19.455712  0.195238  1.430656  0.123006
2736  323.598096  171.278912  20.105798  0.200260  1.126546  0.077450
2738  1391.296134  572.003361  18.953078  0.070068  0.729485  0.056913
2739  1353.260162  758.300481  19.672469  0.124761  1.075892  0.108082
2740  415.449961  170.618472  19.598990  0.119033  1.580297  0.223396
2742  234.975153  56.064425  20.132434  0.145025  1.080576  0.119691
2743  1677.620068  1143.130294  20.086334  0.098801  1.166055  0.095732
2746  835.470666  515.285695  20.154160  0.124210  1.260611  0.167807
2747  1051.445164  856.659904  20.490079  0.237281  1.954064  0.081589
2748  1945.131179  475.980334  20.143802  0.144893  1.517801  0.133853
2749  840.196510  506.107080  20.404983  0.128575  1.294699  0.283148
2750  1354.025545  1090.848289  20.168417  0.139161  1.141361  0.154537
2751  1970.024458  1822.305462  20.053275  0.085791  1.426668  0.086458
2752  1378.482172  1558.841322  19.536251  0.104867  0.643988  0.088937
2753  614.656713  262.502182  20.096431  0.090041  1.501472  0.134478
2754  318.456156  237.017684  18.723883  0.088276  0.562359  0.056639
2755  460.733130  1278.382242  18.925890  0.132434  0.143526  0.111078
2756  1354.493526  1370.317604  18.994713  0.086443  0.573984  0.160749
2757  1714.979203  1398.993973  20.967030  0.108134  1.758602  0.140004
2758  242.144250  1823.689073  19.643193  0.072135  1.031385  0.089652
2759  884.561764  507.145137  20.202560  0.084538  2.300536  0.164026
2760  1815.350367  401.512663  19.394479  0.195704  0.993705  0.080027
2761  1789.330584  1836.723671  20.194136  0.111078  1.778249  0.087403
2762  461.036601  470.791743  20.938869  0.200552  1.318873  0.194751
2763  638.596059  1934.114202  19.871430  0.181509  1.103400  0.073139
2764  1985.369649  2040.322601  20.363634  0.093824  1.406750  0.096540
2765  136.959265  1585.220760  19.782235  0.225878  1.098633  0.087425
2766  1032.176741  1208.150224  19.643155  0.179931  0.778934  0.110849
2767  1386.224150  747.880096  20.165392  0.110478  1.278961  0.170832
2768  1221.826205  919.860826  19.622546  0.124843  1.251439  0.088359
2769  1440.931738  1183.133379  19.147424  0.080521  0.792158  0.118453
2770  1333.385199  72.089669  19.682309  0.088390  1.276907  0.179745
2771  882.896519  1467.337029  20.383463  0.203515  1.569996  0.134159
2772  1453.184152  735.428473  19.963900  0.111586  1.166618  0.109069
2773  992.174932  1888.771798  19.077235  0.101463  0.615770  0.156509
2774  755.656688  663.968868  19.319012  0.138528  0.844930  0.121819
2775  2010.285884  544.819863  19.009792  0.115297  0.727774  0.172724
2776  918.494502  669.995934  19.798477  0.092548  1.276842  0.133249
2777  961.419975  2040.695067  20.037219  0.081257  1.152504  0.180431
2780  377.123827  219.012231  20.448841  0.145528  1.423464  0.191993
2781  1969.703221  15.025481  20.467202  0.142524  1.592868  0.157691
2782  272.091685  741.376386  19.673509  0.111476  1.032216  0.082158
2783  1710.193020  260.223640  20.233557  0.086780  1.275462  0.254364
2784  200.106475  0.974277  19.716264  0.113184  0.989359  0.133792
2785  1774.684629  730.462186  19.786093  0.101135  1.604087  0.168328
2786  1650.462784  1845.590088  20.265724  0.104285  1.431328  0.116977
2787  946.480099  1810.367468  20.215811  0.164884  0.956912  0.177693
2789  1820.794091  1513.546436  19.810061  0.196799  1.033271  0.077874
2790  1133.513484  1513.639297  20.460893  0.110815  1.443262  0.188933
2791  1371.838745  1846.890346  18.381106  0.108005  0.313628  0.084778
2792  812.449754  1431.511358  19.706181  0.073647  0.813997  0.142963
2793  1485.640995  946.178852  19.864818  0.128763  1.164345  0.117996
2795  1418.971019  1748.517603  20.221258  0.166440  2.195055  0.110985
2797  689.967179  1809.525022  18.637856  0.105561  0.163125  0.075476
2799  288.382781  316.853422  20.650434  0.165256  1.864853  0.154823
2800  1626.137341  51.944743  20.710509  0.133246  1.216358  0.287069
2801  1179.220551  148.499412  19.645033  0.080876  1.146097  0.083078
2802  1759.460684  295.762053  19.691837  0.122853  2.213607  0.131383
2803  1263.663960  368.705840  19.622921  0.070025  0.946589  0.101075
2805  449.078546  1737.712736  19.875879  0.114027  1.772090  0.262611
2806  224.661062  1951.927700  20.298021  0.144743  1.480782  0.100879
2807  2033.314714  1738.634733  19.709355  0.122124  1.105707  0.112988
2808  677.080237  1480.825074  19.485442  0.097853  0.901525  0.102567
2810  447.544898  640.139382  17.692181  0.077114  -0.078711  0.058690
2811  517.607210  967.614784  17.905874  0.051269  -0.068853  0.066280
2812  38.482057  1649.738795  20.047299  0.185526  1.136067  0.138182
2813  243.272271  245.268623  20.319738  0.102793  1.250256  0.281112
2814  1671.460958  1021.742309  19.517474  0.085389  1.506027  0.178902
2815  1037.120360  1209.329210  19.553647  0.101475  1.415563  0.082066
2816  1122.331540  241.879087  20.842340  0.257841  1.273613  0.132331
2817  869.479597  487.108577  19.850471  0.178274  1.297930  0.099619
2818  1537.588742  661.644483  20.726870  0.127721  1.546606  0.136113
2819  218.922138  286.374267  20.706648  0.177418  1.442488  0.095347
2821  1686.502627  1331.241399  18.856088  0.109305  0.699566  0.083985
2822  1526.942100  1920.535301  18.929385  0.168896  0.441449  0.073332
2823  1741.142810  1168.618350  18.956135  0.127624  0.689687  0.055664
2824  1874.284334  1331.543126  20.212874  0.107031  1.308022  0.160514
2825  887.240341  778.327502  19.613923  0.168259  1.010662  0.153858
2826  542.868099  1336.011547  17.849399  0.107645  0.049362  0.047707
2827  666.359806  1829.161771  20.586296  0.182838  2.081512  0.229455
2828  1586.993965  32.372547  20.411590  0.307422  1.495366  0.107633
2829  1669.803439  118.068509  20.415443  0.083893  2.419437  0.169563
2830  488.701297  1038.120670  19.804354  0.090620  1.597582  0.162099
2831  1257.068415  1839.883204  19.003044  0.070105  0.562793  0.079730
2832  1783.404506  1163.415915  19.799504  0.075944  1.676392  0.074690
2833  913.040299  1403.088531  20.256281  0.130382  1.307467  0.146017
2834  909.303012  1175.943298  18.140539  0.121304  0.214674  0.054454
2835  1114.068585  677.093542  20.687620  0.225439  1.644590  0.162217
2836  512.145813  1761.975574  20.327765  0.204441  1.179989  0.190555
2837  461.670275  1632.946589  20.217957  0.231436  0.967655  0.161971
2840  1191.334388  908.456726  19.340872  0.139438  1.466909  0.156553
2841  358.754576  412.467065  20.390412  0.227883  1.797881  0.183183
2842  1831.498225  774.890338  20.010864  0.121659  1.604005  0.202511
2843  1028.041262  644.215681  19.689031  0.102361  1.563195  0.093010
2845  517.356852  1988.233068  20.355390  0.094127  1.194957  0.093811
2846  1731.396702  1029.743845  20.231300  0.201653  1.267792  0.082828
2847  934.452561  1090.408569  19.865613  0.125113  1.323669  0.075921
2848  1535.018150  1899.541408  19.776010  0.125580  1.180779  0.086638
2849  465.725418  67.646109  17.539841  0.076819  -0.260551  0.040753
2850  403.419665  970.834433  19.968023  0.220594  1.192718  0.103820
2851  1872.299472  1081.949519  18.950965  0.232883  0.801619  0.083431
2852  1278.076956  1824.740103  19.836486  0.257253  1.339984  0.204469
2855  1309.015103  334.009562  20.125278  0.084401  0.975015  0.126801
2856  7.361402  1362.147434  20.756386  0.154121  1.791738  0.279647
2857  2022.840225  1076.429148  20.445039  0.193682  1.390988  0.231028
2858  1700.751015  298.815948  20.680540  0.213962  1.329676  0.142933
2859  1262.963553  687.098951  17.525983  0.084928  -0.301277  0.047344
2860  1304.085268  64.914079  19.146222  0.102703  0.802341  0.061048
2861  1942.507477  1953.574537  20.156357  0.168675  1.278434  0.112898
2862  539.265235  1956.270121  20.264408  0.154115  1.245214  0.077333
2863  1145.602317  1153.659143  19.719531  0.103846  1.433782  0.118020
2864  1428.725805  1562.765051  19.842310  0.114831  1.158129  0.110686
2867  1326.273997  1717.575485  19.841604  0.146038  1.033027  0.226623
2868  730.501997  1141.200351  19.795564  0.104478  2.548888  0.136162
2870  883.714710  52.761250  20.714699  0.153072  1.791915  0.127510
2871  1777.671783  1474.918330  20.124061  0.171779  1.183336  0.153397
2872  1540.762435  1837.964056  20.352869  0.177489  1.432864  0.103198
2873  1778.734255  38.517206  19.640832  0.073914  0.931451  0.157546
2874  39.257823  173.796352  20.012874  0.083153  1.039147  0.088823
2875  1764.587132  1383.653472  19.921273  0.131001  0.976191  0.120143
2876  963.953780  1321.592702  20.502650  0.182733  0.874997  0.144436
2877  1179.113148  1869.023477  19.200445  0.070562  0.368138  0.180691
2878  580.319981  1322.605233  19.803416  0.077272  1.221407  0.270926
2880  995.106184  689.954541  17.724817  0.074351  -0.245230  0.055905
2882  1956.687135  460.268288  19.629166  0.093697  1.288752  0.086354
2884  800.920522  1461.824409  19.075384  0.086890  0.684649  0.057927
2885  457.479082  1116.918039  20.213154  0.101559  2.165622  0.103465
2886  705.220007  1892.627319  20.216640  0.117971  1.373212  0.235252
2887  1475.149693  1303.299958  19.549771  0.131478  0.979055  0.102609
2888  466.155935  47.219987  17.544278  0.051990  -0.169709  0.041153
2890  1341.447733  1256.348332  21.198025  0.242241  2.111020  0.279583
2891  1294.782355  373.976734  20.053228  0.122012  1.202031  0.133169
2892  1209.999288  1267.847507  19.363443  0.081703  0.713916  0.088898
2893  153.909669  872.185274  19.855631  0.119401  1.440232  0.089584
2895  1686.998242  639.247819  20.262108  0.098448  2.276599  0.127561
2896  220.551044  1672.890772  20.047299  0.084923  1.869013  0.187599
2898  1689.692174  1445.424975  20.432049  0.112782  1.553762  0.173419
2900  781.848622  860.895673  20.232220  0.128066  1.171052  0.084957
2901  2034.955193  295.501987  17.412823  0.046890  -0.334120  0.044498
2902  147.948418  69.580231  20.225560  0.156443  1.069075  0.288061
2903  2018.190001  708.053224  19.793072  0.096115  1.893752  0.169505
2904  2026.472466  282.169304  19.851044  0.146110  1.376021  0.209924
2905  661.116562  389.552307  20.558116  0.131616  1.387555  0.116065
2906  1491.156451  17.302049  19.922923  0.083295  0.800283  0.185840
2907  188.004730  1329.617224  20.651458  0.103322  1.082072  0.175380
2908  1917.580121  140.223896  19.936121  0.095508  1.113200  0.136195
2909  670.839315  1045.631687  18.732541  0.054928  0.507241  0.123470
2910  186.835193  1273.844432  20.832671  0.167108  1.561872  0.176768
2911  144.870782  371.762228  19.971207  0.144434  1.200789  0.095595
2913  1678.430058  283.720653  19.810391  0.186118  1.389214  0.107002
2914  2028.926859  1947.533341  19.893096  0.139615  1.191357  0.163566
2915  1451.827876  1654.157751  20.526821  0.143930  1.256028  0.227640
2916  1467.085498  1791.159666  20.603937  0.120267  2.087952  0.117900
2917  481.373133  805.742578  19.448547  0.145827  1.174038  0.107558
2919  634.071738  1127.850219  19.600716  0.164826  1.065930  0.105465
2922  1323.299668  266.997768  18.255504  0.128289  0.083184  0.121445
2923  211.030488  1604.972275  19.813453  0.190805  1.070397  0.086572
2924  924.605697  1510.787334  20.375737  0.193088  0.827144  0.221036
2926  287.098865  153.715320  20.746807  0.175326  1.414734  0.105324
2927  662.193868  1026.363873  19.199743  0.095773  0.723000  0.108048
2928  1224.613324  1040.874865  18.558429  0.114620  0.544462  0.119941
2929  357.945008  1973.906660  22.043780  0.234306  2.183160  0.143997
2931  573.146677  1862.372297  20.499740  0.125676  2.322370  0.178996
2932  168.037621  513.794697  20.390844  0.110898  1.433579  0.104187
2933  2043.143458  212.754655  19.988402  0.083677  0.995830  0.118997
2935  884.174663  990.672884  19.967738  0.167597  1.976842  0.133127
2936  1376.698627  746.579417  19.407739  0.116350  0.554070  0.104072
2937  145.777074  555.517845  20.038151  0.124873  0.852751  0.225388
2938  1859.270369  1960.883223  20.013691  0.151475  1.575744  0.155119
2939  361.467957  818.804242  19.842509  0.091664  1.013522  0.085904
2940  1650.866959  1045.425392  20.666168  0.168453  1.229157  0.180273
2941  233.740574  576.356146  20.404562  0.176000  1.106709  0.124466
2944  735.758011  1671.841550  19.038170  0.098000  0.573573  0.091863
2946  202.831204  1564.696988  21.080279  0.134541  1.647540  0.165100
2947  285.796307  425.084479  18.882864  0.112048  -0.095830  0.185970
2949  410.571493  1093.027180  20.710068  0.272688  1.289283  0.147901
2950  705.539910  70.313712  20.303511  0.127227  0.719366  0.215247
2951  1160.821402  1877.515643  20.732910  0.277479  1.616050  0.122774
2952  452.225592  395.374611  18.469744  0.059706  0.006775  0.054160
2954  1368.076791  200.697688  20.582599  0.165046  1.021394  0.126114
2955  1139.383512  1910.943400  20.634000  0.092922  0.930990  0.204477
2956  218.732298  924.457386  20.228020  0.122042  1.111049  0.104503
2957  1665.907657  1275.727006  20.782462  0.202685  1.274853  0.152748
2958  809.986468  660.656253  20.187581  0.119786  0.814112  0.099844
2959  1869.604322  1683.079902  20.848976  0.201518  1.060443  0.133924
2960  157.984924  799.437241  21.345464  0.247492  1.748737  0.325952
2963  1966.267222  1828.404911  20.837691  0.194668  1.215625  0.174732
2964  1243.598204  1800.346458  18.504332  0.061340  0.226959  0.111895
2965  1561.702839  216.847021  20.450544  0.145915  1.261527  0.130369
2966  328.828592  1252.563245  20.364447  0.158940  1.357994  0.115472
2967  594.890822  80.688991  20.497927  0.206767  1.441907  0.103376
2968  729.569569  903.289562  18.155363  0.079714  -0.219910  0.080195
2969  22.135738  766.553154  19.794560  0.142148  0.995399  0.173020
2973  1999.968760  1949.838459  20.911903  0.166067  1.853227  0.163394
2974  1988.801928  111.149113  20.497069  0.091921  1.415648  0.158391
2975  1699.025232  1449.290542  20.547044  0.103220  1.068206  0.145525
2976  1559.545691  139.294921  20.585059  0.161226  1.173342  0.167107
2979  1768.246806  456.122993  18.805411  0.090403  0.081270  0.090150
2980  116.331120  1371.600836  20.069639  0.088102  0.827926  0.130481
2981  1859.381258  1279.816660  21.083703  0.286741  1.484605  0.183541
2983  1523.597259  949.609726  18.494496  0.106117  0.016339  0.083413
2985  469.858559  1798.985430  20.896973  0.133435  1.858710  0.175827
2986  1232.853682  518.474257  18.739948  0.091586  0.206442  0.058821
2987  1209.937572  1437.488069  20.796545  0.195258  1.563696  0.135764
2988  1263.531918  0.583274  20.597962  0.122741  1.316208  0.147242
2991  743.660419  1338.393344  20.437589  0.142650  1.010549  0.283344
2993  1577.777536  2025.085142  20.250518  0.208224  0.752742  0.132119
2994  1096.957531  1361.528419  20.772908  0.110348  2.180608  0.110898
2995  1285.015356  1728.518291  20.771022  0.150848  1.363834  0.152769
2996  353.818644  1603.113655  19.413507  0.178701  0.440698  0.142993
2997  376.113510  1047.588446  18.333174  0.050933  -0.002431  0.054663
21000  928.177872  155.498758  19.707379  0.133545  1.037990  0.085350
21001  1100.608063  396.964725  20.698580  0.142125  1.840094  0.150238
21002  1583.767482  1744.765100  20.202247  0.136943  0.848866  0.182171
21003  957.920454  540.161983  20.530202  0.091551  1.191717  0.167825
21004  1118.362665  1445.721415  20.492147  0.143662  1.086049  0.153340
21005  2011.746703  940.982203  20.811482  0.138371  1.393683  0.143323
21006  333.109993  94.060904  20.746939  0.209295  1.819290  0.156806
21007  1528.954162  1453.830250  19.203659  0.106910  0.507823  0.113842
21011  1949.222213  165.713874  19.473607  0.064639  0.515068  0.118947
21013  1527.912772  1245.650688  18.003012  0.068397  -0.289871  0.049805
21014  31.071873  486.743460  18.996913  0.085459  0.264656  0.079834
21015  1545.159527  279.927768  20.623352  0.188415  1.919431  0.109272
21016  1236.163775  197.222631  19.589534  0.080854  0.424268  0.122970
21017  1590.531493  999.652773  20.685706  0.188809  1.724808  0.203414
21019  1011.879121  9.192481  18.717521  0.072626  -0.094510  0.089041
21020  1816.126616  388.284785  19.842569  0.075629  0.581486  0.189092
21021  148.691457  680.974114  20.623670  0.147323  0.789629  0.200119
21022  1850.348115  1559.168516  19.457262  0.135437  0.555798  0.092155
21023  1157.125861  62.242223  18.960595  0.115140  0.355116  0.146078
21024  1765.362192  322.426212  20.171227  0.190985  1.094815  0.132333
21025  831.096976  1918.033229  20.790843  0.169445  1.207048  0.146754
21026  497.482802  790.335892  21.063335  0.146185  1.420705  0.121949
21027  1977.088184  1464.860270  20.339219  0.085124  1.038807  0.126506
21028  1186.169648  87.586522  19.245230  0.097442  0.554054  0.066336
21030  1750.691712  922.994455  20.853400  0.142196  2.162375  0.288559
21031  755.683162  933.024529  18.732488  0.074874  0.162628  0.059410
21033  1981.106567  36.626241  18.219507  0.049814  0.123006  0.095293
21034  59.625398  2015.649753  21.113455  0.113866  1.419060  0.174926
21036  427.233119  1374.680488  20.594816  0.159518  1.076276  0.095839
21038  1703.510570  8.552226  20.085673  0.165157  1.572072  0.114041
21040  621.618080  435.212013  20.415160  0.227923  1.033987  0.144948
21041  282.389076  881.215884  20.457166  0.106418  1.218902  0.182167
21042  1216.802563  201.332449  19.988303  0.215058  1.124183  0.096097
21043  266.290345  874.476695  19.040504  0.061759  0.281040  0.059143
21045  1128.462596  502.453249  20.422721  0.177209  1.785584  0.158427
21046  505.369000  813.303224  20.649688  0.127818  1.888368  0.242631
21049  1677.307542  1932.881939  20.933434  0.189751  1.416927  0.139360
21051  228.322756  1158.578773  20.790521  0.143424  1.527059  0.278599
21052  296.739430  768.819427  20.770938  0.122368  1.356133  0.106699
21054  1757.746538  1348.077158  20.695241  0.096043  1.281568  0.133481
21055  1786.790232  1587.178023  21.257629  0.249933  2.030718  0.147941
21059  1627.164172  482.786397  20.147865  0.130956  1.511917  0.092783
21060  323.363615  69.185374  20.478502  0.134611  1.218681  0.104298
21062  8.270750  1575.857106  20.584913  0.117836  1.051394  0.229102
21063  960.519668  830.878144  20.766346  0.107901  2.182193  0.185182
21065  486.636951  113.575495  20.331173  0.103685  1.000611  0.120736
21066  792.396284  1889.895485  19.379123  0.155551  0.243661  0.089022
21067  1204.408885  1560.790524  20.705795  0.177205  1.260690  0.158462
21069  1635.866470  1019.470308  20.712197  0.232616  1.999172  0.179253
21070  180.512606  808.705254  19.077418  0.136348  0.267136  0.088324
21071  136.730500  1943.546798  20.645357  0.183395  1.537058  0.176962
21072  1338.818247  1989.564348  20.858405  0.103521  0.952658  0.150021
21073  2042.194355  381.195404  21.070749  0.129349  1.378730  0.132465
21075  1134.670349  217.725939  20.574254  0.150438  1.148443  0.149989
21078  1935.501348  1725.792357  20.810330  0.262582  1.504308  0.137463
21079  464.152659  1303.890367  21.152377  0.139494  1.252133  0.176868
21082  1749.045508  1531.248314  20.396168  0.142030  0.937910  0.122376
21083  1708.966882  686.348488  20.308826  0.194296  1.502285  0.095160
21084  256.039680  1106.813714  20.623974  0.156966  2.474009  0.190230
21085  1760.049948  1095.067198  20.376713  0.178959  1.195387  0.144214
21086  933.245237  6.989361  20.938358  0.100446  1.250286  0.110502
21087  1207.337908  1064.228849  19.399710  0.095088  0.339693  0.095970
21088  633.539240  1231.350642  19.225127  0.077438  0.214651  0.109215
21089  49.907631  1716.455772  20.961937  0.182871  1.429585  0.161002
21092  40.856288  1909.535796  20.936980  0.180124  1.517823  0.157114
21094  630.580268  128.442178  21.540140  0.156072  1.726081  0.210250
21096  524.040318  1309.318117  18.484913  0.108539  0.030144  0.078403
21097  442.082366  767.779258  20.072293  0.165166  1.049348  0.156332
21100  1260.007832  275.920744  20.701252  0.106043  1.329101  0.196279
21101  117.019245  1532.018552  20.427445  0.128469  1.637238  0.174053
21103  1265.187367  164.185617  20.929723  0.193013  1.825552  0.194328
21104  34.400775  175.236109  20.292574  0.081058  1.174105  0.176256
21105  1940.737674  306.485657  19.606304  0.122161  0.725354  0.093836
21109  1639.297647  1965.312737  19.570073  0.077370  0.505860  0.120669
21111  494.920825  173.750873  20.508029  0.311090  1.238225  0.150104
21112  150.431527  16.619432  19.821342  0.102604  0.786122  0.096052
21113  1058.591854  1020.615502  19.553943  0.160161  0.738129  0.089141
21115  1436.200704  1840.555254  17.579415  0.052058  -0.311894  0.050565
21116  1708.481775  1236.964712  20.894456  0.310423  2.054022  0.129302
21117  858.198238  50.840809  19.864976  0.305246  0.846400  0.100307
21119  706.665502  1244.716381  20.540685  0.160731  1.819861  0.095264
21120  1708.518412  1422.640925  20.579215  0.150464  1.086210  0.208026
21121  284.206016  914.133410  20.227250  0.153161  1.204665  0.165055
21122  1913.663059  1332.404850  20.802015  0.170024  2.285035  0.173748
21123  58.897134  888.971645  20.380001  0.137940  1.051552  0.193803
21125  475.037333  1412.712899  20.638325  0.194178  1.474443  0.192321
21126  1494.961845  184.218134  20.699468  0.202555  1.239112  0.176057
21128  1095.608013  1249.845715  20.754695  0.137011  1.321726  0.128425
21129  1888.769355  1524.486189  20.600350  0.136777  1.150075  0.148799
21130  563.477312  1904.349775  20.340062  0.130275  1.580523  0.161690
21132  612.609928  36.635803  18.839275  0.105015  0.174791  0.063104
21133  1345.483007  1695.719477  20.450063  0.173247  1.351305  0.156938
21135  740.206396  1883.487093  20.273511  0.176760  1.514175  0.252421
21136  1399.493917  180.733606  20.888842  0.272539  1.178020  0.112784
21138  54.571562  658.484850  20.452547  0.288412  1.284208  0.153164
21139  892.199870  608.853786  20.235155  0.097051  1.076915  0.128622
21142  802.071797  161.806844  20.823459  0.118084  1.517181  0.203969
21144  1799.229501  1874.510147  19.829734  0.105385  0.464089  0.126776
21145  229.440009  2030.438418  20.236039  0.130888  1.190555  0.205361
21146  554.111126  685.434906  21.121295  0.186308  1.397736  0.221266
21148  1550.093227  1320.993876  20.982713  0.125038  1.403233  0.159811
21150  1141.794311  794.540635  20.200245  0.163130  1.115639  0.086596
21151  365.014755  283.942889  20.891776  0.106370  1.320113  0.266942
21154  1222.039710  386.901559  20.551036  0.421673  1.599045  0.172758
21155  405.475548  1643.136010  20.713298  0.131263  1.679136  0.197966
21156  990.816890  675.361749  20.638051  0.213900  1.451544  0.104907
21157  1669.578294  66.095628  20.998955  0.121775  2.922556  0.121152
21158  1460.340584  70.785913  21.555287  0.242625  2.522171  0.182612
21159  907.369182  1567.050024  20.424895  0.094127  1.211493  0.118048
21160  1545.930645  1792.801161  20.498281  0.180453  1.426266  0.166592
21161  1402.880853  182.727535  20.580155  0.229049  1.204606  0.153020
21162  645.881840  960.156916  20.810507  0.240460  1.140422  0.177326
21165  434.484548  1990.888255  19.382959  0.093711  0.445218  0.129520
21166  758.149258  169.668565  20.565655  0.160518  1.811997  0.154348
21167  733.094220  1853.758757  18.993133  0.075953  0.476011  0.109984
21169  1963.126240  1409.921363  20.817619  0.183446  1.522725  0.169512
21173  1493.321876  118.858632  20.520812  0.184162  1.106448  0.248503
21174  1951.755531  463.618746  20.490479  0.086681  1.152130  0.092513
21175  1916.925941  1139.445351  17.263810  0.061289  -0.574296  0.044447
21176  1647.042509  722.764236  20.742808  0.146030  0.919586  0.151058
21177  1230.940446  80.324384  20.201560  0.245350  1.295329  0.092373
21178  1683.465921  1811.813808  18.832343  0.073453  0.459627  0.108439
21179  1485.376916  1242.407273  21.002435  0.150153  1.268904  0.162003
21180  150.602260  1186.363721  20.180075  0.167903  1.167416  0.199569
21182  1514.709532  836.478420  19.764635  0.112490  0.859570  0.075121
21183  31.998386  1919.112261  20.259380  0.085455  1.397838  0.117490
21184  477.593635  132.630942  20.665838  0.096385  1.648386  0.133852
21185  1987.394568  1682.814430  18.422432  0.062505  0.075121  0.074229
21186  355.976922  1243.321257  20.620739  0.129375  1.395414  0.105248
21187  657.925041  1281.026673  20.452124  0.270489  2.207670  0.171663
21189  1516.353902  867.091574  20.619730  0.181644  1.230774  0.145779
21190  1209.301508  326.924654  20.464479  0.161089  1.256234  0.175910
21191  282.903022  1825.493179  18.551885  0.105674  0.279209  0.146210
21192  1673.618872  328.175372  20.782564  0.132077  1.132716  0.140355
21194  140.807597  325.644073  20.737177  0.129264  1.313077  0.111857
21195  604.943890  881.753765  21.250360  0.284351  1.846340  0.197428
21196  1661.913877  1926.650517  20.911964  0.248604  1.868285  0.243815
21197  1696.408726  44.093581  17.826456  0.054859  -0.368434  0.041864
21198  1160.417637  1957.947619  19.478751  0.111630  0.507825  0.134218
21200  368.981692  888.707618  20.333133  0.189465  1.243071  0.130047
21203  648.616545  551.191989  21.211580  0.137582  1.512072  0.235570
21204  1841.617806  1012.402055  20.573697  0.158920  1.217510  0.217679
21205  1787.806558  1218.466530  19.482764  0.221528  0.711518  0.123116
21206  850.655757  34.725928  20.282938  0.249986  1.104651  0.123760
21207  1846.370452  1531.698843  18.224222  0.091798  0.056658  0.057580
21208  872.393540  1523.659039  19.904264  0.129703  0.700423  0.083099
21209  73.363741  1301.673948  20.394188  0.086836  0.827308  0.237553
21210  164.769495  1375.407155  18.778606  0.110704  0.163162  0.092370
21211  68.144164  1933.488225  18.457673  0.050696  -0.210293  0.055992
21212  258.189610  799.815849  20.187212  0.180021  1.453771  0.172116
21213  297.742901  344.781939  20.590250  0.186814  1.182288  0.147493
21216  743.137309  480.099460  21.071168  0.257584  0.941174  0.373740
21217  1056.907181  647.399730  20.765418  0.113364  1.121519  0.118474
21218  1896.124575  353.902561  20.805647  0.153409  1.303359  0.114239
21220  853.911365  678.866821  20.725372  0.113031  1.330587  0.136980
21222  614.341722  1035.658138  21.121231  0.257242  1.914672  0.191948
21224  834.087979  445.220499  20.374529  0.238783  0.988791  0.155955
21225  404.726744  1121.589968  20.432632  0.111418  1.667459  0.200770
21228  1069.708387  54.627342  19.901438  0.074990  1.010803  0.109143
21231  1043.503370  1267.511329  21.893015  0.317859  2.024640  0.306331
21232  1189.713950  526.848811  20.311440  0.160640  1.857794  0.092754
21233  1338.219219  963.530259  21.068652  0.138779  1.187601  0.117473
21235  1950.793487  159.510636  20.630618  0.252067  1.238326  0.099967
21236  1782.738852  702.816710  20.680831  0.130935  1.210358  0.168486
21237  175.142477  1001.564294  20.437659  0.200027  1.227339  0.212199
21239  82.628579  1477.953438  20.449021  0.306870  1.252333  0.164444
21240  639.077047  2035.406124  19.196115  0.147335  0.449973  0.141791
21245  1301.010210  718.973647  20.878696  0.147829  1.024172  0.212515
21246  108.938953  1762.174729  20.889553  0.243870  2.254910  0.323807
21248  1721.630736  611.424377  21.088965  0.151602  1.800637  0.157427
21252  1298.474917  232.768092  20.909122  0.120790  1.271111  0.187459
21255  660.995686  1904.842834  20.063439  0.085058  0.854032  0.148135
21256  569.856783  199.942821  21.070736  0.244635  0.889316  0.143775
21264  1775.430047  1038.119160  19.115944  0.078817  -0.148667  0.062329
21265  632.183842  324.530856  21.311189  0.188437  1.388324  0.133775
21272  928.205538  1359.877730  18.712203  0.084416  -0.180941  0.065819
21275  1855.927145  1179.848587  20.818447  0.196153  1.328900  0.134135
21278  1510.026084  757.394513  21.006291  0.381939  0.954595  0.108738
21280  1679.903140  1064.474423  21.373380  0.205736  2.423754  0.313714
21281  1567.469886  127.233620  20.996041  0.349001  1.553138  0.205232
21282  1343.579413  1626.062468  21.176352  0.126195  1.525163  0.234360
21285  1703.967121  673.053905  20.864937  0.155220  0.904673  0.176463
21287  1063.135261  131.383467  21.296759  0.124973  0.771440  0.286708
21290  740.297109  1723.395891  21.213517  0.146019  2.141618  0.173371
21294  65.745473  1674.174374  20.931605  0.234904  1.091319  0.122797
21295  494.899006  1674.695783  21.003428  0.214930  1.543058  0.107382
21296  1454.992107  1780.015919  21.331125  0.179164  1.067824  0.215513
21298  1133.493359  541.259578  21.370015  0.147332  1.316722  0.120599
21300  1018.827879  598.229649  18.443482  0.050127  -0.200536  0.063137
21303  1792.045321  1582.943465  21.255980  0.271624  2.160710  0.204290
21305  1659.001482  1435.134312  21.770461  0.310137  0.816301  0.398990
21306  71.989230  1458.670348  20.637234  0.145930  0.684312  0.140112
21310  1067.252633  1137.852471  21.001664  0.156399  1.253794  0.177334
21313  666.040163  1910.250434  20.615985  0.302783  1.162951  0.310180
21318  446.683876  1807.824887  21.002770  0.164527  1.301974  0.183460
21319  167.322814  1462.617613  21.332952  0.185225  1.491345  0.159255
21320  517.808167  1948.021441  20.716649  0.156992  1.121328  0.102092
21325  1712.946002  1299.409289  20.822100  0.216999  1.311093  0.118553
21328  438.861001  1325.731168  20.841275  0.176612  1.064399  0.134752
21329  613.514235  982.143373  20.394155  0.253906  1.131747  0.175985
21332  714.104468  1509.621341  21.185820  0.127694  1.236446  0.140609
21333  1839.450511  981.781555  20.845871  0.243238  1.044736  0.108538
21335  951.786271  1844.129933  21.350731  0.127505  1.329296  0.251874
21337  726.425295  420.292073  20.696813  0.193600  0.847273  0.126435
21339  505.079129  570.457686  21.755540  0.191236  1.949139  0.171046
21341  538.875963  1246.571321  20.148306  0.107407  0.634593  0.086290
21343  217.030618  842.469660  20.101266  0.138355  0.486104  0.166020
21344  1404.074513  1728.022479  20.325971  0.087829  0.809124  0.097402
21346  1660.448262  2015.220186  19.968075  0.133744  0.730630  0.091024
21348  1450.856976  1127.912760  21.124908  0.185067  1.647138  0.120371
21349  1166.473911  976.749094  19.068559  0.092268  -0.253076  0.137653
21350  1596.396657  1722.586237  19.598983  0.090847  0.378455  0.081913
21353  15.753834  1818.334369  21.085219  0.147548  1.059046  0.229314
21354  1405.313022  401.745918  20.369111  0.216600  1.035207  0.089550
21356  1273.385545  1596.710051  21.130568  0.138855  1.013412  0.127922
21361  279.909530  1823.304631  19.866332  0.085664  0.357123  0.130057
21364  722.510384  148.565106  19.785366  0.086997  0.343915  0.087625
21366  1805.401940  519.724830  21.101294  0.232079  1.386780  0.302446
21370  174.249178  1651.878679  21.332004  0.150031  0.983532  0.246721
21371  1068.039440  851.497804  20.605779  0.168230  0.798912  0.110981
21381  356.374745  1396.836617  21.379286  0.266258  2.348249  0.176485
21382  142.694681  1097.562178  20.563918  0.095293  0.808244  0.190367
21384  906.658210  24.855505  19.066776  0.067085  -0.229406  0.104314
21385  175.276355  1851.526185  21.405911  0.182269  1.710844  0.368220
21387  818.222596  1188.371425  20.472142  0.116401  0.938448  0.260227
21391  1826.437446  1335.417521  18.585993  0.065125  0.008362  0.112397
21392  1327.169814  584.647041  19.376143  0.087100  0.376543  0.073645
21404  503.799196  877.309531  21.326748  0.187977  1.912868  0.132983
21410  485.883104  258.896396  20.586430  0.125769  0.562442  0.102683
21412  1077.624412  18.450535  21.115001  0.193314  0.829039  0.148400
21413  497.513537  462.419945  21.256086  0.276733  1.319989  0.131988
21414  523.938590  847.761497  19.547939  0.089392  0.223328  0.069497
21419  39.289686  403.329179  21.240936  0.286230  1.276716  0.217483
21420  1864.802657  1338.341128  18.706447  0.095556  -0.208655  0.078964
21422  662.743141  1294.445938  21.003709  0.110109  1.323886  0.122444
21426  781.545094  516.462608  20.233588  0.167077  0.541693  0.102452
21434  1974.421634  982.615726  19.930963  0.104241  0.499053  0.086555
21437  1527.859656  1976.104987  20.934377  0.186039  1.033296  0.112545
21442  1566.330291  904.600733  21.156573  0.292463  1.680474  0.306964
21447  938.006347  290.121677  20.344086  0.095915  0.728691  0.108285
21449  786.567149  605.118634  19.617295  0.098089  0.395383  0.086466
21452  224.099985  313.650904  20.977897  0.204935  1.197674  0.121178
21458  438.236476  1945.484879  20.659052  0.137117  0.967000  0.088304
21459  2031.384819  498.291647  19.744719  0.141970  0.579216  0.157996
21461  999.590264  690.002251  21.498043  0.130607  1.425671  0.188738
21463  49.617669  920.152439  19.117577  0.143066  -0.025242  0.093152
21465  254.574426  1848.739926  19.627596  0.144716  0.461019  0.066674
21468  1755.263961  595.083350  19.573494  0.121524  0.296016  0.115274
21471  592.789732  1885.940613  21.182824  0.147963  1.388953  0.223788
21472  1706.420554  80.011644  20.061813  0.265750  0.521183  0.130499
21473  1981.362504  293.230199  20.585853  0.101651  0.728940  0.213512
21474  1835.640368  1039.271778  20.492195  0.129889  1.054042  0.112762
21484  383.156526  21.437499  20.452048  0.224671  0.731901  0.231560
21487  197.763866  1007.375145  20.917664  0.173829  1.259224  0.275052
21489  1806.191632  1475.699813  20.875486  0.107428  1.231610  0.196410
21490  578.811443  569.099652  21.163961  0.133916  1.252572  0.179005
21491  608.418221  1838.396310  21.788237  0.247086  1.781439  0.294124
21492  277.863824  147.838675  20.414909  0.400858  1.374108  0.133160
21493  1625.778880  2044.702631  20.730441  0.173342  1.388720  0.326835
21496  1728.939003  1933.494849  19.960264  0.115491  0.477789  0.097873
21501  1495.943629  1730.242994  19.555579  0.125875  -0.138011  0.144587
21506  382.207808  814.551723  21.977397  0.167091  1.272086  0.194944
21507  1746.723024  1573.908134  21.534115  0.430826  1.757867  0.250737
21508  1328.904867  1112.506761  20.690542  0.120282  0.859889  0.166409
21513  797.889769  1577.646882  21.181886  0.130338  1.752179  0.169395
21525  1762.633198  1725.394064  19.622845  0.084730  0.605753  0.137478
21528  1528.244671  1004.038373  21.129928  0.225133  1.387630  0.175637
21531  1368.735102  1417.198439  21.193038  0.180082  1.508199  0.125476
21533  1611.376960  31.605416  20.747745  0.216014  0.712359  0.097320
21535  987.546229  212.627848  19.902469  0.103074  0.511598  0.175739
21542  583.034339  1559.101326  20.541042  0.110180  0.613923  0.140727
21546  124.028234  336.334161  20.285528  0.115124  0.404536  0.116546
21547  1744.577108  628.506684  20.588245  0.284875  0.797912  0.176612
21553  452.260948  545.102430  20.862813  0.138342  1.028640  0.134170
21559  1857.966335  1297.010169  19.105887  0.103326  0.103567  0.090080
21564  568.252300  52.858895  20.896245  0.114340  1.085955  0.128733
21565  320.595545  1865.708032  19.905696  0.117040  0.497936  0.104932
21568  180.121615  67.111609  21.459991  0.132390  0.898994  0.331165
21570  1994.213690  167.394831  20.960227  0.121942  1.047127  0.110212
21575  371.549276  1897.206231  20.946140  0.165660  1.234649  0.108102
21576  1345.549567  802.732527  20.785743  0.123224  1.199706  0.121303
21577  1605.141354  1933.706878  21.363763  0.255169  1.704406  0.143447
21579  768.845352  1093.020226  21.543557  0.127158  1.123736  0.237440
21580  1755.882806  389.296361  18.788041  0.064182  -0.302174  0.146478
21581  1311.479978  987.177692  20.788275  0.167494  1.025026  0.118929
21582  672.917618  1264.956209  20.742448  0.116473  0.845593  0.136549
21583  1318.501053  1004.628159  20.976209  0.125862  1.229182  0.159231
21585  1420.703458  850.384245  19.126670  0.167958  -0.142991  0.106120
21587  1285.653532  985.927592  20.871363  0.127993  1.173300  0.135766
21588  1306.390602  34.470134  19.899751  0.100326  0.504616  0.118080
21589  530.491912  1168.325563  21.091522  0.186377  1.443337  0.148481
21591  2002.311638  120.349369  19.348701  0.116050  0.307621  0.095190
21592  820.073380  449.511656  21.093098  0.192388  1.469416  0.149086
21594  653.825092  2014.126307  20.335572  0.213565  0.766735  0.102147
21598  1426.509377  1417.118340  19.918034  0.215772  0.610351  0.105453
21599  1633.506122  1414.114341  19.084028  0.065395  -0.223273  0.069284
21606  440.887417  1084.602492  21.599674  0.198651  3.036519  0.308562
21607  998.453803  1979.425428  20.046725  0.125196  0.478683  0.114086
21608  726.989928  1323.971261  21.593963  0.143373  1.772225  0.290010
21612  1918.030041  356.065079  19.014356  0.070920  -0.147090  0.101209
21613  376.366620  698.479560  20.532221  0.253839  0.925625  0.151270
21617  1772.890624  1303.431583  20.002110  0.121062  0.374403  0.096758
21620  97.135433  420.507493  20.838628  0.166857  1.192851  0.109623
21621  249.437979  645.073218  21.527643  0.230520  1.243785  0.165582
21622  322.670904  727.255845  19.437653  0.089990  0.074432  0.069930
21624  586.207566  225.259770  19.938167  0.135770  0.171102  0.172106
21625  1024.799026  2017.738633  21.206686  0.153326  0.900033  0.285346
21627  947.754797  1261.486918  19.009594  0.097635  -0.203862  0.079906
21632  1524.515051  1728.707141  20.927801  0.345560  1.320638  0.120457
21633  1740.518287  824.690778  20.661266  0.179230  0.660485  0.147712
21634  244.299448  1929.373114  19.368020  0.105676  0.085771  0.127063
21635  80.100159  846.350041  19.869342  0.081636  0.389370  0.180685
21636  1609.787646  1975.861019  20.933269  0.284780  0.867198  0.459047
21640  1942.063515  587.757301  20.686472  0.143101  0.980985  0.163406
21641  866.620661  691.339886  20.790087  0.177399  0.325010  0.129234
21645  2031.531476  1778.053981  19.684587  0.121575  0.136197  0.080119
21646  1290.710539  1895.421001  21.041035  0.282926  1.193738  0.131826
21647  1488.680963  6.975420  20.183183  0.126852  0.109876  0.127445
21649  577.169993  397.045379  20.386766  0.086761  0.740404  0.125802
21650  859.679661  988.477382  20.428696  0.159148  0.344198  0.114997
21661  967.040936  1774.082588  21.417965  0.236755  1.792486  0.346208
21666  982.359307  316.608702  19.286634  0.123532  -0.245344  0.164040
21677  973.959112  1719.866971  19.995162  0.074189  0.102520  0.089553
21679  1275.518478  66.297621  21.620804  0.178210  1.257252  0.154543
21682  178.094253  1348.042719  20.208718  0.136846  0.745348  0.173822
21690  458.210870  1028.879000  19.467975  0.099393  -0.103042  0.166979
21693  409.574099  1312.494313  20.492830  0.101860  0.575772  0.084849
21696  944.004297  2027.459403  19.691142  0.185910  -0.084241  0.090275
21697  1509.148939  1051.209360  19.539433  0.099243  0.071479  0.100070
21700  1854.199454  1008.161371  19.381743  0.256148  -0.001646  0.077754
21703  310.633017  1612.608349  20.924192  0.300522  1.189651  0.246605
21710  1828.887978  1283.142438  21.133805  0.169382  1.010870  0.196024
21726  1413.273560  634.078598  20.002460  0.189995  0.153746  0.125300
21731  541.573151  1049.467491  19.959021  0.174924  0.081097  0.073623
21740  66.871967  1757.956831  21.000463  0.152224  0.893031  0.246510
21745  1834.064727  1695.983542  20.549684  0.150729  0.610478  0.130631
21751  350.301360  1765.958982  21.184430  0.117464  0.898706  0.126098
21753  497.090000  881.107893  19.462309  0.139835  0.058623  0.084864
21755  1710.841228  213.471637  20.226728  0.088286  0.608519  0.095753
21767  1057.180944  585.242893  21.199857  0.203329  0.989152  0.150707
21769  290.174941  1565.027369  20.658500  0.242672  0.369979  0.186881
21770  210.104421  774.048439  19.876969  0.105790  0.137761  0.128929
21771  1552.483146  1841.468732  21.090841  0.256694  0.341974  0.113151
21772  736.412145  596.060148  20.433455  0.131360  0.569741  0.119086
21774  621.237099  219.808146  20.468007  0.157200  0.531815  0.092098
21779  1424.864294  1939.138413  20.559686  0.097681  0.700919  0.186113
21784  1589.521604  1122.891234  20.375448  0.215518  0.527417  0.115503
21789  1078.280096  282.461935  19.744617  0.161606  0.439694  0.132313
21791  1924.632492  1951.996734  20.258918  0.135617  0.799706  0.235923
21793  748.594131  527.436959  20.994942  0.161216  0.838131  0.331074
21796  1667.176574  3.008776  21.202061  0.131796  0.976739  0.127698
21798  684.941543  1237.276107  20.413317  0.119053  0.498938  0.155803
21799  1198.804418  699.496268  19.194338  0.085045  -0.253660  0.065826
21803  811.780080  537.939047  18.991011  0.121333  -0.388011  0.066964
21804  574.933149  713.250538  21.396475  0.190665  0.658340  0.178640
21806  729.138195  1213.694120  20.384300  0.388500  1.058513  0.331784
21808  935.864218  477.118235  20.056660  0.192535  0.477841  0.145661
21810  1261.419933  1381.084223  21.108631  0.222856  0.938199  0.143908
21813  1684.770627  1410.463486  20.147982  0.092606  0.126063  0.161388
21816  781.262704  1426.688835  21.362912  0.166578  1.210720  0.256952
21820  1655.827537  1144.887138  20.054474  0.110865  -0.016632  0.094480
21840  748.440384  1034.962790  20.324123  0.194256  0.292410  0.182977
21852  2041.588571  756.357659  20.565302  0.269586  0.637917  0.269501
21857  895.299726  192.724258  20.514329  0.174460  0.421390  0.144953
21865  223.277369  1546.997181  18.895605  0.098412  -0.344840  0.060378
21871  1533.614530  741.193062  20.376487  0.194102  0.337513  0.113588
21880  1778.418564  1239.603882  20.561207  0.101445  0.834764  0.180734
21882  1670.369655  1938.315158  20.010889  0.081775  0.032006  0.156278
21885  1297.979176  694.424620  20.328852  0.125195  0.448647  0.091909
21887  1198.234822  264.538402  20.960717  0.196732  0.852929  0.138710
21888  1096.185016  193.781363  21.395046  0.192928  1.433176  0.172681
21892  547.083085  1234.651062  20.410816  0.105968  0.374847  0.133287
21894  686.196278  1640.601771  21.058271  0.117357  0.589849  0.147672
21899  1668.233852  1549.411956  21.004385  0.206645  0.294256  0.164548
21903  1414.837190  447.148358  20.752726  0.207345  0.330998  0.180931
21907  1130.836284  368.321027  21.730744  0.155737  0.841269  0.335770
21909  1508.324004  659.849404  21.129515  0.175505  0.417069  0.166284
21911  595.696801  1544.908384  20.257490  0.103214  -0.059501  0.255212
21912  1118.789952  1386.478712  20.766376  0.112638  0.194605  0.201563
21914  1713.065798  387.080618  20.494332  0.450773  0.874849  0.350634
21916  469.272468  1356.585420  20.753350  0.198868  0.858695  0.250717
21925  619.984878  1690.336469  21.335432  0.235762  0.400192  0.191028
21929  605.834012  829.144930  21.404661  0.148839  0.464402  0.249689
21930  1961.605281  738.077982  20.285269  0.118970  0.349509  0.148970
21931  1752.862069  762.982660  20.052844  0.113142  -0.168859  0.140325
21932  1919.786862  1321.571780  21.171025  0.125858  0.812800  0.271657
21934  329.010216  227.165185  21.138460  0.215578  0.844452  0.292951
21938  1752.967450  45.203360  20.953107  0.250720  0.803469  0.142463
21940  62.556101  1219.148270  20.429006  0.090099  0.217061  0.119015
21944  745.854881  523.821072  20.802664  0.155699  0.287360  0.128152
21945  911.615555  1548.547656  21.096524  0.238354  0.009672  0.317328
21946  520.821232  309.420125  20.808711  0.263631  0.485809  0.122988
21950  1247.994525  1197.146212  20.801925  0.203803  0.290500  0.171061
21951  406.554556  551.730120  21.000705  0.416917  1.058534  0.239509
21953  437.554361  1452.385786  20.999324  0.108808  0.344081  0.148935
21961  367.633585  1013.632160  21.024318  0.212911  0.761412  0.317826
21969  680.025218  647.199692  21.606992  0.302681  0.718046  0.165990
21971  760.436952  1362.140655  20.802118  0.234428  0.448822  0.160171
21976  1411.596511  216.382234  21.306339  0.142637  -0.188749  0.222062
