# id  x  y  V  eV  BV  eBV
133  989.946388  1069.125734  21.275764  0.192885  2.047469  0.275097
163  1069.014815  1047.003218  21.494714  0.219292  1.732121  0.418301
1153  951.904215  974.824120  20.920226  0.317470  1.352616  0.305933
1163  1094.048297  1088.364093  21.153669  0.319314  1.622212  0.195081
1169  993.847296  1128.470815  20.969679  0.219790  1.550184  0.250155
1179  1112.803021  1032.895406  21.069113  0.145362  1.513986  0.126727
1185  1038.386852  938.091069  20.712443  0.251248  1.551572  0.184987
1187  996.032451  980.528148  20.866949  0.175505  1.517578  0.179131
1198  1100.862505  1228.457595  20.904540  0.226686  1.668552  0.135581
1200  960.974725  914.722857  20.934328  0.185633  1.374605  0.253190
1204  1038.196756  1090.375004  20.644456  0.144456  0.885229  0.277187
1205  1018.902385  942.278779  20.600701  0.221497  1.431756  0.104455
1215  986.563072  963.969577  20.744556  0.175872  1.386637  0.150746
1219  1053.437563  953.038111  20.727249  0.096397  1.751857  0.150086
1223  892.826726  929.304453  20.519831  0.269863  1.745735  0.254888
1225  1196.866232  951.067259  21.080902  0.249947  1.222625  0.166693
1228  1124.094956  1092.390851  20.786452  0.133212  1.284097  0.105967
1229  1051.867873  1015.112704  20.729806  0.313938  1.498912  0.104981
1232  1054.426563  1061.198152  20.718396  0.196818  1.348917  0.209857
1238  1149.952942  924.900680  20.393633  0.277981  1.561414  0.119202
1240  977.025024  860.180705  20.628412  0.104446  1.070875  0.264820
1245  1034.542367  981.470310  20.937516  0.143174  1.506348  0.141405
1247  1155.793797  938.932019  20.648938  0.212422  1.526009  0.114951
1250  938.548101  867.795825  20.531794  0.202206  1.496164  0.107937
1251  941.960028  1118.670090  20.894618  0.148484  1.765910  0.223278
1253  1002.603213  959.271281  20.769579  0.098112  1.464681  0.151505
1255  932.352717  1009.554022  20.758813  0.208332  1.773490  0.161752
1256  1048.302756  1062.604431  20.471257  0.112437  1.484608  0.152380
1257  1145.092301  1098.434949  20.477744  0.140246  1.820176  0.258441
1258  953.089372  971.728609  20.246251  0.232222  1.682653  0.257838
1264  1065.747825  944.013640  20.561734  0.212902  1.328931  0.130908
1265  1059.560571  1044.054098  20.509419  0.258503  1.464014  0.110698
1268  1003.393741  1018.856325  20.541021  0.214803  1.362025  0.115765
1269  1077.361152  1036.568822  20.522145  0.153242  1.541198  0.220134
1273  1110.237778  1025.057280  20.537566  0.222686  1.619464  0.102160
1276  1006.568694  1116.790272  20.596096  0.127279  1.462209  0.134818
1281  927.917056  1074.471608  20.443886  0.119513  1.324110  0.226744
1285  931.322143  1011.286733  20.377615  0.184060  1.699566  0.249849
1286  1099.550167  1007.582925  20.371048  0.247548  1.563730  0.108445
1287  1066.564731  1057.583698  20.728570  0.174501  1.716982  0.167279
1290  1057.689477  995.291546  20.523224  0.099885  1.507897  0.090330
1297  1136.475709  999.424246  20.366314  0.120926  1.382685  0.160089
1298  1104.497787  1118.675497  20.443871  0.134541  1.760677  0.279373
1299  1042.993439  1083.002327  20.505164  0.094121  1.265616  0.147132
1303  1070.629765  944.697180  20.434737  0.102721  1.591673  0.109722
1304  1084.497449  1152.375235  20.317260  0.205233  1.369114  0.160793
1305  898.885734  1035.851899  20.459084  0.141900  1.555848  0.127412
1306  1020.628582  917.019156  20.613650  0.089231  1.274449  0.150835
1308  1119.010693  1151.625912  20.490870  0.222726  1.524316  0.108358
1311  1149.359288  959.707300  20.388099  0.122440  1.633538  0.154647
1318  1145.648988  942.514176  20.551140  0.154275  1.450954  0.212376
1319  920.619848  1066.876314  20.279777  0.199247  1.143770  0.197836
1321  969.723208  844.839424  20.249818  0.129061  1.495518  0.277850
1322  1075.455406  1148.690801  20.498024  0.098249  1.409660  0.144623
1329  1025.167647  917.889208  20.442786  0.176937  1.310310  0.158847
1330  972.471132  1097.293107  20.342914  0.105255  1.621761  0.113007
1331  1109.707162  1114.705510  20.372966  0.122661  1.806427  0.171550
1332  1071.908598  848.048947  20.531616  0.136730  1.569490  0.146145
1333  974.146109  989.218058  20.152576  0.123034  1.697411  0.229264
1334  794.171884  1047.002112  20.446363  0.157853  1.340746  0.177488
1335  984.421478  1024.337101  20.477794  0.174209  1.425771  0.118275
1336  960.525640  976.330240  20.329438  0.100915  1.557250  0.099811
1337  926.084895  977.813688  20.356716  0.110275  1.256924  0.200220
1339  1131.342377  942.597386  20.338757  0.148351  1.271002  0.224390
1340  1091.458458  1099.513590  20.186009  0.141497  1.320518  0.197706
1341  1044.732416  1095.772160  20.337775  0.094681  1.635192  0.161715
1342  1023.899320  1047.164641  20.197051  0.086292  1.619646  0.162364
1343  1044.552212  1204.550758  20.283035  0.252615  1.537130  0.097828
1345  901.045780  966.328033  20.205389  0.110841  1.616728  0.194698
1346  919.593042  1015.120753  20.217134  0.143762  1.678704  0.087054
1347  1133.388145  1061.839524  20.353215  0.151278  1.483480  0.110960
1348  938.888827  951.716864  20.080890  0.184007  1.747151  0.324717
1349  959.237120  939.138703  20.309548  0.103269  1.471034  0.136232
1350  1028.682752  1004.301148  20.150018  0.089739  1.574944  0.140215
1351  996.787794  1074.878587  20.299477  0.232158  1.517915  0.157502
1352  1012.927877  1057.238139  20.260094  0.114178  1.368946  0.198787
1353  1092.531425  900.506501  20.155304  0.109467  1.409807  0.176181
1354  1157.609226  892.727316  20.056949  0.088375  1.436883  0.189477
1355  926.390743  1038.827868  20.299114  0.115229  1.624691  0.155372
1357  1119.922217  1075.902833  20.210122  0.090511  1.822432  0.171549
1358  966.928323  968.814162  20.041701  0.156897  1.274233  0.196629
1359  1087.997665  1045.756355  20.019519  0.112014  1.259329  0.222365
1361  1051.669402  1084.695245  19.851741  0.187995  1.751775  0.132995
1362  1074.836214  1033.996083  20.313429  0.104039  1.516725  0.166703
1363  1002.307768  1181.819003  20.081233  0.084830  1.333504  0.148836
1364  1107.209298  987.983135  20.211582  0.096820  1.528198  0.192343
1365  1051.409777  1087.978844  20.332102  0.147718  1.491901  0.092613
1366  1052.910838  953.467986  20.035091  0.108682  1.653461  0.163459
1367  1148.274115  1061.198438  20.059451  0.122075  1.415484  0.100540
1368  966.572114  1002.377994  20.288458  0.142889  1.429465  0.131308
1369  908.683817  942.238556  20.498720  0.173179  1.492907  0.168737
1370  965.048812  847.325430  20.343810  0.102342  1.635995  0.134245
1371  1061.162783  922.377134  19.964342  0.232790  1.452663  0.115297
1372  1084.948500  951.028593  19.750002  0.175252  1.615470  0.113710
1373  1100.439081  1052.919460  20.246935  0.115796  1.680476  0.146712
1374  1098.939392  1011.538883  20.079626  0.080893  1.441203  0.132387
1375  963.255112  948.847022  20.187270  0.104818  1.543871  0.126144
1376  1091.911045  999.443988  20.212130  0.314049  1.491046  0.083971
1377  1119.732982  949.165015  20.186820  0.141334  1.868358  0.129135
1379  1067.064648  1000.771625  20.076327  0.150424  1.516960  0.148682
1380  1087.756575  889.518162  20.109779  0.150329  1.505066  0.123412
1382  1111.479992  939.245793  19.929724  0.202283  1.674330  0.127121
1383  898.302751  953.723781  20.044603  0.086630  1.381332  0.169076
1385  989.133967  1208.752026  20.493004  0.233701  1.396610  0.124187
1386  1018.074542  986.413466  20.049546  0.157017  1.526098  0.081275
1387  990.350316  1095.860593  20.058987  0.118411  1.399338  0.079714
1388  953.586708  1129.040630  20.255048  0.179956  1.484264  0.098663
1389  954.492170  1110.048297  19.976844  0.165604  1.229598  0.156684
1390  1144.844472  1141.618586  19.783246  0.223837  1.651687  0.126535
1391  1046.465905  1203.447030  20.075151  0.092030  1.580772  0.082013
1392  1143.235236  1078.430126  19.787512  0.235077  1.517606  0.125638
1393  1084.781466  936.910561  20.054447  0.191589  1.481261  0.160532
1394  891.597271  1123.181670  20.191097  0.081972  2.030981  0.215717
1396  1185.053061  999.170212  20.098237  0.149751  1.652280  0.108161
1397  995.058217  1045.151928  20.176654  0.102427  1.434034  0.100676
1398  1082.488259  932.889600  19.970623  0.086248  1.472568  0.096812
1400  954.087690  1203.505172  20.130633  0.159665  1.423445  0.105041
1401  1071.348777  956.098970  19.855846  0.134046  1.609271  0.214414
1402  908.137513  1041.036390  20.247151  0.087900  1.427701  0.143475
1403  1060.900844  1102.123602  20.043763  0.117381  1.472521  0.123094
1404  1014.260490  931.704340  20.229822  0.113723  1.530333  0.123395
1405  1112.034017  1133.855109  20.121635  0.079863  1.547513  0.088086
1406  987.307868  983.651881  20.325224  0.184144  1.545626  0.106132
1407  982.886646  997.660037  20.002034  0.154868  1.543587  0.195823
1408  970.564710  1153.973453  20.053295  0.123042  1.543884  0.129016
1409  1063.542231  1069.504246  20.097183  0.272150  1.540856  0.083263
1410  895.266345  992.815677  19.999117  0.118726  1.331509  0.110055
1411  976.933765  1043.378135  19.849047  0.156501  1.288020  0.234119
1412  1026.086420  922.931036  20.013325  0.088520  1.393645  0.092502
1413  909.334712  1084.392940  20.162945  0.178939  1.532892  0.238836
1414  914.090250  971.038618  20.130404  0.091620  1.452998  0.088057
1416  1064.017654  978.081096  19.900067  0.082728  1.409622  0.105903
1417  1150.948188  863.256822  19.598210  0.214019  1.553487  0.135817
1418  1044.523868  922.378977  19.988415  0.075174  1.536768  0.111116
1419  913.391923  1013.218386  19.933135  0.224605  1.530608  0.118026
1420  1047.268168  1157.155553  20.040667  0.138133  1.365192  0.087724
1421  979.118490  1101.547479  20.003033  0.093316  1.273749  0.113287
1422  897.413366  996.816077  20.042588  0.082842  1.416159  0.118936
1423  1013.095526  1006.316175  19.820479  0.122134  1.448403  0.109297
1424  1170.810020  1082.004685  19.812642  0.201956  1.376664  0.155529
1425  1152.515850  1102.885642  20.070095  0.218520  1.713735  0.129253
1426  1193.464279  1063.356170  20.027685  0.174869  1.199491  0.150908
1427  1139.417027  1037.759672  20.029769  0.095503  1.458093  0.097698
1428  1011.511439  1138.485617  20.124034  0.119827  1.570614  0.075527
1429  994.250220  1132.856566  20.014854  0.169077  1.574564  0.082201
1430  1176.958341  1011.104932  20.038225  0.077856  1.536264  0.098258
1431  971.394478  997.072384  19.963449  0.161348  1.609606  0.117509
1432  1011.493704  866.581279  19.802409  0.172852  1.422571  0.160314
1433  881.761014  1110.604411  20.006573  0.104014  1.479850  0.213843
1434  993.916129  1020.363039  20.123710  0.095764  1.358948  0.109533
1436  1060.587868  902.786744  19.957333  0.086034  1.535252  0.117216
1437  1027.817431  969.699430  19.822894  0.102253  1.626075  0.191783
1438  914.146857  1083.593851  19.952335  0.086441  1.497433  0.230386
1439  973.872128  1176.126198  19.917927  0.102214  1.323235  0.137955
1440  971.730575  945.715712  19.825338  0.198667  1.853956  0.160607
1441  1001.173115  1128.238551  19.949779  0.092296  1.581635  0.213705
1442  995.653837  1060.517233  19.878419  0.109992  1.577896  0.099996
1443  922.091786  905.468989  19.941486  0.092242  1.534620  0.151606
1444  982.967992  1120.554824  19.769012  0.152603  1.271408  0.130691
1445  1140.535583  942.131548  19.732661  0.094974  1.370784  0.140540
1446  960.150057  974.981775  19.523168  0.327818  1.537295  0.111391
1447  1051.284460  978.262733  19.856694  0.192350  1.332083  0.106655
1448  966.540984  879.853814  19.899214  0.087613  1.458552  0.076850
1449  1098.476954  893.141381  19.708050  0.132419  1.281274  0.198082
1450  966.138245  982.663598  19.661991  0.127350  1.530698  0.120325
1451  1031.206359  870.448456  19.827482  0.086933  1.384668  0.145724
1452  1211.319808  1037.053727  19.863411  0.071951  1.513653  0.117825
1453  1127.926026  878.553006  19.838209  0.124614  1.565920  0.100881
1454  963.161252  1025.553080  19.819872  0.096627  1.385366  0.086290
1455  1073.899008  1069.491425  19.770481  0.155272  1.532462  0.122494
1456  1130.305454  1126.272410  19.685010  0.205288  1.285264  0.146733
1457  913.023406  1067.020657  19.733750  0.109985  1.397750  0.092896
1458  848.586609  864.347894  19.828421  0.168505  1.494334  0.149181
1459  1057.139855  1003.451720  19.618702  0.096763  1.422132  0.164624
1460  945.992049  1122.934559  19.512518  0.173345  1.231764  0.134332
1461  959.657615  985.756631  19.816727  0.085493  1.541970  0.107528
1462  948.959683  1034.532332  19.599400  0.099406  1.606390  0.143146
1463  1010.775265  968.121303  19.844599  0.144805  1.663578  0.087180
1464  1023.543009  1010.308506  19.410940  0.191030  1.374008  0.108726
1465  1039.278612  1042.706657  19.498441  0.089808  1.538674  0.221241
1466  1086.630216  1040.209818  19.563769  0.126645  1.443303  0.095267
1467  989.696205  1078.070682  19.755724  0.156911  1.498541  0.102523
1468  965.999227  885.782159  19.602110  0.111823  1.556653  0.094112
1469  984.000328  964.514918  19.819025  0.158520  1.634231  0.140650
1470  891.408650  1011.784991  19.811849  0.120782  1.507377  0.072641
1471  1022.473462  1080.910254  19.624294  0.159935  1.318569  0.188981
1472  943.918408  1042.746962  19.880972  0.191448  1.469192  0.127295
1473  1084.886057  1059.106427  19.570294  0.113887  1.535019  0.076194
1474  1170.032538  1013.890458  19.712616  0.144681  1.061643  0.206955
1475  940.395684  930.691686  19.814321  0.131763  1.528270  0.230624
1476  944.989020  1190.832108  19.557651  0.108494  1.578147  0.122409
1477  935.113851  943.049892  19.753968  0.105178  1.588835  0.108836
1478  935.610368  1069.892362  19.657706  0.099667  1.787001  0.135530
1479  1194.784031  1078.820291  19.645772  0.095609  1.555585  0.120996
1480  937.381396  1013.983662  19.554247  0.090268  1.476142  0.074242
1481  991.632671  1018.876436  19.582103  0.085963  1.375779  0.100679
1482  879.439299  877.819372  19.612477  0.116029  1.550071  0.083861
1483  1045.045944  1026.807521  19.874930  0.112706  1.558125  0.073472
1484  926.744228  1057.592996  19.710519  0.164622  1.487714  0.073011
1485  1004.813496  997.316137  19.851455  0.221944  1.486403  0.072186
1486  1009.242870  1058.736620  19.731081  0.094801  1.468240  0.167212
1487  1040.659702  1138.610708  19.691768  0.142727  1.556135  0.168290
1488  1057.565245  848.856248  19.918749  0.166904  1.637165  0.113356
1489  1017.697198  1027.288617  19.648957  0.074508  1.398958  0.196027
1490  911.303782  1047.440384  19.539717  0.103882  1.740187  0.191374
1491  1056.324178  1000.445420  19.630343  0.088218  1.443074  0.077790
1492  1059.453317  1092.216033  19.499104  0.092446  1.463980  0.096484
1493  1060.160942  973.982945  19.717809  0.084682  1.431678  0.095568
1494  1052.354990  997.876552  19.670697  0.068491  1.590711  0.165326
1495  1008.086364  1059.525407  19.618658  0.108215  1.239317  0.178039
1496  1028.155474  848.764416  19.453200  0.175373  1.518627  0.206937
1497  863.284060  1083.173089  19.653372  0.173838  1.420747  0.071558
1498  906.146836  1031.497953  19.861376  0.132361  1.472171  0.071808
1499  932.776325  1103.845683  19.400793  0.109127  1.647432  0.157057
1500  994.338550  1159.277711  19.600797  0.111255  1.545606  0.114934
1501  1148.141199  1149.580268  19.641859  0.120523  1.430588  0.092685
1502  1087.653765  1061.796516  19.688793  0.096774  1.509039  0.224823
1503  936.092344  975.458161  19.558978  0.102157  1.126300  0.165770
1504  1009.754481  1060.935905  19.520518  0.162840  1.504701  0.111685
1505  1024.711127  1049.726075  19.680659  0.150696  1.442823  0.083957
1506  955.594117  1016.908124  19.532987  0.148741  1.425104  0.095026
1507  1138.657300  1050.077000  19.686001  0.086616  1.471060  0.090505
1508  910.108017  1113.802260  19.589257  0.096069  1.519978  0.137885
1509  988.982067  1140.103352  19.583627  0.121432  1.276822  0.183314
1510  942.490358  1001.885737  19.621463  0.177164  1.490585  0.076309
1511  1128.848835  969.212887  19.469442  0.089314  1.502295  0.159155
1512  950.075699  1027.526861  19.572535  0.131017  1.442932  0.105183
1513  1015.397130  1076.799570  19.288412  0.116714  1.431604  0.090460
1514  938.611610  1057.518961  19.584243  0.174050  1.434606  0.103313
1515  1063.730770  1091.068006  19.717672  0.087670  1.354688  0.198466
1516  933.070295  989.385441  19.627278  0.091839  1.512992  0.071174
1517  1015.305032  979.091497  19.722867  0.188447  1.323872  0.148959
1518  1010.306458  1031.611494  19.522560  0.123358  1.495125  0.078128
1519  1017.979556  884.475105  19.566039  0.106279  1.146292  0.134007
1520  1150.197289  1014.468895  19.508707  0.075774  1.582756  0.068380
1521  957.689528  1017.237729  19.477234  0.065420  1.696794  0.153491
1522  1043.637228  1054.068941  19.574905  0.130297  1.364304  0.106925
1523  1005.023416  921.181942  19.463020  0.070444  1.582134  0.110527
1524  888.042394  938.705388  19.587047  0.064518  1.500935  0.069709
1525  982.019236  955.826790  19.563361  0.139926  1.452337  0.144023
1526  976.252355  1124.009001  19.473728  0.086161  1.424269  0.147736
1527  941.005906  1083.312968  19.448522  0.092426  1.417980  0.100911
1528  984.356045  994.156155  19.419350  0.069132  1.423354  0.084675
1529  888.338350  970.737377  19.226242  0.126228  1.307447  0.098997
1530  1068.250030  991.589396  19.293644  0.164207  1.597633  0.089872
1531  929.400218  974.426358  19.284597  0.082308  1.489710  0.124743
1532  946.381414  969.802158  19.411817  0.065946  1.378088  0.100207
1533  929.165332  1059.257938  19.548768  0.104995  1.410041  0.094958
1534  1001.130783  1049.461780  19.443021  0.077305  1.268928  0.142194
1535  1108.941128  1065.166643  19.103315  0.131676  1.299237  0.091340
1536  1105.013146  1172.508201  19.458124  0.064706  1.469037  0.077727
1537  978.712883  966.696468  19.559719  0.063306  1.495722  0.172828
1538  962.089247  1138.742825  19.531719  0.153011  1.242122  0.119029
1539  1051.319071  1034.114335  19.384550  0.100151  1.325212  0.075554
1540  913.178481  966.844662  19.215378  0.138258  1.262054  0.162368
1541  1092.502241  1019.614761  19.538428  0.089915  1.337251  0.087392
1542  890.758820  1118.813676  19.296094  0.113226  1.426303  0.083810
1543  1035.816325  990.811791  19.380029  0.134523  1.341419  0.087679
1544  1007.941345  936.294728  19.291110  0.097205  1.429603  0.067544
1545  1198.830612  877.840753  19.358182  0.120167  1.253864  0.102968
1546  1024.019415  1091.610604  19.475924  0.116202  1.364188  0.080714
1547  1038.004408  1128.924058  19.406847  0.065196  1.245689  0.115011
1548  1126.565130  1071.031439  19.448417  0.166707  1.253603  0.100516
1549  1043.134587  832.299786  19.562594  0.138355  1.462844  0.089721
1550  941.493617  842.897469  19.335712  0.078960  1.234709  0.100884
1551  1016.753992  1011.836805  19.583311  0.174758  1.425791  0.080192
1552  957.084652  1103.250964  19.355803  0.064856  1.473967  0.077937
1553  964.648530  1032.604303  19.504804  0.112797  1.454057  0.131200
1554  1002.989281  974.522880  19.332239  0.070424  1.427006  0.131682
1555  984.627425  989.663273  19.420261  0.089744  1.423632  0.075245
1556  1178.478858  1019.131720  19.296942  0.094632  1.323229  0.097294
1557  1083.979018  1098.306990  19.315217  0.155089  1.385080  0.064587
1558  1061.105725  1098.938409  19.391697  0.090260  1.504700  0.079769
1559  991.047639  1093.954396  19.255967  0.102571  1.373745  0.067884
1560  1106.431980  1004.006175  19.226749  0.137825  1.383440  0.117369
1561  1014.378639  927.742362  19.527384  0.198933  1.326652  0.125242
1562  1093.154161  1079.778017  19.333524  0.080615  1.674100  0.140219
1563  1090.196685  1082.672783  19.207078  0.096783  1.460424  0.100660
1564  1039.314514  1005.881938  19.184305  0.062662  1.390200  0.118891
1565  979.082097  1080.531640  19.251778  0.067227  1.348085  0.087246
1566  966.938808  889.952584  19.287551  0.093086  1.499176  0.086460
1567  966.933873  955.939328  19.267365  0.075744  1.478179  0.118388
1568  1095.778755  1045.723382  19.233900  0.091485  1.484280  0.109310
1569  1162.145423  976.224502  19.360624  0.154023  1.330193  0.064053
1570  1073.094021  887.390372  19.370319  0.072934  1.529764  0.128276
1571  885.902193  1104.271626  19.270181  0.081577  1.551127  0.073407
1572  930.529075  1160.469893  19.274878  0.075414  1.716084  0.143905
1573  960.425370  834.100449  19.297457  0.079434  1.708495  0.149638
1574  1035.312906  1011.979059  18.992216  0.133645  1.488060  0.156273
1575  1083.049820  1073.142047  19.225222  0.069200  1.420876  0.086522
1576  1100.315750  951.992852  19.319157  0.145365  1.455503  0.159885
1577  963.548344  1060.429988  19.207195  0.105976  1.520083  0.090514
1578  1062.795674  1031.529083  19.171307  0.143723  1.338632  0.100886
1579  1005.697024  1019.599831  19.215917  0.105621  1.143615  0.160442
1580  1122.819011  1000.381706  19.360136  0.106042  1.358655  0.132245
1581  993.124086  947.066716  19.224337  0.088420  1.347661  0.079456
1582  877.585265  893.042790  19.193941  0.062281  1.321908  0.066518
1583  1049.836790  938.052997  19.138732  0.169877  1.382592  0.062803
1584  1016.284754  951.782543  19.318863  0.114001  1.285704  0.099443
1585  876.667474  1018.510930  19.282944  0.148014  1.664761  0.156590
1586  986.863677  1181.427876  19.165250  0.137975  1.282901  0.116408
1587  957.951242  990.366372  19.243268  0.072855  1.384138  0.123166
1588  1073.155174  966.909174  19.198258  0.120031  1.273283  0.087209
1589  1069.604086  912.646287  19.191056  0.100545  1.299546  0.101184
1590  1168.227471  1008.365199  19.182267  0.082283  1.403079  0.102542
1591  969.556808  987.052585  19.103583  0.069325  1.329021  0.110490
1592  1151.237100  1003.574600  19.131815  0.058709  1.320842  0.095960
1593  1108.384399  1078.701855  19.275257  0.144659  1.432574  0.113268
1594  1002.161111  899.986063  19.526345  0.167415  1.558286  0.113186
1595  877.461524  887.845990  19.107181  0.099818  1.378020  0.070474
1596  1058.616115  941.714330  19.206115  0.088091  1.359940  0.118919
1597  1236.570952  1004.997427  19.069873  0.091418  1.328818  0.088152
1598  1193.749709  857.067561  19.120885  0.151480  1.517727  0.082548
1599  1071.069696  1016.991212  19.119571  0.058727  1.446913  0.082038
1600  1132.222239  1073.814385  19.137923  0.073524  1.384565  0.092555
1601  988.493210  1165.119570  19.037922  0.170658  1.503941  0.077175
1602  983.255368  1087.574426  19.287264  0.075749  1.273784  0.146393
1603  1017.072517  1034.164552  19.212980  0.106158  1.020631  0.213631
1604  1033.615380  1019.698483  19.210053  0.112838  1.588028  0.121849
1605  1033.224376  913.607270  19.206251  0.071537  1.352538  0.067768
1606  1146.194596  1102.932152  19.114469  0.068038  1.367511  0.096959
1607  1074.157199  1110.341612  19.211449  0.158140  1.275153  0.060150
1608  1149.072077  1014.460805  18.992246  0.150028  1.437497  0.122460
1609  1129.158922  938.384753  18.940853  0.158334  1.394507  0.102876
1610  842.545869  1111.047619  19.055919  0.061649  1.418950  0.068201
1611  1004.295455  1075.405660  19.148298  0.058462  1.374181  0.094426
1612  1179.620639  1023.624684  19.024116  0.154674  1.378007  0.088768
1613  1055.185510  887.419187  19.250934  0.159780  1.377966  0.058203
1614  991.864893  1071.614464  19.144605  0.059452  1.466267  0.087192
1615  995.372851  1048.018432  19.100180  0.065527  1.301421  0.111894
1616  1168.280924  972.338790  19.283750  0.130825  1.374673  0.060691
1617  1026.125578  905.340867  19.062759  0.127568  1.468923  0.084734
1618  993.805763  828.028191  19.092512  0.098689  1.331375  0.070918
1619  1148.320317  925.421670  19.034301  0.060610  1.411984  0.104551
1620  894.120182  1008.906711  18.847621  0.201828  1.277442  0.115072
1621  939.344998  939.563172  18.908909  0.120980  1.490386  0.146524
1622  908.774584  1007.290798  18.966599  0.106461  1.493266  0.066610
1623  1055.183094  916.149228  18.850534  0.066060  1.365908  0.108887
1624  947.456942  1253.008097  18.893801  0.138316  1.369192  0.059919
1625  1015.738839  1100.335309  18.947494  0.104449  1.600213  0.104966
1626  1209.116262  1052.214292  18.867001  0.089688  1.188226  0.098148
1627  1057.797468  1120.437596  18.880024  0.055316  1.560571  0.157231
1628  1053.752525  985.836913  18.867412  0.095503  1.249744  0.149136
1629  1226.213990  964.795843  18.870291  0.094687  1.408730  0.091621
1630  1136.196956  1076.987617  18.928026  0.100276  1.291298  0.123343
1631  966.794936  1076.143780  18.874269  0.064760  1.327209  0.077195
1632  865.997885  990.849167  19.072227  0.087296  1.344704  0.104457
1633  1042.842358  1234.469601  19.008955  0.063115  1.722677  0.113626
1634  1036.220969  1025.291899  18.777112  0.063440  1.374817  0.086778
1635  999.652659  1093.289718  18.842637  0.097760  1.276830  0.059290
1636  1030.274458  1058.780549  18.765371  0.080007  1.273998  0.106328
1637  917.409362  1080.871342  18.925261  0.121479  1.285896  0.069766
1638  942.128005  1108.791972  19.036692  0.106997  1.270126  0.066762
1639  1099.169116  1222.037484  19.037261  0.072769  1.253729  0.146196
1640  828.911227  911.760445  19.003381  0.099902  1.064815  0.147192
1641  985.877688  1052.055142  18.821736  0.082792  1.342692  0.112962
1642  1034.597683  1053.131489  18.922285  0.056876  1.345198  0.227503
1643  972.082749  1112.661668  18.910842  0.059676  1.158036  0.169697
1644  842.809733  1010.990797  18.728881  0.128772  1.411470  0.117170
1645  1084.138230  935.999857  18.864160  0.063978  1.394149  0.090938
1646  1104.413819  969.586627  18.760671  0.145784  1.193184  0.102546
1647  1116.177961  1101.491917  18.830539  0.108392  1.254167  0.089201
1648  1133.483909  989.717791  18.766779  0.064008  1.580248  0.148525
1649  982.139699  1117.781914  18.744171  0.074698  1.264046  0.067882
1650  1169.712456  943.489884  19.081072  0.112710  1.207424  0.082450
1651  1171.512095  991.904584  18.824359  0.058673  1.391339  0.071718
1652  932.121211  1071.786885  18.822322  0.075661  1.255878  0.119483
1653  1001.887519  1018.076467  18.805609  0.060949  1.309846  0.065800
1654  1007.269028  943.033549  18.569404  0.188330  1.392395  0.077431
1655  851.673682  963.622605  18.879028  0.093514  1.452611  0.066243
1656  1148.159754  1107.728589  18.766215  0.105937  1.344022  0.103309
1657  1040.987116  948.901294  18.787922  0.069017  1.334439  0.070564
1658  1058.610770  1091.528827  18.831878  0.059277  1.397912  0.061190
1659  1060.525179  1064.357028  18.621144  0.069137  1.131052  0.091068
1660  1085.036790  844.348129  18.422755  0.235441  1.335297  0.053297
1661  1032.442225  1047.269048  18.824033  0.065445  1.325232  0.138539
1662  1185.971323  1019.598070  18.751113  0.068443  1.356591  0.052611
1663  958.036562  932.413706  18.813011  0.120043  1.367307  0.131237
1664  1172.832891  1097.522545  18.666541  0.091697  1.355472  0.080574
1665  1025.751265  1035.390628  18.865736  0.077307  1.345868  0.055710
1666  1077.001216  914.481992  18.863377  0.062265  1.296899  0.091260
1667  905.115116  987.760558  18.727415  0.057295  1.233494  0.154606
1668  1169.061724  965.216625  18.826386  0.063926  1.427670  0.088282
1669  1102.309499  1024.606863  18.768712  0.079099  1.337109  0.105417
1670  1101.918986  978.608312  18.752107  0.118266  1.255221  0.057294
1671  960.818668  1032.290611  18.757541  0.120009  1.388370  0.062108
1672  1105.734451  1113.216840  18.626284  0.093438  1.319089  0.146499
1673  1055.351316  982.840750  18.796999  0.061391  1.377712  0.086098
1674  1055.055933  1034.267402  18.818269  0.066640  1.380121  0.052998
1675  915.473900  1174.254572  18.523376  0.087291  1.380139  0.056162
1676  1114.583142  948.427223  18.669433  0.071254  1.303939  0.059541
1677  928.308224  1013.866701  18.769267  0.162131  1.299511  0.084799
1678  905.985249  1070.784614  18.605739  0.084428  1.357542  0.050663
1679  1081.583985  940.279276  18.686823  0.052770  1.416441  0.110548
1680  1082.207805  984.315290  18.660890  0.071000  1.166147  0.096333
1681  1061.196964  1101.493801  18.531242  0.079830  1.179660  0.146206
1682  1000.978657  955.409388  18.692169  0.136839  1.354995  0.094233
1683  1103.031706  1076.667269  18.669172  0.086559  1.388346  0.082821
1684  1107.381821  1110.113423  18.602066  0.123481  1.342492  0.073235
1685  1039.706952  1048.679916  18.527524  0.068748  1.281678  0.082165
1686  982.503854  936.495677  18.688036  0.059175  1.182472  0.110070
1687  1025.276150  1084.248515  18.779465  0.069775  1.353116  0.082371
1688  958.199583  1073.597481  18.394284  0.121520  1.337897  0.068393
1689  1155.755971  1068.026593  18.953606  0.117395  1.361978  0.070590
1690  1010.636308  977.097462  18.611248  0.080908  1.294849  0.050338
1691  878.857953  1090.958602  18.604592  0.086047  1.288760  0.081407
1692  981.258895  961.696113  18.709589  0.081984  1.207204  0.087394
1693  1035.717386  897.434501  18.648500  0.089295  1.283128  0.073388
1694  900.354007  1032.520499  18.569255  0.100303  1.259626  0.087713
1695  984.763269  1152.369070  18.438279  0.098392  1.521420  0.088240
1696  1072.650977  1153.474109  18.598401  0.079564  1.342165  0.071487
1697  1205.547336  1129.323213  18.549365  0.081940  1.392727  0.061829
1698  1095.178506  1061.958062  18.512210  0.055049  1.249608  0.091018
1699  1018.113638  1239.611945  18.468509  0.071980  1.445222  0.092856
1700  857.070961  1129.300562  18.525501  0.111609  1.265891  0.058859
1701  1160.651919  1126.538793  18.686437  0.071933  1.293554  0.078273
1702  1046.994432  1036.230451  18.461749  0.060159  1.358921  0.050949
1703  1177.157448  1038.079263  18.526600  0.096621  1.292435  0.051565
1704  1163.897037  971.854234  18.584934  0.124846  1.317977  0.061406
1705  1121.909453  979.072512  18.336316  0.101109  1.517774  0.134610
1706  1040.939377  1168.549642  18.499219  0.078886  1.393416  0.076624
1707  993.813709  930.139914  18.434068  0.088466  1.159678  0.096728
1708  1083.671388  1042.168361  18.441310  0.057971  1.369103  0.048570
1709  1108.575375  1033.466839  18.629989  0.141872  1.319255  0.142569
1710  1010.950533  1002.879365  18.553819  0.055635  1.253503  0.087739
1711  971.205857  1064.997315  18.530708  0.104960  1.291460  0.083297
1712  1052.314214  1130.710938  18.463793  0.088197  1.371663  0.098368
1713  940.520817  1139.753411  18.472377  0.165331  1.481935  0.112023
1714  900.817715  911.092449  18.410107  0.059544  1.447504  0.086152
1715  1044.361236  1168.174592  18.534981  0.061130  1.385177  0.094510
1716  881.593119  892.776387  18.449099  0.079080  1.248869  0.058384
1717  1003.394232  1061.611950  18.473783  0.064466  1.339177  0.152287
1718  1141.401190  1143.228027  18.401451  0.078894  1.291118  0.047673
1719  1072.473620  953.724416  18.446307  0.066183  1.250547  0.106402
1720  807.013048  1048.026993  18.446397  0.153912  1.316534  0.046670
1721  1178.437796  951.270543  18.353676  0.077169  1.245275  0.110577
1722  973.913743  1094.589624  18.265041  0.097762  1.277139  0.088420
1723  1077.694362  973.708841  18.445073  0.096970  1.297881  0.080414
1724  976.640532  933.480325  18.362048  0.069107  1.259634  0.126162
1725  1102.953144  994.161787  18.373939  0.050299  1.241376  0.083153
1726  1027.991634  1038.247424  18.399508  0.060744  1.351465  0.057089
1727  1010.506465  935.354470  18.462386  0.097089  1.365970  0.135754
1728  1046.264730  1003.795149  18.344914  0.051020  1.340859  0.065269
1729  1011.473449  937.039217  18.355789  0.122284  1.358610  0.084813
1730  1186.424484  1115.572470  18.235202  0.125928  1.345450  0.146865
1731  1082.789786  883.413402  18.329504  0.082208  1.277309  0.046619
1732  996.161495  1150.740910  18.310116  0.064368  1.060184  0.094468
1733  1164.292751  1055.175148  18.388902  0.081573  1.210463  0.088202
1734  1012.435640  1017.218130  18.284591  0.052532  1.393092  0.077481
1735  1075.815670  1106.898842  18.379130  0.072385  1.256984  0.048192
1736  988.592292  1032.776090  18.305179  0.063965  1.425357  0.119995
1737  1085.856543  1052.357837  18.237233  0.102249  1.261568  0.070768
1738  939.364045  991.940567  18.154471  0.092247  1.238527  0.059963
1739  1100.485100  1050.533499  18.209888  0.068083  1.327372  0.064433
1740  989.992264  1014.377349  18.242114  0.099535  1.263486  0.065311
1741  1011.048899  1126.434591  18.343861  0.069820  1.227037  0.058275
1742  1050.841170  898.527498  18.314175  0.096713  1.329280  0.070777
1743  1000.380928  1134.838661  18.007727  0.121416  1.335908  0.133840
1744  1148.232765  1030.797517  18.260720  0.122079  1.248886  0.053618
1745  963.454915  1022.270280  18.201825  0.108458  1.240121  0.143691
1746  993.634550  1069.540618  18.017864  0.123900  1.349057  0.043906
1747  943.442022  989.140685  18.176418  0.077493  1.245353  0.056984
1748  1013.575967  1055.853117  18.137010  0.049557  1.327831  0.108329
1749  1183.571845  862.623785  18.166963  0.068390  1.326718  0.075253
1750  1081.577349  951.425147  18.141206  0.096932  1.366118  0.066988
1751  1013.483766  1030.515753  18.175176  0.053993  1.218946  0.068325
1752  862.657925  1018.761482  18.145669  0.052591  1.371819  0.045401
1753  952.319857  1041.068339  18.090440  0.059578  1.351064  0.074287
1754  1114.564321  1133.496852  18.168703  0.136739  1.241241  0.085679
1755  1133.039555  958.834770  18.136166  0.048520  1.364586  0.108021
1756  942.859715  862.354842  17.995769  0.094932  1.258440  0.052695
1757  836.847473  1000.938107  18.037741  0.057561  1.246572  0.080645
1758  1095.878390  1000.288215  18.112828  0.046329  1.382969  0.139591
1759  840.596787  1004.705403  18.123980  0.045049  1.328272  0.061448
1760  941.871718  966.231245  18.054331  0.080231  1.342679  0.093810
1761  1061.189140  1007.414948  18.083072  0.066647  1.180329  0.156725
1762  1106.385920  1041.440727  18.047061  0.044638  1.347658  0.066045
1763  992.623227  1140.442644  17.944582  0.046522  1.300531  0.111364
1764  981.534065  943.462973  17.986006  0.136952  1.401673  0.064646
1765  1027.065631  1078.233211  18.062187  0.099837  1.338803  0.058848
1766  1074.173174  1004.573368  18.009230  0.059161  1.320547  0.062287
1767  1028.816630  872.685486  17.976359  0.140940  1.238135  0.068716
1768  1031.945892  1076.075725  18.064845  0.061341  1.229945  0.087992
1769  916.763771  965.014938  18.005981  0.049175  1.312195  0.058667
1770  1138.440315  1070.695793  17.975216  0.061139  1.389482  0.058380
1771  1196.664689  1097.309901  18.009391  0.050570  1.209157  0.091486
1772  1180.883087  1031.192883  18.072567  0.046008  1.321922  0.065657
1773  1001.934541  1143.731241  18.085672  0.084949  1.355048  0.135168
1774  927.485153  875.485286  18.012533  0.064555  1.189809  0.081483
1775  985.580401  1081.836667  17.919805  0.047488  1.351367  0.084932
1776  932.732600  1142.569390  17.826593  0.051416  1.336334  0.087012
1777  955.047608  1061.191619  17.990820  0.062709  1.322416  0.100744
1778  1010.509414  1167.080858  18.102159  0.095497  1.540438  0.116955
1779  1044.267172  947.574866  17.962389  0.049219  1.261525  0.065029
1780  1007.045018  1101.587517  18.074120  0.136180  1.310250  0.112014
1781  1062.631240  1057.110671  17.830886  0.083199  1.280775  0.059315
1782  1038.499267  1226.349281  17.899734  0.083278  1.276177  0.041248
1783  1153.076306  1077.578486  17.870782  0.096958  1.275094  0.053660
1784  1092.965437  822.744781  17.870079  0.075855  1.296006  0.052782
1785  936.423772  990.135276  17.683379  0.115979  1.215889  0.059800
1786  1054.413947  1087.097999  17.755578  0.043011  1.369876  0.073452
1787  1018.731028  1004.232417  17.849815  0.066174  1.348167  0.070529
1788  989.814436  936.968745  17.826664  0.040072  1.424844  0.103043
1789  953.495224  1014.609101  17.858499  0.050108  1.321842  0.083973
1790  942.881833  1057.262367  17.710524  0.063303  1.271011  0.078687
1791  1101.256151  1036.874035  17.742775  0.066344  1.206249  0.052019
1792  876.303585  887.311954  17.719879  0.050653  1.309366  0.039944
1793  1050.709729  1153.190318  17.793614  0.078613  1.276699  0.070199
1794  1040.580321  981.460951  17.805202  0.097558  1.358267  0.078410
1795  951.286989  1036.643082  17.628636  0.064701  1.228595  0.047995
1796  1001.661911  889.437635  17.608972  0.064758  1.173237  0.039359
1797  925.808230  1088.326472  17.728787  0.065270  1.278996  0.077155
1798  1074.915062  972.683305  17.585484  0.042549  1.217633  0.055480
1799  1055.678034  1213.923328  17.658955  0.098513  1.306623  0.047929
1800  979.627909  1041.329684  17.545100  0.073944  1.317061  0.089966
1801  1039.918961  913.627300  17.648087  0.047554  1.271330  0.041461
1802  868.813906  915.341414  17.612092  0.059805  1.302706  0.039402
1803  927.790223  1015.993303  17.517603  0.088964  1.246161  0.065841
1804  995.370066  938.294641  17.678821  0.055158  1.322054  0.045989
1805  1131.092787  1067.361300  17.424468  0.081919  1.268708  0.083214
1806  943.427748  931.697766  17.605778  0.038071  1.215444  0.056720
1807  1076.493066  932.626289  17.598138  0.057731  1.098284  0.115879
1808  982.297272  1003.326013  17.551669  0.086947  1.213835  0.071513
1809  923.091292  1126.086820  17.624760  0.101360  1.350175  0.075249
1810  933.348434  1069.023724  17.529818  0.055186  1.363030  0.058367
1811  1030.739579  1087.638487  17.477880  0.057175  1.408034  0.117074
1812  1128.055992  1100.228710  17.568782  0.048226  1.277318  0.093576
1813  1042.874225  992.345764  17.668513  0.065384  1.351460  0.069657
1814  1170.454589  901.672735  17.505925  0.047154  1.250227  0.051329
1815  1152.062546  1143.091180  17.478919  0.076008  1.352618  0.064266
1816  1081.173934  1108.668539  17.539145  0.048387  1.218255  0.056190
1817  1010.179809  1001.501368  17.479453  0.054783  1.248014  0.046165
1818  1098.762056  1024.353034  17.480273  0.040390  1.352599  0.058669
1819  998.282834  958.013952  17.419082  0.105282  1.205798  0.089484
1820  953.762222  1033.582981  17.541229  0.056749  1.156357  0.063566
1821  1179.966464  1022.951035  17.557636  0.136258  1.350983  0.077213
1822  1034.714460  1009.152963  17.492579  0.067412  1.282615  0.050662
1823  1058.558566  1050.249236  17.285584  0.049737  1.369624  0.077888
1824  1052.583404  1070.331249  17.373739  0.055078  1.226383  0.043605
1825  1101.583647  908.056023  17.312472  0.050768  1.301141  0.074658
1826  1000.438845  939.583672  17.417029  0.063699  1.245011  0.043496
1827  898.322739  1183.662100  17.349708  0.046803  1.300477  0.055485
1828  1008.794583  1073.404027  17.276359  0.040486  1.346541  0.097832
1829  1071.425761  1065.822577  17.331158  0.053535  1.318969  0.044041
1830  1050.165637  1081.244283  17.324969  0.047613  1.199308  0.041853
1831  1115.235799  1042.848850  17.293068  0.096971  1.201263  0.053412
1832  1055.104819  1048.633508  17.205745  0.101186  1.191690  0.072089
1833  993.781023  970.936873  17.227003  0.039756  1.292015  0.052529
1834  857.370849  926.306017  17.296355  0.086470  1.325324  0.056399
1835  1113.278095  1008.604058  17.263473  0.052147  1.342759  0.066635
1836  1083.100979  1027.035054  17.153977  0.108450  1.268450  0.047261
1837  928.252129  949.347123  17.253515  0.045957  1.224765  0.072762
1838  929.616302  1129.351066  17.223819  0.060356  1.179448  0.063250
1839  920.820306  1006.363832  17.208807  0.063259  1.252381  0.092485
1840  1037.088788  896.829870  17.187103  0.037657  1.223860  0.042539
1841  1068.436746  1040.803389  17.143110  0.071798  1.229173  0.085163
1842  1141.517660  1018.649661  17.181846  0.059934  1.209052  0.048084
1843  944.955638  940.854968  17.159691  0.134129  1.125814  0.098255
1844  981.117399  1108.054733  17.173873  0.034304  1.279648  0.039296
1845  1045.701878  1068.652442  17.327595  0.075308  1.247173  0.074976
1846  1091.071549  1021.917348  17.087470  0.068389  1.254363  0.037246
1847  1062.386033  1068.712161  17.130838  0.037788  1.340056  0.069758
1848  1096.973947  1117.598638  17.227572  0.066885  1.260488  0.046160
1849  960.722452  986.999296  17.105341  0.069565  1.244520  0.040226
1850  948.286341  1116.864000  17.122814  0.037760  1.208660  0.063491
1851  1036.820685  922.743685  17.203403  0.085653  1.200523  0.049174
1852  1176.419021  1127.010693  17.135973  0.045096  1.193762  0.064950
1853  914.211389  944.210944  17.075262  0.060853  1.315227  0.072217
1854  1095.704515  1117.324841  17.180304  0.082668  1.383743  0.056535
1855  1030.053458  1068.084736  17.125688  0.069119  1.307430  0.090297
1856  1084.924744  1084.400988  17.142528  0.084499  1.254515  0.052827
1857  1106.418012  913.414390  17.026352  0.050908  1.186280  0.039216
1858  1060.720968  1203.140485  17.130433  0.064326  1.210336  0.033293
1859  946.609152  1024.617759  17.026500  0.064083  1.304839  0.051436
1860  972.470415  1119.860285  17.050811  0.040767  1.149261  0.096884
1861  1122.795131  1120.013763  16.973309  0.047652  1.204369  0.044024
1862  996.249928  1086.418207  16.978464  0.046659  1.309595  0.084781
1863  968.845496  1079.288300  16.953855  0.045879  1.253855  0.044525
1864  1099.429171  993.212744  17.046181  0.071888  1.211798  0.063841
1865  1033.861222  1106.602557  16.964355  0.054556  1.256749  0.052409
1866  1015.394755  861.339935  17.079743  0.071002  1.259897  0.032878
1867  1079.225917  1043.826668  17.021647  0.061564  1.237318  0.101187
1868  957.649756  984.539873  16.866328  0.069900  1.220913  0.086115
1869  1055.224852  997.995479  16.888682  0.062138  1.550209  0.120840
1870  1015.478579  898.379592  16.977852  0.041173  1.246403  0.039116
1871  1079.883715  1036.174746  16.971188  0.036041  1.254420  0.049316
1872  1037.655634  1149.811241  16.715919  0.110714  1.214830  0.051626
1873  1179.000177  1014.829670  16.822660  0.041173  1.205874  0.047017
1874  1013.171528  1136.606310  16.857633  0.042704  1.208218  0.034109
1875  946.697667  968.506900  16.866933  0.057020  1.222169  0.042322
1876  1027.974267  958.698455  16.820345  0.054149  1.280695  0.047251
1877  987.671286  997.369651  16.868700  0.087790  1.212871  0.076890
1878  901.448684  948.652401  16.763550  0.036799  1.242620  0.057529
1879  1043.592991  1025.674793  16.730297  0.111120  1.293744  0.050038
1880  924.798464  927.094661  16.764139  0.066904  1.252172  0.060690
1881  1017.880146  1003.948380  16.826288  0.080820  1.209146  0.053051
1882  990.000251  846.678364  16.698594  0.081498  1.236773  0.035166
1883  997.405286  982.502195  16.678985  0.038389  1.235712  0.033147
1884  934.478008  1200.254546  16.713507  0.076696  1.185506  0.051915
1885  1111.785062  1042.420019  16.579116  0.077090  1.011454  0.082758
1886  1001.311171  1001.799066  16.682692  0.060694  1.189058  0.057031
1887  950.387630  1004.563579  16.607297  0.062642  1.302174  0.038537
1888  1035.224596  1020.957286  16.528810  0.033346  1.186703  0.045125
1889  1099.964580  1052.427817  16.442888  0.031636  1.205216  0.046181
1890  931.407196  1143.332741  16.487817  0.059180  1.194377  0.061370
1891  1033.375334  995.890545  16.453081  0.033286  1.192455  0.034981
1892  886.632755  889.034588  16.286498  0.067120  1.204135  0.034703
1893  1133.697577  1113.214177  16.366018  0.043670  1.180580  0.049822
1894  1071.165481  1184.756736  16.357386  0.043578  1.218059  0.035145
1895  1029.497180  1110.904750  16.358351  0.032003  1.158086  0.034450
1896  1170.539008  1126.130483  16.307081  0.090636  1.106479  0.058369
1897  1068.874936  988.212019  16.342419  0.028895  1.228161  0.044550
1898  1070.974976  916.792300  16.270215  0.033344  1.219836  0.051843
1899  868.973629  1066.342482  16.263099  0.078554  1.151926  0.040180
1900  914.940826  1052.789248  16.264530  0.064431  1.153301  0.036633
1901  924.784435  821.516001  16.258089  0.054734  1.188028  0.029680
1902  1001.034977  1049.861427  16.231986  0.031266  1.161427  0.037736
1903  1009.269064  1067.905147  16.283215  0.069947  1.208242  0.040180
1904  1080.658145  928.085524  16.179276  0.043830  1.311395  0.044950
1905  1097.562542  1013.349376  16.197893  0.029238  1.202980  0.029159
1906  1091.836252  1029.245071  16.200252  0.041533  1.198950  0.030264
1907  1065.414144  973.631918  16.134105  0.061901  1.160636  0.056191
1908  958.859981  1035.863224  16.090642  0.070906  1.194879  0.028132
1909  1007.419515  1116.671099  16.137466  0.059406  1.182019  0.028677
1910  1117.894349  944.387092  16.209220  0.055781  1.239198  0.033376
1911  1135.457833  1072.707973  16.014107  0.057137  1.210816  0.082385
1912  1045.519114  934.969815  16.135830  0.053447  1.229532  0.030704
1913  916.520776  872.934564  16.065127  0.036613  1.163400  0.059977
1914  1035.709317  1046.527119  16.084991  0.050970  1.281275  0.056364
1915  805.385851  1007.488983  15.997188  0.057478  1.194647  0.054432
1916  1084.018299  995.642675  16.078069  0.049173  1.031647  0.065853
1917  1018.762813  979.161518  15.968410  0.037047  1.149876  0.064726
1918  1022.516716  1013.739909  15.971131  0.028737  1.219236  0.042546
1919  1160.270500  1025.407406  15.986823  0.032153  0.977269  0.082464
1920  1177.421476  1076.151685  15.964400  0.043799  1.037645  0.076053
1921  901.912781  1042.068214  15.933978  0.035626  1.046247  0.055013
1922  998.968320  972.442726  15.894248  0.039836  1.102212  0.032100
1923  862.564864  976.679055  15.881472  0.031621  1.179680  0.048142
1924  1160.891269  968.647905  15.895706  0.055261  1.149153  0.039239
1925  897.651343  1117.495542  15.870930  0.046449  1.214675  0.031903
1926  949.953126  1178.772767  15.852629  0.060886  1.198400  0.027955
1927  933.263032  1044.157297  15.780297  0.055599  1.083500  0.044851
1928  983.906591  1031.459512  15.742330  0.064761  1.098094  0.038852
1929  861.510922  1115.226358  15.730807  0.038133  1.207767  0.053719
1930  901.687501  1146.337178  15.644121  0.036683  1.182000  0.044086
1931  1018.911150  1012.633068  15.542720  0.082886  1.094671  0.047346
1932  955.393229  990.173942  15.548152  0.043446  1.131354  0.054061
1933  1082.447278  1013.930701  15.458993  0.045338  1.077544  0.060332
1934  941.870387  1127.581061  15.410345  0.040221  1.090992  0.043465
1935  1046.253752  1031.581491  15.456399  0.032482  1.056236  0.059993
1936  987.417580  1093.967831  15.400125  0.044967  1.114895  0.039647
1937  1088.937574  1083.809894  15.405587  0.031894  0.912268  0.074805
1938  897.112392  959.577272  15.442471  0.038313  1.120792  0.042474
1939  1017.281044  1024.504443  15.381585  0.028253  1.134988  0.050463
1940  1108.088525  935.842755  15.374934  0.050366  1.064981  0.025486
1941  1062.025544  1215.776481  15.368874  0.042984  1.117028  0.065438
1942  1062.879601  1146.567721  15.295893  0.043785  1.082829  0.025868
1943  1041.095373  904.485437  15.277688  0.053223  1.038130  0.039732
1944  1091.797545  928.057692  15.251197  0.049760  1.126420  0.038240
1945  1091.585147  985.928622  15.307287  0.028486  0.984014  0.051185
1946  1024.516321  941.481923  15.303044  0.049126  1.191701  0.065226
1947  1023.287153  1099.094876  15.254985  0.043485  1.106503  0.032467
1948  1053.286093  1168.753541  15.226541  0.046448  1.102911  0.033603
1949  967.100826  887.803249  15.204004  0.046645  1.138774  0.040927
1950  955.105976  975.253873  15.239086  0.036127  1.108093  0.027392
1951  933.948027  1006.132244  15.213114  0.066311  1.100691  0.036489
1952  934.685430  1006.674289  15.146382  0.041764  1.149262  0.035125
1953  952.990474  986.060431  15.133875  0.049884  1.138329  0.040288
1954  945.089147  1158.993900  15.110130  0.029382  1.129277  0.039700
1955  992.385638  1004.031734  14.952556  0.042808  1.029241  0.037326
1956  1048.073073  987.315569  15.042297  0.049408  1.085610  0.025939
1957  919.752356  1051.000095  15.036551  0.032682  0.999894  0.026652
1958  1049.773281  1027.702170  14.923173  0.043949  1.071137  0.048120
1959  978.291487  995.894743  14.976645  0.032343  1.050759  0.045682
1960  980.419379  1028.583076  14.823367  0.050013  1.057737  0.046703
1961  1096.401981  1100.476826  14.851284  0.026879  1.063252  0.056192
1962  1061.807186  1032.421581  14.781154  0.022863  1.075179  0.030390
1963  1167.819878  1049.469051  14.630131  0.038419  0.990254  0.056010
1964  945.446420  966.744125  14.658332  0.029982  1.021199  0.036252
1965  913.379533  1001.211986  14.581800  0.028598  1.013881  0.027912
1966  897.856983  950.281585  14.629696  0.028321  0.936979  0.054337
1967  889.051587  988.155884  14.567466  0.040258  1.011087  0.030379
1968  1030.469263  1009.678950  14.541865  0.047763  1.005572  0.041264
1969  911.233864  1099.177902  14.518890  0.031230  0.937868  0.030646
1970  1099.547996  865.185956  14.515622  0.073078  0.941261  0.031192
1971  1144.013742  972.744909  14.558401  0.048347  0.943393  0.040963
1972  1187.697500  1021.586002  14.444303  0.070274  0.978580  0.047107
1973  1016.793108  1031.251722  14.456480  0.065759  0.967393  0.023384
1974  918.095258  1110.792192  14.453291  0.022610  0.936949  0.033125
1975  1133.453005  999.210086  14.386159  0.030651  0.979728  0.031950
1976  961.013719  1020.443443  14.463107  0.022617  0.893840  0.048452
1977  1195.352678  1114.594529  14.399681  0.044443  0.955363  0.041472
1978  1067.770020  995.339919  14.327192  0.026159  0.983445  0.038093
1979  1035.557786  964.892303  14.317419  0.029929  0.922376  0.024744
1980  1011.788452  911.749222  14.309699  0.023246  0.994055  0.064460
1981  1039.833006  898.042675  14.211657  0.041973  0.914081  0.025882
1982  1167.694787  1037.300552  14.251094  0.042285  0.930841  0.034529
1983  1081.198817  989.120020  14.181141  0.034148  0.925366  0.062735
1984  1075.046134  924.928000  14.122787  0.029223  0.884082  0.032439
1985  1110.072156  977.205064  14.109920  0.036539  0.934462  0.021879
1986  964.446024  1018.137313  14.053695  0.024448  0.886897  0.042437
1987  1011.699692  947.838710  13.972877  0.036832  0.822198  0.031813
1988  1056.334131  1151.938929  13.948637  0.024518  0.834221  0.020854
1989  1037.813309  1158.417920  13.848258  0.032930  0.817625  0.051273
1990  821.022147  994.818150  13.921509  0.024476  0.855247  0.029461
1991  1157.480735  891.558441  13.740328  0.035321  0.790814  0.050870
1992  989.561078  1043.155640  13.835854  0.041444  0.891032  0.042383
1993  1073.644360  1069.258076  13.807830  0.029185  0.773151  0.032351
1994  1039.497687  1040.681533  13.736754  0.021208  0.839060  0.036450
1995  1166.825656  877.429576  13.695418  0.020867  0.750742  0.028963
1996  1094.823219  939.740918  13.728084  0.033204  0.789922  0.024203
1997  1069.278884  1025.403228  13.598004  0.024746  0.767486  0.045534
1998  1096.087532  875.005788  13.617068  0.029711  0.736328  0.022594
1999  1088.292536  1015.383572  13.559828  0.021347  0.778117  0.038070
11000  1165.732147  1165.794714  13.505437  0.026953  0.753796  0.033755
11001  1023.307018  926.659420  13.489594  0.033901  0.742621  0.032190
11002  1089.650688  1124.928881  13.499349  0.026547  0.778108  0.020086
11003  961.333248  1087.704965  13.422092  0.042764  0.634028  0.041973
11004  963.080499  870.070907  13.419609  0.025189  0.759231  0.019336
11005  1056.142213  932.792996  13.371795  0.035762  0.766154  0.043344
11006  1090.064896  942.689649  13.386786  0.029971  0.731383  0.030594
11007  1048.717517  929.507717  13.342636  0.060451  0.660543  0.054580
11008  1229.109780  979.568968  13.331387  0.034265  0.755292  0.021587
11009  954.485985  894.135235  13.287289  0.020142  0.726344  0.032123
11010  1020.789002  934.752952  13.258320  0.047268  0.778820  0.038261
11011  866.002657  1064.192430  13.263492  0.025564  0.716812  0.019836
11012  977.703526  852.617748  13.233569  0.030953  0.712198  0.022442
11013  976.183153  982.100808  13.233348  0.049030  0.729538  0.019885
11014  1032.654234  1028.628357  13.109328  0.034589  0.645088  0.034293
11015  1057.012531  852.321710  13.086186  0.023206  0.671982  0.034291
11016  1020.329492  1142.409585  13.022781  0.048566  0.664106  0.040242
11017  1067.133768  1085.612933  12.939305  0.050410  0.664392  0.030311
11018  1092.040745  935.091405  12.942931  0.034061  0.679586  0.038386
11019  997.988741  1045.775073  12.928749  0.035623  0.652237  0.021326
11020  997.221069  1179.976008  12.831255  0.035924  0.624928  0.023699
11021  965.730263  930.751939  12.874106  0.058578  0.631334  0.023473
11022  1007.796777  1195.581583  12.748334  0.034285  0.563413  0.046740
11023  1085.051044  1084.237066  12.780525  0.040503  0.590475  0.027435
11024  1031.149015  1047.149281  12.693313  0.030287  0.618925  0.023105
11025  1116.515348  856.039649  12.660724  0.035279  0.603182  0.055892
11026  1099.035136  1050.359337  12.597024  0.023027  0.622118  0.022205
11027  1244.984873  972.366152  12.610528  0.023162  0.621198  0.024739
11028  1097.633526  1111.118684  12.535769  0.033200  0.564967  0.041550
11029  810.322514  1041.399808  12.511760  0.022405  0.619959  0.024161
11030  1025.077944  970.933002  12.433338  0.032632  0.596268  0.035559
11031  970.924995  1069.737513  12.392287  0.028260  0.592848  0.032402
11032  1029.528678  1026.953073  12.351821  0.049746  0.559329  0.027479
11033  1104.959365  948.897853  12.337100  0.044241  0.596623  0.035792
11034  978.095043  1043.485389  12.323127  0.018331  0.533037  0.024438
11035  985.412895  985.006510  12.286393  0.028119  0.552694  0.018072
11036  911.267328  1138.682020  12.284662  0.046750  0.526468  0.029163
11037  884.478771  1052.064809  12.229935  0.052444  0.551337  0.023563
11038  998.152888  978.149110  12.166002  0.019066  0.544080  0.027227
11039  1029.438669  844.979200  12.155568  0.030619  0.473963  0.026735
11040  926.012457  1040.420782  12.125585  0.037168  0.491768  0.045953
11041  1044.043121  1084.809953  12.065121  0.028997  0.441109  0.032608
11042  982.381302  1098.494013  11.979144  0.018303  0.474758  0.033585
11043  986.579845  1050.278502  11.959366  0.018252  0.443887  0.027793
11044  1038.253752  1022.951895  11.917039  0.026578  0.495891  0.035462
11045  981.689815  1036.416942  11.919819  0.053144  0.439903  0.026051
11046  902.746890  1026.947891  11.860551  0.037567  0.478349  0.023826
11047  862.416609  1078.783713  11.843286  0.019087  0.471056  0.019367
11048  988.591411  1160.202998  11.762971  0.032538  0.464519  0.033333
11049  918.823240  1005.056553  11.727394  0.017534  0.446794  0.017181
11050  1081.378243  1121.690644  11.657230  0.035873  0.446814  0.053186
11051  998.182482  1025.816392  11.586321  0.021910  0.377489  0.035206
11052  1003.693138  1145.823191  11.578280  0.027920  0.391232  0.045211
11053  1119.069471  1018.149069  11.605325  0.039254  0.405938  0.018916
11054  1106.057380  1138.581135  11.504190  0.032176  0.365922  0.025577
11055  1211.218391  1060.600381  11.405706  0.029868  0.381961  0.017401
11056  1054.152520  891.224556  11.435009  0.022867  0.379168  0.021502
11057  1110.201917  897.034834  11.332242  0.034526  0.348343  0.025431
11058  1086.546002  1084.089426  11.297372  0.024099  0.450145  0.041887
11059  970.868019  914.645934  11.262159  0.038715  0.360127  0.025266
11060  1095.154668  1002.507633  11.278608  0.026708  0.332190  0.042489
11061  1001.854628  1123.355382  11.226768  0.033146  0.336526  0.029910
11062  1048.187822  1083.412890  11.088150  0.036846  0.290148  0.029323
11063  1149.947945  1122.701885  11.138898  0.022608  0.288916  0.017572
11064  986.699919  1178.590454  10.992488  0.026044  0.270390  0.018704
11065  1092.427981  1113.689600  10.995281  0.026053  0.291243  0.020997
11066  984.509870  976.508396  11.000134  0.027511  0.290567  0.031132
11067  1033.628774  927.274148  10.893577  0.034768  0.285051  0.037791
11068  930.184233  1064.548536  10.900967  0.045764  0.291253  0.039211
11069  1049.214136  1112.198533  10.761109  0.021230  0.235298  0.020598
11070  1059.739935  920.530473  10.743891  0.039151  0.196215  0.034179
11071  1019.596124  1057.788559  10.712659  0.026663  0.249742  0.027979
11072  1166.865428  910.731858  10.682940  0.019558  0.205492  0.021877
11073  1089.425101  987.614392  10.615571  0.023555  0.175775  0.049947
11074  1148.582400  1114.865746  10.526448  0.030982  0.174726  0.017492
11075  1013.326868  931.331994  10.544855  0.020844  0.207293  0.029634
11076  1020.072591  993.199534  10.490104  0.023855  0.175249  0.061482
11077  979.419341  1145.831997  10.427470  0.044583  0.160764  0.016925
11078  846.081741  1024.535982  10.383890  0.032949  0.120888  0.032504
11079  954.212598  1039.229932  10.369512  0.043858  0.122240  0.016482
11080  1038.147400  995.337892  10.259021  0.022719  0.166516  0.025332
11081  960.033403  1105.931387  10.212214  0.025600  0.162287  0.036302
11082  936.403210  1068.811346  10.175329  0.026613  0.132117  0.050323
11083  906.630287  990.041805  10.161691  0.028107  0.111797  0.020869
11084  1062.359736  905.384673  10.138577  0.026833  0.092504  0.024604
11085  1018.688205  1067.473920  10.036041  0.043701  0.005106  0.030413
11086  1037.002875  1137.462723  10.041304  0.031893  0.071588  0.018431
11087  1154.874143  1103.781478  9.960902  0.030250  0.053385  0.031188
11088  984.275046  1107.872133  9.883407  0.028453  0.029179  0.026902
11089  998.894019  864.043827  9.820220  0.044424  0.036881  0.050416
11090  985.017016  1057.204593  9.806068  0.042760  0.024717  0.030669
11091  1000.166400  946.000445  9.808236  0.016932  0.007122  0.019916
11092  854.724813  879.610675  9.746237  0.020235  0.008401  0.039918
11093  1089.362330  1064.982876  9.659980  0.023039  0.023739  0.016934
11094  979.127091  910.060483  9.637029  0.036531  0.015211  0.029825
11095  990.322606  984.991150  9.576271  0.018560  0.005354  0.037833
11096  977.197138  1061.509079  9.516256  0.021894  0.018854  0.052744
11097  1041.644646  960.140882  9.506633  0.037252  0.050521  0.033587
11098  1007.778877  1014.331474  9.468586  0.033872  -0.023501  0.025520
11099  1094.685716  975.526359  9.369366  0.024041  0.001641  0.019586
11100  1086.652867  924.693586  9.359208  0.015893  -0.058848  0.033536
11101  965.416960  964.464251  9.293933  0.020187  -0.008772  0.016622
11102  1111.088148  899.928658  9.155113  0.018438  0.006167  0.038095
11103  981.464904  1027.163034  8.992431  0.023484  -0.018152  0.018948
11104  1129.179300  1018.239119  8.924349  0.016474  -0.022351  0.022390
11105  1145.720238  935.144305  8.877546  0.019975  -0.046086  0.029832
11106  1078.056735  975.142502  8.863899  0.023570  -0.093795  0.031353
11107  961.447178  913.020170  8.834381  0.057835  -0.036121  0.017992
11108  956.983194  1036.743107  8.667761  0.029996  -0.041003  0.019210
11109  1062.577992  1033.005220  8.602202  0.019093  -0.023383  0.029592
11110  1074.829189  1023.693414  8.457338  0.016424  -0.100303  0.038047
11111  1018.310574  1039.417098  8.398837  0.026638  -0.037389  0.028819
11112  1010.398044  979.402424  8.353336  0.039893  -0.140255  0.023006
11113  1099.653693  1104.690688  8.154170  0.015548  -0.088715  0.021767
11114  1084.021862  818.330993  7.986931  0.023157  -0.066159  0.041806
11115  1045.832499  1025.049354  7.808169  0.016111  -0.092039  0.016987
11116  1126.381466  976.314819  7.618492  0.045677  -0.124901  0.053451
11117  1089.635348  916.620943  7.493586  0.021824  -0.028087  0.028454
11118  936.347034  959.155773  7.318268  0.026951  -0.118201  0.029485
11119  916.424643  1060.811919  6.923408  0.048374  -0.086091  0.027264
11120  1027.720335  927.120097  6.631075  0.044882  -0.143760  0.021381
11121  1178.831749  1037.475000  6.435237  0.021664  -0.091529  0.030779
20  1061.336004  31.811808  6.393039  0.016922  -0.241390  0.026895
21  532.727714  813.608476  8.220706  0.018319  0.457568  0.022078
22  1210.342660  1330.811758  7.914994  0.028110  0.004781  0.052305
23  1374.179192  1249.832959  14.891770  0.058181  3.358327  0.023083
24  189.392447  1770.829844  8.687341  0.026371  -0.043198  0.021567
25  1771.793749  1191.110901  8.721424  0.031836  -0.009842  0.021161
26  1568.203094  1415.257758  9.201517  0.021043  0.179352  0.051247
27  1698.805485  371.874837  9.434620  0.032437  0.177330  0.019442
28  785.625080  1891.818146  10.942991  0.030535  0.903374  0.021225
29  438.167655  565.916576  8.919780  0.035489  -0.097144  0.030099
210  776.861679  1371.662845  11.434721  0.038884  0.876868  0.042980
211  779.739266  41.824549  13.663830  0.036293  2.384080  0.033593
212  1614.597650  1248.675814  9.682939  0.017484  -0.205362  0.042800
213  609.723302  630.271271  11.225923  0.036146  0.685600  0.045441
214  1415.359809  1329.697884  11.076853  0.023267  -0.003203  0.036711
215  1942.075765  457.997483  12.814746  0.050731  1.110497  0.047767
216  911.358463  1513.777654  11.084931  0.031449  0.270478  0.029552
217  529.783402  1148.744740  14.709471  0.031216  2.251498  0.043291
218  317.648011  1498.849335  11.544971  0.017513  0.211173  0.037210
219  1648.516932  1106.789980  13.873262  0.036430  1.621395  0.024559
220  1200.259139  334.810238  11.981246  0.027664  0.456494  0.023760
221  1835.505916  1292.166899  18.194105  0.090470  3.851090  0.078602
222  1683.627406  1604.155586  13.269723  0.025616  0.824347  0.045502
223  647.745307  1600.391556  11.259036  0.045973  -0.185453  0.034308
224  725.564734  90.178102  12.035383  0.032100  0.109568  0.042755
225  708.235519  23.504733  11.866998  0.019090  -0.028964  0.034330
226  697.394239  556.165566  14.755456  0.045866  1.771409  0.050887
227  1806.841786  985.307686  12.812578  0.056920  0.378694  0.077646
228  1889.143067  491.308139  12.363938  0.026006  0.212534  0.055078
229  1339.269765  1094.029047  12.410074  0.020892  0.111694  0.055295
230  271.190246  736.299621  17.222720  0.043719  2.655166  0.061046
231  171.312522  1158.591371  13.336514  0.057204  0.503083  0.019801
232  1231.456450  1151.230029  16.061928  0.048308  1.979433  0.049436
233  482.190103  539.412328  13.371825  0.040914  0.397467  0.028513
234  877.264570  337.860951  18.876242  0.111632  3.634788  0.075811
235  1466.183570  1639.416525  14.190402  0.023637  1.034231  0.034628
236  1865.744703  751.855422  13.952066  0.033824  0.771195  0.023571
237  53.593227  408.957095  13.764295  0.022040  0.664277  0.033171
238  336.285564  1294.327497  13.861553  0.034310  0.479351  0.033292
239  1328.430193  1684.744461  15.404127  0.032486  1.200541  0.044616
240  21.990540  1405.530482  16.606583  0.042474  1.977240  0.068639
241  355.012840  1317.295138  18.287958  0.059665  3.011706  0.069073
242  575.127213  1660.706325  14.242478  0.040463  0.849401  0.025855
243  197.606779  119.303001  13.768890  0.054763  0.506561  0.043482
244  848.412511  1077.372617  16.621897  0.075475  2.246634  0.053199
245  1931.460022  1228.424049  15.472662  0.050204  1.423163  0.034170
246  993.630152  1024.243402  14.119076  0.023654  0.589404  0.052896
247  801.886307  456.244767  15.277127  0.030490  1.299126  0.041675
248  1087.968400  1140.868572  14.748245  0.034640  1.026731  0.048703
249  1131.291262  1161.246195  16.900315  0.042688  2.053216  0.037786
250  612.113263  196.776816  14.903927  0.055436  0.920796  0.026724
251  1187.107201  615.216094  13.603735  0.024191  0.410333  0.032064
252  533.737670  1345.140101  14.425113  0.034567  0.584768  0.047065
253  390.145524  804.144785  14.613524  0.037999  1.002688  0.054014
254  140.853937  13.143600  14.738698  0.040088  0.581956  0.027502
255  880.694992  41.497333  14.979122  0.046042  0.907636  0.048100
256  1571.549333  371.445891  14.723753  0.102203  0.592557  0.048480
257  1722.996455  954.051341  14.131025  0.023852  0.089224  0.028041
258  376.842094  1357.831670  14.599371  0.024564  0.812526  0.024460
259  577.207363  1500.879694  17.279499  0.058649  2.157829  0.075117
260  718.192080  1706.173281  15.713160  0.027653  1.321894  0.027692
261  1988.561444  680.984842  15.716201  0.040205  1.149979  0.063180
262  1863.692527  1756.443040  14.914720  0.044037  0.792519  0.049845
263  418.429569  1627.601504  15.643591  0.055207  1.245977  0.067312
264  1499.682157  1864.466622  15.095764  0.027024  0.789555  0.044533
265  1235.108042  1543.140757  20.219309  0.083623  3.678916  0.137154
266  778.226294  1936.101266  15.892016  0.037186  1.327068  0.029755
267  47.595901  1640.896243  16.440301  0.075553  1.618782  0.037443
268  271.667051  1112.622862  14.557018  0.042629  0.569411  0.036263
269  1100.566720  1932.857908  15.181273  0.028023  0.910353  0.034265
270  1201.657848  177.881133  14.102297  0.024838  0.197586  0.034690
271  1700.274061  235.250670  16.769168  0.056996  1.800436  0.059721
272  597.227732  1756.493201  15.474324  0.049465  0.708311  0.059178
273  1466.803586  957.414279  18.777478  0.055400  2.918329  0.157342
274  1602.883108  1147.434420  15.576664  0.030460  0.712567  0.026219
275  1113.709185  531.031389  20.163369  0.087618  3.454941  0.101365
276  530.080939  210.838459  13.966484  0.039138  -0.160605  0.027241
277  1201.618192  44.201660  20.023163  0.078747  3.288790  0.162657
278  673.938213  738.871614  16.889392  0.042416  1.439502  0.068546
279  552.958300  1299.479641  15.575896  0.067830  0.723477  0.034968
280  748.040408  1808.237296  15.399052  0.025191  0.946948  0.055230
281  957.968277  1551.062499  16.890877  0.069310  1.602430  0.078398
282  246.755850  819.477209  15.277599  0.028071  0.617998  0.073904
283  1013.939266  1348.742559  17.179027  0.071117  1.657520  0.038129
284  281.044305  433.312724  15.348423  0.040346  0.812593  0.077526
285  491.192534  1129.078978  15.348614  0.062658  0.585437  0.045355
286  1009.764623  387.280245  15.775196  0.044566  0.950447  0.028874
287  1305.186128  2.648589  15.714162  0.036563  0.727569  0.058738
290  1530.732528  107.420635  14.981468  0.030951  0.418247  0.070559
291  984.772076  532.305266  16.923498  0.040921  1.422127  0.049578
292  724.460239  1909.864027  15.056636  0.045774  0.499826  0.054148
293  571.858930  1363.131032  18.312884  0.130052  2.435913  0.070540
295  1901.782777  765.451167  16.248356  0.035824  1.258664  0.032985
296  827.544027  1949.852160  17.079740  0.094288  1.549233  0.053830
297  149.073964  1820.702851  15.329580  0.042817  0.632677  0.029880
298  301.764131  1853.911240  18.232749  0.058253  2.387381  0.068317
299  1029.506064  896.378124  18.802423  0.085198  2.695063  0.090981
2100  1422.920718  1085.330956  18.930590  0.070063  2.190014  0.082343
2101  172.903535  911.735325  15.286433  0.051161  0.057888  0.050318
2102  191.933187  542.684916  16.741370  0.046477  1.655540  0.103725
2103  1625.273046  1174.267713  15.860000  0.036519  0.609793  0.040063
2104  1158.782993  283.715859  19.108091  0.084335  2.267708  0.086487
2105  417.585095  1870.208149  19.609958  0.134008  2.652695  0.212471
2106  525.266259  194.483061  15.393866  0.032312  0.312046  0.079558
2107  103.626519  2027.300647  17.930051  0.076719  1.631408  0.071721
2108  1752.186831  414.020640  17.637339  0.146958  1.497637  0.075809
2109  1700.358146  420.540689  17.233967  0.064126  1.379041  0.040937
2110  1335.773519  1935.725192  17.869114  0.081923  1.722199  0.112603
2111  909.193624  521.957501  18.449558  0.061545  1.826603  0.148535
2112  1584.085519  28.261975  16.569566  0.066516  0.822698  0.062507
2113  802.276385  1620.838498  17.521520  0.107334  1.383303  0.062791
2114  890.749375  1929.592010  16.831778  0.078119  0.981048  0.042897
2115  1021.155023  1189.005403  18.295147  0.062489  2.155941  0.063037
2116  1930.309525  626.407574  17.612321  0.107166  1.326534  0.053291
2118  464.548791  1535.466097  19.686467  0.124746  2.840043  0.083284
2119  765.710383  1675.611986  16.916146  0.052847  0.946173  0.073227
2120  1969.620680  1697.784206  16.294664  0.046783  0.909961  0.045566
2121  416.445318  953.301660  16.929383  0.062755  1.106136  0.040942
2122  410.535083  180.849298  17.850652  0.083311  1.750358  0.041957
2123  140.030844  1140.788477  18.294102  0.110532  2.046363  0.048385
2124  493.993554  138.110387  17.146774  0.065895  1.311455  0.080912
2125  141.785827  1771.557681  19.880207  0.104150  2.724841  0.178293
2126  420.991090  966.880203  16.616643  0.061315  0.893486  0.031878
2127  1670.516376  872.662615  17.608405  0.051906  1.374364  0.053957
2128  361.641162  1530.681506  16.880844  0.048792  1.126816  0.042183
2129  720.079852  1824.273512  16.765148  0.042954  1.271957  0.071828
2130  178.287848  1262.893585  19.468691  0.098973  2.613979  0.085100
2131  1277.713222  506.023001  18.310465  0.088224  1.851121  0.058205
2132  732.603968  738.502331  16.171674  0.089594  1.104290  0.029671
2133  1601.302306  256.376587  16.468192  0.045884  1.095541  0.067865
2134  512.939696  119.296242  17.031531  0.077600  1.157301  0.033873
2136  1518.165673  575.941915  16.065416  0.031633  0.769491  0.085345
2137  1913.785489  35.970484  19.594532  0.124500  2.452124  0.124666
2138  1016.296203  732.473648  17.047149  0.091009  1.036192  0.044361
2139  1727.012071  1104.897581  19.939121  0.183454  2.725956  0.157637
2140  557.197006  1922.152990  17.393302  0.076896  2.013799  0.050544
2141  1393.555738  245.442379  18.565715  0.057442  1.420567  0.058035
2142  1936.160370  1964.370421  17.832295  0.067402  1.336548  0.057671
2143  752.442118  1556.171460  17.195216  0.076165  1.059930  0.044781
2144  199.727651  504.152637  20.427137  0.120166  2.628386  0.138470
2145  257.393418  817.997834  18.321672  0.094236  1.640242  0.063687
2146  808.496735  1806.487507  20.610776  0.190072  2.824785  0.106686
2147  176.247134  368.847784  17.311573  0.037804  1.055753  0.060876
2148  733.364917  748.938341  17.475247  0.048136  1.352194  0.068488
2149  807.162229  417.252077  17.375322  0.086004  1.094150  0.100189
2150  261.023739  2025.951056  19.427669  0.077497  2.394819  0.115024
2151  149.392232  687.426460  15.678376  0.028117  0.211566  0.043872
2152  711.014854  370.388302  16.811701  0.036733  0.746142  0.101133
2153  402.531521  1130.663351  17.563425  0.061633  1.079934  0.062018
2154  487.794518  718.448255  16.604085  0.035166  0.722965  0.031677
2155  840.512315  1551.087876  18.539163  0.146798  1.960797  0.128042
2156  1495.797449  368.274405  17.544967  0.057316  1.037906  0.086683
2157  1353.717688  1381.160452  18.647764  0.132876  1.834430  0.100279
2158  1939.499052  794.338037  16.831947  0.032203  1.255510  0.040178
2159  1535.122746  552.679103  18.399039  0.131669  1.491889  0.061273
2160  557.113351  1896.188373  17.683926  0.069130  1.577514  0.052452
2161  876.844507  1412.653483  19.131369  0.098765  1.997438  0.206975
2162  327.195662  1936.793973  18.042129  0.049342  1.594294  0.092785
2163  1357.709927  1490.147812  16.961942  0.035523  1.297646  0.055482
2164  322.007134  1018.989430  17.600056  0.074463  1.619266  0.078008
2166  1897.546131  366.077494  17.265059  0.053792  0.961968  0.058855
2167  1910.087733  1566.950665  17.841244  0.051486  1.262388  0.081917
2168  1101.166928  521.200816  16.826696  0.046739  1.099630  0.050670
2169  1644.522176  1082.699332  19.072060  0.074295  1.904559  0.059578
2170  778.206915  1355.328732  16.996092  0.086676  1.066583  0.078672
2171  676.776827  1208.304165  19.291815  0.117224  1.861457  0.097046
2172  299.539028  415.364211  17.718092  0.131867  1.113234  0.083294
2173  1282.910062  650.546886  18.120849  0.045370  1.627918  0.081356
2174  569.655375  555.800189  16.820813  0.077547  1.154086  0.084972
2175  285.171056  1990.451115  20.825037  0.208608  3.175428  0.262123
2176  892.198530  1599.350089  17.140077  0.081522  1.269966  0.057015
2177  1656.578417  512.927567  15.482944  0.048917  0.140882  0.053267
2178  861.511421  22.284825  17.259665  0.047914  0.865827  0.052771
2179  1338.157345  1665.552115  17.686065  0.064285  1.355078  0.047588
2180  716.506691  586.079087  17.031468  0.042460  1.231919  0.062518
2181  1245.534198  1891.895522  17.368716  0.085863  2.118638  0.044359
2182  1517.186248  603.994377  20.047123  0.079569  2.342360  0.107978
2183  1367.810074  501.070829  17.289517  0.050848  1.146726  0.068384
2184  1951.803604  863.753951  16.967707  0.058343  0.720645  0.034656
2185  1695.522913  1299.677420  16.844089  0.077183  0.933225  0.045351
2186  424.352133  768.868069  18.335153  0.047137  1.569550  0.081533
2188  1333.341624  1295.077611  19.055712  0.087464  1.786459  0.137589
2189  1777.097097  1214.783169  20.499351  0.138376  2.503747  0.089706
2190  1656.582367  313.237803  18.360890  0.074058  1.609618  0.056986
2191  1743.442137  1985.990458  19.749156  0.074291  2.119133  0.084359
2192  1463.399757  1245.445330  20.590105  0.215899  2.175994  0.174122
2193  1163.410153  179.299591  18.279143  0.095905  1.128761  0.060700
2194  1913.897367  1687.338847  19.750359  0.136230  2.107730  0.133395
2196  617.464992  530.901130  18.319435  0.097691  1.038858  0.047454
2198  456.641322  773.641548  18.665384  0.079587  1.428052  0.126015
2199  433.424185  1278.866922  19.381916  0.073595  1.478122  0.136313
2200  32.790654  1457.291634  18.105220  0.066576  1.070694  0.087514
2201  1947.428823  1343.994232  19.822708  0.136539  2.122170  0.183583
2202  1576.000179  950.031787  17.710924  0.042340  1.057076  0.047007
2203  1201.543792  807.600156  18.763123  0.063873  1.912547  0.057539
2204  910.851097  1111.813075  18.548261  0.076381  1.427888  0.069777
2205  1625.618563  1198.069154  18.425838  0.047257  1.205015  0.080407
2206  40.099435  174.575758  16.881127  0.080321  0.441918  0.034090
2207  444.901347  876.661824  17.680716  0.038320  1.050970  0.046443
2209  1000.561352  21.555433  17.455302  0.058223  0.637228  0.043092
2210  1150.468811  1862.087318  18.667952  0.064136  1.533342  0.085096
2211  1274.235152  1566.614185  18.068682  0.065589  1.066295  0.054310
2212  531.484388  1569.641883  18.756542  0.074788  1.448901  0.153674
2214  799.319644  297.962207  19.499811  0.072170  1.954875  0.131828
2215  292.185271  164.137964  18.428202  0.084514  1.307760  0.083828
2216  1754.909313  1596.755852  19.116736  0.102078  1.457827  0.098242
2217  1945.385718  1539.780148  18.146857  0.052815  1.656411  0.055113
2219  1017.435551  1808.697516  19.641879  0.134395  2.388761  0.075868
2220  547.839220  1732.270142  16.809750  0.073456  0.248389  0.053083
2221  864.178757  1405.154238  17.984641  0.060050  1.003607  0.074921
2223  1285.317731  1411.256671  18.434996  0.058555  1.444636  0.061394
2224  520.469820  886.785093  19.089407  0.106908  1.773599  0.092094
2225  211.154801  1838.227272  18.845664  0.069340  1.454005  0.096134
2226  594.337140  585.438797  18.328097  0.055194  1.315133  0.072344
2227  1159.540009  1759.404440  17.886341  0.083365  1.045216  0.048370
2228  1240.004275  1219.640796  17.495970  0.115693  0.856735  0.072589
2229  501.301067  428.809966  20.375361  0.097982  2.439295  0.164865
2230  1833.487833  1920.876930  18.271081  0.069493  1.124948  0.079670
2231  353.156769  1532.784142  17.700438  0.049383  0.934799  0.121690
2232  984.219156  131.339157  17.963279  0.046621  0.905630  0.087457
2233  1689.210045  1741.797563  17.922405  0.070869  1.181267  0.040720
2234  583.362733  192.393624  17.724207  0.084501  1.323950  0.053044
2235  1740.366376  2017.252213  18.699543  0.078688  1.300188  0.084682
2237  113.286888  1439.161014  18.889469  0.114407  1.722626  0.095873
2239  57.683984  1982.015367  18.083350  0.095612  1.230571  0.077198
2240  423.070243  1227.993059  16.289175  0.031034  0.012645  0.030511
2241  1668.103484  165.828837  18.126484  0.045967  1.115842  0.072359
2242  467.102983  344.965095  20.031576  0.197871  2.547446  0.199888
2243  1727.840635  640.937679  17.332598  0.087947  0.919428  0.040809
2244  692.838552  782.221034  18.092469  0.093942  1.448286  0.130943
2245  1023.130429  756.924461  20.490433  0.095875  2.538423  0.263683
2246  650.442725  1713.881579  18.084956  0.085893  1.042096  0.065701
2248  1197.506680  1047.372171  18.230575  0.095764  1.157891  0.061273
2249  1797.703716  283.440721  17.844296  0.083620  1.060772  0.072081
2250  990.275438  1495.762872  16.539222  0.037595  0.199433  0.049625
2251  1747.211327  1879.398609  17.355674  0.088809  0.820655  0.104346
2252  746.383083  1648.753455  18.174437  0.115351  1.007008  0.053742
2255  1775.989569  1555.899557  18.621219  0.069341  1.245930  0.126356
2256  2041.546522  950.647593  20.127023  0.079607  2.161344  0.196516
2257  357.947629  483.084817  17.944049  0.073437  1.819917  0.061569
2258  1679.355055  243.585154  18.523508  0.065905  1.396535  0.170104
2259  341.075139  295.062017  17.788138  0.064245  1.085012  0.042170
2260  273.240137  1575.787202  20.696574  0.188449  1.897407  0.125010
2261  107.063459  947.389235  19.375610  0.073331  1.682113  0.119649
2262  1352.935724  5.894608  20.040893  0.140530  1.537591  0.143717
2264  949.797268  1890.677645  18.952594  0.054472  1.923687  0.072651
2265  1667.478191  17.548840  19.044254  0.068525  1.323235  0.071018
2266  154.051321  1960.290749  18.647868  0.067240  1.120799  0.072322
2267  264.460296  1075.777614  18.891275  0.157405  1.241569  0.083648
2268  1641.630190  648.721883  20.183894  0.103325  1.846084  0.081014
2270  1853.119262  1432.961540  19.358998  0.072977  1.495395  0.182301
2271  1850.884185  267.446810  19.832138  0.187879  1.507110  0.131082
2272  240.388870  323.776432  18.160511  0.048922  0.943965  0.102554
2273  1456.483861  405.111393  17.369336  0.078457  0.335686  0.071663
2274  545.299881  428.216338  19.804856  0.156262  1.433117  0.087264
2275  1231.196650  431.497037  18.866773  0.127409  1.428382  0.084952
2276  8.735154  330.006723  19.380634  0.163747  1.532188  0.098639
2278  1518.591475  819.457946  19.780074  0.210652  1.545999  0.191878
2280  307.428457  631.438434  19.356121  0.121574  1.370928  0.124841
2281  1288.153279  1281.614612  19.660707  0.132274  1.348930  0.121084
2282  1403.335403  1617.715022  19.210471  0.066145  1.702459  0.087855
2283  382.519490  585.727376  18.204320  0.052382  1.023172  0.111049
2284  874.662559  102.904000  19.347484  0.079120  1.335626  0.062564
2285  1941.243052  1275.331990  18.693995  0.079768  1.184399  0.116064
2286  289.070825  1858.966445  18.766981  0.137460  1.320325  0.140551
2287  625.215391  1754.841197  18.513471  0.082699  2.001230  0.076173
2289  1143.035764  1964.430510  18.698791  0.103992  1.273472  0.140253
2291  335.514990  2014.585174  18.761315  0.091038  1.210538  0.075571
2292  478.557236  988.389899  19.480539  0.072799  1.502303  0.127273
2293  1720.305885  1036.985784  19.766049  0.158368  1.876369  0.117574
2295  373.918574  1428.138507  18.629647  0.095399  1.143380  0.065311
2297  217.900221  647.401981  19.533362  0.094218  2.198348  0.114452
2300  554.882959  698.739244  20.337115  0.081393  1.927644  0.088680
2301  413.547149  61.617030  18.957447  0.072603  1.292645  0.072696
2303  1498.219261  1789.142812  19.135719  0.101365  1.942219  0.076972
2304  1222.752033  708.250614  19.007605  0.091536  1.502474  0.091370
2305  277.121389  571.994535  18.934681  0.193140  1.506928  0.133508
2306  156.335121  1678.591512  18.868677  0.061176  1.297818  0.085961
2307  252.458145  273.669689  18.899637  0.091170  1.300654  0.115052
2308  1271.374073  1210.046611  18.154885  0.066689  1.034782  0.057163
2309  843.288584  932.603788  17.457878  0.044200  0.254486  0.084639
2311  1531.582297  171.522380  19.432197  0.093018  1.285797  0.157453
2312  1400.032197  1145.691075  20.288703  0.166837  1.791509  0.343644
2314  1974.413707  1544.292994  17.742505  0.044233  0.775113  0.139633
2315  1251.949582  433.118291  19.489299  0.112404  1.707243  0.087537
2316  333.618693  1377.833627  18.723573  0.100117  1.178880  0.077986
2317  82.821499  1482.865364  18.657431  0.152507  0.930587  0.063602
2318  170.379695  830.206006  19.679549  0.136284  1.322769  0.060366
2319  1579.108765  89.843607  18.997324  0.078985  1.232368  0.087194
2320  635.692060  532.970107  18.602650  0.132499  1.320873  0.100211
2321  1503.132272  1686.884783  19.349145  0.077935  1.314693  0.095195
2323  1534.843105  570.869256  19.714851  0.126565  1.634281  0.118287
2324  18.018761  916.015052  18.668628  0.075747  1.349879  0.071278
2325  1864.904532  879.610231  19.092141  0.126363  1.485632  0.061746
2326  1620.433298  1976.558423  19.248056  0.094684  1.661224  0.066219
2327  979.214434  671.646339  17.216412  0.081239  0.283265  0.065371
2328  1443.050078  1535.809009  19.633174  0.105554  1.608812  0.103438
2330  412.389984  590.539192  19.351040  0.089700  1.976380  0.067110
2331  1891.138282  979.871894  19.159801  0.061307  1.356511  0.086110
2332  1310.144688  738.229212  20.194961  0.105464  1.648262  0.197087
2333  233.961468  1266.174255  19.438421  0.068689  1.759344  0.064657
2334  1951.242566  904.647903  19.384251  0.096673  2.368313  0.116123
2336  1690.850948  358.810245  18.606726  0.096148  1.327707  0.071555
2338  1100.091609  1738.369599  17.485884  0.090521  0.566231  0.037909
2339  1574.994948  83.496462  19.249480  0.163424  1.237876  0.092852
2340  1389.116427  688.796313  19.498649  0.169314  1.558549  0.145058
2341  1478.496836  467.431277  20.084141  0.100494  2.057328  0.083980
2343  1707.710777  751.840848  19.941509  0.084841  1.803525  0.110612
2344  1576.953094  1459.091773  19.069565  0.121884  1.386656  0.066968
2345  1040.109164  1771.710826  19.584000  0.122149  1.626525  0.139953
2346  661.595445  1288.005128  16.911668  0.087132  0.142132  0.073735
2347  1805.046771  1688.052922  19.096819  0.158493  1.376309  0.097248
2349  668.559959  112.899504  19.254473  0.181376  1.247171  0.109385
2350  59.255378  1624.942517  18.849611  0.100858  1.277094  0.109462
2352  111.713235  1250.347094  19.067855  0.106693  0.885774  0.170730
2353  598.641797  1247.652372  19.796821  0.093717  1.406901  0.121072
2354  1296.131498  689.385837  20.559645  0.173018  1.776201  0.097683
2357  723.533934  1271.840464  19.683637  0.099572  1.364765  0.073794
2360  1790.112168  693.483846  19.943018  0.113411  1.582357  0.103497
2361  538.479527  535.078140  19.064099  0.089280  1.065132  0.198919
2363  1901.813055  35.836131  20.111107  0.168896  1.516583  0.085402
2364  858.256506  1444.259106  20.078588  0.158336  1.453186  0.185857
2365  147.602208  376.710141  19.661459  0.158452  1.507672  0.150273
2366  753.431199  1214.003566  20.111448  0.083133  1.489122  0.104112
2367  769.279143  1204.666852  20.083360  0.095762  1.342499  0.155192
2369  1810.740258  557.701315  20.335806  0.179324  1.642700  0.152271
2370  137.627767  1640.001516  20.356640  0.161374  1.576327  0.108383
2372  1283.500550  1309.545829  17.742287  0.054263  0.138340  0.065493
2373  968.551455  312.097248  19.345000  0.103368  1.397501  0.081311
2374  176.570624  998.984517  19.588947  0.197829  1.229104  0.071457
2375  1459.963286  612.135841  20.071935  0.108437  1.593400  0.280003
2376  1098.454043  195.212915  20.347076  0.157034  1.635169  0.128441
2378  346.652971  847.536353  20.345018  0.202364  1.734000  0.136849
2379  82.320278  1492.376214  19.785183  0.086076  1.244533  0.133342
2380  29.929864  403.497596  19.813279  0.127146  1.376203  0.079081
2382  1969.633891  1824.826094  20.192843  0.135297  1.469266  0.142269
2383  329.820961  816.539577  19.835961  0.091919  1.200622  0.113043
2384  292.365024  947.686905  18.206313  0.137111  0.406097  0.076940
2387  361.740401  1100.556959  19.916937  0.083969  1.549801  0.164457
2388  1866.907528  417.402833  18.744799  0.123822  0.669150  0.059840
2389  668.572326  1552.604826  20.636428  0.222131  2.362331  0.242963
2391  1510.150291  1128.639767  17.190676  0.036087  0.087216  0.116295
2395  1838.696991  519.029057  19.869176  0.178800  1.738377  0.133741
2396  946.627741  1723.549251  19.592431  0.250823  1.914367  0.105595
2398  546.537033  1898.520261  20.268946  0.142452  1.703403  0.209279
2399  764.157839  165.331453  19.777983  0.157589  1.653901  0.183559
2400  945.838693  1757.725830  17.563873  0.105171  0.178406  0.058679
2401  105.414962  1661.855953  19.668283  0.099423  1.595751  0.119600
2402  402.295387  1380.684233  19.886853  0.102073  2.636839  0.135310
2403  1061.858033  1963.838047  19.124468  0.075873  1.010441  0.086516
2404  1672.943002  320.471172  20.026641  0.079119  1.793278  0.100537
2405  1606.207090  203.476935  19.646921  0.087928  1.323689  0.208909
2409  1903.352269  738.028019  18.798353  0.094360  0.752757  0.129727
2410  2041.546743  1037.979354  19.893485  0.076284  1.505960  0.180246
2412  270.187222  146.732992  20.152755  0.153015  2.292744  0.145444
2414  1276.935363  1374.212530  19.923209  0.164074  1.202712  0.116261
2418  1185.773371  1877.518433  19.699632  0.105779  1.432704  0.087045
2419  2036.497177  624.365081  19.704488  0.075398  1.934095  0.125027
2421  1015.761416  1161.480144  20.049266  0.200422  1.228480  0.116354
2422  2026.106509  564.641365  18.320773  0.058002  0.476065  0.070309
2428  797.156926  1831.224254  20.439069  0.362087  2.012941  0.156837
2429  1847.223270  782.458604  19.362945  0.061864  1.207597  0.066775
2430  1898.624859  426.700336  20.065176  0.135319  1.488599  0.221875
2434  1326.584831  1054.906028  20.352030  0.125416  1.285434  0.188667
2435  1022.083602  694.815836  19.919328  0.155622  1.524657  0.114073
2437  833.182997  14.798003  20.567197  0.085570  1.416782  0.127483
2438  1218.744203  1790.850230  20.361617  0.256165  1.285542  0.129005
2439  1838.094632  1238.164242  19.395784  0.068205  1.101160  0.062762
2440  61.858796  397.505056  19.790145  0.116161  1.348952  0.073268
2441  1629.738698  960.243230  19.826784  0.083869  2.066887  0.159514
2447  1528.871627  797.975099  20.263430  0.113554  1.736680  0.164145
2448  418.983931  989.532907  19.159636  0.067813  0.927755  0.084007
2449  1258.999742  1573.521659  20.161231  0.095252  1.203346  0.100815
2451  1926.602221  1872.647737  17.624702  0.048635  0.266311  0.064257
2452  1398.415626  915.832414  20.750920  0.203876  2.013340  0.106912
2453  46.448664  1734.496224  19.875242  0.102048  1.111466  0.127150
2455  708.680095  108.822181  19.315125  0.092076  0.813705  0.085942
2456  1865.638424  619.239085  20.172050  0.125229  1.825964  0.136939
2457  1458.664309  429.921694  18.076634  0.066653  0.251278  0.091170
2461  371.678944  538.967629  19.599534  0.153327  1.389375  0.276238
2462  1576.283779  73.539668  20.172451  0.099540  1.286520  0.097520
2469  1864.628551  888.534719  20.296009  0.234617  1.941029  0.098399
2479  1879.139271  1209.469366  20.362662  0.189680  1.307800  0.164576
2485  1591.149667  583.898046  20.070552  0.194398  1.016549  0.155318
2490  58.853703  32.488561  19.765024  0.091345  1.052535  0.082898
2491  255.228173  1009.528794  18.862468  0.118536  0.340049  0.067290
2503  1162.058857  837.245144  20.702064  0.144823  2.431700  0.149054
2512  1584.027649  343.512701  19.852280  0.090306  0.957493  0.099296
2522  994.577591  1211.285601  19.695184  0.096775  0.970527  0.092495
2524  1351.123448  21.841685  20.646939  0.176465  1.468680  0.127086
2531  155.630606  977.403044  18.850762  0.131918  0.612753  0.054648
2532  60.478453  523.746603  20.407845  0.233353  1.637687  0.194817
2537  1282.730725  562.270335  19.402915  0.083485  0.888386  0.091131
2542  1906.390926  1536.191818  19.462956  0.178957  0.757739  0.152129
2544  557.835948  1264.789156  20.695094  0.281607  1.273275  0.122150
2548  1569.338343  686.484504  19.814728  0.115301  1.159041  0.193534
2557  893.142131  1490.319095  20.518868  0.159030  1.419888  0.205332
2564  1947.990489  416.503919  20.023542  0.174044  0.969820  0.234789
2566  1914.171745  1902.048429  19.915101  0.090279  1.055388  0.137164
2567  854.259293  2009.388179  20.353874  0.236986  1.723991  0.103797
2570  861.240244  843.879489  20.038003  0.133985  1.037993  0.140577
2577  448.414476  688.819806  20.575439  0.140282  1.513312  0.114815
2579  433.537395  548.538658  19.726038  0.151199  1.005917  0.123147
2580  1484.671522  955.038547  19.218119  0.193885  0.434727  0.087827
2581  1790.742400  158.813392  19.067558  0.065897  0.524373  0.127302
2584  710.532509  1117.637776  19.726818  0.193507  0.727274  0.079913
2586  259.212250  1033.414365  20.040187  0.093189  1.208443  0.092757
2589  1779.515436  608.771335  21.115002  0.124680  1.459077  0.217320
2591  204.403660  752.780869  20.943892  0.154723  2.212045  0.175543
2595  907.615061  1981.710006  19.151427  0.085583  0.393882  0.063304
2597  1759.103149  753.082418  21.202877  0.118963  2.012586  0.268871
2604  1102.854920  1897.877300  18.161336  0.091299  -0.017228  0.131977
2607  16.718933  150.947535  20.520097  0.151270  1.236630  0.127567
2614  1653.697163  1265.211284  20.647989  0.201209  1.259226  0.127658
2617  1902.515800  1267.359618  20.055587  0.075674  0.667862  0.214286
2625  840.359412  1935.840749  20.436920  0.118003  1.181515  0.119224
2626  1849.821166  620.569899  20.578902  0.257376  1.484900  0.195785
2642  181.245106  715.364674  19.567801  0.083932  0.538315  0.119874
2643  101.857149  1467.343369  21.138902  0.121227  1.412271  0.135651
2652  1872.912897  952.272595  20.167616  0.085775  0.648233  0.122354
2656  577.630739  1243.049986  19.266644  0.128380  0.401395  0.131312
2674  253.736333  39.844480  20.205790  0.127702  0.716215  0.104662
2686  2044.544806  1814.891783  20.499119  0.100322  0.699711  0.183403
2690  425.735179  1334.051393  19.836482  0.147857  0.841791  0.084286
2694  845.676946  1944.311517  19.879953  0.141568  0.387570  0.126366
2706  768.995696  964.298628  20.947305  0.277922  1.066412  0.186640
2721  1557.014050  1151.349947  20.453391  0.083036  0.424265  0.231851
2729  143.910276  579.171700  20.107423  0.145782  0.378199  0.167042
2737  161.210032  1262.393090  20.920369  0.246053  0.647734  0.135221
