# id  x  y  V  eV  BV  eBV
113  990.855844  1071.505654  20.947133  0.220641  1.515623  0.151998
114  1167.002829  1098.244342  20.999395  0.108255  1.160881  0.265556
115  1002.106143  1149.168763  20.654681  0.267184  1.329395  0.124183
116  992.625029  893.447926  20.805856  0.195818  1.290543  0.118228
118  1032.393298  901.841592  20.730463  0.114800  1.401171  0.184542
121  943.474831  1021.056635  20.583761  0.090610  1.488630  0.139052
122  1130.320998  1039.870812  20.507253  0.138079  1.258636  0.162362
123  976.210371  932.603044  20.536453  0.122871  0.870153  0.303554
125  1097.031086  1142.641521  20.146031  0.167309  1.294387  0.225725
126  890.138440  996.452577  20.016498  0.139154  1.644726  0.231786
127  1130.259333  1050.562683  20.005698  0.165201  1.354958  0.146173
128  985.725051  1018.102395  19.891554  0.121251  1.188592  0.074674
129  814.574182  908.786483  19.787115  0.128267  1.313023  0.169890
130  1129.247662  1110.699848  19.663260  0.086051  1.093747  0.163056
131  1146.040443  847.639491  19.460059  0.079945  1.187291  0.136878
132  968.065413  1126.381199  19.418083  0.099200  1.121334  0.116328
133  1103.755960  1021.659136  19.623175  0.155191  1.274873  0.103710
134  913.982403  1102.863524  19.363058  0.098159  1.113042  0.072223
135  1148.435743  950.273638  19.269484  0.068523  1.224362  0.097397
136  1048.073687  1075.491000  19.199533  0.139914  0.978466  0.172172
137  1069.033902  990.157619  19.033807  0.075063  1.102155  0.119280
138  1129.448366  970.286694  19.012662  0.139619  1.030583  0.056923
139  1036.547523  947.826053  18.916569  0.101790  1.058023  0.061242
140  938.211901  978.526679  18.668351  0.082286  1.106179  0.135827
141  1182.099620  851.185029  18.695677  0.056005  1.120974  0.090825
142  994.936443  1006.005432  18.611865  0.067153  1.015672  0.071042
143  1089.244303  1012.620411  18.734734  0.075072  0.943831  0.051927
144  1016.810209  999.024722  18.328441  0.083184  0.891158  0.081034
145  866.339860  1053.436764  18.352020  0.048447  1.087726  0.122374
146  1099.545088  1125.517865  18.116543  0.080826  0.827256  0.121830
147  845.872394  1061.300859  18.253991  0.162022  0.850734  0.106812
148  1146.776801  1025.536614  18.204281  0.048227  0.863444  0.055644
149  1004.456059  1083.644887  18.062204  0.065385  0.882098  0.067438
150  1045.981307  1135.929283  17.972776  0.057527  0.872411  0.043656
151  1052.388127  1199.023084  17.925817  0.067169  0.881931  0.058965
152  1097.546097  1079.184036  17.753772  0.069629  0.688431  0.104758
153  1136.114053  1043.550228  17.635783  0.075196  0.797717  0.073031
154  1144.385024  985.721549  17.708704  0.063360  0.724633  0.056876
155  925.512294  1046.990643  17.567674  0.101369  0.832815  0.043301
156  1143.273267  1096.606822  17.350839  0.035880  0.744529  0.064198
157  1134.714941  1111.298232  17.219162  0.038377  0.764353  0.041325
158  993.172316  1038.049690  17.225178  0.075322  0.802131  0.107150
159  1041.958932  913.720893  17.056337  0.050080  0.770492  0.042575
160  1091.669484  1082.038170  16.816152  0.043103  0.822642  0.037198
161  880.608113  950.858322  16.537099  0.060039  0.684683  0.081448
162  875.955466  1164.733358  16.529867  0.080812  0.766067  0.046416
163  949.103473  993.566085  16.087104  0.030306  0.665499  0.043533
164  977.718559  1077.798134  15.994094  0.040723  0.734392  0.049531
165  923.041137  1015.393997  15.658519  0.044964  0.706227  0.046645
166  1081.899151  1081.344143  15.347313  0.038218  0.697864  0.036154
167  1069.057331  1126.087639  14.703523  0.036193  0.688850  0.054454
168  1066.114806  987.917865  13.883330  0.021453  0.689790  0.054218
169  1170.429153  1032.949780  12.920252  0.032809  0.644758  0.036753
20  395.350410  1189.698737  9.845873  0.019156  1.259783  0.042719
21  822.433661  816.006267  13.353260  0.043101  3.062391  0.053840
22  198.056386  1135.080073  12.338177  0.026950  2.021353  0.023871
23  1241.952232  1840.986432  11.544968  0.022955  1.445240  0.020187
24  1824.028259  1689.709048  10.413703  0.045118  0.855981  0.017916
25  1757.122369  1488.395740  10.426798  0.033688  0.763994  0.030848
26  1358.523986  296.057828  10.840229  0.021490  0.683548  0.028700
27  870.891028  1177.556877  10.709731  0.019290  0.712329  0.017231
28  380.460848  761.740786  12.347582  0.024651  1.635563  0.024038
29  1763.595205  1921.738893  10.898306  0.026133  0.844854  0.030317
210  644.846570  645.316252  11.463574  0.033407  0.841787  0.022929
211  274.414313  1890.466473  17.533380  0.058212  4.224535  0.088602
212  1199.793224  896.042826  17.170496  0.102808  3.653656  0.050418
213  1176.703710  2016.384171  11.958920  0.018652  0.807128  0.023321
214  1040.290763  994.325210  12.339394  0.025721  0.694629  0.029242
215  1929.226142  1112.995402  13.280600  0.041580  1.161482  0.030305
216  374.390315  1936.342749  12.539946  0.030313  0.869734  0.019952
217  1186.308502  1461.439621  16.251986  0.046206  2.791844  0.035505
218  160.972302  1363.159532  13.194416  0.043396  1.038215  0.037668
219  1172.620949  1830.227291  16.236746  0.047005  2.814124  0.062299
220  1260.850287  807.432475  12.997215  0.028919  0.735424  0.064645
221  1918.164751  222.326762  12.588500  0.040870  0.508023  0.054438
222  1739.290800  1041.350210  13.177821  0.022726  0.650628  0.031533
223  392.112728  684.209479  13.391125  0.021925  0.969563  0.047737
224  487.269775  60.024298  12.856687  0.031808  0.302338  0.039079
225  71.763418  1213.538249  13.491186  0.022304  0.689226  0.056929
226  1995.607693  696.947081  18.065985  0.043140  3.294858  0.083650
227  1588.248329  1179.938753  14.521887  0.038431  1.458009  0.044661
228  1948.059497  1557.560827  13.940485  0.024581  1.138530  0.031200
229  283.348729  398.405121  13.359508  0.021148  0.493379  0.025376
230  43.884464  1346.939592  14.648711  0.030449  1.196991  0.031782
231  1765.529972  1446.539428  15.575420  0.025616  1.630325  0.037689
232  1367.065845  1124.183153  14.465110  0.031139  1.017119  0.028050
233  1071.404648  1652.580929  20.109874  0.218215  4.394056  0.130488
234  606.478312  1700.099258  13.247495  0.051668  0.370061  0.028804
235  930.802482  711.696750  13.613884  0.039113  0.714611  0.040397
236  217.704322  1856.634930  13.854575  0.046786  0.831299  0.029039
237  850.029901  1268.948066  15.973843  0.030942  1.989444  0.027833
238  1532.385933  1878.570913  14.367888  0.029116  1.118131  0.024519
239  205.289910  75.223716  14.344306  0.021287  0.745015  0.049304
240  1098.738181  626.030621  19.572929  0.176746  3.831618  0.107864
241  1113.288826  361.758912  13.863364  0.023419  0.399136  0.034563
242  809.338603  373.981964  19.068703  0.161449  3.568542  0.096824
243  193.252900  1177.046118  14.448664  0.025304  0.801240  0.045690
244  743.626255  1657.325969  18.418384  0.059284  2.764119  0.119503
245  1821.428873  1720.380430  14.310262  0.041664  1.137009  0.021278
246  1590.507155  552.483978  13.914773  0.034084  0.473466  0.024880
247  2009.620796  1131.202585  15.959653  0.067967  1.657617  0.033251
248  1003.190372  1840.204206  15.407387  0.031790  1.121751  0.086077
249  297.939568  1855.504850  14.357986  0.056202  0.647373  0.036453
250  623.319682  278.143013  15.141854  0.063853  1.131908  0.034874
251  684.037633  1503.572118  19.906043  0.106164  3.721639  0.101021
252  1111.870432  198.909793  15.291967  0.031467  0.764122  0.040627
253  1625.395785  1126.660206  14.898853  0.053156  0.737620  0.036439
254  493.967897  1388.929011  15.132454  0.049285  0.823144  0.024985
255  355.710061  1475.916346  14.742236  0.057716  0.751850  0.038821
256  2033.964059  1641.212678  14.932761  0.052092  0.895396  0.033671
257  1257.665143  1711.614940  15.672991  0.044731  1.147908  0.068979
258  409.069478  709.596825  15.838607  0.068457  1.100684  0.051350
259  171.723825  1012.356375  15.342705  0.058269  0.868979  0.030377
260  684.211677  408.237336  16.372997  0.053781  1.704212  0.127940
261  1204.271520  960.572786  15.584320  0.050924  1.018286  0.066381
262  719.587304  75.317618  15.103332  0.039980  1.327015  0.040194
263  1283.278790  923.018003  14.867376  0.029058  0.714320  0.057365
265  806.804046  730.186002  18.504471  0.096422  2.841098  0.067627
266  1413.891176  212.326613  17.962780  0.069010  2.407722  0.061950
267  784.258488  1952.229670  17.633340  0.082307  2.316806  0.073543
268  1454.172149  1539.649533  15.795669  0.037729  1.139156  0.059705
269  1946.968343  536.272284  14.725165  0.024998  0.771024  0.054126
270  1682.047247  1413.651464  14.874813  0.044630  0.720639  0.029159
271  749.348795  1232.584237  15.219534  0.038366  0.818780  0.033922
272  1485.292961  35.424769  19.873065  0.135696  3.152489  0.161759
273  1633.067391  1795.215374  16.286979  0.040079  1.309405  0.041725
274  533.791020  305.126637  19.724069  0.096152  3.246073  0.238153
275  1090.035970  417.359737  15.554153  0.063740  0.723813  0.089693
276  1592.957329  2016.566299  17.115183  0.080616  1.626504  0.064610
277  1402.016375  99.697458  19.246791  0.128054  2.698372  0.124534
278  1775.493558  1149.563845  15.526123  0.058793  1.042356  0.045569
279  1719.629634  1332.499715  15.742892  0.069707  0.933461  0.029255
280  10.858107  308.964206  15.356830  0.030783  0.875006  0.051675
281  29.969291  1583.413256  16.229127  0.063863  1.304807  0.029849
282  966.148041  1061.953503  20.023023  0.173140  3.157110  0.122461
283  878.962994  1112.257297  17.620849  0.056946  1.848629  0.083678
284  410.168756  792.846537  16.092274  0.027943  1.038910  0.066919
285  1057.440960  1023.544106  16.824346  0.050092  1.474814  0.088753
286  46.492723  1678.555374  15.029039  0.058127  0.541982  0.049425
287  1467.864355  1308.463573  15.680912  0.033835  0.741448  0.051710
288  2010.458094  226.601626  16.095146  0.043393  1.109159  0.039073
289  355.924182  1820.838489  18.537606  0.079243  2.489247  0.069944
291  791.865974  392.191529  15.507179  0.041686  1.490626  0.036202
292  2002.672078  1758.208744  16.597282  0.053128  1.318386  0.061490
293  255.507586  151.125112  15.824179  0.055080  1.309763  0.061423
294  1231.924067  1269.109874  15.683200  0.034677  0.838513  0.047275
295  367.730034  327.597885  15.496768  0.030500  0.669904  0.048578
296  285.509363  748.425520  17.810243  0.129020  2.308856  0.049480
297  465.606869  926.909781  18.087003  0.132855  2.457913  0.083964
298  190.421327  1411.900169  15.884079  0.026712  0.990732  0.057730
299  756.591797  1272.122260  17.083117  0.066715  1.493657  0.071345
2100  1080.511445  746.853216  15.775795  0.037153  0.740847  0.035709
2101  591.853511  1148.879036  16.061910  0.056054  0.863920  0.028316
2102  1546.570651  1050.405931  15.599171  0.032006  0.623810  0.043799
2103  2004.179383  165.921367  16.307811  0.059375  0.910332  0.055864
2104  1363.599307  173.087098  16.349932  0.034153  1.000509  0.067473
2105  1700.341757  1996.752337  14.495143  0.027802  -0.094853  0.047186
2106  607.868577  1864.924572  18.077898  0.047019  2.011600  0.042624
2107  354.310457  553.208807  15.892400  0.052852  0.664148  0.039882
2108  1926.970888  589.680416  15.992060  0.082528  1.074340  0.062242
2109  45.511982  7.708964  17.220185  0.048172  1.665235  0.105399
2110  629.325305  932.642775  16.218054  0.083667  0.753116  0.035860
2111  547.093859  499.359423  16.431866  0.068054  0.838497  0.047782
2112  709.546911  502.497525  18.068557  0.051805  1.960855  0.083426
2113  23.834529  2019.107384  18.046518  0.043963  2.175367  0.085949
2114  462.852751  1529.810297  14.242395  0.023585  -0.120734  0.025253
2116  1208.299747  459.832774  16.382046  0.036219  0.867406  0.048007
2117  1845.072387  952.201762  16.768498  0.052695  1.238437  0.059208
2118  1795.538461  480.139995  14.716851  0.064108  0.049539  0.026537
2119  1698.218122  946.477384  17.802553  0.051326  1.660469  0.067040
2120  256.315401  587.037875  19.485702  0.156655  2.734856  0.118299
2121  191.373611  1657.501612  16.170088  0.067959  0.893102  0.029810
2122  605.557530  1552.226026  16.116954  0.082954  1.471764  0.031105
2123  300.364236  446.263508  16.547272  0.070668  1.082146  0.055683
2124  1855.859503  1938.442117  17.839793  0.114876  1.808852  0.093323
2125  698.221445  1316.207427  17.889571  0.045895  1.785185  0.057968
2126  532.731483  703.652532  19.147266  0.122424  2.423663  0.055167
2127  1343.512043  699.229783  19.994051  0.143706  2.806413  0.109998
2128  1718.964806  1862.854911  17.081624  0.064337  1.480472  0.064503
2129  533.592869  1501.887598  17.358583  0.069026  1.430305  0.039659
2130  625.368211  1835.683644  16.156602  0.030234  0.708573  0.039806
2131  2012.370352  369.859443  15.890839  0.042872  0.565824  0.036330
2132  1625.861153  1001.898721  16.501756  0.042564  1.119935  0.043604
2133  1588.731519  962.268112  15.869953  0.058200  1.084428  0.074163
2134  640.245618  1679.632825  17.219753  0.072405  1.548057  0.043033
2135  1506.426689  707.702321  16.237002  0.039098  0.891155  0.045000
2136  1492.738440  1633.657427  16.159736  0.035472  0.808481  0.036980
2137  1330.906900  156.530102  16.097840  0.060642  0.852779  0.031313
2138  1902.694146  1790.353897  16.898959  0.086227  1.421849  0.042198
2139  839.892106  70.525632  17.257592  0.055637  1.066850  0.036557
2140  900.137604  1762.219744  16.394727  0.048802  0.789713  0.041890
2141  1650.749275  288.516473  15.165178  0.053822  -0.050946  0.052901
2142  127.564365  913.055616  20.072676  0.181624  2.785852  0.118210
2143  1327.613236  1193.230644  18.671403  0.055228  2.060583  0.094850
2144  1135.488965  1654.634775  16.786386  0.041806  0.935090  0.037301
2145  611.564464  512.773818  18.914690  0.088711  2.115514  0.104004
2146  1129.854959  1423.507913  16.304585  0.062912  0.767039  0.045491
2147  770.011396  480.565542  16.516359  0.035033  0.695255  0.033407
2148  1584.912231  1460.921967  15.340630  0.045285  0.178738  0.027589
2150  823.136311  1481.779856  17.243989  0.041161  1.270209  0.065073
2151  485.231651  1484.880591  15.761765  0.031667  0.279541  0.061679
2152  148.735961  258.580345  16.368598  0.059832  0.697484  0.044498
2153  422.708992  355.544202  16.456045  0.047167  0.898656  0.046336
2154  467.747485  381.628065  16.603787  0.064276  0.912769  0.033953
2155  1359.553155  11.667651  20.085030  0.128402  2.910990  0.182280
2156  1301.269583  871.770447  19.839634  0.098181  3.035998  0.110402
2157  157.008670  1439.727412  20.598558  0.237184  3.055417  0.170174
2158  1561.042914  719.000683  15.989329  0.045393  0.613902  0.061963
2159  1521.204556  685.282370  16.414485  0.033540  0.778333  0.046669
2160  255.401065  211.103510  20.344477  0.158425  2.625366  0.126297
2161  1400.775409  1918.604300  16.904910  0.074963  0.805956  0.052197
2162  1335.701604  71.406211  17.804715  0.047141  1.497032  0.060284
2163  380.261686  283.565043  18.455237  0.120061  1.626730  0.061840
2164  1371.109931  440.905584  18.184863  0.130219  1.587128  0.061520
2165  1481.532024  772.199460  19.931309  0.154991  2.381979  0.082787
2166  147.155578  661.767360  15.164723  0.040355  0.092388  0.044804
2167  385.665095  2033.460073  17.154012  0.037091  1.166417  0.071217
2168  208.688646  1928.908971  18.487321  0.088817  1.665643  0.057897
2169  1772.597898  732.943920  18.935952  0.097282  1.900696  0.193751
2170  1326.295248  184.095519  18.283189  0.082964  1.792284  0.074327
2171  192.028893  1202.047003  18.031218  0.126516  1.848940  0.115632
2172  3.471825  453.682889  19.345978  0.100996  2.385517  0.097548
2173  1390.101492  866.286270  16.580090  0.082790  0.998291  0.033282
2175  587.038212  1218.057465  20.697275  0.208992  2.623088  0.186436
2176  1242.516043  456.368076  17.308463  0.049932  1.181334  0.049699
2177  1882.246907  121.118380  17.051235  0.052079  1.105896  0.051382
2178  407.254156  125.764459  17.534635  0.039179  1.414313  0.074503
2179  485.441833  4.594461  16.619819  0.066444  0.776494  0.041703
2180  925.842581  1099.201618  15.314604  0.031824  0.059058  0.036182
2181  994.497484  1142.312496  16.607614  0.070450  0.907062  0.035302
2183  436.311617  476.008779  15.755476  0.039731  0.414949  0.027304
2184  2027.423105  1399.521630  16.923578  0.062289  1.044180  0.033081
2185  2027.073524  589.193628  18.527778  0.101312  1.490613  0.130928
2186  1510.119177  1830.616849  16.139374  0.050815  0.590582  0.057720
2187  934.601612  976.567514  18.747905  0.064188  2.081250  0.064892
2188  200.510389  1793.471931  20.232973  0.130944  2.989886  0.110515
2189  393.883232  1138.337203  16.677938  0.081054  1.015894  0.032804
2190  672.546196  1363.521433  19.973825  0.179480  2.792930  0.112752
2191  1494.700539  1635.967095  20.857457  0.112343  3.074787  0.227011
2192  1502.919643  91.141026  18.684789  0.074299  1.715651  0.109981
2193  2009.739961  249.385045  17.012697  0.049251  0.855681  0.036181
2196  1380.777174  2009.260841  19.523467  0.148357  1.895319  0.137059
2197  542.906003  327.754898  16.085122  0.080796  0.058731  0.027804
2198  1449.019910  583.588180  18.107607  0.065080  1.436602  0.065690
2199  1561.696480  1853.152183  17.678248  0.058097  1.092185  0.054532
2200  1581.001812  582.058017  19.952098  0.181154  2.381601  0.139848
2201  192.595011  675.636389  17.399038  0.071569  1.448348  0.053163
2202  584.507791  39.847392  18.608729  0.103861  1.774429  0.091733
2203  1898.625943  819.104810  20.243520  0.140785  2.892827  0.136934
2204  1809.451610  1184.973964  17.996863  0.077240  1.089890  0.066328
2205  1725.709215  1298.495175  18.134602  0.079361  1.369368  0.107833
2206  1774.811563  852.498583  15.012361  0.077787  -0.336218  0.035950
2207  1953.937280  426.921557  17.283227  0.044225  1.060186  0.040115
2208  1988.050407  146.925850  16.954132  0.048149  0.856288  0.046187
2209  241.511015  1061.904622  19.743988  0.106425  2.389626  0.165737
2211  316.854248  1067.080654  16.718353  0.048671  0.421174  0.046074
2213  1835.703622  350.960479  18.161104  0.073152  1.469928  0.057455
2214  620.116563  3.210432  17.508392  0.085623  0.976960  0.054352
2215  1365.415589  365.488888  15.483527  0.029298  -0.021089  0.052428
2216  1998.705505  1279.191343  17.205932  0.052064  0.933170  0.072023
2217  92.917048  1547.754690  17.355645  0.070832  1.709626  0.045155
2219  1957.005794  1176.961399  16.904156  0.094992  0.919551  0.087917
2220  570.513669  267.473924  17.046765  0.037684  0.811837  0.044502
2221  1731.871146  1318.268386  19.992805  0.076617  2.580948  0.088576
2222  1312.106498  1987.276101  19.509832  0.090301  2.351298  0.103729
2223  138.614634  899.837349  15.339083  0.030629  -0.032227  0.026716
2224  169.674644  316.390150  17.517331  0.051957  1.148214  0.061614
2225  842.944747  2022.636791  17.264426  0.066060  1.842060  0.063727
2226  55.728893  1545.430579  18.176953  0.083483  1.521317  0.068016
2227  1591.353855  1493.098175  17.095316  0.066670  0.652540  0.077305
2228  1930.947453  865.376540  17.095373  0.039798  0.669315  0.079991
2229  442.192391  1495.443769  15.615860  0.053802  -0.147561  0.048221
2230  1427.670104  397.845365  17.398739  0.115245  1.060097  0.037420
2231  1116.117181  1166.743926  17.265712  0.069814  0.919423  0.084844
2232  607.965014  681.526074  15.512412  0.056062  -0.146943  0.040700
2233  1818.019710  504.367276  16.842983  0.052415  0.705534  0.084004
2236  1578.348829  1113.270237  19.761952  0.110366  2.156178  0.126206
2237  1251.469238  452.839464  16.978782  0.045520  0.885485  0.034363
2238  177.225084  1938.331712  17.329436  0.047001  0.881058  0.038972
2240  86.261065  857.309837  17.346580  0.056929  1.089862  0.081602
2241  1152.967337  1593.724233  15.560383  0.031587  -0.157624  0.030414
2242  716.222741  1440.852058  18.956826  0.116124  1.890672  0.096129
2243  319.687491  896.354612  18.532153  0.091133  1.492153  0.087808
2244  55.893046  1142.089846  19.278495  0.084499  1.962935  0.059148
2246  607.657365  1497.007520  16.946971  0.051257  0.619821  0.053939
2247  451.843848  1782.443665  19.447099  0.081529  1.948581  0.089832
2248  1253.658456  2020.184238  18.155776  0.063672  1.337854  0.081413
2249  844.370222  1358.139508  17.084703  0.077053  0.819988  0.087581
2250  960.579457  18.991726  17.519664  0.060557  1.091153  0.058489
2251  1721.208954  1837.537061  20.053275  0.140133  2.541620  0.131321
2252  1285.273853  878.202677  18.775627  0.052619  1.767760  0.102686
2254  987.587880  1518.291656  17.888267  0.049507  1.244247  0.055066
2255  1796.555984  21.685738  17.484302  0.087378  0.899879  0.048874
2256  837.062210  1270.581078  17.451730  0.077412  1.016523  0.045631
2257  1580.139337  1900.762261  16.967787  0.061206  0.917884  0.091299
2258  673.866135  243.644877  16.158365  0.050861  0.160687  0.043970
2259  555.880889  1420.210482  17.749404  0.039696  0.951349  0.080425
2260  1239.793409  876.262278  18.999378  0.063019  2.009926  0.143484
2261  196.189155  63.168926  17.060585  0.085157  0.868251  0.072663
2262  1098.014102  820.717655  18.275534  0.101262  1.631951  0.133113
2263  162.285338  1057.948980  17.307524  0.093837  1.866125  0.091416
2264  1976.593946  949.840157  17.252284  0.046401  0.903666  0.047378
2265  1173.644699  850.705520  19.610724  0.102846  1.734291  0.094907
2266  1652.166666  756.452183  19.850058  0.121354  2.129468  0.077359
2267  1658.743768  133.529329  18.023226  0.049496  1.021839  0.063153
2268  363.479802  695.644201  20.289766  0.113156  2.199206  0.151517
2271  1241.861878  1621.528506  20.223636  0.151893  2.217882  0.120870
2272  1747.248798  770.638081  18.096579  0.060741  0.944317  0.052356
2273  1464.535309  1747.752233  18.104227  0.137917  1.684246  0.139388
2274  1191.585505  151.859866  20.020559  0.085647  2.252676  0.111143
2275  2000.832855  79.025724  17.905682  0.051524  1.306444  0.110923
2276  1523.177531  731.042806  20.174315  0.198131  1.997267  0.085331
2277  603.961023  1196.496829  17.873055  0.077011  0.965872  0.072482
2278  1985.811902  666.781230  19.354717  0.095703  1.711779  0.115744
2281  2.334531  19.805146  15.733675  0.036812  -0.219295  0.044534
2282  960.276698  1002.132228  17.826712  0.057406  1.729769  0.076221
2283  220.698320  769.646652  20.051617  0.159419  2.111947  0.125640
2284  1184.641760  1302.445230  17.753741  0.040628  0.851229  0.152379
2286  394.883373  459.128679  17.774632  0.177285  1.428344  0.059961
2287  1584.931738  705.578147  18.988273  0.154382  1.261921  0.100216
2288  1972.267660  381.663431  17.656245  0.052904  1.056072  0.092730
2289  1504.363937  1495.770616  19.935337  0.104253  1.794770  0.113618
2290  294.612628  1831.230772  17.151181  0.113221  0.725952  0.038010
2291  582.838207  866.253203  17.534793  0.105215  0.622097  0.132515
2292  456.208690  614.452035  19.061681  0.055746  1.356895  0.111197
2293  306.474890  896.105600  17.905728  0.073359  0.997553  0.047455
2294  574.986113  1773.619983  17.889703  0.063929  1.316189  0.064913
2295  1290.892409  1860.618182  19.381004  0.094197  1.826725  0.073451
2296  314.149986  661.707484  17.516120  0.040903  0.805265  0.116860
2297  815.405349  1558.700118  17.970731  0.074441  1.099348  0.056158
2298  1081.071923  927.151169  18.489070  0.078377  1.178279  0.075541
2299  1765.612988  1693.383740  17.926770  0.064758  1.470116  0.060382
2300  1856.861023  1200.014630  19.128984  0.079145  1.827614  0.088408
2301  1914.857860  364.961411  19.737105  0.153297  2.055981  0.174261
2302  101.025088  1024.430803  17.775092  0.088992  1.552108  0.053990
2303  1246.024348  1140.705219  18.224374  0.065627  1.869926  0.044956
2304  1009.070271  1553.137169  18.325616  0.049225  1.085120  0.097052
2306  571.233898  1293.847931  18.075017  0.054933  1.151079  0.048391
2307  1439.327935  1015.541677  17.793863  0.046220  0.896583  0.045557
2308  565.872956  1556.465175  19.224012  0.096765  1.597808  0.076079
2309  752.810329  891.806626  18.319632  0.093016  1.314220  0.072471
2310  1629.298697  633.107767  18.675753  0.082676  1.251175  0.064768
2311  1515.726451  749.084677  18.329450  0.124248  1.232080  0.063765
2312  752.111129  157.597150  18.354859  0.113484  1.149242  0.114507
2313  1970.236459  1432.561069  20.161398  0.186305  2.142858  0.172470
2315  487.466081  1141.381837  19.850464  0.127031  2.088105  0.138876
2316  1938.107319  1140.171823  17.595674  0.080295  1.110490  0.052882
2317  1608.285951  1792.489245  18.018150  0.106425  1.105010  0.131353
2318  806.101312  1811.168622  17.728922  0.052370  1.070097  0.067078
2319  1714.460656  1488.917377  18.206350  0.120312  1.025609  0.063114
2321  334.122341  528.452127  17.308605  0.103642  0.561526  0.041353
2322  1052.460526  779.466859  17.628681  0.056064  0.946189  0.109139
2323  1226.342883  447.169770  17.980814  0.066747  0.972938  0.142834
2324  1249.109654  1301.583626  17.741925  0.065124  0.814872  0.077355
2325  1018.524479  1311.428568  17.089615  0.042646  0.640755  0.040457
2326  1610.183434  1917.804262  20.273673  0.110980  2.604153  0.092679
2327  1965.500981  1139.720917  18.665281  0.148582  2.003131  0.099429
2329  27.172691  959.627790  16.838929  0.060056  0.365742  0.056820
2330  975.838634  205.963423  18.248282  0.090616  1.157641  0.097451
2331  1956.632708  1876.439455  18.209425  0.060206  0.962456  0.069313
2332  731.609585  1543.398752  16.107466  0.060573  -0.007567  0.047668
2333  362.670630  1353.767665  17.903576  0.058093  1.063662  0.047348
2334  1285.398245  1136.557605  17.747670  0.055321  1.076281  0.093620
2335  1932.058775  925.747015  21.023488  0.336920  2.472392  0.124786
2336  1434.407944  1664.699916  18.006418  0.085325  1.043946  0.043095
2337  307.021008  1386.102032  17.782525  0.067168  1.065179  0.057737
2338  1450.712692  978.343949  18.599088  0.061885  1.349544  0.077327
2339  172.689700  1229.464179  16.888113  0.068283  0.419937  0.038649
2340  1889.012218  1768.397099  18.092813  0.061949  1.196210  0.053701
2341  1544.542068  1420.800740  19.321879  0.107378  1.507093  0.106451
2342  1335.596885  1256.018909  20.410329  0.091592  2.388081  0.086800
2343  1847.746270  1967.358941  17.733105  0.067883  0.915518  0.051880
2345  331.392186  145.503050  19.044362  0.083975  1.476355  0.091160
2346  1998.499430  1078.474267  19.886580  0.138822  2.032699  0.126961
2347  419.804638  1336.754210  16.358688  0.029289  0.078169  0.031240
2348  1283.992924  814.815728  17.787224  0.057488  1.505841  0.077310
2349  626.599504  1230.321858  18.126670  0.060286  0.939848  0.054885
2350  788.596040  834.874533  15.826402  0.041072  -0.082127  0.078093
2351  1809.775912  559.518923  17.850683  0.082510  0.861104  0.049183
2352  967.990909  875.123347  18.203916  0.166772  1.254856  0.076036
2353  611.844255  751.735843  17.932209  0.107131  1.045941  0.069384
2354  1999.768369  1799.210780  17.460907  0.042218  0.804835  0.089922
2355  1515.441579  379.746525  18.619630  0.087833  1.192531  0.053883
2356  1944.652937  1902.745175  17.649850  0.041669  0.959281  0.081075
2357  1754.474717  1982.484426  20.284293  0.124089  1.893152  0.096709
2358  1361.524574  1414.360415  16.756119  0.046873  0.189295  0.047255
2359  1641.438097  2.657590  16.823338  0.069209  0.131047  0.072469
2361  1350.798120  806.616022  17.682002  0.053337  0.832195  0.056560
2362  626.808773  1484.618581  20.226895  0.183781  2.275293  0.098473
2363  1064.749371  1088.775700  17.740303  0.085578  0.619884  0.137269
2364  394.060910  1830.914437  18.010926  0.048771  0.916398  0.062518
2365  1194.435081  983.341346  20.349811  0.088415  2.058120  0.179861
2367  1328.204303  1899.781036  18.747790  0.070670  1.216166  0.128185
2368  1472.723219  1107.175329  20.203621  0.094477  1.762308  0.159950
2369  529.562609  1919.778139  18.155270  0.141908  1.003878  0.099710
2370  577.909488  878.359053  19.015184  0.128855  1.184815  0.104129
2371  1541.267500  2039.054244  18.169218  0.070005  0.929159  0.090364
2372  630.592809  700.984559  19.852532  0.164647  1.754062  0.115697
2373  1654.900231  1291.641646  18.140130  0.047414  0.680424  0.057007
2375  569.016450  13.519895  17.952211  0.056366  0.769794  0.045569
2376  1780.117206  1017.925692  20.526702  0.176699  2.189663  0.106900
2378  291.999405  376.691545  18.880458  0.094490  2.352934  0.124247
2379  469.714105  1836.271481  18.667906  0.144195  1.368353  0.150759
2380  1522.257179  1497.938397  16.860294  0.047717  0.214935  0.082574
2383  498.397814  191.221009  19.455752  0.114294  1.736858  0.097173
2384  1346.503182  189.581258  18.835024  0.071539  1.250150  0.077957
2386  920.509681  1748.640824  17.699645  0.052016  0.471054  0.043717
2387  1719.408187  1782.728286  18.498464  0.054355  0.961882  0.086721
2388  1734.560911  540.779652  19.315679  0.164355  1.209975  0.058706
2389  368.063205  1479.402017  18.147995  0.076414  0.617964  0.055392
2390  1007.605579  1456.303393  18.110529  0.115172  0.846871  0.104031
2391  1061.328860  158.454999  18.882428  0.165595  1.021189  0.080552
2392  1950.288415  52.978542  18.518763  0.049311  0.976767  0.105161
2393  725.695710  923.259534  18.309421  0.049044  0.980587  0.094179
2394  1761.439383  1156.471757  17.748095  0.039351  0.714992  0.112688
2395  1317.509405  1763.527034  18.574896  0.072862  1.011631  0.073310
2396  1100.193140  88.465507  19.196345  0.059846  1.287732  0.120847
2397  955.792589  483.309382  18.629080  0.121109  1.095043  0.050094
2398  1188.052162  499.349364  18.847169  0.088960  1.217066  0.130903
2399  1463.004100  624.451901  18.594087  0.123253  1.179458  0.087915
2400  12.931602  1992.644479  20.672718  0.141391  2.677680  0.281332
2401  1898.211370  970.436471  18.918097  0.089471  0.862826  0.153547
2403  1709.862545  1033.338334  20.160852  0.161022  2.082778  0.136027
2404  1217.990034  676.920811  18.922044  0.057054  1.324847  0.058626
2406  997.184881  1998.396636  18.602646  0.084101  1.921757  0.116508
2407  726.405962  630.954835  19.733139  0.142982  1.806859  0.118062
2408  619.407006  2001.469865  20.022530  0.177977  1.636715  0.091547
2409  525.014223  131.109865  18.998201  0.132376  1.323246  0.085211
2410  1905.740758  1960.211504  19.073504  0.146194  1.302908  0.126103
2411  23.060815  1982.662785  18.719627  0.101954  0.929480  0.125734
2412  528.791909  1597.256866  17.881618  0.107889  0.564169  0.077256
2413  565.432780  168.035866  18.608840  0.079305  2.040184  0.110597
2414  584.660928  584.190105  20.540497  0.184388  2.157387  0.136531
2415  1467.961102  231.496475  18.451348  0.089146  0.929601  0.049364
2416  828.334932  719.635673  17.057783  0.057269  0.042734  0.056329
2417  1215.862309  1701.127922  18.765252  0.080245  1.055377  0.104490
2418  100.797823  1854.280871  19.455769  0.099758  1.523118  0.116921
2420  1992.389422  1824.164976  18.561314  0.061319  0.950715  0.077609
2421  126.654279  981.712301  17.266563  0.056974  0.148925  0.078386
2423  989.689631  2006.323243  17.961434  0.115361  0.653990  0.092455
2424  1525.434145  996.558256  18.701029  0.058269  0.932375  0.161103
2425  221.366637  846.877961  19.796476  0.109916  1.747217  0.102032
2426  1516.832973  415.873444  19.254321  0.083620  1.154278  0.129794
2427  578.428721  1061.201622  19.597516  0.073898  1.471939  0.162665
2428  884.934641  652.452966  19.946804  0.176298  1.923791  0.132819
2431  996.222554  901.842465  18.709196  0.094879  1.228300  0.113656
2432  443.541870  809.414683  18.352556  0.083011  0.997069  0.061148
2433  1713.298216  545.212498  18.635937  0.075301  1.112961  0.129055
2434  1675.650014  1429.404612  18.890128  0.112816  1.467927  0.073491
2435  1481.674436  1211.371949  18.931553  0.132849  1.220005  0.076596
2436  295.299672  1862.133051  18.548907  0.104473  0.892250  0.063059
2437  2015.593972  1162.572721  18.408124  0.062654  1.065179  0.072810
2438  922.582731  770.942242  18.235833  0.069246  0.982566  0.108654
2439  360.784832  959.374390  18.560889  0.107256  1.066910  0.087500
2440  1288.946848  1851.156737  18.595972  0.165657  1.062206  0.055572
2441  1433.929864  1318.033512  19.535044  0.094752  1.216733  0.114739
2443  357.155410  1956.110209  18.241328  0.087029  0.925565  0.060804
2445  706.865136  1043.545930  18.909437  0.077743  1.542473  0.113399
2446  773.674739  1954.262809  18.477341  0.055915  0.903285  0.091421
2447  1749.731808  1730.652896  16.744133  0.058886  -0.027050  0.036420
2448  1496.530589  702.992746  18.340099  0.147015  1.004255  0.065585
2449  1643.949500  777.005089  18.458431  0.131271  1.070673  0.091671
2450  1591.905004  235.998281  20.103183  0.144211  1.615696  0.077769
2451  1249.266995  1816.254097  19.598406  0.099979  1.689712  0.068642
2452  760.220547  756.700778  19.247311  0.066010  1.617456  0.065856
2454  427.039661  1015.270140  18.191962  0.104508  0.853777  0.085176
2455  1026.315952  1252.702860  18.455100  0.133931  1.134383  0.062544
2456  493.314134  421.395921  19.288224  0.078985  1.417772  0.142994
2457  390.548014  1638.068957  19.417059  0.088414  1.616338  0.162091
2459  675.447181  1342.331516  18.592144  0.052338  0.790569  0.058707
2460  258.819040  1903.424669  18.600269  0.065683  1.135097  0.092880
2461  979.011965  94.350560  18.567870  0.119617  1.739604  0.205004
2462  1888.437257  1469.252410  18.668969  0.076279  0.954935  0.102285
2463  724.250021  472.619494  18.453440  0.105467  0.966556  0.057172
2464  1556.874560  433.020647  16.876453  0.085266  0.173715  0.042986
2465  739.479282  1204.032850  19.260981  0.070648  1.651312  0.151948
2466  1611.424428  752.004997  18.721421  0.062798  1.311192  0.124169
2467  1728.123601  1620.833075  18.386456  0.084549  1.414232  0.047793
2468  531.900946  628.049387  20.353680  0.152576  2.194208  0.144701
2469  774.711588  213.725581  18.323394  0.095683  0.891726  0.130996
2470  922.412017  2047.491575  18.291400  0.053248  0.970744  0.098860
2471  475.994119  590.537649  16.864685  0.044886  0.214815  0.047788
2472  1984.015172  1827.331204  18.505139  0.082877  2.034532  0.141770
2473  590.068934  931.031777  19.196004  0.068465  1.313310  0.103834
2474  1454.299810  1229.933631  18.729172  0.058192  1.044510  0.054096
2476  502.355286  50.879801  19.133487  0.106596  1.162665  0.119379
2477  1190.652988  1899.916420  18.221314  0.082262  0.975724  0.074987
2478  1090.555157  265.289986  20.148486  0.099975  1.703344  0.149265
2479  564.665632  1435.096313  19.045039  0.059316  1.887231  0.055499
2480  81.001972  79.373101  20.258185  0.192780  1.918722  0.329056
2481  1553.574883  206.925798  20.291433  0.139332  1.950363  0.130924
2482  961.579521  1015.096775  18.931349  0.096503  2.261481  0.073411
2483  1558.959408  254.717186  19.296787  0.099531  1.457201  0.125998
2484  218.718478  1257.823013  19.449912  0.102649  1.275980  0.190998
2485  413.687805  333.143370  18.696248  0.153974  1.201809  0.111886
2486  933.174119  589.736372  19.193210  0.062030  1.244998  0.130797
2487  1688.149771  1223.169553  18.170413  0.130228  0.938592  0.156784
2488  966.011132  443.347049  18.486943  0.055290  1.595397  0.050026
2489  329.743434  1620.040915  20.699995  0.100864  1.805574  0.177719
2490  1113.286138  483.506696  19.784554  0.106877  1.590599  0.103156
2492  293.287946  1051.896605  19.161767  0.088164  1.697471  0.102046
2493  2025.821072  1321.578427  19.318947  0.068382  1.133183  0.166756
2494  783.027131  203.056817  19.284502  0.083700  1.857456  0.190900
2495  1659.572047  13.381494  17.547663  0.063370  0.577447  0.048618
2496  381.833230  1023.073252  18.738016  0.111350  1.149856  0.078147
2497  1903.734452  1874.724347  18.433039  0.156227  0.921143  0.116035
2498  1862.941381  1848.372493  17.678334  0.056140  0.483389  0.047685
2499  1278.014208  757.686115  19.789184  0.085406  1.517881  0.181334
2500  24.624058  627.188521  18.049617  0.062801  0.690992  0.044267
2501  1681.896946  2039.271237  19.502714  0.096921  1.577472  0.088864
2502  1456.412815  1990.915516  19.164289  0.069868  1.322267  0.102078
2503  1747.857486  1177.544972  19.457331  0.135279  1.344128  0.071514
2505  793.740970  579.489478  18.237616  0.050990  0.928014  0.087687
2506  1532.096768  498.188930  18.274274  0.049358  0.689561  0.077386
2507  1010.525265  829.774427  19.407158  0.109885  1.316208  0.097263
2508  1490.759247  1674.565787  16.824785  0.115100  -0.137905  0.034407
2509  974.455813  1949.283562  20.212346  0.088782  1.316575  0.240555
2510  1202.734294  1750.713470  20.172848  0.168173  1.593327  0.162246
2512  1438.941884  446.744227  19.888140  0.135794  1.913040  0.152997
2515  274.805037  1589.081840  18.964953  0.101351  0.923614  0.094870
2516  1932.314349  197.839915  19.365227  0.068408  1.102452  0.068001
2517  1633.410732  1208.810520  20.544682  0.157152  2.122279  0.213498
2518  376.060034  810.386486  18.998306  0.083712  1.000457  0.110558
2520  1370.331530  1013.126459  19.455686  0.126108  1.405454  0.098058
2522  76.276810  817.509890  18.970722  0.183365  0.633860  0.102782
2523  1104.069333  1000.754216  19.482642  0.072353  1.027144  0.064446
2524  1358.316922  93.080872  19.417516  0.121161  1.318247  0.099553
2525  1177.047400  907.544758  20.104300  0.157799  1.502045  0.165462
2526  759.280928  696.239085  17.938864  0.070620  0.390416  0.104525
2527  384.344326  1691.819674  18.890756  0.168894  1.092278  0.107051
2529  1949.708964  14.131989  19.513071  0.148469  0.888535  0.145650
2533  1001.083048  1899.963330  19.413668  0.167567  1.979008  0.106642
2535  297.243028  179.514339  19.326590  0.079805  1.043422  0.075686
2536  1959.469776  1934.179626  19.080670  0.140519  1.020317  0.087416
2537  1723.058132  152.010954  19.047129  0.127947  1.014807  0.098195
2538  1296.389630  650.044031  19.254132  0.080330  1.240429  0.132127
2539  747.627506  518.294898  18.476864  0.055628  0.422264  0.098775
2540  1993.605822  1457.745263  20.191182  0.087092  1.875505  0.100258
2541  1726.868663  144.292879  20.489024  0.091180  2.225594  0.147872
2542  2039.131918  798.269719  16.586419  0.044281  -0.348717  0.034727
2543  1924.818808  1591.339579  19.491269  0.103476  1.447434  0.137852
2548  795.179607  1280.072584  20.367324  0.153836  1.784269  0.178121
2550  1842.137666  1348.446611  19.760945  0.113286  1.229884  0.067502
2551  23.848144  359.907640  18.782663  0.077644  0.861984  0.066223
2552  1474.149873  653.037984  19.001244  0.057766  0.997975  0.146373
2553  1976.033013  2001.128390  18.855673  0.095989  1.191055  0.094261
2554  167.798313  1186.483034  19.429780  0.111998  1.244307  0.080806
2555  850.249843  1039.703648  20.161300  0.163764  1.744065  0.142551
2557  397.009335  1621.048684  19.653697  0.076037  2.217404  0.136097
2559  409.202569  1733.113859  19.632697  0.078598  1.322829  0.067628
2560  408.767020  428.076977  18.930604  0.070738  0.891012  0.081588
2561  566.224033  1878.913021  20.092264  0.137791  1.577944  0.088800
2562  1233.963271  594.718439  19.309847  0.106428  2.019031  0.064984
2563  419.702850  659.533210  19.938853  0.190978  1.333239  0.094638
2564  332.147891  629.976840  19.557423  0.140110  1.583695  0.299516
2565  802.334251  1117.681936  19.250780  0.082918  0.928118  0.072999
2567  1470.863910  1790.049711  19.570304  0.069542  1.123314  0.081439
2568  1057.658854  570.567189  20.507619  0.089438  1.820012  0.123875
2569  1606.191192  175.637397  19.634709  0.133025  1.256234  0.211007
2570  460.902884  744.553113  20.053162  0.093826  1.593575  0.200079
2571  1241.283403  133.372293  19.291468  0.087931  1.060595  0.150421
2572  733.408079  1765.881139  19.682311  0.182330  1.381036  0.123154
2573  396.981964  318.074579  19.436778  0.117137  1.415058  0.078732
2574  1882.117352  577.827454  19.075852  0.122939  1.304722  0.134054
2575  956.120501  1300.950849  19.678793  0.240151  2.085088  0.074862
2576  1117.491659  1943.804905  19.016233  0.115233  1.224252  0.073113
2577  1605.489207  1968.615133  20.524864  0.160218  1.691866  0.101330
2578  622.992826  212.989045  19.247641  0.060198  1.294254  0.072083
2579  1161.414497  1982.643897  19.622382  0.121503  1.353789  0.070655
2581  150.189347  1858.230584  20.235147  0.119637  1.573959  0.175014
2583  1376.542155  1527.324865  19.569567  0.102495  0.878594  0.107884
2584  1979.063818  512.619423  17.057358  0.040534  -0.287151  0.063292
2585  968.204412  1874.925621  16.981050  0.043168  -0.308836  0.053001
2586  915.399588  1640.852793  19.746657  0.085026  1.734593  0.235264
2587  1553.012264  215.936052  19.053936  0.177041  0.942721  0.074674
2588  400.803928  680.327962  18.706475  0.136228  1.112524  0.089534
2589  362.373316  370.690673  19.244056  0.109063  1.355191  0.159279
2590  1958.785933  183.605810  19.238733  0.075369  0.979125  0.076275
2591  1977.604212  1361.363957  18.811272  0.102828  1.005829  0.123770
2592  1899.139981  1641.965977  19.654877  0.132060  1.401215  0.165757
2593  525.485199  1092.036278  19.175382  0.099609  0.959918  0.057530
2594  1308.490229  918.502009  19.867449  0.130342  1.491452  0.128535
2595  1108.489219  952.906900  19.171350  0.152010  0.965307  0.080497
2596  1637.024794  1497.780796  18.983970  0.059546  1.019340  0.063521
2598  395.931424  1871.351233  20.025826  0.113632  1.386512  0.101134
2599  1691.755816  557.216573  18.841854  0.108223  0.939212  0.092992
2600  856.130333  205.591733  19.344422  0.088214  1.130697  0.102255
2602  71.409232  456.457749  19.276622  0.074443  1.174196  0.119146
2603  658.843755  174.850196  20.113139  0.124943  1.450904  0.086071
2604  186.592884  1104.048232  19.450883  0.099844  0.989923  0.065086
2606  1690.460429  581.301357  19.993795  0.154934  1.315729  0.132071
2607  1303.726223  1175.548685  19.687123  0.097997  0.910766  0.182146
2608  1087.915023  1204.323794  20.142534  0.090355  1.542104  0.100168
2611  781.025281  336.706965  19.465337  0.199953  1.306874  0.110372
2612  1344.605049  1501.411591  19.652160  0.086775  1.119442  0.133083
2613  1653.537120  1122.013457  19.342763  0.107805  1.293177  0.102258
2615  989.537693  1862.754213  17.783582  0.088350  0.267052  0.056833
2616  1732.942455  965.440015  18.703182  0.064869  0.931653  0.092270
2617  1308.665551  14.389208  19.837808  0.208049  1.412660  0.175924
2618  1786.043977  207.428833  17.051805  0.047219  -0.267393  0.043026
2619  196.077727  1882.772094  19.691494  0.141121  1.186307  0.079257
2620  1901.662606  1172.241444  18.320998  0.113187  0.583948  0.106427
2621  1347.460294  73.624024  19.130643  0.141879  1.007607  0.062374
2622  603.532146  1205.690153  19.374456  0.110814  1.647377  0.143402
2623  1421.183847  3.866184  19.150686  0.196699  1.125255  0.125061
2624  1022.068926  1413.080340  17.219014  0.084748  -0.149162  0.080009
2625  1873.129099  720.097800  19.775427  0.098629  1.289309  0.186264
2626  58.218393  236.453516  18.968723  0.066451  1.090469  0.093760
2627  143.057017  1156.510921  19.146153  0.155236  1.019513  0.112903
2628  183.512530  734.658091  19.523989  0.200591  1.228809  0.126544
2629  1293.274179  984.114266  19.227620  0.105509  1.123669  0.090405
2630  1411.186481  1139.675270  20.480948  0.130505  1.813488  0.159566
2631  1400.260642  360.072259  19.196342  0.185078  0.758051  0.057550
2632  949.042529  515.248015  19.322375  0.161820  1.291385  0.092989
2635  1133.086052  222.808527  20.028787  0.092621  1.404998  0.077051
2636  1250.132047  1991.372027  18.911483  0.167036  1.237050  0.127462
2637  680.338308  696.846111  19.883090  0.179114  1.414427  0.120539
2639  509.843275  628.168108  19.587881  0.075286  1.866623  0.076793
2640  1795.196946  684.576658  19.231616  0.065006  2.092793  0.066600
2641  84.434296  1873.068224  19.997820  0.158368  1.333833  0.073245
2642  1896.559819  1579.176099  19.052937  0.066662  0.856178  0.058123
2643  549.705104  1276.471115  19.953500  0.124325  1.184828  0.130952
2644  312.653440  1275.963455  17.966404  0.063675  0.282427  0.072440
2645  1992.513155  484.668718  19.502670  0.129987  1.245051  0.069002
2646  1225.126066  191.255065  19.324454  0.073323  1.140573  0.073088
2648  1480.316338  1529.889927  19.439745  0.187172  1.271881  0.121305
2650  1759.135964  116.519798  19.646378  0.117447  1.573336  0.147263
2652  1764.394760  1300.211622  19.784439  0.209056  1.575878  0.141926
2653  1750.489365  732.188310  20.887899  0.144552  1.756218  0.102246
2655  1574.385283  1097.290563  18.795889  0.070697  0.857194  0.066215
2656  2020.593899  363.715022  18.654284  0.106464  0.922569  0.079839
2658  112.424698  45.365331  19.540525  0.226859  1.353920  0.073200
2659  1990.754468  1013.814043  19.150478  0.110905  2.319136  0.070574
2660  384.025644  875.058775  18.788889  0.110024  0.610219  0.161698
2662  205.969618  1584.274966  20.221889  0.121293  1.347021  0.203222
2665  1616.796000  604.156496  20.484993  0.229274  1.889974  0.130954
2666  1625.839464  1639.237607  20.240816  0.253013  1.523865  0.173251
2668  978.675458  143.021607  16.755514  0.063976  -0.175737  0.069914
2669  21.898962  86.038847  18.553568  0.052601  0.464021  0.152723
2671  396.012548  982.306940  20.289433  0.107832  1.789938  0.095502
2672  623.207295  126.841306  19.131281  0.155846  1.127039  0.129686
2673  1373.299986  1576.420588  18.909396  0.075018  0.788090  0.083862
2674  1657.333174  305.494878  19.243533  0.110002  1.201485  0.078117
2675  1438.535753  1136.668470  19.965634  0.082447  1.615308  0.109698
2677  1927.752943  1088.405119  19.742685  0.135051  1.757601  0.064458
2678  290.133231  292.941293  17.360297  0.055840  -0.115216  0.070821
2680  1432.038820  1849.100992  19.267804  0.089191  1.321182  0.148848
2682  1359.704391  260.529337  19.688771  0.109065  0.943701  0.085563
2683  1679.686823  786.662306  19.100413  0.060916  1.517707  0.128579
2684  1985.897476  482.002429  19.200604  0.086228  0.958012  0.134543
2685  1089.034692  1781.032691  18.785792  0.111177  0.818441  0.089663
2686  1574.958411  1470.432545  18.399388  0.062282  0.555489  0.079641
2687  161.622108  897.658449  20.207602  0.163810  1.831143  0.178604
2688  1611.919378  1267.474779  20.538764  0.156009  1.379695  0.116496
2689  1711.240626  722.087608  19.479948  0.105818  0.885639  0.114326
2690  932.027841  836.519535  16.795127  0.056928  -0.364632  0.079102
2692  353.106101  1722.983988  19.510521  0.075828  1.075487  0.119142
2693  381.755238  1766.148774  19.435900  0.080503  1.079735  0.071385
2695  17.233462  1926.746998  16.895984  0.032963  -0.214465  0.047495
2696  1296.359485  278.673189  19.944739  0.111472  1.362066  0.071837
2697  1602.889773  1062.149168  20.223584  0.204993  1.745694  0.131237
2698  847.572183  1904.122563  19.142600  0.169054  0.815204  0.087790
2699  259.135358  986.709100  18.857110  0.158853  1.056266  0.085395
2700  913.218051  1682.490176  19.483551  0.090222  1.654997  0.120140
2702  1684.546984  1120.553087  19.617881  0.085248  2.205672  0.080485
2703  613.040519  738.811530  19.163790  0.099889  0.783073  0.091380
2704  252.844965  845.627381  18.071387  0.085088  0.258949  0.058129
2706  1549.733513  1651.090967  20.215868  0.165884  1.157070  0.145059
2707  885.197668  1667.919683  20.044907  0.108351  1.162736  0.117406
2708  1284.854737  1220.027408  20.238995  0.134306  2.253462  0.097893
2709  1195.786421  1566.980980  20.478776  0.220324  1.060977  0.199473
2710  756.429078  206.490961  19.430120  0.147857  0.911282  0.080205
2711  419.122929  959.704447  20.092031  0.166221  1.626512  0.126760
2712  325.589573  1936.624467  19.550382  0.097867  1.056369  0.092624
2713  919.046450  36.104527  20.234796  0.140608  1.167749  0.085458
2714  1741.097024  1260.532084  19.506108  0.113540  1.327595  0.134171
2718  1275.633988  385.357320  18.415316  0.096596  0.189287  0.093326
2720  75.884390  951.241931  19.933126  0.176632  1.384183  0.166237
2721  1548.816696  1496.251570  19.406831  0.259729  0.924773  0.163836
2722  771.505593  1936.969148  19.527717  0.084427  0.944071  0.100886
2723  145.703880  1563.810515  20.008748  0.133082  1.184654  0.134959
2725  894.730859  645.252753  20.023226  0.108448  0.945669  0.134750
2726  407.614429  235.839149  19.522205  0.125083  1.746568  0.206304
2728  58.257148  531.219005  19.911174  0.123330  1.463535  0.221643
2729  1034.382938  1110.135816  19.918963  0.110958  1.080597  0.131307
2730  218.920612  445.481380  19.785399  0.114252  1.297795  0.184160
2731  954.595717  46.734357  20.182471  0.154542  2.553586  0.159356
2732  1254.139190  1316.308844  20.357785  0.094208  1.040015  0.140740
2733  1782.006382  2028.804482  18.647293  0.138722  0.558043  0.064242
2735  253.817595  853.925369  18.656250  0.109996  0.550671  0.102629
2736  1179.586061  785.674289  17.784891  0.103220  -0.110758  0.065147
2737  1740.883795  112.491191  18.736784  0.086611  0.706486  0.075560
2739  1849.270769  970.207638  20.720719  0.192917  1.648940  0.121841
2741  956.960240  1348.199705  20.214200  0.115505  2.395446  0.150374
2742  1161.329079  1117.175391  19.722626  0.134387  0.926062  0.243501
2743  1812.949958  1836.481423  17.496876  0.043128  -0.466129  0.136327
2745  1237.211371  1920.197075  19.744978  0.093418  1.426029  0.161399
2747  1695.795579  1339.475562  19.750896  0.093103  1.035947  0.165005
2748  775.308562  140.124028  20.056781  0.117397  1.191810  0.196369
2749  1216.627239  504.781317  19.637954  0.183795  2.722353  0.114201
2750  173.814365  554.064241  17.228659  0.049626  -0.278839  0.041594
2752  1915.160968  1239.616832  20.016533  0.090088  1.155579  0.095108
2755  682.641359  1358.434638  20.470334  0.113479  1.792760  0.219398
2757  99.255844  2030.783187  19.924024  0.080884  1.186631  0.074775
2758  616.002192  1203.955095  19.920200  0.189532  1.289904  0.161117
2759  1801.693783  1944.791389  19.950169  0.081851  1.774566  0.106651
2760  1901.359935  916.930917  19.624993  0.115249  0.909252  0.164971
2762  777.651462  1061.827162  20.135746  0.122701  1.195180  0.143433
2764  673.430664  1144.809258  20.104110  0.218008  1.289841  0.124342
2766  160.903282  949.755209  19.108592  0.090941  0.601847  0.103400
2767  1337.720298  1972.222434  19.709119  0.142164  1.222755  0.082770
2768  1874.764872  1448.519732  19.828222  0.079687  2.491373  0.074620
2769  724.749259  530.048713  20.631760  0.132888  1.820318  0.140120
2770  1317.592117  269.819979  20.420227  0.155246  1.183368  0.116802
2772  850.214207  1904.111918  20.089115  0.104660  1.221203  0.076507
2773  781.615023  388.663005  19.843898  0.080794  1.209981  0.135108
2774  864.939907  1725.994035  20.047315  0.092945  1.002298  0.093418
2775  147.249487  1974.599884  20.534797  0.141692  1.485666  0.088716
2776  2023.319011  246.111495  19.911647  0.114216  1.149143  0.169913
2777  1602.702145  321.915268  20.138950  0.187784  1.209400  0.158052
2778  1520.638171  1519.913376  19.780684  0.138098  1.394888  0.083408
2779  1251.351003  1803.802725  20.271780  0.105188  1.179995  0.102657
2781  1196.281777  1655.297844  19.573084  0.110737  1.035117  0.087592
2782  841.701634  955.557973  20.719937  0.130698  1.706223  0.206411
2783  1796.145108  267.462271  19.256206  0.088744  0.889321  0.064981
2785  377.054851  833.885901  17.852264  0.049441  -0.029079  0.069311
2787  1556.528665  436.841043  17.231912  0.039530  -0.462665  0.071118
2788  493.838788  851.370435  20.621665  0.230420  1.637976  0.168738
2789  908.800487  913.838198  20.346019  0.181592  1.353563  0.193520
2790  1793.281466  583.848849  20.506404  0.145621  1.524672  0.167284
2791  1512.432429  1586.211078  20.104213  0.119945  1.278664  0.160193
2794  1128.200019  1163.860990  19.694865  0.109578  1.114574  0.094880
2797  654.373817  482.210007  19.659964  0.067185  1.026227  0.098808
2798  192.738242  2032.176285  20.672725  0.236895  1.500074  0.185460
2799  1436.908842  995.781085  19.683833  0.151410  1.162445  0.207985
2800  1434.779444  86.462912  19.985143  0.088570  1.423300  0.093026
2802  213.610384  491.249661  19.905029  0.100489  1.216637  0.102276
2803  767.126725  109.128965  20.019769  0.175265  2.253573  0.164663
2804  264.426870  346.532412  19.512508  0.099732  1.151651  0.138836
2806  1064.979757  305.103060  19.566200  0.186787  1.084678  0.091564
2808  1875.478487  378.339909  19.900231  0.097563  2.165892  0.084003
2810  1895.018979  1072.543371  20.251238  0.156980  1.705647  0.161112
2814  783.047056  1115.042566  20.379251  0.150445  1.288129  0.120317
2815  385.166861  1651.373425  20.195627  0.143626  1.169338  0.127174
2816  742.018174  566.020129  20.222154  0.142467  1.291439  0.108657
2818  1873.312600  1320.344893  20.378125  0.176061  1.609396  0.134586
2820  1856.204965  265.966616  19.962140  0.098060  1.243885  0.099078
2821  1226.440233  1226.949462  19.068072  0.119063  0.711286  0.111020
2822  541.011950  1475.347466  18.402851  0.083669  0.144088  0.129110
2823  1840.295669  174.177745  19.439227  0.094266  0.926563  0.104840
2826  340.054130  176.314060  19.976821  0.192694  1.084332  0.137238
2828  461.652130  257.995726  20.177279  0.091012  1.957297  0.166453
2830  240.083348  704.186335  19.766300  0.105825  1.039190  0.183834
2831  1742.368350  137.186517  20.135705  0.097404  1.588332  0.171818
2832  538.010996  946.280585  19.770388  0.162093  1.431085  0.161018
2833  1980.695134  873.688424  19.947448  0.115223  1.139710  0.119285
2835  1929.004613  1025.857989  20.357887  0.091839  2.318188  0.092165
2836  1315.167667  1899.675076  20.119554  0.167570  1.222303  0.162789
2837  1335.479704  758.312244  19.843350  0.145327  1.335671  0.142665
2839  938.496052  147.663691  17.417852  0.043384  -0.109440  0.080874
2840  819.721667  990.896799  19.916485  0.148782  1.915534  0.158990
2842  1680.981986  701.651350  19.507952  0.082662  1.062646  0.136955
2846  1806.789137  578.419470  19.759851  0.104855  0.910478  0.117552
2847  55.571432  116.538320  19.825003  0.119169  1.029225  0.167893
2849  1661.070360  1188.456357  19.539927  0.142570  1.198407  0.149245
2854  1704.387254  89.268036  19.995412  0.101063  1.086162  0.117586
2855  991.861752  654.770279  19.851092  0.113894  2.124710  0.106157
2856  1923.312043  659.358528  16.723726  0.049933  -0.528068  0.085637
2857  680.392278  843.081337  19.981439  0.090497  1.171759  0.097318
2858  491.811529  2019.151050  20.095760  0.198186  1.271876  0.145452
2859  1277.503366  893.815920  19.816835  0.107847  1.321666  0.152673
2860  928.683534  239.662663  20.441820  0.176076  1.337375  0.089919
2862  1419.471167  302.283633  20.120258  0.190389  1.470831  0.153263
2863  1135.978383  1453.348286  19.432375  0.075866  0.620256  0.143742
2864  977.975418  527.764494  20.829770  0.128822  2.122716  0.230395
2865  1137.743393  1865.034309  19.636139  0.086479  1.098289  0.076466
2866  1813.771424  658.656399  19.637626  0.074080  1.233452  0.107576
2867  608.217573  1091.885644  20.163360  0.239955  1.263693  0.107795
2868  1193.046292  1318.683141  19.671606  0.162907  1.855246  0.088435
2869  520.034644  664.110588  19.776686  0.114623  0.827865  0.122098
2870  1272.940327  1698.026103  20.078877  0.192970  1.293654  0.112805
2874  969.530484  539.400943  19.921431  0.163300  1.157552  0.082807
2875  520.871285  395.039761  19.338567  0.111536  0.919287  0.148406
2876  1860.289260  1209.573352  19.941264  0.097720  1.464992  0.200764
2877  1405.295774  318.255589  21.004834  0.109896  1.882994  0.323980
2878  509.639670  1120.617700  19.678145  0.137501  1.205232  0.108632
2879  1933.744268  1650.303666  19.980889  0.172531  1.098123  0.117073
2880  325.235745  1209.691799  20.218086  0.184026  1.366540  0.097602
2881  1049.500374  1704.225040  19.901230  0.189122  1.478591  0.129914
2882  196.749260  486.858946  18.781805  0.085557  0.507736  0.113880
2883  469.833059  125.166582  20.406984  0.102349  1.038463  0.099430
2887  1941.162286  586.443821  19.206354  0.085978  0.642850  0.125785
2888  1201.205271  298.553382  19.487970  0.181772  1.478024  0.101566
2889  781.230162  1869.641593  19.915772  0.143768  1.641835  0.178379
2890  1528.228265  1601.813785  19.893719  0.162741  1.131211  0.091843
2891  636.776137  194.026272  19.994555  0.168542  1.908316  0.170670
2892  1402.013350  267.380755  20.298294  0.091180  1.721824  0.115296
2893  1830.402827  1540.809965  18.239358  0.077871  -0.080809  0.068757
2894  963.416571  613.147946  18.841434  0.070678  0.521861  0.077815
2895  1353.863526  1022.972235  19.823087  0.084304  1.645456  0.137495
2897  1282.184346  923.187434  19.969977  0.095035  1.690892  0.185094
2898  868.346996  766.743150  20.102849  0.085372  2.024125  0.107947
2899  596.712668  1467.247889  20.271806  0.104712  1.324646  0.158226
2900  1730.391242  1984.490547  20.405529  0.132941  1.137520  0.118345
2901  340.406279  657.512107  20.876093  0.163580  1.857552  0.110897
2903  1451.031610  611.951324  20.416488  0.163780  1.609711  0.173426
2904  1776.832801  279.747533  17.713300  0.080340  0.024080  0.142900
2905  1296.198508  950.046792  20.246540  0.179696  1.485196  0.143708
2906  496.454939  1339.985781  20.191542  0.195540  1.222887  0.159681
2907  704.331334  1458.911023  18.218225  0.071385  0.454020  0.096909
2911  799.563437  588.124565  19.673323  0.098543  1.007530  0.095352
2912  113.556221  850.726228  20.071051  0.119114  1.209285  0.131257
2914  250.515788  711.895175  19.187847  0.172024  1.103123  0.110898
2915  1156.329942  429.011385  20.268964  0.141613  1.342652  0.107994
2916  4.673176  274.859538  20.368910  0.148935  1.280560  0.185446
2917  881.111442  89.754362  21.048623  0.243484  1.587047  0.189369
2918  1134.463773  1325.077552  19.994803  0.074924  1.226232  0.114002
2919  1085.584490  235.365975  19.827774  0.186896  1.276232  0.087628
2920  273.041529  516.857184  20.095215  0.162563  1.317278  0.141162
2921  1563.988739  1271.204499  20.174051  0.108421  1.101870  0.134341
2923  651.639668  1811.132455  20.016165  0.110139  1.075938  0.134768
2926  99.188975  1798.443368  19.572628  0.106299  0.794512  0.085397
2927  1030.279076  231.569758  18.536576  0.090842  0.482181  0.054225
2929  45.258995  1678.021495  19.420825  0.115477  0.939927  0.148980
2930  1968.225676  348.448398  19.724495  0.162715  1.836547  0.098096
2932  1533.778496  1835.880293  19.867251  0.100234  1.295342  0.215087
2934  294.120208  595.540273  19.957102  0.153078  1.277177  0.147423
2936  521.846207  1166.171573  20.292850  0.128026  0.987736  0.186832
2938  1921.561748  405.021541  18.299105  0.110960  0.182997  0.049914
2940  964.334246  972.764879  19.787383  0.112276  1.282673  0.074036
2941  577.709013  1347.453251  19.404422  0.069938  0.604533  0.130876
2942  1262.869591  1567.888032  19.242831  0.117222  0.395861  0.083090
2943  176.810093  728.091078  19.745924  0.194317  0.066615  0.174038
2945  1386.164811  934.699908  19.672348  0.098697  0.735806  0.106084
2953  898.911517  1279.007875  20.285163  0.214767  1.647779  0.131642
2954  213.775578  1534.005014  20.060972  0.094207  1.055652  0.107442
2957  43.650096  2006.530746  20.270741  0.169542  1.241439  0.137218
2958  921.119673  1326.613913  18.427992  0.066599  -0.035011  0.149273
2959  520.668311  987.091947  20.455897  0.178672  1.787783  0.148297
2960  885.125339  1363.791045  20.340162  0.140255  1.819947  0.094287
2965  702.903184  1363.456264  20.321622  0.094951  0.970522  0.145745
2967  1636.769124  295.242264  18.387002  0.047294  -0.019964  0.067720
2968  651.668558  981.054142  20.344252  0.286688  1.325939  0.108245
2969  815.807504  1877.392356  20.906380  0.114805  1.128064  0.153995
2970  1675.684744  758.715124  20.097478  0.098316  1.070089  0.137233
2974  947.944202  460.754024  20.403958  0.196548  1.317066  0.108206
2975  864.973880  859.307379  20.776122  0.274920  1.108906  0.099442
2976  38.037579  1141.679875  20.447808  0.290706  1.126859  0.146506
2982  1531.025099  167.224411  20.394675  0.192911  1.246822  0.153385
2983  385.458294  430.447675  20.812087  0.169272  0.977054  0.161685
2985  1901.203031  436.338003  20.767390  0.227175  1.514495  0.134325
2995  1348.302020  603.495772  18.927407  0.069195  0.275585  0.076061
2997  1884.693871  471.629755  20.820590  0.142311  1.431858  0.191158
2999  327.349867  1445.353183  18.457896  0.082831  -0.054275  0.081350
21000  1091.583720  590.537189  19.737389  0.149196  0.793082  0.081491
21002  1787.249746  352.587788  18.329969  0.047404  -0.347444  0.139227
21004  1218.939252  945.136000  19.585843  0.120143  0.653959  0.146972
21005  90.409434  597.541142  19.014852  0.087550  0.232583  0.207031
21009  903.807283  140.936852  20.337931  0.200848  0.783058  0.072598
21010  1210.358191  1920.585354  20.168992  0.147558  1.215458  0.099960
21011  821.583760  717.662353  20.665271  0.139274  1.370743  0.141528
21012  1595.597605  277.547605  19.874163  0.074713  0.701642  0.189462
21015  1580.930370  1763.986924  19.746219  0.316365  1.236095  0.106301
21016  1811.220486  583.203471  20.199227  0.196844  1.073136  0.099404
21017  586.773671  1159.282656  20.888131  0.132372  1.559862  0.225286
21018  1645.644109  823.432405  20.680182  0.184801  1.444701  0.174439
21019  65.227119  678.203003  20.188812  0.082152  1.146817  0.203824
21022  928.101661  1670.734271  20.212278  0.145836  0.988305  0.161400
21025  1374.711153  598.958953  18.887904  0.122767  -0.056639  0.080142
21026  1984.050944  1024.489706  20.589342  0.138716  1.050658  0.117417
21028  2020.038349  1887.145971  20.430967  0.091773  2.058172  0.147229
21030  707.465268  379.965138  19.411491  0.133572  0.572342  0.114013
21031  1299.250162  1431.219310  20.144213  0.135838  0.981392  0.091438
21032  444.894522  1698.001061  19.269924  0.081251  0.361616  0.091306
21036  1388.342866  1752.153693  19.276209  0.288042  1.048224  0.157903
21037  116.843475  573.787145  20.472816  0.100060  1.445821  0.119254
21038  1386.753257  553.032048  19.308653  0.137514  0.716449  0.118141
21039  679.848644  566.147295  19.649232  0.084432  0.489776  0.124197
21041  1009.219555  1653.612742  20.591546  0.136268  1.736859  0.173073
21042  403.872898  1943.215227  20.089078  0.112758  1.216953  0.102664
21043  1516.128442  2004.909291  19.154869  0.081347  0.374896  0.077137
21044  1887.121471  338.601671  18.673900  0.064801  0.056842  0.092380
21045  1340.974558  212.038240  20.562047  0.128647  1.390651  0.215100
21047  1836.967862  31.643781  18.850482  0.067321  0.371509  0.085353
21048  1150.187297  1200.830663  20.631219  0.124244  1.938134  0.174984
21049  86.314446  240.587727  20.843000  0.225904  1.563482  0.307124
21050  31.758223  1936.798464  20.019426  0.386776  1.180024  0.156341
21051  1095.985913  314.757924  20.098027  0.264065  1.443120  0.118471
21054  604.634081  1656.329630  20.705578  0.178109  1.258935  0.260518
21057  1729.364113  108.226383  20.357288  0.095422  1.402685  0.111940
21062  1342.343038  339.677731  20.478416  0.125691  1.857417  0.158475
21064  274.032369  1049.153397  20.439414  0.216753  1.458257  0.125824
21065  1355.056548  1877.930181  20.246160  0.091513  0.928007  0.188615
21067  1341.783912  682.785412  20.868487  0.138309  1.492860  0.143249
21068  457.598029  1297.226956  20.524156  0.118978  2.260736  0.140041
21070  1248.112532  1634.082332  20.604456  0.095596  1.491288  0.231240
21071  1457.101022  842.903461  19.424017  0.120683  0.504663  0.105226
21075  556.812614  1374.179550  19.886088  0.149836  0.961223  0.218035
21077  621.458282  227.122733  19.764956  0.089319  0.597125  0.096389
21078  162.003160  544.285645  18.519663  0.060993  0.085325  0.078436
21081  1751.014362  1004.966972  20.790321  0.116827  1.161883  0.113989
21083  1331.249924  1818.869661  20.819740  0.105232  1.462426  0.111881
21085  1949.985323  1169.304357  20.535148  0.137031  1.559335  0.144934
21091  1357.605886  1613.636593  20.372443  0.140646  2.571904  0.155820
21092  691.367982  899.853024  20.627045  0.188335  1.341333  0.121967
21095  719.802025  721.707235  19.922813  0.215902  0.941767  0.135498
21099  1105.579406  160.010844  20.218968  0.079531  1.057076  0.086439
21103  379.902207  354.590867  19.978861  0.078798  0.930938  0.134255
21104  80.468791  1797.284535  20.565737  0.192404  1.200656  0.175718
21106  1845.441343  1800.354429  19.642804  0.071224  0.772559  0.077785
21112  1197.768649  1940.067465  19.215005  0.087864  0.464921  0.152799
21117  776.467449  416.905464  20.229790  0.211285  2.127909  0.151476
21118  1814.059504  1529.837045  19.740593  0.246458  1.339790  0.176869
21122  927.202546  914.449946  20.085210  0.087411  0.976646  0.122101
21123  1984.892488  1677.282161  19.404765  0.064441  0.672609  0.107806
21125  574.969946  1520.567428  19.863587  0.087501  0.802695  0.153785
21128  1457.345564  1061.448679  20.293248  0.115103  1.194397  0.091279
21134  89.877998  1768.022265  18.193826  0.110015  0.015586  0.111506
21135  168.991796  1218.456934  20.552778  0.092918  1.285297  0.145402
21136  1268.995910  1524.288990  20.517172  0.159846  0.914220  0.155872
21138  518.220942  987.186620  18.875868  0.083311  0.121544  0.087937
21139  1292.377488  1369.802067  20.320868  0.128334  1.332593  0.208479
21141  1258.807730  1333.843976  20.944788  0.220145  1.486761  0.099801
21142  1133.544333  1987.109660  19.749270  0.091445  0.932346  0.071030
21143  1120.260041  1866.171372  20.672579  0.151516  1.851249  0.334094
21144  510.545621  1775.994576  20.155851  0.107315  1.184347  0.205708
21146  1662.827034  689.315169  20.511713  0.109655  1.220186  0.120472
21148  1476.146923  185.899796  19.807128  0.087496  1.014161  0.103268
21150  954.186218  1908.980369  20.917866  0.192053  1.676415  0.176855
21151  1723.816021  1127.342690  18.909907  0.167627  0.091255  0.055386
21158  1173.893182  275.832079  18.809619  0.102728  0.061014  0.119066
21163  1093.473343  1205.082032  21.157144  0.369640  1.171566  0.273677
21168  1488.382395  1774.398027  20.655497  0.229339  1.280285  0.150232
21169  2009.534221  624.716465  19.552766  0.126872  0.517178  0.079443
21175  1132.993770  1983.177714  20.354304  0.134166  1.279980  0.101825
21176  1710.173528  2017.192427  20.229087  0.261264  0.743168  0.068999
21178  454.068797  1676.190906  20.473104  0.137239  1.129065  0.090471
21179  1769.722640  1815.020306  20.360891  0.109036  1.141309  0.141455
21183  488.629766  1755.241242  18.875377  0.113201  0.227801  0.057672
21184  1843.434369  975.896631  18.990673  0.062875  0.426876  0.130690
21185  2005.812140  220.033787  18.171887  0.137108  -0.005866  0.119292
21188  1427.992671  1284.971476  18.830985  0.101600  0.435767  0.177310
21190  1819.677987  1530.724104  21.084249  0.195011  2.186236  0.312909
21195  1640.398066  1972.314699  20.766105  0.099835  1.217137  0.158375
21196  892.835495  1266.468548  20.605636  0.116674  1.952390  0.282626
21197  29.974080  1795.647246  19.704594  0.131797  0.720229  0.109102
21198  600.387121  46.433460  20.466443  0.110001  1.343830  0.164617
21199  1554.981630  324.583378  20.272947  0.183275  1.507153  0.209259
21200  162.279308  1255.092539  19.814624  0.076252  0.517794  0.140143
21202  842.415108  858.382258  20.459899  0.206239  1.101565  0.099740
21205  1753.355021  2034.181931  20.609553  0.230734  2.250569  0.132095
21208  1926.708462  1446.320749  20.612504  0.099506  0.663091  0.257052
21209  1578.413353  222.086377  18.148873  0.086720  0.061729  0.069635
21210  2028.420834  1976.023028  20.373578  0.210718  0.921464  0.254879
21214  1276.548770  790.901682  18.235945  0.066405  -0.021626  0.091063
21217  1131.075884  833.548540  21.332554  0.197498  2.104794  0.165482
21218  235.137658  237.477991  19.924353  0.111364  0.755572  0.143586
21219  743.817238  1193.357109  18.964176  0.069092  0.067719  0.101650
21220  944.321627  1824.032681  19.694729  0.125952  0.862953  0.211861
21221  1054.573048  751.125957  20.448564  0.154598  1.205644  0.134155
21222  1868.087825  1324.087825  20.212322  0.142665  0.935572  0.089369
21224  352.541236  917.906369  20.093492  0.222780  0.855746  0.080464
21226  846.495597  675.499899  19.252335  0.078796  0.521392  0.083994
21230  55.598341  104.255738  19.703641  0.106273  0.548309  0.140613
21231  1502.863717  1909.375061  20.253400  0.148761  1.451468  0.201840
21232  360.949360  631.720360  20.720369  0.103124  1.313756  0.098579
21233  538.995171  944.541169  20.088588  0.086842  0.839247  0.126029
21234  540.664608  854.155794  18.640245  0.169229  0.237622  0.121901
21235  597.832025  2005.493580  20.368190  0.151283  0.745395  0.122854
21238  401.554079  275.137932  18.492135  0.067013  0.188561  0.116377
21247  365.917524  1312.861318  20.089336  0.084957  0.395686  0.103409
21250  1164.186060  124.988373  19.037121  0.120401  -0.053194  0.154423
21251  68.553684  1028.826206  19.325158  0.085189  0.019529  0.078220
21255  1992.669900  383.386877  20.265144  0.130653  0.434197  0.137263
21260  803.312704  823.690837  20.130075  0.169562  0.432252  0.192233
21263  213.798499  1995.992885  19.950342  0.128420  0.499959  0.245756
21265  1845.666237  69.615562  19.245126  0.127918  -0.077345  0.139973
21266  1084.974849  344.022290  20.272312  0.119449  0.669385  0.148846
21269  1225.905941  2030.038559  20.390541  0.192741  1.087268  0.090946
21273  1686.438385  939.931305  20.088935  0.084107  0.671071  0.144035
21274  1708.080709  1908.047776  20.258381  0.149391  0.839145  0.233973
21275  1228.558136  16.859811  20.549503  0.174276  1.062802  0.116822
21278  1075.901684  621.350194  20.347513  0.140803  0.617941  0.160651
21281  691.488708  1757.218882  19.506019  0.091332  0.415703  0.125160
21287  1169.688246  1440.628124  19.778336  0.124237  0.527811  0.152542
21292  859.380197  1898.677122  19.804853  0.095123  0.335915  0.144529
21293  180.142849  819.048656  21.724281  0.129367  1.901254  0.291160
21298  1745.699229  1493.488048  20.838147  0.126291  1.384776  0.245928
21302  602.331231  67.407418  21.208349  0.184921  1.950453  0.370232
21306  105.373752  660.479207  18.319239  0.112735  -0.433931  0.053476
21312  1362.551935  383.195325  20.866729  0.222024  1.611705  0.158308
21315  1423.414604  872.664114  21.135226  0.192811  1.260704  0.171285
21316  1104.359798  1538.572434  21.426399  0.206301  1.453534  0.204548
21320  1089.332823  1857.955215  19.312391  0.173774  0.247834  0.094345
21322  535.505116  1083.734782  18.894397  0.115977  -0.278448  0.118902
21324  1483.785271  994.473723  20.360406  0.188417  0.814777  0.206276
21326  166.864380  1114.316854  18.266955  0.097253  -0.244084  0.050723
21342  1959.471183  276.689848  18.488323  0.059717  -0.217697  0.102524
21349  642.945633  1180.067754  19.037052  0.080300  -0.045839  0.076268
21351  800.153653  546.174461  20.780432  0.127783  0.864620  0.100476
21356  1715.013276  410.644922  19.307643  0.158941  0.233476  0.066850
21358  1140.127304  891.319372  20.047898  0.151963  0.498345  0.130938
21359  91.225758  1291.705234  18.698792  0.053832  0.004210  0.075185
21367  1784.230754  1985.938877  20.382105  0.213747  0.842092  0.124482
21369  1360.354414  1196.953192  19.774432  0.121376  0.359741  0.086118
21374  1553.770703  926.658045  19.568630  0.075648  0.502859  0.119279
21378  2032.342660  678.121174  20.213492  0.178325  0.626954  0.087105
21380  1956.431752  711.299458  21.116441  0.280080  1.212994  0.137891
21393  101.711978  1846.620450  18.993176  0.083942  0.247489  0.135177
21403  196.122049  1244.343065  19.644063  0.101937  0.270562  0.153390
21405  1679.792239  1034.996876  20.586218  0.104810  1.244872  0.202705
21407  1288.835086  2039.692703  19.951866  0.097371  0.515009  0.112545
21409  774.290600  1254.141271  20.418478  0.139573  0.435331  0.270069
21410  1001.947605  1074.399519  19.322356  0.065193  0.259968  0.100191
21411  85.596306  150.567656  19.750536  0.076795  0.436692  0.093108
21414  1997.558689  1188.621596  20.744076  0.102268  1.133977  0.213951
21415  1008.964763  1540.568309  18.479967  0.048870  -0.017928  0.105143
21421  1016.495587  1125.311644  18.809648  0.177562  0.259139  0.086597
21428  1178.350863  264.776643  20.666227  0.437674  1.632507  0.205416
21432  1544.948876  1673.601972  20.452962  0.147847  0.487034  0.245183
21434  1407.141169  2029.427129  20.048482  0.093840  0.162098  0.127037
21437  642.871352  1982.779376  20.184794  0.121130  0.364393  0.130977
21449  812.071680  556.062997  18.683347  0.054841  0.001367  0.086415
21450  105.715394  866.959063  19.961823  0.103341  0.198306  0.088144
21452  918.914404  1904.175971  18.997382  0.134424  -0.016184  0.143911
21459  793.605297  1920.682887  20.625822  0.276547  1.556403  0.145730
21461  1108.560855  1342.789207  18.564823  0.069871  -0.298320  0.079956
21489  1368.717998  89.022906  18.770385  0.141196  -0.109264  0.054354
21491  395.390566  1414.055174  19.170480  0.097271  0.095081  0.120333
21494  558.519908  2.800199  19.646978  0.123738  0.508075  0.134748
21498  1152.057073  309.688498  20.476936  0.148899  0.888894  0.093964
21499  2.258708  1293.507742  20.450239  0.138996  0.674336  0.139020
21502  447.511893  385.259299  19.310209  0.178122  0.152154  0.091483
21514  112.511064  1269.396193  20.702348  0.129748  1.008489  0.139991
21515  593.568609  1247.421193  20.771899  0.105119  1.274084  0.208625
21519  1482.942855  347.996443  19.723956  0.099449  0.445646  0.104193
21526  1837.246918  661.885222  20.711332  0.220031  1.295019  0.120945
21529  1722.516767  384.732569  19.157014  0.204494  0.164963  0.077768
21544  145.213338  53.936486  20.231112  0.160865  0.838899  0.099670
21551  1031.133709  1769.708519  18.672581  0.091528  0.052275  0.076164
21552  1265.600232  1275.277977  19.046574  0.145751  0.181241  0.086739
21553  1358.835729  1626.009658  19.107514  0.061504  0.135937  0.075234
21554  487.637083  998.539937  20.979307  0.239841  0.939136  0.241711
21555  1808.062941  1240.118262  18.941894  0.081288  0.116255  0.096990
21564  1268.149881  1307.994369  19.122914  0.057889  0.252544  0.102843
21566  1577.910007  2023.900049  20.607572  0.101275  0.854140  0.107589
21576  1253.131092  1940.964252  18.799084  0.066239  -0.233818  0.077541
21580  686.447458  1668.735036  20.501190  0.103044  0.800781  0.098381
21583  461.942683  1791.482965  20.173615  0.122895  0.443783  0.157433
21594  54.935981  754.529580  21.075081  0.169430  1.095773  0.199936
21596  641.618412  1125.566088  20.213443  0.080540  0.623292  0.132476
21605  835.279604  1824.888809  20.118131  0.199896  0.508811  0.129756
21613  1396.858013  612.813100  20.637869  0.099594  1.129079  0.137689
21615  1618.551242  551.805431  18.586225  0.122834  -0.216229  0.124679
21616  111.915915  1751.676727  20.100585  0.127962  0.485066  0.095172
21617  402.276306  1944.103910  19.493537  0.072824  0.489359  0.130987
21625  1372.448330  508.034900  20.637191  0.176976  1.040378  0.286509
21628  1306.337986  1673.967979  19.422464  0.147077  0.584761  0.173332
21630  1799.380032  1011.913866  19.808421  0.110643  0.509384  0.094444
21632  1166.519645  1048.386854  20.504571  0.261626  1.374252  0.164531
21652  119.027507  272.441124  19.940722  0.176659  0.177958  0.124544
21658  1770.914165  1136.143043  19.455994  0.088305  -0.023224  0.103184
21665  1362.038497  1507.875337  20.476487  0.281530  0.696102  0.259471
21668  576.757586  668.763679  20.223883  0.164105  0.430684  0.210627
21670  1340.769915  1426.011926  21.073202  0.182765  1.091295  0.162243
21676  1595.559381  359.742929  20.715103  0.150144  0.756552  0.154495
21683  1790.104927  1224.050117  20.578576  0.126282  0.466263  0.197231
21700  441.365604  1748.910800  20.564686  0.133409  0.306161  0.086117
21702  358.625539  1849.219507  20.317780  0.104181  0.730958  0.234250
21709  104.858253  49.119297  19.422502  0.140749  -0.226852  0.151148
21711  1622.959317  1502.473334  20.014426  0.216193  0.389925  0.085730
21712  1807.073328  1027.920925  20.358307  0.195003  0.563183  0.102886
21714  935.905818  625.775520  20.641237  0.113210  0.466137  0.101904
21721  2021.176191  979.215229  20.238704  0.092581  0.339292  0.126379
21724  1636.032986  668.648631  20.439077  0.091849  0.482917  0.091616
21726  535.636652  949.862483  19.933726  0.121166  0.159490  0.089130
21729  1611.081861  1676.843262  20.100895  0.124135  0.205419  0.169053
21731  107.420336  106.278413  20.253109  0.133966  0.425294  0.175551
21733  1105.380233  1179.112465  20.122955  0.189805  0.014251  0.113825
21739  694.083673  328.408465  19.949427  0.200273  0.240865  0.076025
21751  759.149028  1266.006792  19.428281  0.081337  0.071078  0.097883
21752  1174.503989  192.075485  20.349582  0.113950  0.573520  0.089469
21755  2032.902541  1246.346962  20.073255  0.132829  0.396186  0.083343
21759  1810.888083  1931.477255  20.099237  0.168013  0.218010  0.169097
21763  585.907864  1202.896420  20.032985  0.179620  0.222927  0.146079
21764  1632.345656  713.722451  20.203634  0.182597  0.687270  0.119569
21775  1688.314917  561.943102  20.301044  0.178364  0.265752  0.129491
21782  842.954692  986.561565  20.495467  0.100846  0.468069  0.138000
21785  1790.244037  1787.668802  19.868157  0.128297  0.039036  0.143395
21794  345.884125  1675.901031  20.763317  0.157313  0.739493  0.217149
21798  108.287614  5.727289  20.247845  0.110907  0.256644  0.090668
21812  1813.984627  491.709986  20.063641  0.101661  0.411128  0.094284
21814  510.949914  1411.652914  21.373127  0.367874  1.808278  0.238086
21816  571.062119  735.452045  19.921325  0.083719  0.272064  0.119163
21820  1143.383035  960.396326  20.393859  0.150034  0.248734  0.156085
21823  973.700952  92.585281  20.835886  0.119067  0.654277  0.155946
21826  1739.122845  271.194448  20.160915  0.176005  0.138928  0.109731
21830  628.758205  1448.509891  20.540349  0.152324  0.237691  0.125061
21844  203.324718  1163.906853  19.751059  0.148623  -0.170631  0.089790
21846  602.952803  735.535797  20.181683  0.123479  0.227224  0.200513
21847  1563.715606  1011.182299  20.518584  0.112357  0.363305  0.210484
21853  1449.804382  265.144871  20.562913  0.179235  0.211893  0.115020
21872  1283.664204  333.050119  20.633139  0.128658  0.055877  0.164829
21874  724.692997  1031.230851  21.250611  0.172862  0.521704  0.161689
21881  775.837048  1079.376617  20.848066  0.108445  0.381960  0.145058
21896  818.465646  2031.040154  21.188761  0.124810  0.694980  0.240472
21904  509.357709  591.839237  20.518209  0.122284  0.505096  0.292789
21905  1307.182307  634.414221  20.182795  0.115594  0.081665  0.090658
21907  1480.308073  615.651894  20.318752  0.083520  -0.041457  0.207624
21910  1203.511001  671.559068  20.380230  0.315566  0.042767  0.138936
21932  474.415892  1808.743444  20.893294  0.193681  0.777752  0.182659
21941  1127.831350  1441.685066  20.932539  0.209316  -0.344264  0.319795
