# id  x  y  V  eV  BV  eBV
122  1053.032346  912.130089  21.339603  0.207170  1.612716  0.213486
137  1206.648689  1018.119455  21.045479  0.231572  1.834579  0.129399
180  1034.640794  1117.090857  21.107711  0.187064  1.608106  0.181364
1109  979.332362  1112.315576  21.044593  0.177376  1.726586  0.122912
1117  1081.004790  1060.280566  20.778639  0.209299  1.231356  0.260311
1118  1094.271980  1097.034834  20.723752  0.231420  1.592782  0.128401
1129  1028.727235  1040.328335  20.997011  0.166910  1.486984  0.110202
1137  1003.434271  1037.566607  21.195529  0.208505  1.345258  0.145303
1145  986.581791  1031.684772  21.032171  0.223109  1.539685  0.160182
1148  1097.201787  954.772972  20.822296  0.106903  1.420211  0.238131
1156  1037.969879  1107.688858  20.794067  0.128164  1.367908  0.115068
1164  1113.103319  1050.093302  20.420486  0.171345  1.377551  0.125463
1165  1046.394860  875.629425  20.689133  0.109501  1.592514  0.149344
1166  949.010596  1173.023048  20.464519  0.197418  1.356926  0.113892
1168  965.925806  970.118554  20.815531  0.228168  1.606931  0.140183
1173  963.805327  1029.268767  20.424352  0.147889  1.646295  0.207288
1175  1177.203302  1007.388877  20.475674  0.227291  1.216993  0.146892
1177  1133.662392  1018.608230  20.728612  0.141097  1.748748  0.236339
1178  1074.095432  1037.620675  20.630930  0.118068  1.569757  0.105813
1180  1048.936468  1133.296251  20.466295  0.207466  1.836045  0.168813
1181  1069.756723  1132.467220  20.465065  0.130995  1.524132  0.126012
1185  1050.494505  937.366282  20.588334  0.169784  1.347840  0.160047
1186  1014.466683  992.161403  20.351149  0.218837  1.660341  0.254098
1190  1088.602849  999.210947  20.513458  0.133335  1.291771  0.167821
1193  1068.889580  966.718587  20.657694  0.125129  1.579331  0.110315
1195  1048.931062  1003.930563  20.320850  0.247599  1.643800  0.151461
1196  1080.091382  904.021217  20.331692  0.250920  1.657583  0.130295
1199  1057.867694  1023.489372  20.300900  0.127915  1.352297  0.110272
1200  1100.253983  977.476301  20.225548  0.209680  1.273618  0.191224
1202  1127.919698  1111.216620  20.491242  0.101017  1.573309  0.113081
1203  1089.548288  1109.616292  20.561303  0.253578  1.309752  0.195965
1206  1028.915589  1024.107438  20.315982  0.192158  1.303453  0.172091
1207  1010.499031  1057.839882  20.703295  0.144580  1.346851  0.177321
1208  1122.785997  977.444721  20.033245  0.204884  1.617689  0.187621
1211  1168.896246  862.415544  20.640722  0.141379  1.555519  0.093107
1212  1038.310625  1028.520366  20.549740  0.188317  1.525047  0.110741
1214  1015.642542  1184.451953  20.686717  0.233761  1.608447  0.140103
1215  917.345997  1034.691256  20.060888  0.256711  1.533042  0.176917
1216  1091.700347  1059.500216  20.495127  0.115842  1.437147  0.191079
1217  934.520730  918.631875  20.456970  0.093041  1.330565  0.170966
1218  1047.756616  1010.802442  20.274704  0.124168  1.734427  0.233366
1219  940.411986  1092.476170  20.360141  0.205991  1.461832  0.094494
1220  1029.091471  1059.210301  20.453355  0.208412  1.625569  0.114474
1222  1036.181647  1088.070164  20.585008  0.207636  1.565173  0.158848
1223  978.202235  1086.561464  20.346521  0.168301  1.602667  0.106237
1224  983.527424  964.973425  20.321463  0.190156  1.544878  0.222085
1225  1074.383790  1033.366077  20.445681  0.130249  1.474015  0.118781
1226  1000.982364  999.836795  20.331395  0.096089  1.717945  0.176414
1227  890.115809  939.618836  20.364597  0.289877  1.797309  0.247219
1229  989.179535  1058.661581  20.313880  0.156430  1.380364  0.098457
1230  929.433395  1127.450358  20.266526  0.192045  1.578017  0.216790
1232  870.672036  1082.036367  20.018269  0.198667  1.354891  0.151255
1233  900.874097  1004.304404  20.321010  0.099376  1.442247  0.134859
1236  1136.628531  1139.744911  20.435412  0.092857  1.557701  0.090396
1237  973.068206  1000.923771  20.119678  0.284019  1.495459  0.100402
1240  1199.494226  932.839404  20.306111  0.175847  1.233367  0.246380
1241  915.207905  1000.200663  20.448181  0.175759  1.400093  0.146944
1242  924.079411  1165.622292  20.438862  0.125759  1.465246  0.138313
1243  1046.230692  1051.128238  20.274925  0.119320  1.734236  0.085568
1244  1080.074834  920.737362  20.259380  0.267536  1.468873  0.183744
1245  856.559555  1045.588460  20.337890  0.202836  1.596612  0.135803
1246  1038.029373  1010.727383  20.235823  0.089882  1.909657  0.264470
1247  928.650015  965.395026  20.380203  0.124637  1.440010  0.086282
1248  1115.139318  1141.073080  20.104548  0.251603  1.634153  0.156383
1249  1049.151713  1025.350287  20.386171  0.141867  1.554173  0.236814
1250  1112.472084  997.373420  20.211453  0.112011  1.673927  0.091042
1251  1072.430387  944.079872  20.196875  0.128215  1.407245  0.222519
1253  1024.081080  885.317755  20.460791  0.137483  1.659047  0.183899
1254  910.764073  1092.952535  20.407512  0.152310  1.614789  0.126084
1255  962.959524  917.083628  20.458440  0.119821  1.499274  0.097306
1256  1037.331927  1071.523123  20.469167  0.112910  1.534333  0.141005
1257  865.103913  887.917322  20.357321  0.122424  1.961840  0.210763
1258  1181.423800  921.842934  20.156424  0.183543  1.476492  0.104663
1259  1002.610790  1188.626248  20.435704  0.183549  1.356761  0.257182
1261  1007.763436  1070.839276  20.343594  0.103421  1.810734  0.165866
1262  970.285343  1006.997750  20.317737  0.159020  1.457785  0.162897
1263  1133.733970  1128.050770  20.325680  0.104119  1.341634  0.158704
1264  897.108439  1084.632924  19.902286  0.140431  1.623565  0.158112
1265  1135.718953  1104.273572  20.250991  0.099415  1.388061  0.125609
1266  998.582845  1058.705428  20.459751  0.187472  1.439560  0.112921
1267  1093.288284  1037.468467  20.067227  0.125446  1.409838  0.084709
1268  1032.926556  975.782052  20.205231  0.135183  1.302647  0.146239
1270  1061.511864  1067.499704  20.060865  0.216647  1.586481  0.083199
1271  1121.063956  944.692101  19.978838  0.115504  1.577533  0.139770
1272  1165.821706  1006.139843  20.109092  0.133450  1.431127  0.109939
1273  1164.653527  1022.606336  20.205784  0.131128  1.288936  0.124002
1274  1020.455485  1053.882511  20.151605  0.123214  1.407602  0.172403
1275  1138.632151  1094.234542  20.127375  0.191197  1.382257  0.100778
1276  1032.674714  954.762670  20.266220  0.156185  1.454945  0.250496
1277  1037.979812  1038.031974  20.006163  0.144344  1.398879  0.256511
1278  894.694994  1123.938304  20.359904  0.115926  1.454276  0.163018
1279  1109.285499  1172.466094  20.092995  0.089999  1.815172  0.142735
1280  985.160991  979.212165  19.879115  0.152272  1.352449  0.149480
1281  1155.388477  1035.139912  19.980000  0.126805  1.750033  0.231914
1282  928.129597  882.685891  19.939544  0.105789  1.794204  0.191362
1283  878.418575  1093.562532  20.087027  0.208400  1.549474  0.147692
1284  1029.579735  1002.637332  20.354209  0.218580  1.636490  0.170894
1285  1042.075935  1113.699676  19.992993  0.157785  1.430866  0.132686
1286  943.810703  1013.933199  19.870425  0.080406  0.998756  0.166200
1287  1112.565514  1157.776302  20.033246  0.186067  1.453335  0.076104
1288  963.856527  838.824509  20.032919  0.159157  1.518627  0.082051
1289  991.840358  1006.421709  19.862151  0.098163  1.494655  0.087657
1290  1073.202627  1011.864003  19.897008  0.188793  1.349994  0.141949
1291  1193.651896  941.930168  20.020998  0.169100  1.459161  0.140602
1292  945.684849  903.511859  20.055501  0.141729  1.020761  0.172212
1293  944.047432  957.392957  19.766885  0.141251  1.634450  0.223873
1294  1163.396403  1138.098831  19.991220  0.100243  1.449105  0.111304
1295  1233.151427  1076.988805  19.856310  0.089668  1.400248  0.075484
1296  988.122460  1039.397130  20.009437  0.165465  1.369875  0.112970
1297  989.856358  910.935450  19.978358  0.123458  1.249816  0.106742
1298  982.126346  1056.163287  20.064007  0.109277  1.587848  0.097211
1299  1018.917089  903.065723  20.078823  0.118986  1.776783  0.190702
1300  879.441633  1012.111442  19.858762  0.084883  1.419871  0.082260
1301  907.073638  1057.028874  20.088042  0.135754  1.821974  0.214900
1302  1079.961088  1040.739676  19.856691  0.086199  1.710161  0.168304
1303  998.387466  1072.663777  20.058263  0.129151  1.493515  0.099508
1304  1038.313677  927.602196  19.811846  0.193024  1.485696  0.103185
1305  1043.922125  1035.855237  19.980490  0.099194  1.237441  0.217692
1306  1085.482803  987.982561  19.842554  0.090914  1.533162  0.109523
1307  1039.759729  1104.210964  19.953265  0.115526  1.541696  0.082573
1308  1000.414228  1164.251894  19.869494  0.075520  1.593528  0.150858
1309  1040.950764  884.625797  19.839256  0.103976  1.487780  0.076651
1310  979.158426  973.742285  19.957164  0.080074  1.702121  0.139899
1311  1020.158587  888.995738  20.017934  0.112959  1.494920  0.079933
1312  883.237990  1117.695099  19.829249  0.137308  1.559080  0.215815
1313  986.172150  1031.622595  19.962938  0.200005  1.406725  0.144107
1314  1013.981962  987.654410  20.163910  0.150427  1.680424  0.215326
1315  1115.274383  1120.856064  19.900349  0.087253  1.668119  0.106687
1316  1018.472264  1072.343777  19.812573  0.262238  1.505139  0.091943
1317  930.372506  1016.064594  19.831787  0.126937  1.622862  0.073492
1318  867.319153  1199.676498  19.674712  0.122490  1.368675  0.100207
1319  1003.062764  1035.675566  19.712704  0.122955  1.590779  0.123307
1320  1092.114350  922.365174  20.073005  0.118377  1.729814  0.205259
1321  998.594703  948.675768  19.873507  0.171878  1.504343  0.129442
1322  993.856676  1043.755581  20.041711  0.114472  1.594370  0.124503
1323  991.109325  1060.455219  19.965626  0.120032  1.423690  0.105498
1324  1037.703967  1062.473708  19.929179  0.127460  1.758222  0.160209
1325  1033.049887  1127.612088  19.696373  0.115326  1.535450  0.124063
1326  1138.360852  1024.957911  19.678775  0.200787  1.523667  0.103623
1327  1073.590682  868.593664  20.070447  0.095464  1.475485  0.091021
1328  920.405770  1119.107994  20.017109  0.119361  1.659921  0.111436
1329  968.603361  1026.130043  19.883088  0.098601  1.437474  0.074637
1330  1030.229361  1060.518605  19.978744  0.165126  1.613915  0.177416
1331  1011.786260  1083.104870  19.747528  0.108574  1.666626  0.123445
1332  1067.500667  927.751209  19.856190  0.185049  1.346540  0.155193
1333  1053.331948  789.611971  19.741715  0.088947  1.427118  0.132972
1334  1019.191357  1018.314854  20.023646  0.142637  1.560088  0.074383
1335  940.480000  1107.358413  19.709565  0.151423  1.439765  0.179909
1336  1109.006438  982.340895  20.130973  0.148740  1.450921  0.080626
1337  1007.127122  884.166103  19.767152  0.141072  1.540831  0.154225
1338  896.596214  1178.377892  19.552458  0.217661  1.437726  0.088122
1339  991.200788  984.092488  19.942953  0.108631  1.415823  0.133982
1340  975.018783  973.119304  19.785829  0.086897  1.547792  0.101516
1341  1194.404844  1006.586388  19.791548  0.095116  1.507509  0.112055
1342  1145.162670  1121.544991  19.665571  0.172154  1.376876  0.142889
1343  1052.167823  910.524641  19.874215  0.180838  1.463873  0.129437
1344  1023.260611  954.510684  19.772074  0.138795  1.319370  0.126256
1345  985.903022  982.540943  19.837241  0.113540  1.442198  0.130498
1346  1032.207196  1002.125844  19.903144  0.142942  1.585108  0.086897
1347  977.206989  1070.240195  19.802574  0.166956  1.458843  0.250796
1348  1008.517980  999.758377  19.878858  0.154925  1.194310  0.161798
1349  1144.330342  1039.669576  19.773612  0.075052  1.545488  0.145757
1350  1017.714770  1032.521216  19.500878  0.221496  1.502257  0.195452
1351  941.724201  1064.561582  19.752273  0.071432  1.446406  0.090288
1352  1049.342054  1065.602683  19.774999  0.108769  1.473058  0.147413
1353  932.621025  1047.421235  19.715470  0.095626  1.541085  0.080624
1354  1065.816596  1023.614013  19.740337  0.146753  1.429902  0.073504
1355  1131.079086  1036.253389  19.744129  0.138068  1.561660  0.091483
1356  1064.222228  981.080310  19.711927  0.101070  1.444809  0.210770
1357  1068.533371  992.750633  19.569964  0.100006  1.669440  0.130728
1358  964.550697  966.855352  19.641612  0.108968  1.451381  0.072087
1359  965.415322  1054.884844  19.810514  0.183595  1.504219  0.110168
1360  1100.686848  1042.864415  19.793437  0.153806  1.510703  0.098380
1361  860.847288  917.055181  19.539503  0.073001  1.539936  0.089678
1362  997.708288  1062.778819  19.724090  0.083799  1.451887  0.200117
1363  1131.438182  984.731054  19.633118  0.111710  1.394707  0.074445
1364  1057.286472  1044.492431  19.682587  0.205837  1.620964  0.132293
1365  903.694008  942.276280  19.729508  0.118402  1.531720  0.201831
1366  1020.007178  1084.752323  19.629231  0.069667  1.372663  0.071862
1367  1100.566671  997.100257  19.860015  0.092442  1.415154  0.170792
1368  1156.533064  1131.508552  19.560673  0.138562  1.722196  0.303707
1369  1032.743875  843.853824  19.513151  0.123853  1.414182  0.076440
1370  1014.240010  988.699587  19.541762  0.101633  1.384475  0.129420
1371  904.560701  905.128059  19.484045  0.100517  1.478763  0.127493
1372  1114.655683  971.378258  20.210655  0.244214  1.200111  0.140018
1373  1014.212854  939.123016  19.395369  0.095447  1.679601  0.122481
1374  1025.917788  1090.323804  19.439183  0.091422  1.461447  0.071411
1375  979.601162  978.618491  19.393971  0.124135  1.328690  0.070078
1376  1086.970614  879.373967  19.390144  0.086748  1.438202  0.064639
1377  964.300861  986.733998  19.615100  0.156566  1.294557  0.100183
1378  1159.631094  1033.368965  19.417808  0.089675  1.458941  0.072219
1379  1058.766930  1082.843423  19.496838  0.127086  1.607221  0.123183
1380  1087.461478  1004.782100  19.401834  0.087272  1.379966  0.116810
1381  859.466015  886.465188  19.586752  0.088055  1.487191  0.086293
1382  980.562432  1111.089541  19.522998  0.159655  1.228666  0.206944
1383  860.186071  1195.778580  19.433215  0.074668  1.310599  0.140238
1384  1075.306312  1172.532982  19.593665  0.074268  1.469429  0.210766
1385  916.771267  1051.841434  19.536212  0.081117  1.309470  0.136829
1386  1206.683177  872.027464  19.359502  0.103496  1.545742  0.121622
1387  1106.336072  1111.189586  19.552562  0.065914  1.360318  0.083072
1388  1076.983726  1022.161674  19.979324  0.199306  1.464526  0.067616
1389  1004.393021  948.488724  19.698970  0.152855  1.460308  0.108124
1390  1137.884488  1000.285819  19.594118  0.137389  1.539425  0.113045
1391  1025.195377  1049.949471  19.563882  0.103740  1.437123  0.178880
1392  1123.050209  1108.680192  19.588643  0.098748  1.350545  0.120987
1393  918.521201  919.836672  19.368835  0.263139  1.524269  0.098137
1394  1081.307075  940.035011  19.419345  0.065061  1.467187  0.073246
1395  1017.198203  970.138952  19.522946  0.117520  1.285662  0.087235
1396  970.807235  1088.670843  19.580445  0.110664  1.442380  0.066259
1397  982.428160  939.264348  19.537080  0.083128  1.152511  0.190118
1398  982.769357  967.770112  19.515245  0.114502  1.426534  0.126662
1399  1118.258217  1015.410217  19.577035  0.066174  1.447513  0.096518
1400  1130.870497  909.686743  19.448287  0.097244  1.359485  0.114533
1401  988.564992  1023.114138  19.341515  0.109959  1.292794  0.159237
1402  1047.145226  933.053235  19.429480  0.091360  1.381015  0.085215
1403  1077.726454  1033.363722  19.617003  0.141971  1.555615  0.124530
1404  961.245757  1111.906202  19.617260  0.202252  1.440012  0.076589
1405  1065.782047  1086.038917  19.483755  0.111991  1.301739  0.106752
1406  898.065900  1040.494817  19.416077  0.085560  1.275523  0.076995
1407  1010.632581  994.783580  19.438738  0.117928  1.269971  0.104337
1408  1127.389348  993.054085  19.435459  0.065053  1.425581  0.080572
1409  1145.380106  1021.065441  19.416818  0.150182  1.196490  0.118794
1410  881.150771  991.590380  19.395619  0.067650  1.421346  0.130214
1411  1028.475740  993.358828  19.514643  0.134111  1.504833  0.081472
1412  1060.863795  1123.663647  19.341379  0.096226  1.456306  0.085304
1413  921.924567  897.438126  19.498826  0.110491  1.166117  0.190453
1414  1005.257421  881.248236  19.361393  0.069943  1.323279  0.113589
1415  1164.053258  1126.979768  19.282817  0.093992  1.570688  0.074227
1416  820.205752  956.141056  19.162273  0.068962  1.422382  0.079627
1417  940.445635  1098.158879  19.354041  0.127502  1.350406  0.085498
1418  1090.340229  1180.921549  19.300773  0.123819  1.490726  0.090969
1419  1161.637847  1063.889285  19.317562  0.118985  1.232944  0.159321
1420  1074.097971  863.994941  19.601841  0.144465  1.523823  0.066699
1421  981.852365  957.260718  19.316362  0.083522  1.377656  0.063557
1422  1061.981921  1148.624036  19.430003  0.133499  1.257461  0.113373
1423  1027.337052  878.066770  19.403874  0.112869  1.436988  0.099957
1424  990.073385  1090.292695  19.367043  0.072671  1.282478  0.069349
1425  955.320013  925.192499  19.319449  0.096285  1.476501  0.073456
1426  1096.273469  1090.165248  19.258156  0.101554  1.563009  0.122830
1427  1045.852385  972.836229  19.437411  0.129937  1.455769  0.086685
1428  904.085504  943.813816  19.395830  0.194728  1.427344  0.080809
1429  1092.153754  1058.633708  19.347558  0.074294  1.259514  0.147117
1430  868.071363  1066.611098  19.276221  0.066874  1.427650  0.078713
1431  1113.209344  1128.688517  19.321867  0.100073  1.292686  0.068716
1432  965.891953  1141.427528  19.232326  0.097178  1.320851  0.093770
1433  1148.299203  1001.937265  19.109444  0.125550  1.369412  0.073002
1434  1204.973896  1091.488358  19.292869  0.084768  1.441722  0.128665
1435  1130.822349  1009.438065  19.125478  0.193624  1.607299  0.091862
1436  1096.434463  1105.607557  19.569090  0.180685  1.511378  0.107786
1437  898.859028  959.975670  19.175154  0.078194  1.704419  0.145218
1438  954.206249  870.250844  19.382200  0.146605  1.236769  0.083174
1439  1018.970337  1004.881347  19.247563  0.149327  1.284512  0.121462
1440  940.229489  919.806095  19.332385  0.116637  1.385401  0.160601
1441  910.212198  964.653220  19.218959  0.073264  1.201638  0.113480
1442  1093.927281  977.012736  19.305893  0.091725  1.428541  0.069886
1443  1004.560200  1052.969964  19.034208  0.185932  1.481166  0.150159
1444  884.051681  947.955302  19.254004  0.106723  1.467861  0.067821
1445  1075.598664  1054.096138  19.251557  0.153844  1.407230  0.078515
1446  922.780733  985.729331  18.912250  0.175444  1.529680  0.097843
1447  1053.965169  1139.836047  19.018061  0.113666  1.315911  0.155799
1448  1218.522870  1046.726840  19.121505  0.063210  1.380389  0.071350
1449  1116.887429  994.610811  19.056022  0.112622  1.475082  0.066718
1450  1170.790134  914.869985  18.947213  0.083878  1.323867  0.069757
1451  969.444291  937.076183  19.096901  0.101546  1.374782  0.115109
1452  1040.776540  1047.245046  19.266586  0.139786  1.359675  0.141645
1453  1006.342984  1065.505137  19.145332  0.074116  1.310374  0.099210
1454  1087.991480  1057.819894  19.092135  0.097408  1.215923  0.113747
1455  1084.920361  1065.176883  19.093335  0.070595  1.554812  0.068527
1456  1063.514644  1184.347095  19.074055  0.072353  1.560290  0.112078
1457  1075.903570  993.170493  19.088274  0.112684  1.357575  0.187180
1458  1033.319506  988.373668  19.111295  0.066094  1.260423  0.127556
1459  1117.829509  1148.139520  19.316699  0.157918  1.324963  0.076672
1460  982.818488  858.405683  18.980250  0.108080  1.507233  0.074435
1461  956.216545  1034.390856  19.084039  0.142596  1.291559  0.092452
1462  1062.889452  1090.154107  19.168980  0.111744  1.413281  0.112514
1463  1109.936947  943.508050  18.997291  0.140034  1.472118  0.064884
1464  957.441638  1134.747853  19.001658  0.067617  1.395300  0.127562
1465  955.790602  1119.462216  19.140095  0.079352  1.464511  0.132296
1466  1067.059507  984.733041  19.167100  0.122923  1.471552  0.124555
1467  1090.502410  902.686392  18.936977  0.128795  1.311853  0.111234
1468  1079.077724  1022.079201  19.002429  0.059879  1.394190  0.130674
1469  1007.338107  900.683428  19.137493  0.092030  1.409764  0.148368
1470  1086.411612  1092.898816  18.981424  0.062022  1.410764  0.072266
1471  950.673428  1044.378747  19.074189  0.101030  1.255487  0.105777
1472  1128.713830  1110.029353  19.039428  0.056181  1.365067  0.136781
1473  976.254341  1036.052480  19.053069  0.135560  1.451443  0.140374
1474  1101.232374  1143.187845  18.967385  0.065914  1.366330  0.086926
1475  1131.990200  926.692946  18.899368  0.065817  1.520111  0.134358
1476  953.665884  1023.952691  19.151853  0.057590  1.337365  0.109386
1477  1096.368026  873.852559  18.901379  0.097447  1.378653  0.078189
1478  1026.038047  1132.789944  19.049895  0.062931  1.251735  0.078492
1479  881.424507  953.930015  19.184894  0.099948  1.302270  0.056790
1480  954.758328  1093.717586  18.945192  0.073551  1.454951  0.080396
1481  986.705551  1005.504410  18.963111  0.088033  1.298916  0.141953
1482  1056.169452  1081.726730  18.882534  0.100852  1.319983  0.066265
1483  1125.054362  1039.327519  18.858514  0.069520  1.399951  0.079669
1484  1033.470874  962.940948  18.966003  0.069389  1.179056  0.129545
1485  992.457257  1098.629612  19.032830  0.081016  1.453604  0.087741
1486  959.877878  1002.979717  19.128771  0.149759  1.389192  0.058852
1487  1172.868342  1122.483896  19.040819  0.066471  1.251398  0.111549
1488  1009.242501  886.261576  18.906279  0.182939  1.352239  0.083664
1489  1074.053652  972.931215  18.852301  0.087191  1.414076  0.090277
1490  1015.339827  961.675612  18.885509  0.085606  1.513467  0.057232
1491  1171.505418  1071.007273  18.915011  0.104279  1.519675  0.112834
1492  929.419141  1141.077606  19.025278  0.118341  1.434921  0.128349
1493  986.225070  899.961836  19.011472  0.098544  1.243601  0.055338
1494  959.621673  1039.389594  18.992432  0.093035  1.428635  0.109280
1495  981.911020  1061.693358  18.969308  0.115546  1.375143  0.075316
1496  1079.232819  1089.968620  18.806115  0.083956  1.366601  0.122437
1497  1018.684252  1033.059697  19.253764  0.164799  1.456142  0.100952
1498  899.379282  923.072553  18.662293  0.088974  1.045889  0.111897
1499  1135.596012  1162.747126  18.805145  0.075588  1.211094  0.088393
1500  1049.792307  1012.152340  18.848741  0.093707  1.090682  0.171617
1501  1055.659233  965.531197  18.875735  0.128257  1.364943  0.112122
1502  841.567764  1029.791273  18.849835  0.080163  1.377911  0.053040
1503  1124.698092  886.637711  18.794521  0.066857  1.360439  0.104785
1504  1071.861658  1090.909860  18.513171  0.174363  1.409207  0.069742
1505  1060.427039  910.540329  18.812536  0.053638  1.267093  0.068209
1506  980.939633  1002.901217  18.767569  0.130362  1.118786  0.107029
1507  944.157921  1049.376686  18.754024  0.083213  1.223878  0.100635
1508  900.501402  1066.662912  18.895972  0.074440  1.334952  0.084123
1509  1152.813076  903.167836  18.667624  0.083988  1.408771  0.074441
1510  1047.396434  1169.825464  18.765640  0.053278  1.260592  0.111768
1511  1049.485763  1144.388280  18.612504  0.144444  1.309592  0.059996
1512  1061.266125  965.248594  18.782153  0.120714  1.325003  0.170200
1513  1029.325517  1102.428611  18.642000  0.116820  1.555682  0.102491
1514  1013.125632  1064.641229  18.582191  0.085093  1.287006  0.052080
1515  924.408545  1171.916902  18.687785  0.167474  1.381258  0.057363
1516  988.581622  1108.541850  18.627442  0.157092  1.313088  0.099326
1517  932.645540  944.218460  18.705030  0.062907  1.041842  0.115481
1518  1118.734213  929.391698  18.798774  0.080813  1.294694  0.053716
1519  1040.220221  1038.558372  18.774834  0.102242  1.397590  0.093438
1520  977.791549  1013.389701  18.811411  0.094436  1.344889  0.097071
1521  1032.981074  1020.203233  18.607302  0.109563  1.284380  0.072728
1522  1176.465756  1081.100616  18.636162  0.093637  1.254775  0.076918
1523  965.586391  1055.932621  18.683287  0.067796  1.391182  0.079314
1524  808.685916  1071.968215  18.735626  0.079745  1.279883  0.052342
1525  999.613112  912.177213  18.613114  0.099565  1.450304  0.065735
1526  904.826839  1036.308849  18.708052  0.077303  1.232660  0.070476
1527  989.698765  1034.663793  18.760250  0.093638  1.369107  0.058497
1528  1146.587484  1101.180948  18.680507  0.049904  1.435836  0.067952
1529  1106.536612  1108.952719  18.552595  0.083995  1.368391  0.102128
1530  955.228283  1044.729938  18.551870  0.057300  1.289680  0.049961
1531  1071.875604  921.354998  18.849811  0.100528  1.435084  0.064644
1532  1206.263685  1089.389568  18.654893  0.093851  1.385479  0.052727
1533  1165.413827  967.613317  18.658487  0.052613  1.387181  0.190550
1534  1037.625999  1132.103823  18.614315  0.066100  1.340783  0.084884
1535  1002.435502  844.048753  18.486311  0.062605  1.421374  0.053605
1536  1099.832115  1083.740140  18.727597  0.098803  1.407633  0.051450
1537  930.512773  1104.836465  18.669402  0.079964  1.280570  0.098190
1538  1125.598228  957.624115  18.581245  0.071276  1.249854  0.159861
1539  1045.277819  997.012419  18.581572  0.056637  1.338775  0.073740
1540  1026.027500  902.012150  18.535869  0.050118  1.221633  0.080717
1541  979.703951  1043.453194  18.549595  0.067951  1.419864  0.068727
1542  1082.226811  1101.287117  18.367037  0.087067  1.526235  0.135957
1543  859.910124  1072.187474  18.484073  0.066392  1.311060  0.108021
1544  1032.782295  899.878892  18.509869  0.056799  1.384767  0.072355
1545  1055.088742  933.948314  18.496730  0.064418  1.378575  0.088617
1546  986.441830  1185.326981  18.516912  0.077033  1.305965  0.090640
1547  973.239480  1009.410744  18.409658  0.089837  1.416743  0.070949
1548  1064.849265  1158.930534  18.392536  0.077071  1.203120  0.070412
1549  1059.622912  1130.820157  18.457956  0.086168  1.369745  0.069521
1550  1053.579141  1154.429399  18.468993  0.074268  1.346580  0.047318
1551  988.379955  1096.082514  18.405271  0.080219  1.366351  0.083015
1552  1000.118743  1070.810378  18.465132  0.052698  1.340454  0.061495
1553  1016.511631  832.428032  18.233421  0.104229  1.325252  0.060535
1554  959.645676  930.760233  18.403286  0.055303  1.286183  0.061847
1555  1060.243313  1088.685507  18.355487  0.070034  1.319362  0.097724
1556  1055.968645  918.972785  18.264306  0.095982  1.260974  0.080744
1557  1074.629018  983.244902  18.472109  0.047230  1.463756  0.104692
1558  1069.403341  1016.899441  18.219490  0.127564  1.480280  0.132445
1559  1026.223124  1096.964321  18.227410  0.074179  1.407499  0.093104
1560  1117.091471  1077.076541  18.393024  0.094323  1.334791  0.048702
1561  1162.517975  972.887634  18.370368  0.081660  1.356246  0.047718
1562  1066.686751  1129.484165  18.315267  0.063574  1.516253  0.124502
1563  929.734922  991.120896  18.323342  0.089275  1.352364  0.062680
1564  995.660247  1021.090058  18.338324  0.059043  1.264065  0.070695
1565  976.768020  996.946186  18.323811  0.058816  1.481603  0.126035
1566  1118.753485  927.090422  18.241990  0.078197  1.397783  0.101679
1567  898.976154  1137.762611  18.073568  0.083498  1.236735  0.052314
1568  1021.909463  1017.249833  18.294299  0.057651  1.355180  0.091802
1569  832.361861  1042.194616  18.316707  0.089805  1.360839  0.080660
1570  1023.159992  999.290552  18.261633  0.053318  1.407852  0.127451
1571  1137.209958  952.087122  18.336557  0.065511  1.326574  0.133476
1572  1127.593943  1146.240717  18.310691  0.106479  1.317288  0.077739
1573  1029.842186  995.218760  18.192964  0.052013  1.363785  0.114342
1574  1218.617242  1088.294052  18.184472  0.052047  1.287631  0.048723
1575  954.048020  1131.769303  18.124270  0.114477  1.344081  0.046966
1576  1091.469455  842.745405  18.202433  0.068285  1.284980  0.060752
1577  1092.275937  1150.310543  18.332313  0.082602  1.253225  0.056593
1578  863.726019  922.560143  18.185334  0.058096  1.263733  0.112138
1579  1007.630234  1158.960189  18.059018  0.055559  1.361510  0.113134
1580  1112.851722  904.950968  18.074505  0.052429  1.342193  0.096224
1581  919.766241  868.635771  18.191810  0.058483  1.425252  0.072901
1582  1015.130665  915.815240  18.136749  0.049582  1.391047  0.061392
1583  1108.493414  1075.907338  18.183291  0.067348  1.390600  0.059157
1584  1001.678336  1014.089503  18.087716  0.109381  1.481536  0.141318
1585  1019.818394  1034.013716  18.072411  0.059913  1.238374  0.110823
1586  895.003832  1062.411489  18.197912  0.057343  1.370382  0.064300
1587  937.048310  1201.019945  18.161717  0.096777  1.191446  0.114610
1588  937.887724  1068.930478  17.936188  0.085885  1.356395  0.082796
1589  982.997975  1042.338468  18.241691  0.073829  1.452733  0.137635
1590  992.962294  1155.253617  18.089317  0.116400  1.272498  0.093399
1591  1004.495831  1029.857137  18.086841  0.063879  1.388898  0.052368
1592  1119.676682  1102.797701  18.013564  0.073301  1.407766  0.051490
1593  1074.695475  997.428224  18.169810  0.101937  1.434134  0.056208
1594  1117.914501  1101.598413  18.093218  0.044399  1.386524  0.054571
1595  1038.912963  980.437402  17.980619  0.094785  1.319182  0.058444
1596  1028.419052  987.726111  17.638145  0.108896  1.335750  0.073215
1597  995.243315  982.318469  17.989330  0.066147  1.261439  0.067865
1598  922.970583  1068.045763  18.143929  0.133873  1.218175  0.069005
1599  1110.032896  1135.443620  17.972422  0.046352  1.435603  0.077775
1600  1009.373839  1012.820685  17.965168  0.082873  1.368154  0.114409
1601  867.589038  941.937603  17.912327  0.065339  1.326397  0.042840
1602  1066.122035  1063.376364  17.920374  0.089580  1.403021  0.086285
1603  1043.308524  1029.573468  17.959582  0.093862  1.245499  0.119586
1604  980.413768  930.288497  17.900183  0.082575  1.198778  0.104216
1605  1020.403364  1071.965164  17.881172  0.046946  1.280262  0.141165
1606  976.511037  1103.656305  17.873423  0.057656  1.289755  0.078125
1607  1063.396188  969.516134  17.962832  0.078563  1.343864  0.153528
1608  1088.157614  913.812460  17.877100  0.068277  1.374864  0.066543
1609  1085.364449  1040.695091  17.810817  0.065257  1.356442  0.054610
1610  1025.101230  882.312253  17.886462  0.054058  1.275092  0.056732
1611  1082.731418  972.335391  17.794864  0.054881  1.361250  0.070945
1612  1097.525576  984.401039  17.630882  0.079686  1.302670  0.062608
1613  1037.790003  1062.697902  17.849944  0.041807  1.304178  0.069949
1614  1073.637315  946.650481  17.836597  0.049797  1.341366  0.098275
1615  1028.055450  891.356549  17.677643  0.158233  1.244836  0.074164
1616  1066.820588  1125.736858  17.827202  0.044293  1.204923  0.057384
1617  876.677632  954.444984  17.751768  0.076082  1.161410  0.074484
1618  1046.449132  1006.193787  17.859218  0.071047  1.325306  0.054846
1619  1113.329746  884.301660  17.759042  0.051602  1.346280  0.074787
1620  983.792292  1032.216392  17.862913  0.079365  1.273056  0.051384
1621  1105.064591  940.065853  17.637629  0.080254  1.268934  0.129342
1622  1037.018952  1079.376957  17.696507  0.048539  1.342541  0.065718
1623  884.451942  906.735165  17.784297  0.061766  1.228181  0.052389
1624  1038.719775  1083.990999  17.697403  0.071761  1.311752  0.069614
1625  1178.395648  954.510623  17.545993  0.124148  1.198530  0.073909
1626  877.426258  1092.907520  17.677736  0.067595  1.196311  0.069734
1627  892.776878  1053.902746  17.551089  0.076210  1.410518  0.051236
1628  1032.764150  1031.001170  17.694088  0.057543  1.333104  0.049557
1629  1036.211978  1068.295168  17.536667  0.119270  1.291052  0.040355
1630  1119.870300  1092.098908  17.663223  0.064993  1.283757  0.040290
1631  870.649283  973.225083  17.651601  0.060502  1.230241  0.054980
1632  1079.347651  957.199483  17.663667  0.080842  1.285953  0.050959
1633  1051.428966  1146.310840  17.558728  0.072535  1.289907  0.107705
1634  1012.867604  1017.495060  17.662080  0.062877  1.216523  0.113481
1635  1101.442355  990.407782  17.565521  0.051984  1.255721  0.039133
1636  943.844393  1000.449823  17.530356  0.040640  1.260954  0.040073
1637  1074.568356  1057.469993  17.500013  0.094877  1.312883  0.065137
1638  828.731412  1078.782321  17.526918  0.075546  1.234205  0.037655
1639  1101.408338  1057.912566  17.363374  0.056914  1.309952  0.045367
1640  1211.035279  1008.662712  17.312881  0.109554  1.395299  0.064497
1641  898.756567  844.311675  17.401694  0.097670  1.400151  0.056647
1642  965.076214  955.196416  17.523721  0.050451  1.262774  0.084771
1643  994.947584  978.957660  17.299512  0.082193  1.212572  0.101518
1644  988.151849  1043.850220  17.419985  0.061100  1.248170  0.066374
1645  1066.601964  852.951265  17.356176  0.060151  1.130844  0.066417
1646  1083.355218  1192.403210  17.434363  0.036263  1.322322  0.072692
1647  1140.366991  1036.094444  17.478528  0.049920  1.318925  0.052480
1648  1052.770836  1078.055342  17.427271  0.055278  1.302046  0.038050
1649  893.422305  985.352008  17.436562  0.047665  1.288247  0.076941
1650  1131.034952  1080.792392  17.337101  0.069437  1.417236  0.076172
1651  977.734001  1237.477253  17.393886  0.043122  1.317883  0.074849
1652  1101.358838  910.816461  17.292603  0.036369  1.326984  0.036781
1653  933.698458  878.180618  17.311740  0.061289  1.209665  0.047590
1654  960.564490  992.576430  17.360766  0.041204  1.223312  0.060948
1655  1034.510295  1012.059259  17.264182  0.040206  1.094238  0.099871
1656  1113.919672  923.317801  17.261680  0.052231  1.274167  0.042316
1657  966.496399  1032.945398  17.245877  0.085805  1.151129  0.093858
1658  1076.489585  977.877750  17.337629  0.118993  1.302014  0.053828
1659  1062.174700  1011.129037  17.297199  0.058531  1.325742  0.058013
1660  871.483924  1116.869018  17.259072  0.035930  1.292210  0.098749
1661  1077.087805  965.597819  17.134564  0.108893  1.203704  0.070224
1662  965.572874  852.860682  17.253515  0.064290  1.236124  0.059831
1663  1121.091666  1049.423667  17.199260  0.050516  1.260908  0.039260
1664  949.920440  1076.076749  17.175392  0.049057  1.283638  0.037636
1665  1069.052293  932.035011  17.061569  0.055203  1.392818  0.073193
1666  1015.364895  1141.806633  17.075696  0.054340  1.254373  0.047453
1667  1159.404155  1039.188541  17.127714  0.037661  1.191861  0.038520
1668  1071.755756  1075.782984  17.164909  0.082714  1.367951  0.047348
1669  912.791634  1121.642148  17.054733  0.041779  1.257383  0.037528
1670  983.362970  1135.768719  17.200286  0.078271  1.263832  0.093319
1671  1016.741765  1010.406298  17.102423  0.040019  1.268824  0.056417
1672  1105.696276  1016.708915  16.985620  0.066581  1.182569  0.088059
1673  1030.559252  1033.591685  16.981594  0.043609  1.288795  0.082902
1674  953.388360  859.549184  16.969311  0.052354  1.249769  0.055719
1675  973.052293  1119.120261  17.062955  0.069978  1.202540  0.105660
1676  1003.613184  885.936271  17.361781  0.136300  1.218960  0.046021
1677  1074.608599  1157.912945  16.924661  0.066024  1.237827  0.034632
1678  899.223757  1063.007068  16.877075  0.087106  1.375262  0.086632
1679  1015.714324  1049.679360  16.918231  0.075667  1.214445  0.043864
1680  930.403451  1149.503549  16.844060  0.051106  1.380635  0.059782
1681  1158.455583  1073.107292  16.945741  0.043253  1.218990  0.042771
1682  981.779231  1097.477837  16.931309  0.070843  1.169665  0.060328
1683  979.022397  973.763236  17.045976  0.060613  1.284844  0.051665
1684  1004.347556  946.342625  16.933435  0.042188  1.311176  0.049419
1685  1080.961126  1032.468685  17.026575  0.077845  1.225692  0.058943
1686  888.528343  995.756216  16.876831  0.037034  1.308513  0.042238
1687  1170.519101  1045.710152  16.938545  0.060336  1.204304  0.049272
1688  1053.587128  984.941015  16.893249  0.046160  1.253878  0.061677
1689  1104.141251  992.589476  16.881681  0.033961  1.208920  0.058584
1690  949.794959  1096.003850  16.941585  0.052426  1.247481  0.032600
1691  935.863972  911.991501  16.904708  0.054779  1.242991  0.039189
1692  1021.014856  1156.576768  16.786760  0.062197  1.119439  0.088822
1693  1066.268529  937.344573  16.764334  0.053916  1.278048  0.050235
1694  1104.772588  941.295227  16.835540  0.042990  1.310116  0.045642
1695  1186.686689  975.658824  16.684773  0.067635  1.301338  0.084926
1696  1259.362324  1011.720581  16.782802  0.033033  1.171752  0.044028
1697  987.690639  1187.625718  16.686485  0.071222  1.241990  0.058369
1698  1062.162002  1013.115617  16.796195  0.040472  1.156575  0.062332
1699  905.003172  1041.138954  16.786080  0.048691  1.308151  0.046523
1700  1110.078095  843.821486  16.696730  0.067537  1.205937  0.067796
1701  915.719188  932.466647  16.661847  0.078454  1.184825  0.077348
1702  951.370240  950.109491  16.759746  0.054592  1.237444  0.045938
1703  971.763384  1011.943690  16.597104  0.058840  1.140653  0.068839
1704  929.185321  1007.648297  16.695558  0.088102  1.270660  0.050539
1705  988.010476  990.146109  16.644026  0.063309  1.314305  0.044140
1706  930.250076  981.459866  16.588013  0.040623  1.280850  0.033391
1707  1083.882373  1023.215677  16.654944  0.053765  1.286765  0.057512
1708  940.570952  821.458022  16.521047  0.076566  1.137047  0.067535
1709  1060.443832  1191.769293  16.651652  0.073281  1.164418  0.057338
1710  1003.935396  992.168489  16.433339  0.048917  1.157290  0.095150
1711  1028.048036  972.849951  16.427939  0.037222  1.179070  0.040744
1712  792.721674  992.679997  16.437273  0.059257  1.269490  0.037867
1713  834.392433  1118.362890  16.417883  0.091886  1.167106  0.050068
1714  1148.096061  1009.389322  16.299284  0.078350  1.218671  0.042555
1715  1162.724065  1161.411604  16.280004  0.048502  1.179740  0.039970
1716  982.270710  1219.658240  16.195749  0.028751  1.133896  0.049613
1717  1042.069258  1025.943060  16.230174  0.034292  1.129394  0.048083
1718  849.299128  966.307860  16.117571  0.028740  1.101487  0.058817
1719  1082.184622  1093.898506  16.078514  0.033397  1.240593  0.067508
1720  1056.435610  935.592223  16.183093  0.038517  1.145428  0.044217
1721  1016.740127  966.788772  16.031973  0.049771  1.150552  0.027976
1722  984.668221  883.854131  16.112174  0.046228  1.150584  0.051662
1723  1078.493368  976.500695  16.159039  0.036977  1.249033  0.067423
1724  997.138452  1078.937600  16.093968  0.030550  1.176115  0.047995
1725  932.491837  1038.902231  16.028557  0.074947  1.209226  0.052556
1726  911.059354  1001.447035  16.061732  0.069109  1.126976  0.051063
1727  1007.954616  914.915451  16.062092  0.037167  1.073171  0.032071
1728  971.089203  993.894318  15.993882  0.032905  1.163130  0.032923
1729  937.183293  1057.073500  16.086289  0.049214  1.088863  0.072935
1730  997.518234  1047.955722  15.877702  0.094915  1.095749  0.040355
1731  975.143014  1053.199032  15.939698  0.034783  1.237858  0.096657
1732  1108.979446  1021.165773  15.892636  0.036264  1.082448  0.066427
1733  1202.886246  907.223757  15.940732  0.061919  1.183886  0.032542
1734  993.186836  1087.640596  15.904224  0.028433  1.195074  0.035085
1735  1052.164956  939.955282  15.978397  0.047230  1.094451  0.040484
1736  1068.561613  1146.217247  15.775345  0.047530  1.154093  0.035298
1737  1037.785190  997.446001  15.807340  0.064137  1.108794  0.045060
1738  994.990326  975.460639  15.800118  0.082970  1.123120  0.032543
1739  1001.820713  1131.724943  15.896782  0.053271  1.120420  0.036508
1740  1135.090606  1060.141179  15.717376  0.077018  1.191383  0.035473
1741  1045.605949  1086.006374  15.701228  0.041036  1.081160  0.034304
1742  1071.711887  969.231073  15.812200  0.043695  1.148711  0.034256
1743  1035.141816  1008.797245  15.695020  0.074710  1.083592  0.040784
1744  969.907917  924.756746  15.568691  0.041186  1.042277  0.080369
1745  1067.585147  1038.184960  15.597351  0.066866  1.050635  0.031972
1746  1168.471245  971.848458  15.557098  0.052129  1.097740  0.037891
1747  1122.136064  1112.433459  15.380369  0.060693  1.017834  0.053881
1748  977.035039  1005.370163  15.423288  0.024591  1.064202  0.048913
1749  1097.082900  994.608804  15.258250  0.036018  1.076978  0.037264
1750  862.473953  965.951037  15.345522  0.053950  1.016747  0.025987
1751  1140.254454  1080.652902  15.230797  0.033375  1.045547  0.038978
1752  1029.485650  1072.481710  15.292013  0.042515  1.064915  0.025195
1753  956.407521  1029.124424  15.139644  0.052970  1.023636  0.041504
1754  1004.278129  969.077268  15.188071  0.045176  1.027359  0.040033
1755  991.215227  961.554780  15.203489  0.037700  1.075767  0.064998
1756  1124.134318  964.816159  15.159625  0.030764  0.948819  0.075146
1757  972.425892  966.481142  15.115276  0.047361  1.000896  0.060650
1758  1099.157975  1170.917089  15.240035  0.078497  1.002508  0.070730
1759  1073.349509  1006.648566  15.104432  0.026302  1.002719  0.050246
1760  948.518298  847.792087  15.113853  0.057861  0.967916  0.041494
1761  1034.124964  1038.407803  15.072839  0.081671  1.017452  0.034394
1762  1010.068767  1049.147986  14.996187  0.035870  1.008031  0.028455
1763  1054.737080  1041.077924  15.017988  0.038394  0.983266  0.026158
1764  949.220311  1009.643028  14.982644  0.047510  1.036317  0.047306
1765  964.306739  1143.714591  14.860353  0.052854  1.056163  0.050571
1766  1029.280461  1001.585684  14.882814  0.024753  1.031014  0.044976
1767  992.863601  1183.185388  14.908792  0.030026  1.025872  0.037497
1768  925.097288  1148.863242  14.894476  0.049466  0.998539  0.037752
1769  1090.051441  1052.469780  14.759992  0.022631  1.018394  0.033951
1770  1003.086336  1092.271964  14.690712  0.030703  1.005510  0.031087
1771  1018.753884  1052.197335  14.680004  0.023845  0.986468  0.042543
1772  1109.721620  837.580042  14.632395  0.052469  0.998839  0.029331
1773  1107.755786  911.002972  14.601846  0.037468  0.908569  0.033492
1774  1049.782088  947.143741  14.514830  0.021969  0.875443  0.027468
1775  813.800468  961.930260  14.474330  0.028597  0.907123  0.039309
1776  946.674872  988.180623  14.428242  0.026221  0.877616  0.031445
1777  1016.276111  967.392133  14.470294  0.038749  0.879746  0.040658
1778  1132.624507  982.723113  14.419977  0.032472  0.867200  0.039174
1779  1228.827116  959.364547  14.426964  0.061925  0.907957  0.060990
1780  1126.079877  1051.983483  14.348596  0.028249  0.880312  0.022219
1781  1084.814561  1053.568164  14.330553  0.032879  0.850177  0.030009
1782  1088.952463  868.281856  14.307736  0.033066  0.852211  0.024600
1783  1039.655629  1022.361559  14.469169  0.059942  0.857333  0.031595
1784  1154.801009  1051.427635  14.234090  0.038358  0.846394  0.031137
1785  955.006198  1173.898834  14.252972  0.026450  0.829056  0.035367
1786  1058.553610  1211.790070  14.185790  0.022444  0.805547  0.069660
1787  869.763338  1141.385073  14.118210  0.038135  0.898798  0.036023
1788  1159.163884  1018.545480  13.955497  0.074308  1.021964  0.066614
1789  1208.246477  1159.848120  14.100367  0.038324  0.911633  0.036477
1790  1015.882179  1109.683323  13.964968  0.037300  0.862318  0.033085
1791  1144.157696  1075.072532  13.953154  0.045031  0.821152  0.048228
1792  1069.238149  1096.640655  13.843374  0.035299  0.754659  0.020438
1793  1096.150630  1012.988703  13.875295  0.036847  0.791595  0.042451
1794  1130.335048  936.028754  13.821825  0.022046  0.798683  0.022953
1795  941.201019  1130.415288  13.810735  0.025197  0.768209  0.049643
1796  915.306947  976.508334  13.736360  0.049490  0.784695  0.026534
1797  1026.472960  965.762191  13.802520  0.054687  0.730887  0.037073
1798  978.117980  1152.926966  13.647922  0.047556  0.769472  0.024539
1799  1090.637169  1098.605568  13.698789  0.031762  0.753315  0.028836
1800  1051.151565  994.173338  13.629045  0.023346  0.721987  0.032522
1801  1008.691159  1029.068861  13.530626  0.070687  0.726993  0.024502
1802  1045.706117  1058.342011  13.571001  0.025150  0.785673  0.041805
1803  1048.538030  1126.246830  13.544572  0.021776  0.764894  0.042052
1804  1069.378806  992.316498  13.535893  0.024353  0.690485  0.060853
1805  966.066196  1087.083131  13.447112  0.021160  0.636132  0.029042
1806  936.616202  1093.248123  13.429779  0.031414  0.681512  0.019430
1807  947.723264  1111.523758  13.344604  0.044899  0.627635  0.050514
1808  1026.744177  904.998748  13.265699  0.038190  0.685656  0.049254
1809  1022.560870  954.538660  13.230122  0.024657  0.629949  0.064913
1810  1035.552543  1061.338440  13.181941  0.024692  0.648266  0.021147
1811  1088.633487  988.780462  13.207511  0.031285  0.654633  0.026229
1812  1052.429926  1193.907937  13.176934  0.034617  0.644529  0.025740
1813  1045.326397  1108.211302  13.117558  0.030849  0.664415  0.028578
1814  1063.713915  979.678454  13.123772  0.047065  0.625073  0.019027
1815  1021.911962  997.426360  13.016810  0.037189  0.600150  0.034732
1816  1092.258550  1184.752804  13.022070  0.037972  0.668809  0.027324
1817  1106.329272  1064.853811  12.947894  0.047892  0.546645  0.048803
1818  1110.143918  1017.971835  12.826911  0.019130  0.596197  0.023842
1819  1153.239982  898.261176  12.773610  0.027071  0.620771  0.055626
1820  998.963425  1165.099069  12.758950  0.025558  0.582052  0.027304
1821  1172.644270  995.297055  12.705263  0.038697  0.619994  0.041394
1822  1221.680128  1147.516396  12.650930  0.020878  0.541022  0.018636
1823  880.697446  942.591386  12.536278  0.061241  0.574480  0.031408
1824  1016.672768  1016.002601  12.585390  0.039930  0.482358  0.045262
1825  1049.467740  966.629130  12.597143  0.026497  0.521389  0.043371
1826  940.839322  974.675907  12.456939  0.021734  0.495012  0.036154
1827  1017.452196  971.694776  12.424111  0.056155  0.550480  0.026332
1828  1009.859523  1111.872266  12.368310  0.021937  0.493707  0.019588
1829  942.449705  953.868800  12.303880  0.018459  0.524572  0.028250
1830  957.361111  892.964639  12.275697  0.056946  0.471354  0.040138
1831  905.401262  1083.294147  12.173549  0.045332  0.515451  0.032400
1832  1039.046676  1060.508672  12.151173  0.027365  0.456499  0.018268
1833  912.934830  928.286024  12.090933  0.026204  0.459153  0.033363
1834  1096.694579  1087.367803  12.055268  0.030077  0.409556  0.031440
1835  996.774380  1053.031793  12.001697  0.028586  0.462331  0.045375
1836  1113.691218  1007.402127  11.939839  0.032038  0.402996  0.026499
1837  1071.000883  891.510866  11.897646  0.029035  0.412769  0.026802
1838  1145.498255  976.625684  11.865842  0.031271  0.427863  0.025435
1839  886.364570  1089.186939  11.799108  0.036417  0.401116  0.028098
1840  1102.044119  1007.964058  11.757333  0.027031  0.401724  0.020289
1841  1062.064968  1142.359163  11.681005  0.048343  0.390010  0.034031
1842  1055.315149  1016.887460  11.662489  0.017159  0.390772  0.030184
1843  915.522437  1001.876808  11.580590  0.039025  0.409210  0.034867
1844  1077.394944  1129.691709  11.581192  0.030823  0.337522  0.025970
1845  943.704084  1072.783831  11.505986  0.026024  0.333189  0.042272
1846  1131.824927  907.095941  11.435927  0.034695  0.302608  0.039415
1847  883.689308  993.408676  11.445874  0.027003  0.298505  0.021734
1848  1030.371328  988.149699  11.367695  0.038256  0.318828  0.035136
1849  919.236854  1051.283968  11.336132  0.033817  0.263660  0.037534
1850  1140.944896  1073.238692  11.206763  0.020699  0.286094  0.028285
1851  1018.681160  1031.321846  11.197278  0.023600  0.261371  0.022696
1852  1096.821596  1047.983698  11.112111  0.025797  0.269214  0.024563
1853  1022.588416  1138.083594  11.088744  0.025616  0.270856  0.022704
1854  989.624607  981.501891  11.009300  0.018172  0.218361  0.034008
1855  1112.269619  1006.502339  10.907932  0.020039  0.216049  0.020149
1856  1020.365537  1035.598848  10.951547  0.047795  0.202855  0.020643
1857  946.067128  1053.415608  10.858188  0.020705  0.185848  0.034648
1858  1059.842642  1021.086843  10.767273  0.016966  0.165465  0.025141
1859  1120.419451  1079.775621  10.726467  0.024517  0.147528  0.019156
1860  967.226368  1062.318961  10.710497  0.017642  0.153281  0.042811
1861  973.796844  1036.293181  10.653269  0.022609  0.145422  0.033260
1862  873.811354  1093.260841  10.617944  0.018247  0.108644  0.026616
1863  884.938916  1028.482212  10.522562  0.019267  0.110738  0.036896
1864  1028.409242  1030.932562  10.550804  0.042312  0.082902  0.021808
1865  999.693128  1167.354286  10.461122  0.023798  0.096918  0.018190
1866  1007.158108  981.519872  10.375030  0.019893  0.102677  0.016488
1867  982.181827  1005.881324  10.350795  0.017495  0.084269  0.026743
1868  1196.821422  971.190661  10.255500  0.017520  0.030575  0.036444
1869  1064.932700  1146.195067  10.235002  0.025961  0.041718  0.017229
1870  1013.220352  1022.876590  10.174929  0.030066  0.053800  0.028403
1871  988.962796  1087.381504  10.099059  0.025563  0.033812  0.030081
1872  1059.139154  992.794481  10.059991  0.029012  0.019951  0.017604
1873  1061.536215  978.116321  9.958306  0.043595  0.012400  0.044695
1874  961.448694  1065.020109  10.037762  0.034638  0.021252  0.020659
1875  993.731953  905.087795  9.967074  0.020703  0.040545  0.023644
1876  1013.780255  1177.220526  9.888040  0.039819  -0.042781  0.028518
1877  1126.203310  1034.175160  9.797226  0.030415  -0.029435  0.030268
1878  1045.313311  1081.461760  9.749189  0.022296  0.109482  0.040070
1879  1261.660262  1010.276413  9.724277  0.019714  -0.049820  0.032669
1880  1003.039724  1104.734413  9.699773  0.035070  -0.008846  0.050618
1881  993.965486  936.711188  9.712214  0.042743  -0.032352  0.021890
1882  1159.195525  1141.487329  9.588651  0.029378  -0.010246  0.025238
1883  1133.167718  884.175319  9.509719  0.044253  -0.032425  0.015965
1884  1029.886382  1121.785999  9.454677  0.019947  -0.042685  0.026410
1885  1060.155453  1082.965053  9.300365  0.040132  -0.078956  0.042351
1886  946.383626  1078.450094  9.279041  0.023975  -0.092876  0.032498
1887  1019.329843  1038.341100  9.241349  0.027064  -0.029302  0.018674
1888  1137.178685  971.247452  9.091059  0.027302  -0.057202  0.027700
1889  898.408059  988.743967  9.129149  0.024260  -0.075807  0.021399
1890  976.648008  920.603075  9.042236  0.038480  -0.190601  0.052135
1891  945.461903  964.059935  8.938612  0.018875  -0.069244  0.026714
1892  976.263086  1050.178109  8.784764  0.018308  -0.118056  0.023144
1893  1117.509898  946.074706  8.763980  0.016119  -0.089238  0.024819
1894  1125.832786  1081.645998  8.671954  0.016933  -0.073273  0.019736
1895  890.682900  972.691825  8.552616  0.037601  -0.071681  0.027233
1896  1043.532513  1052.134113  8.511343  0.036616  -0.128260  0.023673
1897  989.041172  1115.379835  8.364259  0.016461  -0.125425  0.027132
1898  1059.026145  1000.491028  8.287174  0.025849  -0.149750  0.044244
1899  992.221041  1136.518021  8.115092  0.025217  -0.098649  0.022728
1900  984.089641  1014.009139  7.975479  0.035295  -0.063820  0.047436
1901  924.865434  1017.418875  7.893884  0.017732  -0.163176  0.024323
1902  1092.477952  1025.511690  7.815370  0.022008  -0.126589  0.034384
1903  1155.654922  1126.413066  7.573670  0.029143  -0.162940  0.015823
1904  987.988582  937.437184  7.329484  0.015947  -0.202168  0.026348
1905  979.524936  873.438679  7.091600  0.019388  -0.193431  0.027409
1906  1069.928182  1052.666757  6.878618  0.021789  -0.185292  0.022018
1907  1067.499254  984.410071  6.602151  0.029322  -0.196344  0.015626
1908  1054.181069  913.314652  6.229621  0.030412  -0.215048  0.018546
1909  981.589893  1055.676559  5.308099  0.035538  -0.233645  0.018726
1910  1162.986271  1129.720095  4.940026  0.016999  -0.205475  0.029254
1911  946.637681  895.587082  1.926331  0.024839  1.846233  0.030979
1912  989.495972  945.634775  10.940935  0.019841  0.192574  0.024656
1913  932.610171  946.273833  10.256953  0.032807  0.065242  0.026941
1914  1110.724710  885.992919  9.298162  0.033366  -0.054548  0.022389
20  820.083826  728.542627  6.940359  0.016356  0.023476  0.020734
21  1113.941290  1013.575003  8.645142  0.060543  0.520111  0.016073
22  772.010837  1552.525824  7.779637  0.036607  -0.257232  0.019419
23  706.127125  1726.839967  13.065807  0.041015  2.567066  0.020945
24  373.560124  1175.114109  12.492795  0.019663  2.135368  0.064744
25  1214.576759  261.040713  9.919143  0.036443  0.661381  0.030853
26  459.470859  254.039126  9.752318  0.026890  0.383448  0.017980
27  322.475349  608.872937  9.234648  0.024978  0.200990  0.017330
28  1308.473141  1490.990537  8.757323  0.020858  -0.144195  0.027063
29  555.261605  1150.821820  11.709476  0.029793  1.609073  0.037699
210  71.430789  183.003963  9.323814  0.022797  -0.051900  0.017851
211  170.875762  1407.664337  9.601728  0.027984  -0.031062  0.036309
212  142.759062  1132.153501  12.156777  0.044746  0.961657  0.020781
213  1180.151610  1906.238840  10.526773  0.028574  0.020167  0.026077
214  461.869786  84.521236  15.304861  0.024418  2.454020  0.033238
215  2038.320887  471.159928  15.528965  0.029218  2.726485  0.030349
216  895.201576  958.089106  10.979714  0.032442  0.070337  0.036478
217  519.246346  266.302052  11.131954  0.035541  0.070519  0.024242
218  100.797177  1798.566874  11.633495  0.026353  0.115839  0.045612
219  388.018369  785.528553  11.973610  0.020148  0.288182  0.060959
220  286.801599  1435.384795  16.410336  0.039883  2.987531  0.041511
221  165.326922  1523.707046  12.049505  0.028442  0.312194  0.050675
222  2012.561470  353.930037  13.366009  0.047606  0.921968  0.024062
223  1600.617933  538.762212  12.362974  0.037646  0.322348  0.020687
224  1959.103698  1508.187613  16.463770  0.049321  2.421281  0.044350
225  51.208774  893.576830  12.838816  0.052832  0.671514  0.032637
226  639.674587  1613.233692  12.609809  0.058073  0.453686  0.036196
227  1004.132621  106.655214  17.533209  0.072491  3.114779  0.050372
228  1536.654758  1700.846098  13.237523  0.034033  0.687911  0.026669
229  162.004110  452.221311  12.892351  0.039172  0.341127  0.024044
230  799.260821  1943.232532  16.110024  0.027839  1.871288  0.049907
231  1277.979929  496.141356  13.305986  0.024433  0.427432  0.031959
232  1615.083589  986.691803  16.013684  0.052326  1.897540  0.028663
233  621.462959  424.895276  14.881018  0.028983  1.398321  0.037877
234  1252.785702  1904.831452  13.351919  0.026033  0.450496  0.033670
235  364.867986  446.542518  13.514179  0.022611  0.404291  0.036932
236  1254.865767  1537.580009  13.271459  0.026661  0.262002  0.020498
237  1886.085642  1983.182945  15.467768  0.034771  1.635010  0.035579
238  365.678541  747.839835  18.467146  0.076557  2.789666  0.096994
239  790.271444  2028.769778  13.367299  0.022032  0.040368  0.038887
240  1425.258094  630.150045  14.103531  0.043347  0.562282  0.044490
241  288.015454  1597.625133  13.901722  0.034158  0.418042  0.027224
242  562.347722  1415.859974  19.866504  0.197077  3.588951  0.110805
243  1685.391149  4.103062  16.803605  0.067942  2.117412  0.049582
244  1956.944313  165.794355  13.461588  0.029646  0.234533  0.022964
245  510.119556  422.167249  17.355677  0.058646  2.393972  0.067640
246  1302.811803  1699.821548  16.317268  0.074816  1.874543  0.058511
247  2042.689619  2019.272423  16.023664  0.036616  1.526533  0.053056
248  185.526412  942.231961  13.048285  0.020889  0.053744  0.049561
249  450.996708  1828.645458  15.412730  0.024788  1.381397  0.028186
250  1721.148746  1582.447796  13.886203  0.036782  0.478463  0.034127
252  2047.958430  1416.120292  19.769268  0.118118  3.497592  0.124156
253  654.075260  899.834485  20.187465  0.151092  3.354133  0.163075
254  733.525456  872.302549  14.568342  0.070537  0.504848  0.040121
255  378.002023  478.421124  17.497447  0.062974  2.203444  0.039587
256  1045.176446  1433.809388  17.728166  0.090152  2.158871  0.044951
257  1750.203693  338.214217  15.135765  0.058018  0.629011  0.032387
258  1381.706549  1256.234879  13.415361  0.022804  -0.031168  0.072289
259  1915.128642  648.903111  15.506546  0.038851  1.123594  0.095238
260  1980.595550  1279.074141  13.693008  0.033728  -0.040992  0.050890
261  1092.338750  407.200377  15.156744  0.051823  1.016701  0.027078
262  1932.779843  1117.496607  15.397921  0.044978  0.872348  0.031473
263  1814.365596  1965.268193  14.487691  0.057805  0.568159  0.044578
264  1676.059862  1634.441336  17.800043  0.071369  2.351033  0.092154
265  561.282734  697.952946  14.498944  0.025827  0.628352  0.039904
266  447.743733  1432.153967  15.094690  0.030446  0.820088  0.032283
268  7.025574  1544.398575  14.514681  0.038597  0.615891  0.030616
269  1118.360523  1227.300621  14.913528  0.031620  0.870703  0.038907
270  1509.730274  1197.032407  17.302481  0.040217  1.977547  0.043245
272  384.452465  338.521137  19.338619  0.068626  2.841273  0.120061
273  783.319280  841.570742  15.788197  0.047714  0.751322  0.042792
274  781.877563  1929.295858  15.418418  0.024920  0.721787  0.032002
275  141.168628  1381.571577  15.254002  0.047306  1.096486  0.068550
276  1336.958215  479.480315  14.346240  0.038131  0.077736  0.052027
277  1565.577961  831.476043  18.248625  0.113221  2.380425  0.064227
278  269.808232  674.939015  18.638133  0.057024  2.393919  0.054241
279  1054.276669  1527.786556  15.886456  0.041170  0.688461  0.043730
280  839.857350  1993.790473  19.185775  0.101975  2.527313  0.150407
281  1117.448620  655.354740  15.765007  0.056946  0.843998  0.027077
282  1717.859478  1638.579869  14.701817  0.048891  0.262518  0.027148
283  208.695111  1181.566126  17.447593  0.059766  1.946188  0.054679
284  413.140376  1250.525334  16.084493  0.048918  0.924700  0.046436
285  360.929138  337.194206  15.858375  0.039750  0.845411  0.035045
286  723.541389  329.521504  14.844203  0.045136  0.441030  0.034814
287  1191.612702  1799.492204  17.610284  0.083473  1.894888  0.061228
288  1817.655965  173.609217  15.554813  0.038927  0.539094  0.087060
289  465.357738  1567.881271  18.355615  0.060244  2.432975  0.054976
290  1848.345503  51.526223  15.353650  0.038159  0.717242  0.039024
291  1084.709603  2019.217402  15.439154  0.057529  0.620897  0.051264
292  192.063881  1953.784806  16.688052  0.097681  1.231806  0.087790
293  485.768552  500.045598  15.556923  0.052186  0.799028  0.042859
294  1375.310048  204.813745  15.312009  0.030813  1.180238  0.027316
295  408.429069  2009.744471  15.849609  0.035772  0.867759  0.032396
296  1439.913871  1555.158647  17.634339  0.055443  2.069046  0.121226
297  454.239361  1266.668032  15.438873  0.026114  0.649660  0.043813
298  257.317438  563.487682  17.493695  0.055722  1.738077  0.038307
299  1670.769467  1808.863064  16.398734  0.033792  1.343637  0.039843
2100  1124.788955  612.519650  18.788776  0.095592  2.011560  0.097641
2101  90.261024  434.007575  17.984216  0.095571  1.820457  0.126308
2102  1079.714952  1106.405409  17.300391  0.045867  1.541982  0.079462
2105  1465.903472  1382.728318  16.624733  0.056922  1.529223  0.076376
2106  586.455637  1340.914840  18.092603  0.062744  1.517921  0.085118
2107  903.523210  785.239300  16.381271  0.050153  1.497170  0.042755
2108  1026.731814  291.059973  14.737597  0.039932  -0.099574  0.037460
2109  1728.661509  1110.589396  17.004740  0.048489  1.142405  0.039261
2110  1729.515963  1217.469864  18.899257  0.094570  2.218661  0.077958
2112  305.913055  1950.351819  19.006397  0.106621  2.340215  0.097560
2113  146.742542  1997.486547  19.648122  0.093129  2.846339  0.074945
2114  897.669892  117.030964  16.250573  0.042798  0.552614  0.048242
2115  507.543801  1408.760218  16.385772  0.055985  0.889085  0.086083
2116  767.939888  771.228430  16.307415  0.095266  0.819551  0.059407
2117  198.957091  2007.406921  16.458427  0.038515  0.837095  0.033228
2118  1045.880879  1511.341147  17.667565  0.071857  1.677045  0.112986
2119  1287.105709  450.262687  20.786398  0.143714  3.418424  0.107621
2120  1485.408012  369.969291  20.354627  0.098509  3.150170  0.238380
2121  909.474797  1880.426164  16.527988  0.037019  1.033309  0.071803
2122  107.000723  1306.432312  16.237438  0.045598  1.307883  0.067748
2123  916.415330  1594.896293  18.954247  0.095473  2.333290  0.083176
2124  438.943597  1990.614158  16.266282  0.029493  0.801246  0.065313
2127  1026.610725  1937.222682  16.279405  0.034961  0.739599  0.058614
2129  1421.907179  1938.643341  16.562318  0.040618  0.805646  0.061544
2130  2045.959049  596.611459  18.493070  0.084265  2.168080  0.049790
2132  1771.584062  1059.253633  19.056185  0.069665  2.183191  0.074583
2133  349.351436  207.661034  16.560289  0.055292  0.945040  0.063680
2134  1407.535069  1060.461531  15.655722  0.034593  0.532104  0.038879
2135  1416.611414  97.005267  17.389095  0.051542  1.286878  0.071129
2137  993.139144  1305.918667  15.445695  0.025691  0.456983  0.035361
2138  710.918198  1158.424273  17.648275  0.050068  1.188490  0.038169
2139  221.785621  485.032625  16.830068  0.053576  1.176332  0.040059
2140  992.464341  1602.800183  20.096724  0.147210  2.692998  0.178902
2141  161.569944  381.716768  17.611153  0.118189  2.094315  0.097445
2142  1096.866220  1548.871338  17.416122  0.073897  0.958576  0.092021
2143  1518.521205  596.772512  19.853265  0.164982  2.265879  0.159470
2144  1333.597823  524.154780  17.111656  0.061934  1.512949  0.087346
2145  1102.052497  1408.833385  17.442449  0.058521  1.161993  0.058876
2146  1012.680116  291.790111  20.992344  0.118554  2.998742  0.249724
2147  1981.024590  136.107587  16.413676  0.075939  0.216636  0.090745
2148  1173.619301  1119.755882  16.026083  0.070992  0.158324  0.088060
2149  314.905799  1665.503798  17.372667  0.050814  1.617543  0.048443
2150  1351.559362  1963.809809  17.220940  0.055941  0.810312  0.051613
2151  1035.048187  9.843280  16.750017  0.064975  0.892203  0.067313
2152  1254.020499  129.834458  16.486976  0.036426  0.592255  0.074620
2153  345.455032  1470.633348  17.031168  0.087626  0.910460  0.100766
2154  663.107715  1457.832811  18.052372  0.102960  1.356013  0.076770
2155  1785.189434  1855.939451  17.195799  0.062028  1.649135  0.039117
2156  333.687163  1837.280537  16.778318  0.065015  0.832591  0.044448
2157  1654.329618  1687.574952  15.427053  0.031625  -0.154115  0.040382
2158  1092.543496  1741.360950  17.057044  0.074692  0.893472  0.059047
2159  246.270305  256.867021  19.281392  0.066373  2.103670  0.065977
2160  332.365901  586.901447  16.709949  0.079422  0.683097  0.074429
2161  579.189122  507.388090  17.204100  0.109886  0.961677  0.035814
2162  1308.963918  1916.545251  17.449860  0.045406  1.051983  0.062569
2163  996.873005  1759.078380  17.627261  0.048034  1.446053  0.060873
2164  443.333758  485.511516  17.110243  0.043390  1.127745  0.055335
2165  1479.295825  342.389963  16.362338  0.043777  0.378396  0.031607
2166  293.222342  1241.624900  15.489487  0.027053  -0.155711  0.060556
2167  374.038770  314.167935  17.791517  0.072092  0.948698  0.073149
2168  77.223156  1946.779989  15.002188  0.030942  -0.218725  0.058394
2169  175.016909  420.359941  15.799602  0.058143  0.147458  0.031844
2170  1605.114799  785.329523  18.190862  0.113406  1.294697  0.072353
2171  1147.034396  378.806452  18.113298  0.053760  1.470902  0.089139
2172  2004.544860  1769.185991  18.327958  0.047330  1.629543  0.061799
2173  1005.244920  1596.568137  20.436863  0.275623  2.948584  0.140198
2174  1990.008777  583.904905  17.802109  0.110427  2.055229  0.075549
2175  1797.515312  1351.249453  18.996191  0.094044  1.898071  0.107799
2176  317.477244  1767.259148  17.572087  0.038777  1.070707  0.039105
2177  579.684828  1365.692484  16.305042  0.030861  0.434234  0.056098
2178  768.789371  539.355304  17.806378  0.050829  1.398041  0.055353
2179  878.861916  1925.341343  17.544964  0.060011  1.142788  0.039033
2180  1290.305082  1458.468550  20.173344  0.165352  2.732119  0.174500
2181  117.703691  1094.258869  17.545470  0.075895  1.039592  0.115526
2182  442.467052  628.159996  17.626166  0.061625  1.217574  0.103149
2183  45.019017  1396.508780  17.706452  0.060578  1.365018  0.091239
2184  1547.573710  448.155879  15.737648  0.032803  0.208681  0.044601
2185  393.503665  916.089354  17.505005  0.098822  0.888445  0.056055
2186  759.065699  1542.855368  16.512828  0.030444  0.534354  0.045494
2188  41.470922  1983.660366  17.706065  0.055667  1.160297  0.040885
2189  801.129929  204.097882  18.066496  0.128377  1.230015  0.063617
2190  804.134459  1251.045141  17.437690  0.040574  0.876604  0.108868
2191  416.986897  1269.314461  17.474496  0.055200  1.033158  0.049475
2192  1688.876164  1611.534752  18.382115  0.058104  1.307175  0.081705
2193  606.080466  1423.540522  19.001712  0.178864  1.528391  0.111411
2194  870.520415  229.463902  18.514891  0.083253  1.439597  0.074532
2195  1933.218950  51.284284  20.620693  0.167365  2.601420  0.140597
2196  397.082025  1119.425954  19.577008  0.132920  1.893211  0.126261
2197  17.343556  2006.202044  18.262370  0.091880  1.132793  0.061967
2198  1099.587836  1129.848153  20.188740  0.102656  2.335180  0.174421
2199  214.994280  314.416454  18.797753  0.052886  2.238728  0.071855
2200  1523.032792  23.527997  18.839684  0.125703  1.607725  0.069501
2201  1270.618668  1794.117412  19.197410  0.123850  1.552104  0.140131
2202  1687.796586  287.909956  17.551779  0.093657  1.008883  0.063969
2203  459.744135  848.631230  17.827140  0.103056  1.688343  0.070729
2205  898.756449  1263.855817  18.566371  0.061760  1.428945  0.081783
2206  137.962773  1897.551829  17.706009  0.110967  0.998537  0.088134
2207  700.158713  1517.399192  18.625929  0.168509  1.553898  0.055291
2208  303.047055  2045.402294  18.146600  0.093492  1.177725  0.048033
2209  577.614661  1551.479193  18.329733  0.090265  1.134060  0.080088
2210  1216.969293  1473.644814  17.371525  0.080530  0.678652  0.057211
2211  650.094714  766.739337  17.883311  0.058287  0.940055  0.056452
2212  1154.944807  1547.630320  18.323480  0.093517  1.862193  0.094496
2213  1808.441088  866.975789  19.399524  0.076158  1.710739  0.137801
2214  1918.621663  290.436786  18.905127  0.059748  1.781734  0.114530
2215  793.365833  164.546758  18.722369  0.102588  2.148917  0.108370
2216  1270.232026  1096.672259  18.612402  0.048814  1.208525  0.111425
2217  1500.825036  358.758455  17.661292  0.051798  1.058794  0.091747
2218  307.133464  94.994305  19.823035  0.089820  1.803537  0.148326
2219  1633.816007  1359.912651  18.514245  0.056712  1.480899  0.101591
2220  1172.604161  1082.070822  19.087161  0.077731  1.596590  0.074178
2221  515.410432  1065.052651  19.327075  0.116755  1.916415  0.114073
2222  1763.579476  1245.934889  19.419135  0.139007  1.614229  0.074132
2224  690.593795  1935.775990  17.971599  0.096145  1.133485  0.078019
2225  1894.035051  481.552225  17.283932  0.067240  0.732201  0.066781
2226  245.019009  764.703321  18.367925  0.073841  1.467066  0.100817
2228  427.177627  487.660934  15.901678  0.028303  -0.046309  0.040071
2229  122.632254  1429.470565  19.879182  0.174405  2.065863  0.158666
2230  1796.084737  1475.506417  17.762661  0.053440  1.070801  0.045083
2231  651.274263  836.970426  18.258015  0.060035  1.249599  0.049977
2232  922.891999  1548.395925  17.647609  0.079030  1.047412  0.068368
2236  1786.034501  2040.612398  16.984449  0.077173  0.374156  0.037538
2237  141.052355  1499.071228  17.644387  0.053518  1.162910  0.077089
2238  562.185670  134.719049  16.577813  0.041675  0.178127  0.059789
2239  187.897295  14.340533  18.757212  0.132076  1.561067  0.079846
2240  1874.730313  897.247204  18.529572  0.071588  2.121211  0.073310
2241  1168.562194  1532.538792  19.692266  0.108372  2.153959  0.228066
2244  909.055747  1909.894643  20.757586  0.165556  2.580760  0.292542
2245  1126.562725  148.637214  20.673357  0.130091  2.294913  0.302157
2246  1144.593976  1525.026430  18.329318  0.098773  1.261375  0.095455
2247  2038.317462  639.209435  17.834840  0.068868  1.446297  0.085864
2248  275.169154  1000.511595  20.528478  0.130494  2.677354  0.271972
2249  1927.259107  1938.317741  19.348761  0.139164  1.617871  0.106498
2250  398.405269  1595.388816  19.610385  0.116647  1.526312  0.168891
2251  1148.562224  310.227538  17.735879  0.042065  1.260686  0.050529
2252  912.490260  731.259302  18.741984  0.095526  2.297453  0.090239
2253  1208.953358  1049.986182  19.029823  0.097530  1.798838  0.170373
2254  1973.382105  1130.973087  19.155712  0.132132  1.467515  0.063301
2256  1310.313083  311.186754  18.565254  0.057246  1.376710  0.110569
2257  1949.434197  476.756223  17.270665  0.039788  0.631361  0.058463
2258  1645.103678  159.311185  18.739815  0.055658  1.480837  0.056642
2259  1164.606657  108.209375  18.721640  0.173069  1.138928  0.072685
2260  445.647419  687.549452  19.516599  0.132600  1.449685  0.093384
2261  1270.594810  1660.884985  19.773222  0.121282  1.442853  0.138324
2264  690.587996  69.995378  19.890538  0.082083  1.487859  0.073162
2265  869.063577  1936.559972  18.453619  0.085799  0.968542  0.097633
2266  743.797804  1311.686103  20.109698  0.079635  2.270396  0.138530
2267  1155.626929  1167.887994  19.237854  0.061035  1.863902  0.225498
2268  1667.613501  297.773209  19.338978  0.116475  1.550835  0.115411
2269  1442.007099  1688.882086  20.282326  0.139501  2.136797  0.148145
2270  1149.567885  1886.634783  19.180458  0.160228  1.429909  0.069158
2271  1100.587173  1228.243848  19.105309  0.091031  1.308968  0.139208
2272  557.497335  145.587121  19.360864  0.062240  1.495908  0.123151
2273  206.099792  339.128280  19.530276  0.083167  1.914577  0.092518
2274  825.369469  898.741951  18.815262  0.071273  1.439338  0.098083
2276  795.576967  1795.686828  20.641207  0.175626  2.141845  0.225268
2277  926.039881  1833.749587  16.696182  0.038275  -0.185005  0.063672
2278  1232.445955  1325.147301  17.891874  0.071612  0.582991  0.059961
2279  1328.131434  1767.332104  18.855564  0.053119  1.763625  0.080696
2280  1467.096918  537.895932  18.964571  0.097004  1.359514  0.116256
2281  1896.092289  1859.691261  18.987733  0.134809  1.299631  0.133595
2282  932.935693  1064.636517  18.830355  0.122208  1.062496  0.102592
2284  728.877982  1761.639028  18.520740  0.084585  0.797049  0.131117
2285  35.637270  1133.100022  18.204992  0.080145  0.967660  0.087242
2286  1137.753464  980.550835  18.970185  0.122955  1.907702  0.060017
2287  1518.680799  377.639336  17.588628  0.086553  0.185071  0.077564
2288  261.071940  1821.251648  19.012463  0.218150  2.306074  0.091338
2289  443.746681  928.771687  20.318465  0.083969  1.841170  0.134605
2290  30.572120  796.570157  18.543506  0.111275  1.506545  0.098563
2291  895.188419  1930.060214  19.211071  0.067232  1.634287  0.075354
2292  675.124306  1923.594806  20.278723  0.090178  1.725657  0.118729
2293  277.816005  878.597692  18.109250  0.055175  0.542928  0.090474
2294  1024.036537  1277.548531  18.907322  0.056567  1.285362  0.110851
2296  1730.415239  32.848977  20.281799  0.124648  1.746397  0.140255
2299  1947.763927  508.325829  20.466348  0.100782  2.274793  0.124467
2300  388.339317  1388.478293  20.112532  0.190687  2.055213  0.137351
2301  790.506207  400.448204  21.003224  0.270855  1.855559  0.146176
2303  1599.073656  773.396786  17.782678  0.043187  0.665337  0.100189
2304  816.778505  548.751692  18.697116  0.132341  1.155406  0.086587
2305  890.783691  517.933916  17.651403  0.064181  0.584818  0.067833
2309  1418.357128  648.101869  19.635200  0.116967  1.668267  0.158512
2310  896.540080  1382.077789  18.347422  0.080570  0.858906  0.095181
2311  928.800758  894.791173  18.304918  0.087446  0.695761  0.062009
2312  1023.675391  1061.918655  18.196332  0.097979  1.141059  0.148514
2314  192.182898  1450.165174  20.632242  0.164524  2.262247  0.094098
2315  781.826919  1175.432836  19.677480  0.105302  1.497195  0.108404
2316  1068.892357  1643.120718  19.263858  0.082902  1.282361  0.113176
2318  1084.773401  730.507698  19.469640  0.147900  1.472610  0.064906
2319  16.386396  289.196688  18.785024  0.100443  1.304526  0.057221
2320  996.940604  824.460891  19.497553  0.107892  1.327182  0.066268
2323  811.829465  1821.299458  20.221375  0.082742  1.553696  0.218801
2324  50.850121  694.345782  19.653843  0.184042  1.672792  0.119712
2325  1613.680961  1826.469569  19.862325  0.115932  1.829694  0.073390
2326  795.813006  341.165829  19.071969  0.093896  1.296622  0.053892
2327  1464.297960  1389.848552  19.603995  0.121031  1.402220  0.084647
2329  141.263347  69.467779  18.685475  0.054640  0.991048  0.054841
2331  1641.027653  1773.230518  19.290722  0.064156  1.234457  0.079052
2332  1889.746427  41.981211  20.983881  0.114720  2.544155  0.147913
2333  1447.773528  432.438913  18.888390  0.124622  1.311303  0.106599
2334  12.875151  823.516551  20.734349  0.141365  2.421292  0.114263
2335  1408.939509  1516.386032  19.003171  0.076329  1.244128  0.078685
2336  1168.388212  850.888110  18.567391  0.118506  1.265670  0.115817
2337  1107.082242  1724.301369  17.796681  0.040394  0.522440  0.059682
2338  744.065797  1708.114304  19.414708  0.090847  1.118363  0.086125
2340  1111.956089  1383.188755  20.013990  0.090894  1.749890  0.135098
2343  1909.920142  1340.987507  18.741970  0.082094  1.309404  0.059426
2344  1449.308988  1472.142081  19.118708  0.059388  1.332299  0.073862
2346  706.952697  1109.864888  20.724893  0.304428  1.727068  0.123046
2347  1145.781566  1456.599998  17.802672  0.109472  0.294010  0.058863
2348  1235.009992  1566.159879  18.669231  0.106714  0.694201  0.063890
2349  713.547339  1682.897532  20.539730  0.287988  1.580260  0.090670
2351  926.562299  1025.666955  19.167966  0.061522  0.932952  0.103415
2352  938.094472  2036.656570  19.682413  0.070514  1.401316  0.227089
2356  1089.246958  288.902528  20.787919  0.250708  1.728406  0.113580
2358  734.581228  1585.913953  20.452711  0.098243  1.621042  0.173790
2359  1841.723604  240.300705  19.804402  0.107337  1.472409  0.201768
2360  112.344297  630.898816  19.109202  0.085295  0.939796  0.069166
2361  696.584111  821.754173  17.645710  0.070899  0.019552  0.061212
2362  1690.656240  404.390325  20.916529  0.197093  2.047551  0.113454
2363  907.844631  1746.433532  19.696219  0.198064  1.108098  0.081105
2364  415.193984  1878.563027  18.257997  0.089847  0.459054  0.050153
2366  471.156759  398.919248  19.574481  0.122719  1.437172  0.175354
2368  757.614246  1385.994228  20.427240  0.110298  1.588396  0.233944
2369  1065.606233  706.965478  19.598877  0.067067  1.655927  0.089163
2371  916.588977  1314.690310  20.198857  0.130540  2.202624  0.123979
2373  973.927022  910.246464  18.651674  0.092603  0.511944  0.095626
2376  512.315870  1287.180783  19.396248  0.133717  1.001200  0.148557
2378  1633.354272  1777.562449  19.616189  0.111874  1.471170  0.074816
2379  1433.828339  90.828790  19.806363  0.088785  1.442393  0.072900
2380  730.182693  1787.131536  19.969916  0.169677  1.689705  0.213608
2381  1074.079897  259.616031  19.603734  0.072691  1.658265  0.097081
2382  567.566706  664.566718  20.055382  0.157776  2.546656  0.134556
2383  2001.152682  1167.234479  19.900080  0.079685  1.451895  0.138556
2384  102.881894  818.058951  19.548511  0.154795  1.506256  0.138651
2385  357.927220  1448.460623  19.924173  0.130235  1.263467  0.139500
2387  555.126371  1716.084480  20.657705  0.142514  1.618093  0.110178
2389  760.548512  922.805970  19.460283  0.068266  1.162713  0.197855
2393  1511.859685  1796.224483  17.958424  0.131172  0.395622  0.043453
2394  727.742558  1725.250086  19.019530  0.080985  0.840964  0.079988
2395  1180.443377  952.677580  20.008081  0.079965  1.244077  0.145267
2397  1849.257498  1980.196554  20.199713  0.091892  1.590817  0.208233
2398  1540.590062  1241.189566  20.399900  0.153575  1.824341  0.089744
2399  108.520754  405.678307  19.760918  0.080215  1.260499  0.156700
2401  1204.749622  859.937770  18.234514  0.103263  0.479983  0.082863
2402  416.218580  575.840397  20.123894  0.099347  2.142604  0.088766
2404  1682.632439  2004.173980  20.604717  0.092507  2.414428  0.128435
2406  373.815289  1994.053321  19.450794  0.143350  1.508919  0.124209
2409  917.046551  21.385990  20.105547  0.134004  1.502570  0.155730
2410  163.188151  1323.101709  19.940683  0.150775  1.306917  0.109205
2411  319.224032  10.111290  20.555612  0.124033  1.867212  0.111384
2412  865.256588  774.468521  18.161307  0.060823  0.333638  0.084176
2413  809.689732  672.612859  19.816437  0.075792  1.087105  0.118598
2415  1107.286354  1292.805620  17.928785  0.060908  0.333044  0.049700
2416  5.045486  768.710928  20.097332  0.100744  1.878515  0.125152
2417  856.560236  1849.514535  20.033653  0.138225  1.384711  0.130811
2420  467.028137  472.990836  19.772174  0.153253  1.308292  0.105759
2421  1086.189870  947.774496  20.934037  0.263608  2.007757  0.120263
2423  1287.884443  681.483975  20.176137  0.156209  1.323011  0.105513
2424  1648.301641  274.804151  19.306114  0.098305  1.240211  0.156412
2425  1130.186784  49.958261  19.911470  0.108386  1.745327  0.076908
2426  1139.675346  1316.931540  20.073356  0.153165  1.721513  0.131850
2427  1837.303686  1465.364936  19.429311  0.070569  1.115717  0.099155
2428  1998.616832  1941.566334  19.949789  0.105651  1.525538  0.195633
2430  1247.353378  1098.876245  19.629865  0.099513  1.761048  0.099342
2432  1545.998509  1984.772335  17.913592  0.106469  0.166716  0.073736
2433  1592.989172  68.971560  20.340271  0.142009  1.700114  0.098712
2435  1461.108609  1326.121817  19.884214  0.093341  1.500534  0.087602
2436  948.484492  855.289878  19.517231  0.266522  2.548633  0.129363
2437  332.042670  1592.321247  19.841228  0.093978  1.569913  0.114756
2439  1671.205659  1403.668613  19.553062  0.171038  1.194912  0.123149
2441  1589.827059  779.204359  20.231431  0.126439  1.864051  0.146990
2442  405.178030  1754.370528  20.416052  0.256211  1.909097  0.241569
2443  389.546673  741.381589  19.912275  0.172098  1.407141  0.073051
2445  836.379465  880.080316  17.845798  0.046887  0.183485  0.067114
2446  136.980342  665.864397  21.036224  0.146973  2.384992  0.206094
2447  996.041941  860.984118  19.943659  0.192154  1.287693  0.143779
2448  1679.735872  180.056713  19.834012  0.179119  1.027734  0.182241
2449  211.124613  148.681800  20.488064  0.151080  1.731028  0.095400
2450  684.411707  1861.897329  20.032209  0.101832  1.487632  0.147157
2451  1539.799349  1886.844583  20.745423  0.252206  1.731743  0.228525
2453  409.288531  940.666246  19.697572  0.083000  1.563075  0.098346
2454  890.732821  1646.049996  20.867998  0.169949  1.679842  0.140338
2455  1918.212791  595.537971  19.243086  0.125594  0.969874  0.096876
2456  1793.275683  1887.247722  19.797548  0.191167  1.231019  0.108503
2458  969.119960  114.653885  20.380188  0.135462  1.550798  0.148591
2460  1750.737556  1320.790720  20.330264  0.234110  2.084623  0.142383
2461  445.270580  1002.522241  20.942176  0.116953  1.752719  0.137428
2462  69.104495  1820.415854  20.623524  0.184222  1.591968  0.143889
2464  1017.544247  1784.059877  18.154321  0.061943  0.063622  0.054158
2465  131.166971  660.901599  20.940497  0.127497  1.198187  0.149907
2466  1549.830746  257.205920  20.684995  0.184733  2.481857  0.183248
2472  478.323235  1590.042863  20.589866  0.165844  1.224214  0.147973
2474  423.747064  1013.980062  20.468481  0.125696  1.612912  0.100307
2477  1353.745562  1689.926655  20.084879  0.224785  0.756521  0.244824
2487  697.905381  391.755312  18.477714  0.131679  0.217797  0.098901
2491  446.269893  1778.499156  19.649436  0.200160  0.998098  0.115689
2492  1837.163136  1847.435628  19.790155  0.111882  0.940465  0.203474
2493  1862.758547  1714.981246  20.473441  0.236472  1.559221  0.117406
2496  819.398880  951.960450  21.243657  0.177101  2.128674  0.276890
2499  85.517461  1219.962602  19.530168  0.103056  1.012722  0.129967
2502  1489.506465  421.990633  20.225464  0.118956  0.917155  0.124936
2505  64.604317  105.667138  20.760822  0.135032  1.591931  0.178254
2506  628.915347  883.134867  20.683765  0.116036  1.770567  0.172210
2507  53.712913  312.233757  20.947171  0.174556  1.619526  0.143604
2511  1309.209036  1600.471148  21.017049  0.217790  1.855236  0.138228
2516  1781.025329  1395.238122  20.325286  0.099578  1.070370  0.221169
2518  520.456830  551.096506  19.633882  0.089182  0.786377  0.110429
2522  1558.562055  551.665206  18.943285  0.059825  0.570094  0.073373
2523  773.973251  1639.754823  20.773445  0.116762  1.443827  0.134273
2526  29.615117  242.471410  20.892600  0.186466  1.583035  0.141331
2528  1962.474563  342.451552  20.778874  0.205594  1.622889  0.168830
2529  58.103559  960.997844  20.616608  0.254246  1.067918  0.159293
2534  223.962072  2007.266916  18.667577  0.119067  0.358181  0.106990
2536  612.744920  29.524819  20.195599  0.135834  0.807502  0.158140
2540  228.067815  473.001311  21.131154  0.136969  1.883848  0.233781
2543  1875.162337  1555.124881  20.778638  0.244775  1.971441  0.257848
2544  212.047380  1510.010789  20.057139  0.115275  1.177162  0.160524
2550  590.911386  373.727597  20.595900  0.128462  1.560359  0.125540
2551  201.952049  247.512461  20.338487  0.098919  1.971482  0.349910
2553  884.038895  1868.593372  20.736492  0.144716  2.628357  0.107470
2554  745.638226  1870.538052  19.889815  0.260910  1.084866  0.084853
2563  1854.435813  62.168441  20.484783  0.161696  1.600938  0.152245
2566  1657.265620  1146.014331  21.346715  0.229054  1.764960  0.179333
2569  814.423700  42.086699  19.165608  0.109753  0.814317  0.110011
2575  1445.028788  492.211544  20.247046  0.200930  1.498549  0.147748
2578  843.524448  1773.779805  20.629517  0.359598  1.693359  0.128113
2584  1085.516043  1817.393080  20.832950  0.288349  1.152814  0.161717
2598  1280.870852  1950.421034  20.974198  0.411960  1.940529  0.235958
2611  1883.770485  1991.032706  19.697624  0.071231  0.487568  0.085295
2620  456.972016  690.552435  21.236489  0.145542  0.005579  0.395293
2630  1857.548510  633.275966  20.703422  0.230307  1.376963  0.256760
2633  520.778178  1677.321411  21.189344  0.266940  1.197889  0.255012
2646  32.842954  2005.645048  18.967919  0.073304  0.096335  0.063474
2650  920.441427  2041.817663  19.647328  0.186262  0.534583  0.083880
2653  1175.174141  131.582607  19.971193  0.198360  0.691149  0.078768
2660  1834.464648  893.316103  20.414978  0.212220  0.694322  0.243001
2676  397.376531  661.905278  20.931113  0.195219  0.562814  0.263327
2695  1589.711099  1207.804794  20.355576  0.195638  0.656390  0.096369
2704  954.433348  1257.828552  21.586052  0.248503  0.745502  0.180481
