# id  x  y  V  eV  BV  eBV
150  1138.632151  1000.338227  21.102696  0.190090  1.297189  0.245176
152  1123.474227  908.426322  21.232044  0.143155  1.603588  0.197460
159  984.759173  1044.873257  21.690500  0.215539  1.693396  0.153582
160  1117.741384  1061.448765  21.070024  0.157275  1.609527  0.130015
164  941.805916  1072.877302  21.033798  0.274007  1.421924  0.144250
172  1009.647473  1080.844739  21.531532  0.282284  1.580860  0.181792
175  957.607383  1072.910807  21.088552  0.164507  1.666593  0.137533
188  1063.791043  1148.448399  21.075035  0.145159  1.253386  0.135266
190  1059.174093  1163.924460  21.001545  0.121635  1.299772  0.338102
195  1041.943798  991.733309  20.753612  0.148714  1.344034  0.157033
197  1116.404388  880.082371  20.740359  0.175441  1.478285  0.132370
199  1102.452122  870.225674  20.798785  0.329552  1.547013  0.111244
1100  981.749780  1036.430909  20.972234  0.147943  1.597082  0.211171
1110  882.785116  894.095360  20.955626  0.176448  1.270036  0.124478
1113  1188.431565  1188.709601  20.833358  0.177270  1.436656  0.173131
1116  1106.173071  1236.600279  20.702376  0.192506  1.391211  0.102546
1117  845.556552  917.897359  20.988509  0.144656  1.430857  0.123330
1120  956.501463  1028.232581  20.584500  0.105706  1.346454  0.237540
1121  968.742605  1147.975741  20.484102  0.170725  1.657167  0.155585
1122  986.651935  1005.303194  20.671091  0.116675  1.408076  0.128332
1125  988.675502  1198.992650  20.864962  0.144119  1.553215  0.227102
1126  1041.063588  1028.519834  20.800933  0.113584  1.408390  0.128315
1127  1126.579794  988.397076  20.697819  0.230884  1.350534  0.173218
1128  1114.234348  1206.894100  20.675981  0.138871  1.241906  0.193190
1129  946.400317  1052.124938  20.545482  0.156902  1.558825  0.121949
1131  999.613645  991.521444  20.436467  0.164603  1.371816  0.136088
1132  949.963121  1034.375148  20.331594  0.202210  1.147226  0.146434
1133  1219.600998  1038.550938  20.594908  0.227602  1.033229  0.262296
1135  869.503181  1062.270710  20.690198  0.152796  1.280549  0.101611
1136  1042.035712  1152.306483  20.565152  0.154029  1.551032  0.156351
1137  1227.742802  1068.978975  20.782861  0.215387  1.882986  0.352240
1139  1141.353615  1070.555156  20.373531  0.138032  1.537741  0.143799
1140  848.056832  937.513882  20.495820  0.219314  1.451670  0.187483
1142  993.131233  1026.048430  20.706733  0.098636  1.280663  0.121459
1144  1046.635745  1098.404741  20.505520  0.138671  1.525152  0.133077
1145  1097.949143  1069.702738  20.532235  0.107917  1.576912  0.118034
1146  1061.941780  1187.433124  20.619329  0.229817  1.413507  0.331412
1149  898.175406  1034.243768  20.175174  0.229916  1.144773  0.214235
1150  990.548255  996.412518  20.366807  0.144033  1.264336  0.116905
1151  1029.911572  1101.764690  20.698281  0.131973  1.533857  0.089750
1152  953.581158  1029.195100  20.638511  0.119917  1.247121  0.154091
1154  1190.004756  1073.449554  20.774420  0.219773  1.226930  0.168974
1155  983.528940  979.557704  20.539699  0.108523  1.364773  0.154135
1156  955.383235  1133.929390  20.376397  0.102011  1.493511  0.185951
1157  945.404928  887.372841  20.231503  0.191556  1.458323  0.180162
1158  990.058209  1090.516439  20.542943  0.159699  1.258428  0.147209
1159  1118.282179  1089.240064  20.783235  0.096799  1.252049  0.167328
1160  1077.341307  939.199795  20.612628  0.106753  1.129073  0.142510
1161  904.335421  1054.060073  20.425471  0.102724  1.287485  0.270798
1162  946.324029  1043.354767  20.148074  0.238090  1.247902  0.112935
1163  1082.557870  949.704253  20.340121  0.146044  1.521163  0.137703
1164  1137.276908  989.886628  20.264516  0.097451  1.300159  0.097495
1165  990.800486  1050.865480  20.356458  0.124905  1.369088  0.146605
1166  1026.359501  1107.148452  20.335068  0.169567  1.470388  0.126789
1168  935.917425  1095.234703  20.398032  0.132914  1.669137  0.292033
1169  1145.428091  1163.591496  20.407371  0.116288  1.187940  0.138761
1171  952.559084  1013.006377  20.166320  0.207207  1.379897  0.179848
1172  954.954650  1000.587817  20.294272  0.083490  1.143478  0.156558
1173  1041.017631  987.508634  20.518531  0.143568  1.472933  0.121322
1174  1050.088735  1121.356063  20.571765  0.176232  1.624357  0.158269
1175  980.206756  976.539873  20.200213  0.183352  1.715922  0.236500
1176  909.534003  1003.174687  20.250093  0.143206  1.328229  0.225688
1178  1033.699717  1033.808609  20.530030  0.160236  1.442696  0.097656
1179  1052.624425  1047.036232  20.306516  0.105224  1.445733  0.119684
1180  818.335334  1077.082624  20.227139  0.256013  1.416780  0.166183
1182  938.649211  985.326572  20.350386  0.169349  1.453420  0.253669
1183  911.563796  956.519608  20.002725  0.131378  1.114215  0.220474
1184  956.355379  875.478241  20.154943  0.255124  1.354263  0.096258
1185  1128.410624  1057.461187  20.365032  0.121091  1.211653  0.140774
1186  926.081741  1023.592837  20.227188  0.173632  1.269332  0.217430
1188  940.023665  981.714719  20.425356  0.109788  1.391123  0.089508
1189  1038.252052  957.182853  20.408143  0.187821  1.286089  0.162446
1190  841.294582  1064.097382  20.090711  0.094818  1.305056  0.090963
1191  938.984366  999.607788  20.136194  0.099936  1.170681  0.148936
1192  1054.049423  920.860877  20.042759  0.094131  1.433844  0.176163
1193  851.577815  1001.058796  20.151179  0.255670  1.165559  0.113439
1194  906.822083  1097.661563  20.201424  0.096086  1.366537  0.123519
1195  1041.766932  954.164552  20.195465  0.159089  1.359339  0.245863
1196  973.020324  1133.564826  20.006826  0.193849  1.328858  0.170819
1197  917.010657  967.374418  20.206173  0.123422  1.378260  0.158651
1198  1069.583094  1064.428974  20.098955  0.152025  1.266312  0.122304
1199  913.036308  1034.190664  20.154134  0.249584  1.422462  0.120940
1200  1063.585812  991.961272  19.976729  0.167121  1.491927  0.133518
1201  1109.985567  873.528115  20.147588  0.169622  1.464165  0.112579
1202  1163.630428  1087.825940  20.046361  0.126233  1.708214  0.239141
1203  1093.593252  1101.937889  20.197251  0.117829  1.298441  0.108465
1204  1030.697677  983.818650  20.066133  0.090549  1.190861  0.108734
1205  1036.478341  993.422049  20.124952  0.078932  1.321290  0.083815
1206  1002.870661  961.624883  20.135645  0.079956  1.398247  0.140836
1207  1066.791895  1029.905408  19.889549  0.122938  1.450899  0.087904
1208  1074.653676  978.413752  19.957113  0.092547  1.686539  0.228036
1209  1157.633536  1081.050358  20.094212  0.086810  1.457916  0.159342
1210  966.087823  1070.836285  20.035162  0.093535  1.169116  0.125693
1211  921.854157  1172.615250  20.147292  0.142632  1.382765  0.092608
1212  1069.901865  917.534228  20.045563  0.124733  1.277178  0.093781
1213  928.670269  875.696845  20.127391  0.097060  1.368969  0.090700
1214  1080.562074  1049.389711  19.899977  0.124579  1.129200  0.138937
1215  1033.518674  1028.298670  19.977229  0.116287  1.346438  0.173720
1216  1005.261967  1100.015882  20.047701  0.198950  1.279586  0.103884
1217  1037.807555  1023.351788  19.795097  0.185340  0.904318  0.189403
1218  1035.357573  1094.070026  20.041299  0.093418  1.291570  0.151102
1219  921.457766  1054.967910  19.987481  0.173059  1.410226  0.148809
1220  1180.104028  1033.053921  19.957972  0.117714  1.341131  0.121771
1221  1161.057915  863.890248  19.755128  0.154837  1.372520  0.150416
1222  1021.891809  1191.251436  20.006032  0.148180  1.298331  0.077872
1223  1179.315180  1126.477353  19.903621  0.112838  1.323401  0.121301
1224  1025.650606  1004.050043  20.028245  0.123403  1.251330  0.180187
1225  1134.510858  987.543921  19.802998  0.077012  1.462822  0.160371
1226  1017.929380  991.426253  19.882857  0.139872  1.367165  0.145654
1227  1031.724073  1116.221542  19.961963  0.085764  1.257786  0.095974
1228  949.506417  1018.444329  19.976733  0.073930  1.118889  0.132585
1229  1161.022935  1099.812475  20.033672  0.085511  1.201427  0.124542
1230  946.248643  1009.887416  19.877200  0.107604  1.389545  0.138347
1231  997.211607  1119.303209  19.896070  0.115319  1.522610  0.234068
1232  1074.582262  1110.156349  19.691862  0.139041  1.454990  0.101356
1233  993.151611  1064.546161  19.916036  0.096309  1.258396  0.090396
1234  984.300646  981.529600  19.960689  0.095346  1.425052  0.097686
1235  1044.243681  1015.585710  19.584574  0.141122  1.277723  0.073816
1236  1088.326308  972.009185  19.848003  0.156740  1.254616  0.164139
1237  1087.614382  1131.327201  19.718666  0.285209  1.407021  0.122810
1238  1042.436731  1177.505546  19.920087  0.097957  1.228674  0.090949
1239  960.102339  971.048100  19.888423  0.087170  1.352981  0.221719
1240  1010.424750  1242.114990  19.738007  0.106458  1.242082  0.099339
1241  1088.335954  954.722570  19.696452  0.090733  1.114186  0.127023
1242  1095.284920  991.393997  19.690761  0.071105  1.357482  0.146874
1243  1085.587517  957.011661  19.666311  0.114862  1.518557  0.188488
1244  941.873336  1094.433894  19.654159  0.148637  1.431896  0.093593
1245  1080.434729  1010.566615  19.670115  0.092802  1.174100  0.092050
1246  1078.891131  1057.168282  19.579016  0.126730  1.404366  0.083744
1247  890.688696  1046.714655  19.544292  0.079702  1.216457  0.083488
1248  958.192640  1049.420554  19.599413  0.087655  1.295432  0.079789
1249  910.780375  1028.463821  19.616332  0.078848  1.320247  0.087354
1250  1020.841165  1070.247567  19.673988  0.069205  1.586852  0.172408
1251  982.580531  979.234365  19.777335  0.097410  1.245580  0.084292
1252  991.011635  1022.258442  19.584735  0.102098  1.145699  0.126532
1253  1152.273920  1150.094582  19.583174  0.112968  1.173978  0.105603
1254  1127.377306  982.350336  19.714231  0.088641  1.337980  0.108811
1255  1037.213532  952.439583  19.538940  0.204543  1.352724  0.132425
1256  1018.315448  1018.236068  19.535310  0.107689  1.343732  0.109457
1257  984.381030  1064.687350  19.376354  0.148617  1.322436  0.116543
1258  1097.597809  977.725604  19.501169  0.093356  1.389882  0.119403
1259  1041.350349  908.003369  19.574017  0.078054  1.556372  0.179966
1260  1140.751176  893.533389  19.796240  0.172465  1.292284  0.167229
1261  902.872678  1001.337324  19.462618  0.068831  1.167230  0.101901
1262  1165.445161  1007.128740  19.614470  0.064912  1.471938  0.142466
1263  1108.246200  1085.012337  19.426338  0.132726  1.092548  0.216040
1264  1066.824786  1201.504727  19.483875  0.068872  1.330570  0.072607
1265  1083.529482  1055.193334  19.560983  0.073361  1.390539  0.066512
1266  1022.283674  1012.051169  19.320549  0.229861  1.436871  0.111327
1267  1056.820183  1025.471590  19.502863  0.113968  1.258626  0.141812
1268  1178.055291  1039.016120  19.428951  0.117919  1.251058  0.098051
1269  1022.748385  1038.165012  19.445972  0.154487  1.256366  0.166011
1270  987.913748  998.697697  19.538045  0.077907  1.522955  0.150224
1271  1046.655980  1095.275090  19.523016  0.083234  1.300843  0.105702
1272  808.782848  938.295603  19.343402  0.076526  1.080387  0.116003
1273  1034.338652  971.949138  19.641294  0.100431  1.456792  0.100244
1274  873.039094  1159.393116  19.543801  0.190354  1.131512  0.081561
1275  1135.444050  1062.759281  19.236726  0.103578  1.244681  0.087957
1276  851.257139  926.052332  19.443970  0.087503  1.295107  0.109747
1277  1077.061468  1169.497129  19.439954  0.088631  1.407914  0.102506
1278  1006.012948  1080.369295  19.382077  0.140459  1.294398  0.064013
1279  867.804488  991.836119  19.306701  0.099964  1.551530  0.182317
1280  894.390845  1055.417487  19.630599  0.144586  1.424596  0.080739
1281  1070.229484  1062.873580  19.254235  0.172829  1.282527  0.098077
1282  942.738555  864.153866  19.515355  0.109511  1.467729  0.231072
1283  1105.816351  997.861847  19.348247  0.090396  1.261415  0.097978
1284  1076.040581  1096.075653  19.219717  0.069692  1.151268  0.158678
1285  1119.552717  1029.646889  19.022115  0.117395  1.433947  0.101214
1286  1107.063009  1100.372173  19.344593  0.208962  1.413311  0.081443
1287  1100.351263  1033.626972  19.181688  0.108254  1.228960  0.080390
1288  984.282030  998.049526  19.187302  0.155335  1.174548  0.110082
1289  1092.542587  1157.513933  19.111669  0.109547  1.268686  0.059578
1290  946.315059  972.074250  19.203534  0.108202  1.250246  0.086152
1291  1057.581711  1246.935982  19.091030  0.156067  1.265915  0.072019
1292  939.799265  946.979922  19.167528  0.082551  1.310620  0.064733
1293  868.572652  912.722432  19.168204  0.100645  1.277493  0.076440
1294  1009.121710  1114.170737  19.141005  0.063882  1.358249  0.089885
1295  1134.237123  983.702651  19.026476  0.082943  1.226658  0.060230
1296  1129.869763  1140.097884  19.218492  0.089259  1.197767  0.111978
1297  1099.720909  1063.301980  19.164291  0.086252  1.397990  0.102463
1298  1064.824095  1001.968456  19.140755  0.067637  1.314870  0.079977
1299  958.462280  1085.886648  18.959435  0.092918  1.394038  0.135348
1300  1206.240686  1025.788559  19.083887  0.163599  1.164899  0.087790
1301  943.327171  1111.090934  19.159376  0.074693  1.329808  0.086267
1302  1157.844152  967.176008  19.124983  0.092242  1.351670  0.113766
1303  988.970271  1010.220872  19.005906  0.058335  1.263070  0.084084
1304  927.992668  1143.908291  18.984457  0.086488  1.254763  0.081270
1305  1085.316628  938.682081  18.923073  0.125017  1.217275  0.176590
1306  1040.493179  1023.877714  19.068833  0.069978  1.181313  0.135420
1307  1089.079030  1211.060634  18.946180  0.056496  1.285301  0.181671
1308  911.139430  900.960768  18.871013  0.088320  1.256465  0.101692
1309  945.696215  1033.438536  18.936660  0.062974  1.248066  0.104853
1310  1066.706186  933.952205  18.777477  0.073705  1.304788  0.144507
1311  926.024090  1106.886226  19.034720  0.103267  1.253411  0.108166
1312  983.016878  1138.526065  18.784545  0.112770  1.077143  0.090088
1313  1100.989338  954.752020  18.837457  0.086819  1.166085  0.179653
1314  1073.168957  999.990661  18.803878  0.148701  1.279774  0.084028
1315  956.915077  933.060628  18.759009  0.121521  1.253068  0.091679
1316  1138.356511  1090.203546  18.762750  0.081823  1.216933  0.052217
1317  1024.690627  931.455816  18.681976  0.153021  1.234958  0.053574
1318  1184.926106  947.642634  19.267642  0.192848  1.058584  0.133186
1319  1028.005253  958.430372  18.790431  0.053267  1.181283  0.076991
1320  1048.267633  1050.984284  18.795387  0.074062  1.239711  0.145133
1321  1051.391058  1065.141596  18.743290  0.053611  1.113333  0.116216
1322  1097.861571  1165.499515  18.829030  0.085007  1.176553  0.059738
1323  1141.215068  876.433162  18.797079  0.069531  1.178437  0.086391
1324  1043.075400  858.193818  18.728735  0.052105  1.265082  0.113727
1325  944.004751  1097.250243  18.622399  0.079386  1.185850  0.092652
1326  1095.615898  1104.625172  18.493363  0.122086  1.235071  0.066898
1327  1093.453312  883.286979  18.696854  0.068952  1.240361  0.078534
1328  978.606019  1059.469271  18.577820  0.090975  1.155028  0.081716
1329  936.770847  879.938335  18.726866  0.060242  1.183658  0.069506
1330  1081.117491  935.608832  18.453898  0.150628  0.937989  0.107146
1331  1050.289930  971.999949  18.447601  0.065317  1.325952  0.101949
1332  898.524938  840.029962  18.523580  0.061701  1.196318  0.057104
1333  1012.760883  936.222945  18.439638  0.085088  0.971968  0.107293
1334  1075.261665  1152.895877  18.501554  0.070302  1.159820  0.073113
1335  814.698250  956.599972  18.752059  0.141183  1.132704  0.062875
1336  1100.367524  948.402872  18.495362  0.106020  1.179008  0.088449
1337  985.646305  1090.293699  18.485443  0.084376  1.058440  0.063496
1338  1067.550331  977.761219  18.410538  0.058401  1.254390  0.049435
1339  1057.763574  1036.297953  18.399578  0.070141  1.059667  0.111781
1340  1129.842872  952.625234  18.292849  0.062098  1.203117  0.075864
1341  1011.606118  885.857751  18.347009  0.093385  1.052652  0.096226
1342  1077.272842  1142.713856  18.211891  0.070635  1.204691  0.051166
1343  1159.032545  1099.473285  18.270993  0.067331  1.169713  0.055196
1344  1172.394250  1132.968714  18.286876  0.063412  1.141913  0.046008
1345  956.924846  967.468667  18.415185  0.067724  1.246882  0.061192
1346  1135.012741  1004.667781  18.115417  0.062006  1.301531  0.060250
1347  1089.449574  919.309947  18.137213  0.079130  1.568149  0.141860
1348  997.040722  1009.109258  18.336361  0.118964  1.131202  0.084544
1349  936.908308  1140.317594  18.160451  0.054972  1.022922  0.075829
1350  1127.252541  1163.005092  18.118020  0.061420  1.204569  0.050173
1351  1102.498365  1032.989491  18.122530  0.117042  1.002245  0.103332
1352  874.034033  1114.257818  17.990219  0.089285  1.020696  0.059520
1353  1033.411727  1030.944236  18.100139  0.101305  1.121671  0.066790
1354  1043.886100  885.456507  18.020724  0.050560  1.110240  0.071044
1355  1096.593367  1041.529098  17.859677  0.101730  1.056042  0.094412
1356  853.651210  1052.443259  17.830083  0.042724  1.116455  0.055059
1357  1120.762163  949.610230  17.968678  0.044197  1.096840  0.053510
1358  1126.872105  1015.175496  17.699155  0.095212  1.101019  0.045115
1359  932.152259  1099.821548  18.016743  0.093025  0.893354  0.099987
1360  984.975360  1022.975222  17.915772  0.061984  1.060465  0.068166
1361  1098.178314  1064.621752  17.932762  0.083736  1.002800  0.079921
1362  987.586089  1081.735721  17.756194  0.045222  1.089677  0.089608
1363  1010.903716  1015.797105  17.781133  0.058919  1.074582  0.066735
1364  860.610048  990.844989  17.805308  0.066200  1.019917  0.064973
1365  1128.398991  1060.040376  17.717239  0.102440  1.006122  0.069164
1366  997.532611  1134.500434  17.766077  0.069510  1.001974  0.065427
1367  1056.771338  1045.314130  17.754571  0.044750  1.138801  0.046336
1368  946.137989  1186.453852  17.822164  0.066320  1.056962  0.088300
1369  999.340257  1047.957238  17.820224  0.088578  1.073221  0.054157
1370  1001.410068  1147.306701  17.612587  0.103531  1.132543  0.050670
1371  972.014633  1036.198461  17.808947  0.078196  1.054516  0.042159
1372  983.572275  1005.916283  17.668177  0.068179  1.166844  0.046359
1373  1066.385367  1129.967616  17.625309  0.063162  1.167274  0.091118
1374  900.375818  1091.370844  17.619538  0.042360  1.042639  0.042259
1375  1095.105638  875.660370  17.483492  0.037931  1.031259  0.049667
1376  953.260687  937.910825  17.333373  0.124664  1.215613  0.088697
1377  1162.094162  877.552579  17.413781  0.059123  1.036736  0.074778
1378  1049.171149  925.269688  17.414769  0.044520  0.946786  0.070216
1379  1007.206851  1104.262615  17.361331  0.048727  0.955142  0.044007
1380  1164.357018  1091.105587  17.359642  0.114409  1.126822  0.055375
1381  1069.501379  883.541893  17.254009  0.076689  1.024929  0.059542
1382  1027.731292  879.544177  17.095089  0.068879  1.022979  0.095444
1383  995.470746  1067.324150  17.084573  0.058266  0.877439  0.090558
1384  987.801354  936.823808  17.131882  0.051691  0.853206  0.079124
1385  977.556931  859.248538  17.011275  0.068129  0.932365  0.067271
1386  1081.259110  1178.734019  17.010009  0.035723  1.002997  0.057394
1387  973.660590  1168.445850  16.902786  0.074945  0.947156  0.043198
1388  887.258747  1077.922734  16.864899  0.057863  0.907392  0.044343
1389  1030.884024  1013.069210  16.927783  0.045329  0.891148  0.088123
1390  1104.889754  839.410688  16.983933  0.066051  0.826392  0.039190
1391  993.800376  981.369979  16.829259  0.074453  0.967033  0.056576
1392  1112.871076  1016.744489  16.828422  0.055358  0.990803  0.052008
1393  1009.689477  904.954962  16.756933  0.064895  0.894965  0.035274
1394  1006.563267  1091.246572  16.781203  0.046444  1.005021  0.062925
1395  1006.731756  1024.806072  16.728417  0.042826  1.038419  0.086827
1396  1140.707226  1132.724060  16.769782  0.044906  0.775273  0.054847
1397  1048.086897  985.100923  16.667195  0.061434  0.900667  0.060848
1398  1085.907108  1044.928307  16.634982  0.041969  0.977613  0.078172
1399  873.815020  999.518556  16.607663  0.063775  0.888868  0.035674
1400  1078.633103  1055.130624  16.527928  0.092360  0.905074  0.030912
1401  1046.655611  870.014812  16.371575  0.068249  0.818851  0.030959
1402  1068.666798  950.328771  16.430919  0.048995  0.781507  0.033269
1403  1072.557916  1063.067771  16.335131  0.035065  0.691228  0.072261
1404  1102.564086  1035.205980  16.263939  0.036506  0.645838  0.067738
1405  1141.416530  918.777672  16.266076  0.028346  0.813338  0.071430
1406  1049.814733  1105.017774  16.259401  0.036367  0.826944  0.045186
1407  970.747761  1057.686897  16.212138  0.039037  0.680452  0.031444
1408  1017.689498  1006.390292  16.167907  0.034567  0.830098  0.043379
1409  1040.347116  1044.211487  16.175483  0.084298  0.743906  0.030197
1410  1001.421271  974.396600  16.024003  0.040910  0.702992  0.059861
1411  971.031429  1001.162957  16.085372  0.039427  0.768269  0.034006
1412  937.762959  974.283776  16.073028  0.045730  0.694583  0.090357
1413  998.695342  1071.086510  16.026144  0.033402  0.736043  0.028630
1414  1080.829788  976.749507  15.873652  0.064238  0.819512  0.048260
1415  1041.847869  1028.073697  15.939628  0.090499  0.669317  0.031672
1416  1069.098701  1080.738079  15.850414  0.041373  0.740100  0.052243
1417  1048.057119  1048.219259  15.737846  0.041896  0.722738  0.088561
1418  998.916628  1175.467438  15.652980  0.046121  0.647657  0.056675
1419  828.053074  1063.115264  15.579600  0.036871  0.666440  0.033084
1420  951.255880  922.412646  15.584620  0.025996  0.627375  0.035879
1421  1016.875233  1164.014674  15.589339  0.044434  0.612767  0.040015
1422  1081.419612  867.500790  15.542052  0.025704  0.716093  0.037915
1423  993.574523  1023.481426  15.529567  0.049209  0.626477  0.030206
1424  869.238149  1011.959869  15.467751  0.041764  0.640426  0.040838
1425  965.265674  1195.513487  15.447400  0.025172  0.641094  0.027310
1426  1008.382956  1216.606454  15.429513  0.042525  0.621180  0.050700
1427  1177.394258  1121.998049  15.413143  0.040203  0.562507  0.048370
1428  942.769398  1001.337160  15.358152  0.059750  0.638085  0.039627
1429  1007.065518  1097.815962  15.437484  0.055579  0.663763  0.058305
1430  1041.866998  946.281329  15.213419  0.049990  0.627909  0.040740
1431  1203.061268  1014.204928  15.205494  0.061918  0.638731  0.035959
1432  924.461363  1179.628339  15.121617  0.025920  0.617335  0.074101
1433  1096.807240  1092.559831  15.063186  0.053826  0.546451  0.024339
1434  1122.277069  1016.771011  14.988844  0.037945  0.538684  0.026632
1435  1048.098406  1042.584863  14.830094  0.052723  0.539088  0.036222
1436  1003.396731  1120.682844  14.764039  0.046891  0.525470  0.051636
1437  943.497687  969.349304  14.694592  0.046216  0.507840  0.034617
1438  917.164872  1025.312461  14.662038  0.040412  0.510914  0.038848
1439  1106.214707  1124.563087  14.736844  0.063951  0.475992  0.060542
1440  1013.664154  904.483471  14.594277  0.029029  0.368249  0.068460
1441  1032.375869  1024.083128  14.546315  0.041521  0.502175  0.022573
1442  1160.790016  943.471063  14.410584  0.035512  0.494881  0.033367
1443  1001.895506  987.950490  14.340597  0.030941  0.438762  0.026455
1444  997.796291  1015.576412  14.341547  0.025321  0.420237  0.046470
1445  1020.003471  1005.082685  14.282529  0.026701  0.401800  0.032169
1446  969.173422  1002.672169  14.204972  0.025611  0.423945  0.029146
1447  1034.319401  1060.079043  14.212861  0.030141  0.366397  0.039161
1448  1118.570230  1052.459438  14.063390  0.040229  0.412554  0.048760
1449  960.629780  1086.376325  13.993555  0.022433  0.404004  0.031196
1450  958.572667  949.755290  13.948404  0.033477  0.372298  0.026428
1451  1101.659689  1014.347530  13.825175  0.023010  0.448049  0.054355
1452  890.961654  963.649454  13.806556  0.023041  0.413060  0.053368
1453  935.419781  1083.985449  13.739790  0.030009  0.374673  0.035504
1454  940.501852  1066.886861  13.702020  0.021080  0.356432  0.026294
1455  1068.086518  1032.944108  13.624817  0.032238  0.353663  0.036904
1456  1095.699313  1067.707986  13.592840  0.022890  0.294442  0.041450
1457  1079.014420  909.225513  13.457204  0.046324  0.367309  0.042665
1458  1097.133486  944.308675  13.406235  0.040364  0.273193  0.022930
1459  931.590820  1038.078116  13.400494  0.043041  0.271596  0.026778
1460  960.004628  1019.901972  13.316297  0.027645  0.301400  0.020940
1461  1199.098716  964.463862  13.218552  0.021332  0.178883  0.061947
1462  911.424287  1003.216323  13.116520  0.042521  0.158425  0.036057
1463  1076.234895  1025.334989  13.068966  0.020518  0.187002  0.054642
1464  972.713103  1206.653133  13.017497  0.023900  0.163889  0.029080
1465  1076.448625  1016.047309  12.993788  0.037385  0.166098  0.022582
1466  1030.128599  1137.752146  12.875585  0.027536  0.149294  0.022318
1467  950.049260  1160.358543  12.878912  0.037060  0.134767  0.047731
1468  1108.522312  1069.805711  12.799815  0.024448  0.134207  0.030983
1469  983.681475  922.443919  12.758789  0.025872  0.153459  0.022931
1470  918.337249  1102.223462  12.695800  0.034525  0.183503  0.036577
1471  1027.843625  907.041444  12.662741  0.025076  0.117390  0.031908
1472  1095.343821  1071.770030  12.580129  0.021217  0.130958  0.026685
1473  937.892065  1092.317839  12.459459  0.039571  0.121419  0.046577
1474  1061.342597  986.557358  12.492848  0.032675  0.111393  0.034263
1475  972.254515  1089.207542  12.420778  0.026675  0.105439  0.021011
1476  1014.974546  1156.176445  12.432387  0.036732  0.027483  0.044431
1477  1096.240394  900.646973  12.315374  0.031557  0.089664  0.021263
1478  1002.779873  1162.342707  12.295995  0.025881  0.072642  0.025357
1479  1028.782817  1001.476997  12.162603  0.027998  0.112300  0.021868
1480  991.835730  996.179661  12.273050  0.052043  0.055464  0.060418
1481  1087.592940  1007.780782  12.062843  0.025015  0.101490  0.024160
1482  841.074606  949.303808  12.005435  0.026841  -0.006798  0.039123
1483  997.402808  1062.924022  11.976357  0.031253  0.139254  0.030200
1484  1081.063649  1044.174623  11.935795  0.037262  0.049608  0.031625
1485  1035.392942  1050.390999  11.739744  0.038768  -0.017585  0.064629
1486  918.607176  948.372214  11.647837  0.061961  0.042098  0.022561
1487  928.150712  953.651958  11.581194  0.023615  0.069613  0.036915
1488  997.933793  989.204890  11.471801  0.019578  0.044002  0.019926
1489  895.598674  1152.979333  11.421244  0.046380  0.068645  0.028512
1490  919.263027  1016.261714  11.208429  0.024336  0.052629  0.033859
1491  1148.932956  974.794629  11.098722  0.021702  0.049563  0.016923
1492  1057.167933  1030.638264  10.951752  0.057468  0.001853  0.025239
1493  1211.105075  1064.545997  10.831110  0.020968  0.011587  0.045966
1494  1123.261399  1019.120886  10.649499  0.029830  0.017877  0.045407
1495  881.926287  977.623798  10.325554  0.026034  -0.000957  0.044726
1496  1101.011128  1059.800105  10.018057  0.021050  -0.008340  0.024818
1497  1101.831823  1126.271508  9.568309  0.021849  -0.004882  0.041183
1498  998.030008  933.523517  9.224868  0.026460  -0.055650  0.035219
1499  975.605740  896.698102  7.102175  0.020736  1.210115  0.030809
1500  979.146097  1077.728707  11.670767  0.023631  0.017923  0.048998
1501  1076.813332  929.330115  19.172147  0.081726  1.188141  0.075108
20  224.083438  113.787010  7.034494  0.033270  -0.088633  0.039843
21  559.304440  395.935766  9.980371  0.024378  1.242009  0.017305
22  1786.321075  483.080275  12.832297  0.034373  2.658803  0.030891
23  466.967231  1554.021552  13.643568  0.023506  2.838414  0.043201
24  459.983178  1071.599082  8.980117  0.035891  0.247297  0.029863
25  557.501311  2012.082265  8.170296  0.048145  -0.178525  0.032178
26  1324.968594  260.428061  10.156968  0.019300  0.670274  0.027347
27  1590.102158  19.164680  8.733880  0.034050  -0.220303  0.028757
28  904.262094  898.552140  9.924116  0.028319  0.366721  0.030984
29  1042.377917  1922.102229  10.613778  0.062442  0.862588  0.020776
210  822.546012  1179.792035  12.433181  0.038312  1.397880  0.055384
211  754.637846  688.744480  9.407356  0.052990  -0.133473  0.019971
212  1927.172718  677.405432  10.161851  0.020583  0.049672  0.056379
213  468.464879  1191.355712  10.431479  0.026264  0.193295  0.034899
214  552.016774  452.168219  11.472823  0.024462  0.569781  0.031196
215  337.398734  669.967485  13.017865  0.058682  1.077166  0.046150
216  1051.102036  155.155842  11.713730  0.018474  0.444983  0.021665
217  377.865850  1431.508116  12.113427  0.038967  0.818452  0.026441
218  1212.125263  1359.350552  11.619403  0.029984  -0.000734  0.020224
219  80.330930  954.189445  13.642437  0.020566  1.228568  0.027737
220  1798.206696  195.020750  13.457397  0.041060  1.333965  0.031206
221  1142.123652  261.114292  16.043691  0.047748  2.543984  0.066653
222  321.596249  1974.783718  16.622312  0.080433  2.789298  0.031683
223  1907.073843  1130.973124  12.145297  0.024660  0.264216  0.026418
224  1782.228330  1608.275481  12.136841  0.027108  0.491139  0.019015
225  622.505491  1984.268021  13.320896  0.049580  1.005765  0.022782
226  2041.799771  1431.573497  12.445021  0.025074  0.364956  0.033689
227  185.250367  515.846443  17.445233  0.092519  3.029917  0.038449
228  1462.759212  223.664909  13.415407  0.049180  0.858300  0.041210
229  207.498159  1064.243429  13.851580  0.023141  0.845108  0.033294
230  1707.555386  1341.652866  12.894743  0.043080  0.823171  0.030456
231  1624.627337  1357.887054  13.567648  0.022253  0.722986  0.021872
232  1043.845061  1874.826090  14.191934  0.025977  1.039334  0.028076
233  347.929447  264.334702  13.980616  0.032331  1.075538  0.056936
234  481.727056  1877.205544  13.686310  0.054017  0.972225  0.021431
235  821.146553  1830.268455  12.763117  0.023300  0.410476  0.031550
236  1485.431673  1012.616774  16.177124  0.045403  2.172529  0.040936
237  318.414642  1699.816275  12.835391  0.040581  0.281606  0.018619
238  1493.694822  52.002146  14.990103  0.033878  1.264113  0.038954
239  1813.580819  1486.467854  13.393177  0.045204  0.484409  0.071573
240  1511.228712  818.386537  20.435240  0.098253  4.268261  0.090769
241  1044.525158  1942.679448  13.144813  0.039744  0.070237  0.023459
242  762.511393  1406.962487  13.392356  0.044398  0.346689  0.043166
243  2033.583518  141.547674  16.993256  0.081803  2.348822  0.042362
244  1283.206606  428.008273  19.664503  0.076788  3.607487  0.071380
245  281.904421  113.703944  16.303264  0.059579  1.682636  0.054191
246  1557.806582  2030.696438  13.340175  0.052878  0.260914  0.028894
247  1322.302174  669.821086  13.818059  0.046556  0.538633  0.024574
248  240.858974  855.447912  19.468530  0.082061  4.006464  0.135255
249  1482.673755  1714.296762  15.594659  0.032156  1.504994  0.042697
250  1883.269043  43.188622  16.786043  0.032365  2.421843  0.062459
251  693.194206  1405.188394  12.621904  0.058571  -0.006123  0.038563
252  1022.730182  1224.102771  14.539808  0.087672  0.623744  0.024455
253  898.010271  1765.590101  16.551119  0.061863  1.779085  0.064382
254  1720.579211  1270.156348  16.547556  0.056262  1.883577  0.040935
255  1856.179406  595.004871  17.768610  0.055224  2.339262  0.092660
256  1364.774357  1567.565247  17.661327  0.073174  2.363240  0.088585
257  1178.707169  1108.833315  17.765215  0.048880  2.275060  0.087722
258  1210.658364  310.049485  14.827256  0.030936  0.804864  0.047321
259  1882.821670  809.350183  16.886715  0.094869  1.780735  0.048466
260  1476.780984  309.562460  14.399706  0.036123  0.616473  0.064265
261  1104.056676  1195.884082  15.427218  0.035632  1.101488  0.033713
262  256.919611  888.405828  14.805786  0.045903  0.635017  0.041963
263  769.708528  1501.161596  13.500126  0.030541  0.172904  0.019758
264  1605.361059  265.961923  20.546918  0.104079  3.978262  0.191972
265  598.981965  705.211993  19.483414  0.094285  3.511671  0.143681
266  853.299810  1190.010592  18.585131  0.101112  2.937351  0.060120
267  1801.558602  1332.460718  13.984787  0.057218  0.463033  0.036822
268  10.590801  1967.855316  14.297193  0.024063  0.897639  0.021766
269  822.037074  1831.618319  14.909812  0.060376  0.881905  0.033175
270  692.257368  381.637111  21.285015  0.272084  4.431939  0.116125
271  169.354520  1441.271762  15.023893  0.030076  0.888377  0.035294
272  788.650568  903.872877  14.785201  0.031734  0.582127  0.025354
273  454.291628  1083.589529  14.887032  0.055719  0.405874  0.039543
274  872.983660  1828.841497  15.262556  0.030610  0.783584  0.024262
275  1389.022001  528.813164  15.113059  0.030626  0.606093  0.028581
276  1211.850642  1355.725501  15.330242  0.039214  0.895174  0.051179
277  116.479653  1111.460761  17.248491  0.046197  1.779679  0.052184
278  989.328871  83.728123  16.332590  0.034159  1.171657  0.031064
279  651.844402  179.963019  16.005857  0.031603  1.181040  0.078949
280  1704.079589  1686.441445  17.088997  0.078669  1.686249  0.038104
281  267.298633  66.447022  14.695817  0.028574  0.339633  0.029551
282  1913.903498  1.750599  16.882799  0.090202  1.619536  0.051582
283  1122.801778  1041.265052  19.369447  0.070689  2.864442  0.103252
284  514.484913  1044.502266  16.094816  0.033569  1.135766  0.029393
285  1244.112180  1290.728609  14.041356  0.055406  0.009992  0.036794
286  409.949638  1932.067316  14.855741  0.045012  0.472302  0.088931
287  410.979524  1400.556455  16.297185  0.117813  1.302200  0.050823
288  923.225984  1996.999011  14.369340  0.085222  0.237294  0.067343
289  1628.901156  484.395376  15.750965  0.062642  0.853542  0.040349
290  1726.319468  1765.548060  14.638403  0.050137  0.583022  0.040322
291  406.610448  600.366725  14.467849  0.062882  0.196965  0.022834
292  2014.113134  906.200729  15.532866  0.048409  0.818715  0.045838
293  1607.552917  47.845778  16.972216  0.038980  1.608553  0.062593
294  520.826461  1413.295550  14.903508  0.032843  0.649783  0.025252
295  958.092201  748.511710  18.724449  0.127167  2.538279  0.151273
296  35.913577  1335.660093  16.703309  0.090142  1.630111  0.056055
297  1466.349290  1520.049985  15.329528  0.027672  1.105806  0.049206
298  754.453007  1987.910986  15.018301  0.035974  0.813512  0.029244
299  507.658798  763.641815  15.937494  0.037223  1.134469  0.031736
2100  2035.858036  1366.635845  15.328950  0.035615  0.552402  0.028888
2101  1565.885239  199.926682  16.190814  0.065426  0.870278  0.060131
2102  2000.645901  1423.342896  15.855788  0.055763  1.371098  0.026431
2103  1875.452535  1047.426411  17.005063  0.055927  1.325400  0.048859
2104  1468.783504  112.182783  15.188443  0.031767  0.231804  0.041025
2105  1454.839247  900.905819  19.523786  0.073189  2.694391  0.115685
2106  1536.749161  791.836919  15.407406  0.035337  0.538659  0.066411
2107  1549.184835  155.794515  18.176821  0.045288  1.924866  0.046759
2108  1304.951056  891.088042  17.533742  0.070199  1.573131  0.118344
2109  15.708286  885.284344  14.657723  0.054749  0.185453  0.056057
2110  249.346780  1498.656370  15.689676  0.041395  0.702528  0.067516
2111  1069.195192  579.799676  19.683201  0.090802  2.912660  0.086322
2112  1710.702811  1064.864706  15.724499  0.041877  0.697380  0.085707
2113  639.384718  1666.920896  18.055961  0.057304  1.789721  0.063886
2114  1721.977687  705.606757  15.892434  0.042559  0.698200  0.026625
2115  229.580672  863.212312  17.388463  0.112424  1.735852  0.067055
2116  379.293658  769.021362  15.459762  0.043950  0.834123  0.044778
2117  1073.872115  659.765039  19.188428  0.064640  2.538868  0.123027
2118  1736.015784  1546.472821  18.037744  0.099251  2.013490  0.044325
2119  382.896601  1077.464614  16.085686  0.081782  1.264305  0.028872
2121  1304.057028  1486.241912  15.496042  0.063319  0.692298  0.040804
2122  1698.882318  1254.084381  17.365192  0.040772  1.619023  0.045957
2123  685.524825  371.954219  14.312603  0.025688  -0.105425  0.050171
2124  1649.923387  294.001713  16.179064  0.056294  1.019912  0.034841
2125  1409.974718  1045.173375  14.905644  0.045775  0.387539  0.062900
2126  197.846749  1978.956896  20.245515  0.233969  3.359820  0.122986
2127  1936.073982  417.406854  18.901615  0.123433  2.278207  0.117911
2128  1307.306382  719.328177  16.139164  0.091566  0.812911  0.043184
2129  961.710484  334.317922  18.473834  0.054607  2.486459  0.055815
2130  1071.546224  325.537723  17.677565  0.100123  1.827883  0.080777
2131  1244.638738  1825.220252  16.067864  0.028341  0.757237  0.040349
2132  21.542605  1809.308869  16.975092  0.064509  1.362498  0.033521
2133  244.567812  1077.214111  15.817677  0.036157  1.196978  0.057077
2134  1453.684766  1545.514945  19.812308  0.076696  2.800321  0.101060
2135  30.303158  43.646806  16.709036  0.038340  1.163669  0.056485
2136  193.670485  1167.775052  20.308460  0.116111  3.370611  0.185970
2137  1029.924923  1856.809562  18.043762  0.103920  1.577283  0.045605
2138  986.818995  1495.659174  17.967147  0.119940  1.520824  0.044234
2139  1364.383776  872.432518  16.944010  0.082464  1.103106  0.040135
2140  118.581601  1146.643693  15.169108  0.074265  -0.104144  0.027290
2141  316.390926  1703.096371  17.922533  0.060544  1.775896  0.090859
2142  1109.573277  1245.486363  16.609073  0.033013  0.956916  0.033133
2143  751.592622  1554.474481  17.244708  0.046237  1.281958  0.045747
2144  1760.826404  509.024615  18.908452  0.054068  2.178697  0.061166
2145  114.960483  451.995524  16.274582  0.039229  0.600311  0.066972
2146  2004.739362  1568.030447  17.672401  0.057484  1.482898  0.052749
2147  1154.383989  1006.103688  16.622193  0.054653  1.334112  0.043130
2148  1233.733831  1267.792860  16.649243  0.059011  0.895851  0.079504
2149  1713.358767  788.141764  16.210100  0.055442  1.454045  0.064044
2150  1240.270609  1425.853903  18.906825  0.074002  2.055151  0.069219
2151  650.546123  629.681374  19.122857  0.117744  2.287512  0.103492
2152  716.409378  72.812932  19.396415  0.174458  2.171378  0.064011
2153  808.784476  1284.612945  15.576740  0.029182  0.205650  0.028976
2154  263.584387  314.635558  14.465783  0.042779  -0.337560  0.029131
2155  310.721117  1273.588808  16.887928  0.037343  0.997315  0.046668
2156  327.802110  695.546049  20.051359  0.119987  2.618234  0.098885
2157  1536.178523  897.707962  19.331007  0.063112  2.388561  0.110899
2158  1746.093779  1178.475710  17.704135  0.055802  1.203607  0.104526
2159  1739.377215  639.264556  17.734996  0.091483  1.439065  0.089664
2160  542.871753  706.092959  16.724017  0.066268  1.681396  0.077021
2161  1081.834329  90.694636  18.919494  0.123865  2.098210  0.083226
2162  714.043223  2005.056921  16.673449  0.072275  0.894630  0.073277
2163  1796.509662  1137.536340  19.977793  0.376915  2.717307  0.161933
2164  785.056994  1986.267562  16.099620  0.033839  0.511628  0.058665
2165  1005.005271  1825.075487  17.573131  0.111464  1.247345  0.041000
2166  1409.908908  926.013461  16.356332  0.034176  0.914582  0.061264
2167  1097.275125  328.293232  16.708269  0.055000  0.847711  0.036850
2168  1751.800213  1255.131309  20.171826  0.141243  2.467017  0.202751
2170  340.382840  1684.072696  17.137765  0.081539  1.148349  0.060874
2171  193.109297  158.992461  16.973885  0.039814  1.250546  0.086351
2172  1157.410487  395.993661  15.602761  0.040804  0.335552  0.057161
2173  875.502244  784.233692  16.901976  0.039751  1.580175  0.077250
2174  1012.083318  1503.100365  17.509925  0.059495  1.516885  0.090181
2175  962.212083  1706.655311  17.579930  0.118257  1.251693  0.047150
2176  1192.254679  1356.765112  16.659368  0.065337  0.776614  0.076301
2177  2018.334215  1254.304454  17.297914  0.040801  1.269250  0.038404
2178  639.106839  1992.955703  14.936671  0.067369  -0.106549  0.049926
2179  422.031180  2037.089695  17.449066  0.044666  1.474360  0.066596
2180  927.781646  1224.374165  17.849232  0.101839  1.569963  0.092857
2181  1360.482498  1214.448454  17.942749  0.078797  1.623886  0.115338
2182  1066.345030  1280.156357  16.925098  0.072143  1.027053  0.038763
2183  682.113114  1022.755932  18.461671  0.117820  1.843417  0.057234
2185  442.650796  1269.387170  15.994286  0.044558  0.575194  0.065956
2186  1757.758507  367.962896  17.522336  0.060909  1.352065  0.085409
2187  1366.089614  1467.184251  16.150021  0.035404  0.598349  0.032704
2188  493.346981  1672.377629  16.672435  0.049391  0.907622  0.065308
2189  1258.040792  688.932101  17.139340  0.042148  0.892523  0.044537
2190  241.743659  1199.554171  16.009584  0.040220  0.244043  0.077662
2191  1735.813647  982.103189  16.611366  0.056097  0.608715  0.067931
2192  26.416857  1096.576232  19.005091  0.073639  1.757079  0.179980
2193  544.923601  36.171708  17.523053  0.078538  0.870451  0.072421
2194  691.306628  1794.417294  17.868220  0.078247  1.283498  0.101027
2195  812.643460  94.308906  15.443079  0.050104  -0.275272  0.024175
2196  1176.192892  1362.734159  17.937127  0.089280  1.243815  0.051308
2197  1788.768880  514.881282  17.373819  0.091892  1.097194  0.109124
2198  890.195593  1307.889329  17.122883  0.057467  0.838714  0.064555
2199  316.643686  1229.562463  16.784305  0.061688  1.079533  0.082355
2200  618.800836  1703.345977  20.439892  0.214796  2.918046  0.197982
2201  924.599942  589.712770  17.083477  0.058768  1.014206  0.078450
2202  1651.205431  992.824978  17.330158  0.075892  1.194228  0.062652
2203  1677.934589  73.215181  19.306704  0.124063  2.032818  0.201656
2204  1661.233200  1002.300061  17.411780  0.063039  0.869410  0.042448
2205  1145.014221  113.567467  19.138161  0.095200  1.915236  0.083287
2206  449.964446  1151.835218  19.480942  0.090159  1.936534  0.068461
2207  299.600711  1543.134085  17.353036  0.049244  0.840913  0.129404
2208  434.584325  1451.493816  15.091925  0.041086  -0.465049  0.078956
2209  1727.515960  163.705770  18.031107  0.049564  1.144012  0.095756
2210  39.271703  373.144773  17.028219  0.049746  0.692779  0.070997
2211  1010.131822  1729.608585  19.281408  0.122237  1.740612  0.062483
2212  840.203369  486.513778  14.664382  0.085612  -0.427642  0.024473
2213  693.176559  1945.242068  17.662436  0.055521  0.922961  0.122666
2214  1649.719258  1239.052278  20.211759  0.131723  2.282584  0.077506
2215  889.728686  1350.365665  17.271333  0.079491  1.637056  0.038694
2216  1527.368696  842.744313  19.541931  0.079399  2.106552  0.131429
2217  778.636098  1677.676855  16.497624  0.041757  0.528409  0.038716
2218  1332.334034  1120.455879  18.664275  0.070803  1.726959  0.072320
2219  444.029884  773.446568  17.424061  0.038640  1.505500  0.074763
2220  1430.341950  1313.810371  17.335686  0.063957  0.883241  0.085922
2221  850.354095  160.805815  16.841699  0.040908  0.820397  0.033724
2222  2013.742252  923.803349  17.720320  0.040305  0.880771  0.075546
2223  396.649818  1489.061246  16.986733  0.070109  0.903121  0.055974
2224  802.934416  19.068423  18.523555  0.172429  1.658460  0.058042
2225  1046.921719  659.786705  18.020951  0.052450  1.247722  0.085646
2226  1438.615252  790.916415  17.571613  0.061312  1.341914  0.082221
2228  382.314927  1684.072639  15.288488  0.031831  -0.202053  0.070542
2229  1816.092554  1260.251458  16.256241  0.049905  0.389136  0.077114
2230  929.834437  81.791102  16.632859  0.051199  0.593232  0.031118
2231  483.003752  1494.597185  15.020022  0.029795  -0.446049  0.037869
2232  351.211434  283.306401  17.450066  0.054056  1.182335  0.079007
2233  413.437757  33.997411  18.176543  0.049189  1.362105  0.089708
2235  1576.502995  1205.177253  16.089227  0.091946  0.185483  0.039106
2236  859.313457  951.424939  20.290224  0.146926  2.462765  0.234055
2237  112.294911  1596.475623  18.196515  0.159837  1.314417  0.052245
2238  491.848770  688.624236  18.834776  0.078867  1.929651  0.101570
2239  1184.355331  366.461428  17.436885  0.063562  1.623834  0.130177
2240  581.959547  1856.190686  20.278224  0.152742  2.730981  0.152102
2241  1130.122184  987.439288  18.790810  0.068693  1.742536  0.067084
2242  1195.876724  1396.498112  18.573349  0.180536  1.433441  0.056963
2243  1434.434740  1705.922063  16.568331  0.046750  0.480862  0.048241
2244  1558.192163  1577.951174  19.121106  0.264291  2.033113  0.104393
2245  15.525924  755.741585  17.448158  0.094662  1.135730  0.037634
2246  1276.778582  1191.462081  17.878552  0.053906  2.061032  0.070949
2247  602.584639  1700.073469  17.515933  0.039798  1.440177  0.070933
2248  1501.740407  1967.192927  16.668086  0.081828  0.577694  0.030173
2249  390.455728  818.817782  17.334928  0.040753  1.318194  0.067790
2250  394.230027  917.270956  19.143886  0.081001  1.966754  0.083194
2251  756.829875  130.784985  16.484278  0.052382  0.286997  0.081624
2252  1943.643231  113.802096  17.408645  0.068388  1.545984  0.039541
2253  992.347250  1786.195449  17.152468  0.083575  0.876052  0.054797
2254  554.251037  1279.254529  19.474924  0.117552  2.190785  0.195585
2255  1526.174855  607.781012  19.978726  0.153969  2.501758  0.091177
2256  759.751173  66.424859  17.241332  0.053908  0.829316  0.063365
2257  1059.067644  551.804983  17.226472  0.043547  0.884140  0.057986
2258  898.608869  70.093323  17.960843  0.078677  1.227557  0.106561
2260  653.424334  1257.879030  15.386715  0.024785  -0.027972  0.028354
2261  301.000202  990.796721  19.467876  0.140232  2.199452  0.102082
2262  164.301150  1188.409499  16.108677  0.039233  0.004831  0.032351
2263  2016.702497  1294.700389  17.907101  0.055320  0.890602  0.057136
2264  1339.340812  1135.276119  16.941917  0.043754  0.350691  0.072078
2265  1920.092472  1971.215071  15.874339  0.071262  -0.214917  0.027711
2266  353.410993  1240.965414  16.538168  0.066283  0.098170  0.035699
2268  373.028200  733.431929  17.758635  0.064943  0.794316  0.084987
2269  454.002993  574.869432  16.245136  0.035880  -0.070784  0.057141
2270  42.303700  968.325514  17.742601  0.050176  0.943912  0.095710
2272  1275.238571  832.761435  17.574494  0.060987  0.796591  0.053710
2273  1333.007932  113.670573  18.324554  0.053981  1.536513  0.053596
2274  1009.387132  830.007094  19.992438  0.081232  1.975518  0.118157
2275  1279.207608  1658.898037  17.392544  0.074116  0.809032  0.057193
2276  1131.238625  1459.942304  18.139623  0.094707  1.010461  0.049885
2277  286.852719  837.232175  18.234731  0.120666  0.966244  0.058954
2278  61.017811  831.117824  18.146694  0.110437  1.115725  0.097437
2279  1455.787457  409.407105  18.114188  0.100628  0.977318  0.043030
2280  1257.704243  1645.966390  19.585011  0.164729  1.737671  0.128518
2281  575.058166  71.202377  18.454017  0.082645  1.023031  0.066732
2282  1922.409941  655.546258  17.623428  0.056536  0.977553  0.052535
2283  2047.832967  555.635375  17.213559  0.044165  0.218512  0.100684
2284  1881.622349  828.602225  18.303922  0.050471  1.021124  0.084960
2285  1487.825519  133.356052  17.967774  0.131812  0.979502  0.141155
2286  2034.801723  582.537433  20.584434  0.135814  2.479865  0.139826
2287  1200.827435  1815.009766  20.084377  0.136395  2.346113  0.153484
2288  149.394843  2028.970016  17.993325  0.058087  1.082251  0.044161
2289  249.262221  160.618296  18.767711  0.082405  1.451799  0.107041
2290  356.404898  1845.591416  17.841184  0.047413  0.973995  0.090503
2291  1413.620421  1128.411979  17.139924  0.101864  0.542426  0.071205
2293  976.226501  1772.840268  18.567264  0.076502  1.349093  0.116474
2294  1973.775768  1612.858141  18.449548  0.067895  1.197706  0.065871
2295  2015.411172  1672.976177  18.053135  0.056490  0.993189  0.068808
2296  667.295859  1647.544861  17.406652  0.071406  0.681542  0.072626
2297  1845.453815  797.372303  18.425953  0.060326  1.039295  0.053163
2298  1278.385221  728.460656  18.206072  0.119630  1.042748  0.074123
2299  268.255057  1442.222078  18.993585  0.127334  1.598351  0.116450
2300  1094.948656  1298.638210  18.072775  0.102280  1.585691  0.043187
2301  1560.656416  104.417461  18.594007  0.094352  1.412381  0.054427
2302  1460.328487  581.037008  19.588475  0.145016  1.564095  0.169175
2303  476.318849  545.564145  18.103352  0.051087  0.955791  0.108635
2305  1777.509977  1309.082346  18.122076  0.112376  1.880626  0.075845
2306  1674.035876  515.721437  19.046107  0.121479  1.437497  0.056772
2307  1743.146753  511.986349  17.817600  0.045096  1.085788  0.073660
2308  1230.663649  1591.647323  17.806613  0.060226  0.855877  0.050295
2309  1141.668018  487.000697  18.513432  0.058014  1.064270  0.110326
2310  1553.344512  522.665390  16.929932  0.034604  0.237870  0.070860
2311  1530.576829  732.786055  17.932190  0.058886  2.248945  0.057945
2312  1658.789762  1236.111486  20.529074  0.184199  2.567170  0.242427
2314  1416.428987  1806.922894  18.556700  0.102078  1.249885  0.061305
2315  575.189035  1929.479705  18.447004  0.122331  1.041114  0.109114
2316  238.582601  849.784382  20.423849  0.127397  2.292355  0.140303
2317  1183.672216  1202.547482  19.103413  0.070816  1.423624  0.125189
2318  1013.424764  1918.888081  18.672472  0.060161  1.297547  0.113770
2319  228.854280  919.082504  21.119172  0.233293  3.015966  0.187998
2320  43.794617  1340.843851  18.734363  0.061261  1.361791  0.142322
2321  467.593409  1255.752847  17.919254  0.059124  1.372542  0.110680
2322  803.466357  824.138211  18.887380  0.122720  1.368759  0.057015
2323  1835.101458  658.134688  20.799294  0.163495  2.229651  0.134020
2324  478.229432  653.738821  18.335851  0.078497  1.084644  0.066697
2325  1570.461113  493.115354  18.065781  0.099134  1.893666  0.132407
2326  1549.768128  1243.158633  17.117916  0.116043  0.696365  0.057594
2328  1663.318088  1536.429313  18.733907  0.077493  1.205943  0.097491
2329  367.218040  367.817089  19.970072  0.082156  2.260683  0.111381
2330  1253.902510  605.924217  19.442975  0.083110  1.732230  0.118169
2331  724.223800  1099.567464  15.488988  0.040272  -0.347457  0.029237
2332  86.375292  1137.191942  17.040767  0.036023  0.226881  0.035672
2333  823.736427  693.799473  19.313978  0.137121  1.269151  0.141721
2334  1625.720962  215.289445  19.047655  0.133033  1.540872  0.087088
2335  955.431012  1622.426402  20.549543  0.105602  2.307461  0.118642
2336  1725.233080  978.149720  20.562203  0.138120  2.515514  0.290187
2337  986.294812  1340.428352  17.097727  0.037989  0.382074  0.035766
2338  577.650822  695.537871  17.715652  0.045534  0.859478  0.049765
2339  704.445173  1626.792940  19.923614  0.211001  1.925266  0.178028
2341  1922.662430  1412.962411  18.989546  0.060924  1.534049  0.078268
2342  1879.384690  1769.716763  17.616566  0.093648  0.919415  0.056777
2343  673.435888  220.751758  18.963993  0.118557  1.339591  0.075469
2344  1197.943223  555.757681  17.712267  0.095519  0.775702  0.054513
2345  1590.850901  829.657698  17.849315  0.104827  1.335259  0.069995
2346  763.901563  1213.944148  18.951796  0.117349  1.678810  0.078507
2347  587.612422  271.180396  18.257302  0.097950  1.019466  0.096376
2348  1173.675371  1623.176160  19.945198  0.111784  2.255558  0.162343
2350  1913.199533  722.641351  17.867861  0.058201  0.728823  0.090473
2351  1947.996371  140.052617  17.256769  0.042576  0.762387  0.052477
2352  340.503289  849.697251  17.881445  0.081002  0.817703  0.105925
2353  1684.085669  972.000876  16.348968  0.076816  0.207122  0.054923
2355  1946.824065  64.459357  19.703171  0.083772  2.047737  0.145315
2356  49.283336  84.392618  18.248544  0.057162  1.362640  0.064616
2357  1158.800814  174.883905  17.750982  0.148013  1.260919  0.053127
2358  499.485563  1070.962169  18.283217  0.045458  1.092318  0.075501
2359  1380.081510  98.079796  18.143898  0.099179  1.099303  0.065426
2360  718.529051  1628.165998  17.923397  0.066623  0.922933  0.060906
2361  1573.449745  281.985223  17.691566  0.095996  0.860350  0.078967
2362  527.759753  468.485911  18.678685  0.058129  1.170607  0.127746
2363  1379.323140  991.334974  20.048531  0.087318  2.312037  0.084990
2364  1382.870982  1002.388757  20.217942  0.124568  2.208949  0.105002
2366  366.652595  1472.980883  19.047618  0.055847  1.072808  0.098783
2368  1466.727323  1844.426298  19.122333  0.187077  1.209426  0.132403
2370  1365.482169  1567.642662  18.294265  0.053220  0.794596  0.048771
2371  1147.074996  616.022615  19.065199  0.091889  1.019745  0.084376
2372  363.321645  1069.366451  18.745538  0.067457  1.177962  0.105967
2373  1342.199018  404.224587  18.779650  0.058447  1.139692  0.075614
2374  837.568801  245.337279  19.520080  0.107544  1.567862  0.091548
2376  146.808804  1300.198040  18.495392  0.057921  0.886086  0.073293
2377  1975.351739  1391.529850  20.025099  0.192075  1.488314  0.108043
2378  958.809477  1490.414736  18.552001  0.138190  1.426892  0.053171
2379  1465.639890  1998.888559  18.400139  0.145846  0.694808  0.071678
2380  495.003998  1160.844461  19.678645  0.092496  1.692414  0.086214
2381  738.797942  52.207345  18.860511  0.155387  2.260623  0.093180
2382  122.457557  1092.041930  19.824355  0.146152  1.264948  0.154107
2383  1389.345855  318.837694  18.814696  0.076690  2.005434  0.114767
2384  1718.849910  1860.317659  18.860329  0.105484  1.206315  0.135626
2385  306.468917  706.043916  19.790384  0.236729  1.527288  0.175913
2386  477.077199  644.050448  20.007040  0.084490  1.615627  0.112092
2387  1978.200271  120.340340  19.238714  0.219909  1.448348  0.100467
2388  1486.141408  1667.645561  18.167359  0.049715  0.789815  0.086223
2389  1925.512617  1269.838173  20.267405  0.090804  1.979994  0.137913
2390  87.263455  834.433890  19.782892  0.072531  1.655774  0.072907
2391  1670.380755  997.442935  20.125420  0.142768  1.810506  0.105815
2392  1036.187176  1090.076819  17.199249  0.063966  0.151065  0.042035
2393  410.500412  1312.069733  18.938375  0.165826  1.126086  0.060201
2395  1148.702286  1330.581593  19.184412  0.083080  2.303983  0.084135
2396  36.775832  818.858490  20.054693  0.124878  1.765097  0.134657
2397  1401.653493  327.284352  20.422066  0.094694  1.810042  0.099667
2398  485.233834  1684.761950  17.682795  0.091597  0.520034  0.070439
2400  1145.166142  1820.288589  18.501353  0.068615  1.145597  0.104819
2401  813.256415  564.419415  17.896288  0.041728  0.469193  0.066849
2402  55.817791  408.143192  19.060854  0.073302  1.180434  0.137768
2403  481.692451  1535.168502  21.149090  0.370596  2.220423  0.409689
2404  479.880980  18.021746  18.876204  0.120943  1.372031  0.107266
2405  344.945601  1877.044602  19.951171  0.115904  2.196065  0.231231
2406  662.485183  812.177386  18.527570  0.063183  1.161431  0.064007
2407  623.705780  737.625117  18.744853  0.063481  1.627628  0.056623
2408  2005.526511  518.609028  18.991261  0.113430  1.199639  0.070143
2409  633.094329  807.441475  19.203426  0.131306  1.781780  0.142285
2410  936.955869  1755.934117  19.188398  0.122124  1.358773  0.146101
2411  1371.976498  728.334360  17.806079  0.054252  0.468544  0.082224
2412  1950.178496  315.150949  19.210284  0.138420  1.171068  0.122951
2413  1632.906949  910.280327  17.851221  0.066199  0.524763  0.109006
2414  874.375444  1116.002408  19.393061  0.159652  1.188639  0.136816
2415  948.294986  450.353492  20.164846  0.136030  1.679941  0.155666
2417  380.571615  1309.723996  19.211655  0.134351  1.120216  0.087788
2418  1271.719584  1333.846128  19.115383  0.064603  1.231551  0.064291
2419  1770.439792  442.388361  20.378794  0.103781  1.711797  0.184690
2420  1449.595000  892.982560  19.342725  0.188447  1.086560  0.112902
2421  1332.938128  1795.021454  18.384427  0.054923  0.981509  0.083305
2422  1107.404945  1851.329484  19.152610  0.112493  1.715746  0.181908
2424  1277.941652  1767.911664  19.612508  0.129985  1.860783  0.112219
2425  1251.638827  224.757113  18.914799  0.068163  1.194932  0.072233
2426  1822.652977  824.696602  18.337943  0.102506  0.836588  0.051896
2427  1405.986990  1545.827778  18.941829  0.103412  1.202743  0.063399
2428  392.753021  168.158775  18.863669  0.075105  1.112328  0.108163
2432  1990.491310  1575.780695  17.030433  0.097193  0.159924  0.071617
2433  1670.672904  555.872837  17.308753  0.080893  0.085171  0.103731
2434  1948.941357  226.987996  19.161095  0.090362  1.311826  0.077512
2435  539.268527  769.989936  18.810807  0.114247  1.065044  0.071804
2436  69.610473  1953.785634  18.921522  0.063129  1.172349  0.148739
2437  1082.180389  637.601139  17.349709  0.084689  0.156315  0.046378
2438  1259.329578  1066.173783  18.240349  0.047086  0.968934  0.052301
2439  633.817594  1798.300933  17.578453  0.058225  0.294740  0.097598
2440  387.086087  31.329212  20.212872  0.166828  1.870659  0.105763
2441  313.493311  555.577012  19.082815  0.143968  1.349171  0.055884
2442  1243.436146  1491.901089  18.820008  0.065743  1.620201  0.135453
2443  568.095763  923.436757  18.928032  0.076482  1.118979  0.070049
2444  1021.880512  1647.122335  19.372978  0.102206  2.158579  0.100152
2445  1580.544513  1673.662058  20.324530  0.099343  1.369786  0.212515
2447  455.491773  1981.053400  18.634449  0.067399  0.997483  0.080748
2448  1975.709642  2041.229972  18.605467  0.136864  0.933670  0.105157
2449  1905.867436  1373.388463  19.222060  0.071694  1.507812  0.117423
2450  1905.932777  179.802158  18.652609  0.112206  1.140378  0.111083
2451  1052.470747  376.865499  19.102113  0.060587  1.292632  0.131545
2452  516.909652  258.780968  17.954515  0.077236  0.588348  0.121173
2453  482.012581  1791.893403  18.325903  0.121240  0.482208  0.061207
2454  196.539630  428.823313  18.577586  0.074466  1.513218  0.055439
2455  1171.271623  923.309587  17.447432  0.158132  0.131996  0.044123
2457  976.809469  324.218081  18.929904  0.118213  1.872058  0.125257
2459  894.157784  1686.132836  19.763306  0.101204  1.485242  0.131497
2461  627.882616  158.796096  18.893800  0.136386  1.405764  0.106236
2462  1425.939138  1762.631077  20.487231  0.259769  2.264618  0.098519
2463  1013.077838  1479.440258  19.208663  0.128193  2.086670  0.061558
2464  520.917891  1563.561407  17.463708  0.057886  0.122265  0.075004
2466  1339.690681  2041.623152  20.920021  0.106168  2.198155  0.200116
2468  1663.364695  1492.249402  17.918735  0.042295  0.564246  0.077052
2469  1931.423473  1537.513850  20.129705  0.179064  1.614266  0.170191
2470  758.265676  203.553609  17.672489  0.107743  0.460515  0.099381
2471  1283.481816  434.505174  19.600170  0.070665  1.472530  0.123429
2472  1042.493336  69.926653  18.559805  0.120679  1.049985  0.085563
2473  1076.524478  157.319037  19.850924  0.176107  1.648465  0.073526
2474  1204.204691  1523.240447  16.010792  0.037864  -0.475873  0.030324
2475  1679.359305  1756.193640  18.973414  0.101677  0.930088  0.103030
2477  51.708739  1302.954503  20.273471  0.165231  1.751389  0.132964
2478  1972.457973  44.091170  19.298325  0.100216  1.412464  0.083877
2479  1396.463363  242.757442  16.969737  0.058743  0.212465  0.043061
2480  1983.094517  1268.020348  19.236862  0.068821  1.211134  0.167949
2481  1070.185042  1597.255152  18.418486  0.138364  0.972530  0.167009
2482  495.936237  101.420774  18.853136  0.080531  1.088389  0.088810
2483  526.241166  1457.064975  18.592083  0.080921  0.954478  0.054908
2484  419.530529  427.814253  18.597461  0.078792  0.803782  0.138690
2485  1228.142778  1829.209440  20.247694  0.112305  2.244841  0.165081
2487  189.592861  1504.989839  18.413906  0.141067  1.240772  0.073087
2489  1501.218385  846.591358  17.344381  0.047565  0.165419  0.041087
2490  1665.957628  1916.473647  19.320259  0.073315  1.421367  0.086205
2491  1216.930893  1291.109571  19.213490  0.097584  1.944123  0.098927
2492  1992.013758  980.270701  17.268937  0.039625  0.401894  0.097853
2493  177.536109  907.236380  19.508869  0.084376  1.065109  0.127280
2494  974.125446  1359.882499  19.884679  0.105029  2.063942  0.179148
2495  40.117305  194.771530  19.135291  0.083820  2.255386  0.063052
2497  840.806527  825.415144  20.357879  0.167379  1.937216  0.082215
2499  1182.956654  0.070824  19.304003  0.073738  2.205744  0.117219
2500  1442.755001  504.487648  16.301638  0.079726  -0.299444  0.036668
2501  867.351551  1941.757413  19.377471  0.127398  1.290860  0.095186
2502  933.223658  160.632819  20.200831  0.143762  1.326230  0.084409
2503  815.864062  1346.956706  19.677826  0.125869  1.235982  0.138060
2505  605.903152  1276.567765  19.221190  0.119869  1.066941  0.079550
2506  708.448264  1675.396940  20.056586  0.212209  1.499812  0.169918
2507  185.639752  1527.328952  19.508533  0.087643  1.282878  0.090103
2508  1716.425169  181.178944  18.861592  0.089960  0.759089  0.098085
2509  1746.642401  1856.107862  19.293147  0.110309  1.162497  0.119704
2510  1236.805632  730.937710  19.036179  0.141127  1.051990  0.062584
2511  70.110318  373.880296  19.675726  0.140704  1.116367  0.176727
2512  1122.257631  815.671571  19.454108  0.072016  2.353770  0.091463
2513  1092.246177  780.559525  19.754176  0.084184  1.367252  0.071030
2514  854.542506  1510.989475  19.923643  0.118915  2.467804  0.134581
2515  1008.783933  1449.056411  18.763444  0.156598  0.755640  0.068150
2516  270.911970  74.903116  19.350190  0.060441  0.939916  0.138902
2517  149.714136  78.092511  20.585223  0.160040  1.785784  0.104195
2518  1724.514309  390.236255  19.730507  0.072721  1.475526  0.133489
2519  548.428139  923.384763  20.492544  0.148706  1.361215  0.141465
2521  2013.476692  424.877113  19.326957  0.237855  0.805600  0.117803
2522  280.265065  865.246312  20.530534  0.112867  1.592244  0.158719
2523  1471.787102  624.535169  19.380382  0.104495  1.247064  0.095426
2524  1673.966622  1002.654742  20.145736  0.101845  1.396223  0.143500
2525  1280.090197  1031.092509  19.884324  0.176598  1.605013  0.174575
2526  14.384676  1022.101858  19.741092  0.079027  1.243093  0.131810
2528  852.997169  36.875276  19.254458  0.087533  1.024490  0.115369
2529  311.794520  821.360128  19.299694  0.136796  1.104878  0.102318
2530  1786.070891  824.971241  19.666060  0.180168  1.259492  0.169669
2531  175.967351  1194.028697  20.216769  0.122960  1.404122  0.157158
2532  1895.312084  1565.856462  20.685543  0.130148  1.907300  0.185375
2533  1984.125221  1891.316647  19.953524  0.115648  1.339131  0.078352
2534  1536.542968  453.954527  19.677312  0.116879  1.847640  0.133689
2535  1008.362892  1527.091097  19.990786  0.132332  1.431566  0.095054
2536  162.201075  459.850672  20.945606  0.139516  2.373246  0.220265
2537  564.461960  61.514874  18.694370  0.068476  0.523654  0.158219
2538  2045.619921  4.983059  19.456257  0.158840  1.557443  0.089035
2539  1224.754323  1963.534328  20.406666  0.131990  1.443259  0.200077
2540  720.622603  2041.416265  19.814068  0.218114  1.737808  0.209758
2541  1995.859543  431.647013  19.754189  0.111837  1.481190  0.143278
2542  1597.751595  239.119016  20.660778  0.324280  1.888319  0.103911
2543  1744.524462  630.820474  19.518301  0.095380  1.057246  0.120600
2544  1889.082433  609.724841  18.971062  0.090783  0.779497  0.101830
2548  1437.579035  1922.160559  19.173405  0.075239  0.987888  0.083331
2549  1108.112878  1692.461582  20.060127  0.105774  1.272499  0.083545
2550  1434.714356  860.085011  19.521151  0.089944  1.394976  0.092836
2551  389.204413  1299.159654  19.527230  0.081813  2.099356  0.090858
2552  161.350315  640.443111  19.923316  0.094320  1.260176  0.086563
2554  1422.666207  1605.961206  20.658655  0.158304  1.340582  0.275141
2555  594.367069  1770.136745  20.408521  0.114168  1.818800  0.157157
2556  533.195976  80.777207  19.067905  0.102669  0.945805  0.132714
2557  1861.931287  279.409914  20.972592  0.118805  1.402105  0.270642
2558  388.799577  1748.075544  20.733798  0.097393  1.843931  0.098240
2559  870.145049  814.998118  19.665952  0.073565  1.600846  0.116143
2562  1174.146320  220.708862  17.652995  0.072566  0.033131  0.049428
2564  1560.336207  1867.639187  20.175627  0.138851  1.757948  0.220517
2565  1297.458536  699.996625  18.170851  0.066829  0.075722  0.058483
2566  48.092000  1224.293593  20.154246  0.132144  1.561919  0.077369
2567  1015.134485  795.983237  18.940607  0.123491  0.587820  0.082046
2570  1312.258697  54.335061  20.595287  0.184098  1.735752  0.161213
2571  20.498208  808.573009  19.764916  0.213476  2.276190  0.101624
2574  767.769385  1216.609909  18.467148  0.056195  0.560378  0.081930
2575  1901.540547  150.516309  19.987655  0.142924  1.546325  0.083553
2576  481.909168  477.259257  19.504205  0.110223  1.691043  0.089203
2577  290.259554  681.508155  19.743222  0.165589  1.354080  0.096586
2578  960.160596  641.304085  20.082730  0.114068  1.705703  0.158143
2579  130.203067  1923.589464  19.716898  0.079278  0.917808  0.091137
2580  18.678927  254.523500  20.409138  0.084147  1.518850  0.134429
2582  24.843098  1221.693022  17.927311  0.057484  0.095203  0.044215
2583  20.162122  252.810793  20.405132  0.216458  2.168843  0.163853
2584  1270.694248  2032.982235  18.968114  0.074706  0.796772  0.092923
2586  953.075212  145.420303  19.676676  0.103675  1.409734  0.202104
2588  429.332135  237.954521  19.169919  0.129569  1.279728  0.059708
2589  1060.577234  1394.230718  20.428977  0.084570  2.020660  0.209198
2591  388.873919  1045.919241  19.432346  0.148675  2.394054  0.073434
2592  866.252045  1780.115884  20.324812  0.164790  1.484969  0.146033
2594  31.046556  1217.630893  18.243937  0.087170  0.474787  0.099652
2595  839.831927  1259.609179  17.554733  0.051202  -0.048652  0.066645
2596  1725.549323  1603.857250  19.195970  0.114319  1.194604  0.117946
2597  1770.015704  663.509469  18.804868  0.061212  0.858461  0.091529
2598  55.264690  1532.262883  19.331574  0.117734  1.245254  0.138955
2601  1840.488633  512.184153  17.558998  0.087901  0.149653  0.053409
2602  1180.542017  426.241434  19.237087  0.138446  1.149546  0.134590
2603  114.879395  214.403670  19.274581  0.117993  0.925052  0.146146
2604  540.472445  524.304547  18.321246  0.058398  0.573833  0.083149
2606  415.407077  913.864918  20.023380  0.109938  1.301608  0.109519
2607  105.902058  1717.413701  20.296056  0.225068  1.688615  0.087709
2608  74.078991  2022.922731  19.991241  0.086733  1.121035  0.194090
2609  1008.527529  209.053142  19.450243  0.092648  1.379970  0.087113
2610  414.858447  31.214168  19.436464  0.115269  1.289556  0.071192
2612  506.111140  12.842550  19.018070  0.069144  0.740746  0.092664
2613  34.081133  1721.228379  19.657762  0.089426  1.274311  0.183275
2614  1853.541530  1819.962856  19.477282  0.088800  1.168025  0.074052
2616  440.475669  129.771935  19.890051  0.175399  1.560062  0.121376
2617  1514.563167  1055.179377  19.590425  0.123709  1.201761  0.089243
2618  1008.581634  926.405012  17.707024  0.078164  0.118311  0.092854
2619  620.534875  1353.782431  19.645886  0.083977  1.225320  0.087305
2621  1097.992845  2014.640902  20.415791  0.169582  1.812243  0.116230
2623  1272.925866  330.548727  20.057537  0.205733  1.441311  0.089040
2624  17.941160  659.565119  19.589454  0.126661  1.676745  0.089030
2626  1880.985653  1404.676668  18.758011  0.068068  0.499218  0.082501
2627  1943.354431  35.396828  19.896444  0.076953  1.248112  0.112006
2628  291.885681  379.840105  19.925735  0.072947  1.586540  0.186278
2630  543.321042  1090.671884  20.547033  0.115289  1.494898  0.299430
2632  65.171007  1705.138338  19.667336  0.096844  1.249911  0.174773
2633  422.178956  1140.291309  19.740781  0.147128  1.347376  0.109398
2634  1087.191807  230.215939  20.106258  0.087354  1.612352  0.127748
2635  1108.644530  979.575710  19.969750  0.083580  1.278985  0.100037
2636  758.077203  908.902218  18.009935  0.053346  0.294744  0.062612
2637  2044.833628  1186.287657  20.241391  0.147032  1.439238  0.193657
2639  147.896108  1212.441637  20.007754  0.090325  1.871077  0.073436
2640  1803.726458  1437.534696  19.231511  0.152923  1.364418  0.128168
2641  1911.194389  539.613854  18.427398  0.067857  0.244369  0.052296
2643  170.851379  75.765304  19.401604  0.090882  1.380076  0.160874
2646  632.800614  742.127842  20.202503  0.166355  1.755387  0.096772
2647  1658.510393  788.149330  19.743904  0.126234  1.425621  0.083993
2648  534.078158  870.590399  20.398503  0.219703  1.337073  0.094142
2649  1183.753223  568.646076  19.405825  0.175246  1.279585  0.074925
2650  1909.463648  581.252164  17.919495  0.048410  0.275890  0.060601
2651  407.251769  1916.725807  20.297491  0.124468  1.683007  0.090940
2652  415.218606  1655.442760  20.204455  0.121153  1.671027  0.200521
2653  1281.083703  1711.204556  17.943385  0.075060  0.270115  0.057947
2655  901.916575  1403.842079  18.284391  0.097582  0.388527  0.045603
2656  473.555415  766.483366  18.548768  0.126603  0.610115  0.067884
2657  1334.504971  323.534170  20.660588  0.189155  1.823885  0.107302
2658  847.763500  966.439528  20.989096  0.129130  1.910670  0.117518
2659  1989.465878  1695.314165  21.113410  0.183001  2.102235  0.233436
2660  241.497808  238.350612  18.701322  0.076000  0.713170  0.072641
2661  1270.295116  1123.701202  19.506353  0.085276  1.271948  0.109235
2662  1790.900013  2022.046950  19.431320  0.068805  1.070915  0.132918
2663  1635.350243  1669.471516  20.934238  0.188518  1.870406  0.122424
2664  1355.686370  1740.500058  20.877311  0.181053  1.751253  0.211039
2665  466.294695  1208.310055  18.371720  0.056350  0.593858  0.101921
2666  941.465618  1683.012836  19.598586  0.167968  1.059473  0.069452
2670  747.586615  1107.642671  20.773245  0.137126  2.085248  0.212546
2671  460.319512  158.136632  20.443150  0.202105  1.849453  0.176906
2672  867.076646  1417.886262  20.435068  0.119903  1.692127  0.094547
2673  290.962754  1027.371009  20.958860  0.196922  1.760854  0.140445
2674  1679.370093  950.616836  18.513584  0.067002  0.432999  0.055866
2675  1790.808020  885.417426  20.093406  0.098346  1.529909  0.101175
2676  1872.733893  43.860478  20.049041  0.078257  1.251700  0.109203
2677  1723.093054  796.158349  20.526859  0.096283  1.520955  0.124986
2678  246.770419  209.931835  19.822678  0.091738  1.733560  0.136056
2679  1889.760496  1224.792208  19.579898  0.074551  1.037633  0.090187
2680  1659.855109  1512.100329  18.646379  0.084227  0.594266  0.069296
2681  1798.733621  1793.657715  20.313268  0.093503  1.579547  0.111234
2682  1323.159537  595.691667  17.022062  0.049344  -0.399863  0.045190
2684  1517.465133  11.253925  19.940411  0.098409  1.545352  0.090044
2685  1503.234582  1348.560815  19.761105  0.103401  1.209376  0.144656
2688  1333.879672  108.061129  20.020976  0.094191  1.393915  0.134753
2689  1556.058508  1122.531308  18.320375  0.046349  0.384565  0.056276
2690  469.256549  1666.351690  19.383650  0.072690  1.203436  0.072457
2691  1831.252595  1973.766309  20.214617  0.199482  1.371335  0.251902
2692  1112.509799  1951.246750  19.914307  0.193265  1.694887  0.100095
2693  1785.383966  147.307317  20.410265  0.118226  1.151183  0.104239
2695  191.379989  615.941202  20.358011  0.118854  1.397907  0.164868
2698  1045.828750  963.093737  20.533146  0.134724  1.682060  0.280773
2699  490.906868  1868.183811  19.326891  0.065875  0.693908  0.102112
2700  1307.446778  210.677367  20.413985  0.235683  1.468982  0.170119
2701  1584.467188  906.636504  20.060348  0.095060  1.033381  0.112150
2704  1560.556075  1808.192316  19.542344  0.170724  0.584993  0.072508
2705  431.782990  1150.021582  19.326177  0.221476  0.310373  0.086382
2708  1176.680490  1169.978600  19.228357  0.118169  0.835358  0.108915
2710  1181.867137  1180.569578  20.259286  0.145968  1.437662  0.095038
2711  779.347420  1504.942526  18.962860  0.119572  0.418275  0.064853
2712  1891.115067  173.979564  19.914625  0.123956  1.058807  0.169140
2713  577.042591  717.490692  20.647010  0.140533  1.387168  0.152976
2715  2045.264071  376.313927  20.134114  0.184999  1.447573  0.134109
2716  618.266348  825.616183  20.395578  0.096017  1.226113  0.109742
2719  675.192425  687.081686  20.947110  0.454229  1.766965  0.165864
2720  508.228857  1087.843641  20.342039  0.117264  1.883707  0.099822
2722  24.485674  48.995722  20.752681  0.148911  1.571280  0.161224
2723  1558.139930  35.551982  20.519089  0.253849  1.534108  0.093589
2724  1379.449684  103.299120  18.878685  0.104881  0.241562  0.131508
2726  302.865490  647.298614  20.005718  0.083571  1.082175  0.211999
2727  1689.657480  199.173193  20.110817  0.108885  1.732032  0.137513
2729  641.120309  1452.237552  19.853171  0.078703  0.990273  0.082145
2730  1010.620858  813.442389  19.258644  0.169387  0.609293  0.095319
2731  1100.578478  1416.040224  20.909407  0.130831  1.966336  0.169154
2733  513.394676  1452.516409  21.022666  0.208045  2.350307  0.164067
2734  842.825754  1214.793598  20.592601  0.160123  1.629079  0.132031
2736  616.175427  1106.752494  19.094158  0.114190  0.495560  0.091542
2738  178.930719  1155.504992  20.278515  0.110288  2.072590  0.113604
2739  1703.495401  640.733666  20.757164  0.200439  1.833261  0.147942
2740  990.448500  1805.581743  20.084774  0.178137  1.414806  0.112519
2743  461.776269  351.002156  20.620345  0.235962  1.455464  0.222265
2745  730.581242  2018.255138  20.315114  0.214036  1.154790  0.101444
2746  1356.399856  1260.316530  19.970780  0.080218  0.835440  0.185925
2748  328.313498  1345.447594  20.508140  0.107226  2.035283  0.219468
2749  763.057279  1437.621890  19.906121  0.167530  1.236824  0.120666
2750  1536.141587  2026.752294  20.735343  0.157717  2.500839  0.121204
2752  997.968067  107.168367  20.390730  0.130191  1.348625  0.162956
2753  1194.536788  1954.834063  19.887607  0.138409  1.353628  0.257859
2755  1889.560320  1071.988995  20.809343  0.154900  2.652602  0.126975
2758  1625.450469  1910.746040  20.087029  0.100279  1.153042  0.097555
2759  1062.329257  1691.994007  20.941195  0.173195  1.928211  0.261487
2760  858.994435  718.735616  19.970126  0.232337  2.015530  0.137538
2761  1933.469211  1241.957069  18.565645  0.078429  -0.232388  0.130682
2762  350.004243  587.706335  20.828162  0.215295  1.591130  0.167498
2764  935.253585  626.711287  20.882631  0.185713  2.334213  0.185095
2765  1305.003692  716.572295  20.596711  0.157525  0.878558  0.252655
2769  407.516329  779.715992  19.971068  0.096391  0.892510  0.149162
2770  1281.495090  1573.867334  19.466857  0.070834  0.390524  0.108493
2771  194.513844  393.744516  18.917933  0.087730  0.399731  0.055046
2774  1046.583995  374.254116  20.614170  0.152029  1.219953  0.173919
2775  478.098004  1006.490874  20.512446  0.148343  1.061000  0.142911
2779  1666.095962  145.547248  18.310769  0.054806  0.232206  0.057996
2780  1358.363582  1259.377655  20.111083  0.117958  1.219307  0.157499
2782  421.512111  307.781914  18.108496  0.054301  0.017999  0.064366
2783  891.584668  624.837238  20.552414  0.184090  2.333273  0.102818
2785  1535.336775  1932.334374  20.393682  0.195685  1.509583  0.268874
2786  1764.809356  1838.456451  20.542105  0.134131  1.542395  0.129089
2787  829.833897  553.202815  19.182000  0.131516  0.530206  0.063162
2788  428.346825  421.079159  20.522890  0.179369  1.030330  0.259495
2790  1441.052476  179.017728  20.252132  0.176335  1.515425  0.171715
2791  698.602654  462.559425  20.280006  0.171062  1.880774  0.119784
2794  1880.535560  1181.088387  20.445392  0.127629  1.423171  0.136001
2796  1997.581893  543.090618  20.109405  0.210418  1.453187  0.105173
2798  152.208258  143.619301  20.484233  0.186538  0.946120  0.185669
2802  823.164832  369.698109  20.607973  0.097684  1.443962  0.102467
2804  1791.502809  381.740332  20.423536  0.229941  1.118543  0.142434
2809  1457.072142  1747.181190  21.052649  0.167011  1.337612  0.146544
2810  2029.263991  623.250554  18.017371  0.065409  0.032157  0.069941
2811  1091.343443  958.317872  20.010286  0.208249  0.697052  0.164752
2812  550.850345  13.967973  20.363145  0.084993  1.691791  0.143289
2815  1509.201689  775.274746  18.880190  0.106828  0.293200  0.112791
2816  667.461989  951.144811  20.378295  0.314190  1.626056  0.142184
2817  862.505267  1264.145242  20.346111  0.099171  1.945309  0.129989
2824  1156.694174  836.122656  19.955695  0.152875  1.147368  0.182464
2825  68.845520  1291.991847  19.768662  0.111612  0.751775  0.116649
2826  350.315386  1371.907967  19.546317  0.222903  0.584790  0.070145
2828  2044.326588  1253.855535  19.939643  0.215842  1.337724  0.116796
2829  352.211519  171.627804  20.495116  0.159125  1.709245  0.268920
2830  1225.262787  612.664486  20.610422  0.164096  1.709029  0.109246
2831  2017.894838  996.447456  20.773929  0.189968  2.455900  0.272151
2832  614.627162  326.972009  20.984887  0.182934  1.459414  0.204169
2833  1182.634233  1467.563263  20.702198  0.192859  1.134136  0.264466
2834  1772.530774  1798.056071  19.829755  0.077587  1.090208  0.180530
2839  64.620200  1391.646732  18.202443  0.067591  -0.173000  0.070207
2840  1829.091276  1025.878871  20.558550  0.258425  2.569136  0.163101
2842  1961.902319  370.258516  19.969374  0.102315  1.063390  0.124682
2843  733.689009  471.649316  20.878400  0.174609  1.587240  0.118544
2844  914.556564  851.032270  20.342022  0.107940  2.099041  0.106224
2848  2046.643733  1305.479437  20.121437  0.120809  1.451756  0.260848
2850  1335.803800  1577.127385  20.705526  0.133623  1.499154  0.169719
2851  691.138340  1977.283827  20.124683  0.104939  1.225722  0.174395
2852  1692.990938  1493.380630  20.623566  0.184076  2.346901  0.108311
2854  1708.861269  296.295467  20.222212  0.165885  0.935472  0.143484
2856  71.742146  1132.623448  19.093310  0.134577  0.259337  0.066978
2857  972.477196  295.258546  18.064473  0.054318  0.052477  0.050967
2858  153.058466  378.322464  20.632800  0.294225  1.283697  0.096108
2859  46.757122  1623.790227  19.201540  0.147645  0.801220  0.122246
2860  1822.285183  382.808434  19.308551  0.224255  0.898986  0.211053
2865  906.219238  1626.764186  20.784463  0.189957  1.607966  0.195582
2867  401.923353  1638.048453  20.212813  0.106340  1.266211  0.085282
2869  1272.351677  1888.815933  19.990399  0.095038  0.801434  0.136550
2870  1676.975686  29.583523  20.269290  0.160280  1.245298  0.088459
2872  1011.451465  104.446689  20.370276  0.264826  2.076685  0.094878
2874  1713.823818  1687.827080  20.244989  0.139560  1.305489  0.157913
2875  174.229005  156.472527  20.312949  0.132943  1.474159  0.201625
2877  975.868996  1825.011352  19.880676  0.105822  0.911660  0.154295
2879  540.749914  108.629012  20.722415  0.144007  1.541391  0.236120
2882  1673.553869  1171.598765  20.260006  0.126821  1.295510  0.167277
2883  1769.921577  2002.512549  20.322773  0.188953  1.907022  0.118059
2885  1777.721294  712.697731  19.992621  0.153820  1.068094  0.105449
2886  1265.971166  1496.246573  20.262599  0.135944  1.904476  0.104854
2888  464.014051  1783.150071  18.760686  0.081249  0.658310  0.100713
2889  448.104911  1646.376116  19.987523  0.149721  1.329172  0.182447
2890  1409.638431  352.093269  19.783239  0.142678  0.738896  0.133104
2891  1796.132263  1385.700300  19.395601  0.079855  0.930609  0.111954
2893  1887.984248  1328.410436  20.419670  0.155783  1.415837  0.156740
2895  1783.709150  502.786159  17.838074  0.133740  -0.022159  0.089833
2897  687.673417  250.196137  21.181117  0.152885  1.529449  0.285884
2900  1748.127471  1978.758247  20.619050  0.154123  1.379662  0.101433
2901  513.530397  1485.452866  20.697009  0.185406  1.308934  0.110134
2902  1337.184209  1060.243206  20.761775  0.222149  1.577916  0.145264
2903  248.884331  597.964666  20.869342  0.251910  1.374076  0.169448
2907  1956.063739  1962.991592  20.225971  0.166762  2.740538  0.166150
2908  1150.004537  1922.797155  19.226366  0.082565  0.719083  0.088774
2911  203.902819  597.247999  20.868649  0.121462  1.396934  0.190924
2914  1948.767468  585.162209  20.653646  0.198873  1.043439  0.144354
2919  1914.843266  583.102455  20.223105  0.136475  0.965329  0.142936
2920  243.363032  1107.520926  19.272284  0.163493  0.446222  0.133764
2922  1067.673225  1004.831110  19.071408  0.086564  0.626386  0.237993
2927  1406.078646  122.355464  19.241634  0.106128  0.333115  0.092875
2929  1681.786235  1945.747274  21.239627  0.127433  1.648529  0.144312
2934  1971.840137  1465.090935  19.115667  0.110584  0.265213  0.100552
2943  1425.699377  1040.856704  19.675709  0.072897  0.769450  0.164349
2951  1513.099841  602.985929  20.555584  0.153838  0.860576  0.124551
2955  733.954156  1796.161321  18.655584  0.065351  -0.223600  0.153383
2956  283.214934  17.035745  19.537090  0.135758  0.696517  0.202613
2958  1967.620399  2045.098908  19.712918  0.089968  0.509082  0.268745
2963  1429.508026  1392.189653  20.605404  0.118717  0.845707  0.129354
2967  706.023183  1624.301955  19.815399  0.159470  0.845595  0.174399
2970  1479.621387  2028.489755  19.539674  0.148782  0.468806  0.102967
2971  78.288959  723.644212  19.086303  0.160370  0.280975  0.095810
2973  2019.974708  1421.107833  21.297454  0.169738  1.769536  0.213490
2985  968.563308  1737.149081  18.585861  0.127694  0.130401  0.076952
2987  1968.136802  833.339830  20.247380  0.118506  0.479890  0.208500
2992  69.196622  1761.853556  19.007349  0.091831  0.013214  0.150778
2993  1773.872267  638.967404  21.554742  0.153502  2.554117  0.247047
2994  714.148019  577.828361  20.071561  0.100492  0.688148  0.093671
2996  301.465007  104.428922  19.458176  0.114216  0.390691  0.127778
21000  646.921402  718.873218  18.579140  0.058676  -0.257768  0.077934
21001  1532.234365  1834.034082  19.650200  0.209424  0.472233  0.068571
21002  526.823739  1878.182886  20.839681  0.144494  1.226648  0.129026
21004  188.752280  399.845392  19.263731  0.088092  0.048018  0.158814
21007  1864.813115  86.793035  18.823982  0.171587  0.100474  0.095047
21014  398.136178  1841.302544  19.998312  0.192121  1.159307  0.138017
21016  582.905213  1205.010901  20.158550  0.116250  0.866873  0.139005
21017  1269.563502  941.146859  20.176996  0.104612  0.952367  0.110983
21020  518.045524  523.402872  19.505202  0.134258  0.891687  0.149388
21021  1457.759035  1657.075224  20.931413  0.171416  1.267983  0.179926
21026  1389.419908  762.915513  19.633460  0.084105  0.685291  0.104003
21028  381.874922  210.009630  20.462173  0.125109  0.657153  0.120013
21037  823.204550  1600.766943  20.910269  0.148157  1.066346  0.097422
21038  303.973914  1796.755613  20.757275  0.188379  1.421603  0.109769
21039  220.801612  1681.335053  20.649367  0.099990  1.153555  0.127979
21040  1437.202699  140.062891  20.700922  0.100208  1.251665  0.167746
21042  191.872297  1369.630437  19.003693  0.062429  0.136488  0.155144
21045  1560.596876  747.430526  19.492491  0.095268  0.348742  0.168003
21046  581.717193  1218.218529  21.378837  0.184882  1.607067  0.169115
21047  958.529614  624.588675  19.587979  0.128406  0.165922  0.060200
21051  347.589669  1321.898133  21.263321  0.391010  1.309095  0.130440
21052  1167.700019  139.131560  18.714813  0.055926  0.091678  0.107741
21054  955.978787  425.820172  19.013951  0.129164  0.074953  0.104712
21068  287.411678  631.301668  20.701134  0.198850  1.026718  0.197834
21069  816.732932  2005.461376  19.658489  0.084058  0.502003  0.153696
21070  571.825490  1025.630759  19.684255  0.069355  0.549195  0.301340
21073  1015.039412  686.816614  19.750013  0.098314  0.456574  0.104185
21075  522.298171  1332.679881  21.179941  0.121449  1.732655  0.236406
21082  1457.586390  800.761640  19.459947  0.094009  0.130158  0.086849
21091  1148.277705  1787.772693  19.357267  0.155088  0.233961  0.072270
21099  454.054533  1772.988951  21.487442  0.203009  2.652650  0.137395
21106  1023.249293  38.316199  20.380703  0.304402  1.016886  0.139346
21108  1360.154675  503.236559  19.108194  0.136135  0.150555  0.090089
21114  1570.130235  1120.343546  20.537624  0.219827  1.148736  0.164287
21121  611.044137  1355.816999  19.923663  0.082689  0.704611  0.158153
21124  463.480764  1742.904757  19.925817  0.186826  0.655811  0.125434
21127  198.103559  778.608951  19.743740  0.098269  0.393626  0.164591
21133  1380.025949  1243.449029  20.149192  0.148588  0.588268  0.075834
21138  1232.584021  685.935386  20.457958  0.144668  0.941853  0.128217
21141  1958.118310  1972.875883  19.275516  0.080971  0.410058  0.116213
21145  269.113144  1732.195766  18.953493  0.078815  0.265666  0.060770
21146  1485.267665  1801.764376  19.640644  0.073779  0.495804  0.098771
21149  1105.992880  1191.778738  20.054320  0.093743  0.596043  0.142742
21150  780.361777  1442.399204  19.537654  0.072782  0.187630  0.101090
21151  1128.185966  1327.104705  20.266426  0.169135  0.292693  0.114294
21156  612.131800  1132.775084  20.723433  0.111284  0.961979  0.252211
21157  1022.946353  479.868105  20.190586  0.154477  0.499145  0.121714
21163  296.297558  1845.991739  20.273954  0.088333  0.265110  0.105394
21165  295.611284  516.663586  20.325532  0.205305  0.750323  0.147137
21174  183.057103  1789.085970  20.964265  0.170105  0.900827  0.110085
21176  1668.332851  985.023027  20.947770  0.113689  0.873094  0.120514
21177  566.361424  1320.549995  19.991900  0.103249  0.332671  0.077534
21180  693.936260  14.293239  19.517089  0.079701  0.492710  0.199705
21183  406.940933  1623.439455  19.553473  0.137502  0.126497  0.238219
21184  1964.168339  543.088582  20.274444  0.219561  0.576535  0.109848
21189  1139.954350  968.786693  20.759356  0.398472  1.466334  0.146276
21194  1084.794686  1380.257330  20.492036  0.118703  0.655376  0.179061
21196  788.583036  526.155149  19.660276  0.133651  0.245867  0.143775
21198  9.563351  1074.473786  19.193728  0.137714  0.028099  0.170684
21200  1935.884315  1422.371651  19.501539  0.135005  0.107124  0.157304
21204  406.422135  54.359752  20.515000  0.191271  0.239332  0.157256
21206  428.269131  1076.561624  20.839295  0.202374  0.598049  0.120885
21211  973.301873  1922.165294  21.227917  0.230958  0.816731  0.113253
21212  232.890367  209.269524  20.453550  0.120189  0.726770  0.193353
21215  1481.376703  52.751924  21.132177  0.119878  0.747266  0.161525
21216  1135.997200  1355.504525  20.128455  0.295700  0.161879  0.122607
21226  1949.794706  1878.204288  20.208789  0.209230  0.514169  0.101478
21229  740.757428  952.699405  19.967898  0.129025  0.463725  0.128661
21232  622.238699  1188.830865  19.376717  0.121751  0.292264  0.099796
21234  1012.527150  1067.072592  19.359785  0.075912  0.002444  0.078255
21239  472.965385  319.967548  20.978606  0.225418  0.874975  0.181439
21241  1689.776073  1801.821537  20.225531  0.181713  0.447620  0.126143
21250  336.342474  1882.034539  19.767204  0.101277  0.640825  0.251450
21251  1115.008934  1850.147776  20.547134  0.173334  0.462777  0.152620
21255  1183.851421  1440.361420  20.735986  0.138044  1.298821  0.273617
21258  1621.381360  954.563706  20.262131  0.233246  0.801672  0.100918
21288  726.334054  1953.096982  20.247276  0.209832  0.254925  0.090240
21296  279.557480  1245.156481  20.517817  0.162932  0.280152  0.106011
21301  1852.660378  843.583356  20.190467  0.242018  0.443351  0.091141
21302  701.509912  1430.516629  20.693202  0.211200  0.386485  0.136664
21304  980.338219  426.390902  20.853765  0.149344  0.650222  0.108997
21307  526.230909  1554.912505  21.191880  0.250849  0.587491  0.266115
21311  1386.021149  1774.644611  20.733439  0.149704  1.037960  0.128434
21312  1280.219005  1065.493113  20.536530  0.147997  0.392753  0.160573
21323  1059.037376  1132.430397  21.130935  0.131523  1.083104  0.324405
21325  1919.645039  261.390050  20.286699  0.109959  0.358278  0.153189
