# id  x  y  V  eV  BV  eBV
116  1038.917857  1030.534963  21.066384  0.210073  1.963831  0.305005
120  969.224192  908.297769  21.385406  0.236640  1.983504  0.291060
124  1106.818683  943.237714  20.787100  0.172454  1.587413  0.105252
125  1155.428475  978.491474  20.761102  0.209362  1.576221  0.139196
127  1039.781110  1198.543688  20.987799  0.130069  1.458368  0.237532
129  1104.515871  1066.087813  20.882580  0.181693  0.974356  0.246701
131  1040.113009  1099.738051  20.371139  0.134935  1.397652  0.107773
132  1100.868321  1129.263534  20.558503  0.099234  1.507311  0.138736
135  962.269471  971.176878  20.376858  0.088563  1.250178  0.193207
136  908.645212  985.445704  20.306279  0.085252  1.566582  0.086020
137  1082.235208  902.608671  20.438837  0.184996  1.453387  0.104384
138  998.416609  1108.916716  20.152114  0.112625  1.378375  0.175892
139  1137.822003  1069.277061  20.130473  0.125491  1.253755  0.279201
140  932.680090  1036.907151  20.182478  0.148313  1.036631  0.133353
141  1102.472806  942.555382  20.047105  0.190739  1.456007  0.150058
142  1113.571860  1024.043356  19.910220  0.094766  1.519351  0.123148
143  1005.081149  1017.811886  19.694945  0.086965  1.217157  0.257613
144  1166.504550  1078.806938  19.922277  0.141458  1.382021  0.097485
145  965.431992  1109.998633  19.704511  0.099185  1.479396  0.075748
146  1058.604585  1043.255972  19.757499  0.166115  1.416268  0.087892
147  996.263014  1154.520371  19.774634  0.072889  1.367631  0.084103
148  1093.043589  1059.692442  19.384940  0.143441  1.576355  0.117356
149  996.863324  930.773709  19.323996  0.116185  1.439680  0.079056
150  897.128305  1150.683116  19.253857  0.239177  1.454738  0.163776
151  1073.202729  1016.442143  19.039382  0.073266  1.497595  0.148933
152  1106.279465  1043.195924  19.121835  0.097332  1.516506  0.076388
153  911.556465  972.881613  18.863236  0.094229  1.366829  0.064292
154  1012.021330  997.040067  18.737609  0.094500  1.469350  0.134377
155  1019.637350  921.480233  18.771755  0.099082  1.388070  0.057929
156  976.010117  1024.663429  18.886735  0.104553  1.215243  0.159050
157  943.102444  965.399736  18.435989  0.078353  1.694283  0.164613
158  959.311421  1090.760315  18.107656  0.064945  1.331195  0.066108
159  1144.104673  1043.227750  17.959823  0.073009  1.222901  0.056439
160  999.836385  1087.577539  17.758122  0.042258  1.131160  0.102733
161  1095.693885  946.392392  17.888528  0.105851  1.225468  0.121184
162  1068.644659  1125.015941  17.612158  0.045250  1.258771  0.088440
163  1104.493752  1201.898557  16.976949  0.046972  1.100434  0.041510
164  912.584008  1089.275044  16.952818  0.041316  1.181570  0.069580
165  961.515745  1085.149164  16.443085  0.042837  1.043448  0.038315
166  1149.830513  1041.593037  16.458917  0.067834  1.083350  0.037124
167  965.744087  901.637120  15.995447  0.050715  0.935926  0.054286
168  1048.654868  1211.753062  15.849618  0.038121  0.911536  0.076289
169  1077.381489  1091.096064  15.429623  0.032861  0.780633  0.034433
170  965.616804  1112.576512  15.034779  0.033681  0.796127  0.055894
171  962.627379  1003.641078  14.887915  0.056884  0.613675  0.054801
172  938.938388  1063.410811  14.442923  0.024991  0.685976  0.039714
173  1017.825178  1088.057569  14.007704  0.064983  0.667117  0.064820
174  1063.404524  1060.236575  14.006489  0.043632  0.584144  0.022321
175  1062.327153  922.110054  13.258127  0.029975  0.468669  0.026271
176  1036.605829  987.168563  12.906549  0.036435  0.518960  0.024951
177  1118.403523  967.297270  12.146291  0.023847  0.431945  0.019718
178  1176.965304  1086.875382  12.131052  0.028025  0.394661  0.019438
179  1146.131845  1169.548493  11.434212  0.049913  1.174621  0.018434
20  1087.810796  409.436776  11.880634  0.020987  2.696826  0.034015
21  1943.468427  937.851619  9.311665  0.015888  0.963233  0.025447
22  1286.838298  712.644671  10.348989  0.025186  1.196361  0.032741
23  1700.174546  293.453567  10.056381  0.037632  0.826021  0.044561
24  1656.234228  1409.766050  12.039995  0.034091  1.947487  0.020616
25  308.249454  442.423269  9.364012  0.022471  0.272230  0.045841
26  670.616348  78.024433  11.713434  0.053920  1.529000  0.034552
27  26.071927  81.059669  11.489065  0.030113  1.264146  0.020073
28  631.754531  775.924627  10.306708  0.027071  0.518143  0.036529
29  399.560504  680.472890  8.982341  0.020548  -0.004543  0.038323
210  1843.279428  316.516671  15.421796  0.032585  3.365085  0.030608
211  2047.969753  868.105867  16.147317  0.029391  3.658950  0.042019
212  779.862501  1642.687341  10.334797  0.017305  0.205819  0.037831
213  888.212558  556.914208  10.397881  0.017941  0.023368  0.024311
214  156.605622  1072.784204  10.911992  0.021046  0.308180  0.034856
215  1129.923810  471.837416  11.158035  0.026772  0.379764  0.051692
216  267.530179  1602.012488  10.297248  0.023974  -0.205306  0.035619
217  1502.071970  1135.683821  11.587998  0.037095  0.609799  0.030860
218  817.946194  64.544386  11.506130  0.027837  0.036662  0.017733
219  600.812660  296.902329  15.954005  0.074104  2.742055  0.058280
220  1517.651571  545.688843  10.830014  0.019866  -0.158093  0.023650
221  626.139709  1339.373969  11.443433  0.036145  0.088155  0.030125
222  1848.141358  1599.285260  13.690840  0.022100  1.147789  0.039386
223  755.617778  1178.231144  11.437370  0.021129  -0.071447  0.044181
224  1476.688217  416.370346  12.767149  0.019718  0.503079  0.046290
225  1126.807281  437.290522  14.389233  0.054067  1.271363  0.042741
226  465.592092  706.666272  12.630096  0.071579  0.548085  0.039501
227  953.743050  1679.557314  17.427404  0.049399  2.898605  0.077462
228  1751.792019  560.736967  15.582004  0.030246  2.087688  0.040327
229  1407.901062  1566.636104  12.182860  0.040801  0.019067  0.026103
230  1552.242551  1383.789529  12.325551  0.024733  0.001151  0.060724
231  1387.184371  1428.804204  17.855962  0.047830  3.349096  0.067615
232  1161.301641  560.415590  14.231035  0.035454  1.095289  0.030592
233  977.997010  1868.954841  16.761719  0.033900  2.551826  0.048719
234  1853.750288  1205.831334  15.976982  0.076800  1.986583  0.051179
235  1323.194230  1110.615479  12.774586  0.022419  0.356817  0.028150
236  428.617614  1506.829788  13.250777  0.023583  0.465567  0.032698
237  290.331586  778.218689  16.916329  0.064013  2.627396  0.068712
238  994.759533  763.024337  15.632885  0.035813  1.580142  0.036670
239  1499.115529  1403.352076  14.118990  0.044550  0.880133  0.044741
240  1614.621323  385.878345  14.613447  0.047941  0.931286  0.059903
241  110.895974  986.255868  15.331489  0.041972  1.210368  0.026282
242  602.668266  1051.537673  17.190539  0.076234  2.243363  0.130352
243  643.161820  652.696904  12.252356  0.023166  -0.193279  0.021428
244  1160.810157  483.655511  17.663164  0.041036  2.654841  0.071133
245  427.891132  882.088399  18.211361  0.078108  3.068134  0.054039
246  1064.842829  235.008312  13.522020  0.022339  0.299616  0.035746
247  529.389377  614.899688  13.198220  0.032685  0.264381  0.027700
248  1606.817280  786.866667  13.139614  0.035281  0.223637  0.029085
249  439.856786  2024.492615  14.142915  0.023235  0.670264  0.021999
250  1181.345441  1699.961196  14.410123  0.022056  0.908100  0.026479
251  434.341348  1669.045915  13.507628  0.021306  0.500345  0.030087
252  1213.362997  491.869318  15.244216  0.039405  1.011878  0.075490
253  1040.359091  1895.437917  13.918732  0.025196  0.289809  0.042537
254  1897.847675  34.959767  14.144641  0.059950  0.339426  0.041242
255  1525.308771  279.358563  13.774752  0.031673  -0.006848  0.040157
256  387.629526  523.954918  13.958768  0.026726  0.334661  0.038256
257  1250.151668  581.828407  19.756349  0.079293  3.360476  0.217392
258  168.196761  1839.773735  14.423506  0.036517  0.309630  0.032277
259  573.608063  703.444097  15.137382  0.024375  0.853208  0.059673
260  833.104072  1644.311353  14.265690  0.064618  0.645729  0.027005
261  1293.448262  994.805204  18.141601  0.070995  2.781573  0.063608
262  262.142013  1154.509900  14.771041  0.037364  0.545426  0.052263
263  1402.107455  1206.741047  14.263011  0.036648  0.525107  0.028265
264  166.528601  335.432000  19.184575  0.170198  3.477582  0.131934
265  1180.937120  1307.530759  14.470750  0.043618  0.425337  0.030415
266  907.734403  83.540449  13.874897  0.021438  0.289127  0.043600
267  1392.233936  1990.781275  14.022063  0.049680  0.597431  0.036269
268  912.667449  1906.074713  17.086543  0.055610  2.156081  0.071103
269  532.056714  970.627996  14.749130  0.073842  0.859757  0.023816
270  1162.944329  924.184101  16.094403  0.032927  1.597550  0.062826
271  394.406447  132.873358  14.495056  0.030459  0.555944  0.030084
272  258.416541  205.660730  15.400077  0.024396  0.859849  0.037381
273  2013.500449  1539.332807  16.165815  0.055417  1.340774  0.061752
274  255.264131  709.455706  15.231685  0.024229  0.830742  0.027496
275  169.628736  1076.768273  16.712307  0.050201  1.417093  0.063790
276  1803.889914  1872.027645  14.619917  0.049685  0.916390  0.034542
277  1863.209569  837.341311  15.390031  0.050173  0.656359  0.031359
278  302.162579  1497.991625  15.183646  0.029495  1.205194  0.073247
279  527.456597  1745.185173  14.696849  0.047600  1.249544  0.026670
280  1356.448888  1552.387795  16.076087  0.043207  1.345506  0.033349
281  325.929902  1829.328651  14.309197  0.023346  0.189779  0.033343
282  453.090378  1379.677857  17.367449  0.048179  1.867559  0.061678
283  1223.727201  1647.647207  14.603157  0.079170  0.593282  0.047452
284  1617.923519  1940.281145  16.744858  0.053220  1.452849  0.056127
285  1124.542815  1215.625414  14.541510  0.044099  0.390267  0.024386
286  864.022366  423.745690  17.621842  0.102423  1.945775  0.088300
287  382.278387  1219.873012  18.411171  0.072792  2.592384  0.051279
288  1792.349451  775.259685  17.956161  0.056418  2.073752  0.090349
289  868.251904  1384.272912  14.132910  0.036213  0.195669  0.031620
290  849.786199  37.266498  19.786052  0.111585  3.240089  0.095093
291  1239.744732  1193.855588  16.822308  0.083786  1.538714  0.049794
292  380.012025  696.111509  15.246464  0.047367  1.143334  0.043489
293  1707.474878  1887.650045  14.876286  0.041639  0.399516  0.037590
294  1698.647810  463.957967  16.812852  0.065101  1.616793  0.063829
295  1993.604753  1699.454119  17.013490  0.064004  1.657079  0.066057
296  1191.023803  640.371485  14.718836  0.048496  0.413784  0.035710
297  1146.936504  18.550471  17.666871  0.046504  2.043424  0.062218
298  1911.675179  316.269591  15.999484  0.048704  1.212942  0.082800
299  1860.166084  895.059612  15.077822  0.033743  0.758048  0.029666
2100  1167.254644  1174.464664  15.679409  0.027819  0.610276  0.044434
2101  1498.343898  507.412178  15.720034  0.071861  0.516154  0.067362
2102  1328.690386  451.532440  15.758564  0.033622  1.116557  0.030802
2103  464.443090  40.294370  15.753503  0.059750  1.389772  0.042443
2104  1031.303310  588.560059  18.561361  0.054549  2.169922  0.092665
2105  300.781346  552.409346  17.352792  0.053281  1.491704  0.078291
2106  344.107133  1659.035081  15.089572  0.028532  0.117160  0.025859
2107  970.243105  1599.949931  16.545871  0.036519  0.861111  0.067999
2108  1982.975626  1904.604175  15.680710  0.055062  1.144206  0.060902
2109  1060.194101  524.133496  19.092934  0.070468  2.568905  0.108512
2110  1935.688401  1947.678624  17.490874  0.043054  1.680990  0.048596
2111  166.061566  394.926305  20.595950  0.103176  3.449067  0.237520
2112  1702.428051  1519.506665  15.773482  0.089284  0.652629  0.060711
2113  715.508491  1084.394677  15.657971  0.078400  0.490699  0.049331
2115  236.583093  964.491632  20.173762  0.215248  2.991186  0.146586
2116  428.558103  951.455047  15.998005  0.094286  0.784791  0.032763
2117  1926.615242  9.473464  15.072459  0.039388  0.159416  0.045529
2118  1180.801531  247.788636  15.245884  0.041746  0.457536  0.045230
2119  174.292252  722.511097  14.615739  0.028260  0.009969  0.043645
2120  199.108543  585.290773  15.493033  0.051145  0.916984  0.051525
2121  1698.466541  1066.992853  15.878566  0.039422  0.796260  0.037269
2122  895.509865  1845.963635  19.424483  0.224664  2.813439  0.098540
2123  1306.723030  1723.563308  16.471531  0.036129  0.981502  0.033578
2124  156.574019  1328.755434  16.045846  0.028148  0.764666  0.058767
2125  189.892645  1615.305180  20.216816  0.192447  3.068271  0.174346
2126  2004.249349  1923.807439  14.957542  0.038998  0.213497  0.040627
2127  1298.925814  624.564956  14.997159  0.041068  0.115012  0.049600
2128  1433.143769  389.295363  14.865130  0.034118  0.071408  0.048225
2129  1367.323766  693.162466  16.051899  0.031111  0.834075  0.049149
2130  1691.853119  1903.724826  15.802684  0.071674  0.542848  0.043858
2131  1571.766133  850.388536  15.493058  0.027102  1.262533  0.046366
2132  1548.335447  1492.390849  14.120980  0.027797  -0.288011  0.024529
2133  525.480357  1395.105312  18.522044  0.062882  2.022353  0.132161
2134  123.823705  652.190661  18.231391  0.053738  2.005039  0.126870
2135  1447.946324  254.481829  16.797307  0.049015  1.316455  0.060021
2136  1515.111187  1317.104997  17.879718  0.073719  1.696517  0.094449
2137  1351.970433  1788.471185  16.883995  0.061784  1.415233  0.046657
2138  1295.213131  1190.227658  16.296615  0.038251  1.540463  0.084661
2139  241.948853  1949.477465  18.584235  0.050607  1.869931  0.072594
2140  1467.123678  449.536637  17.195619  0.052242  1.160621  0.038779
2141  257.672929  1403.209833  16.564739  0.061227  0.919967  0.051264
2142  288.325526  144.876142  15.720223  0.044344  0.197903  0.035114
2144  713.472292  1329.200347  16.805256  0.041070  1.848519  0.032160
2145  1635.456869  945.093174  16.299677  0.073433  0.858444  0.068542
2146  1258.049388  396.552685  18.836395  0.137324  2.155655  0.094189
2147  1007.570375  939.527278  18.914529  0.115991  2.270394  0.161811
2148  1272.435884  1051.001325  18.919185  0.067254  2.098314  0.113492
2149  413.311640  1042.760255  16.447083  0.041112  0.877899  0.049481
2150  298.401340  430.420664  15.334504  0.053259  0.178776  0.024535
2151  1931.257498  1609.753419  17.729386  0.052310  1.443584  0.102990
2152  86.467697  1644.854939  15.726209  0.071645  0.370683  0.062071
2153  719.476668  329.865561  18.495689  0.078871  1.684618  0.076175
2154  1775.828695  2012.628998  16.827994  0.035432  1.495856  0.062141
2155  1786.296557  455.446543  16.430888  0.044705  0.642409  0.051424
2156  679.764097  1914.440090  19.053815  0.143578  2.367487  0.060174
2157  260.482158  995.148943  16.301840  0.104836  0.355335  0.040896
2158  445.821712  82.843897  16.992300  0.038227  1.012683  0.077826
2159  1241.824018  788.638594  19.190321  0.060696  2.215379  0.069874
2160  508.885016  427.689205  20.171664  0.193347  2.477175  0.110242
2161  1753.999810  1601.964539  16.169273  0.039514  0.794509  0.074917
2162  1260.237921  1488.089146  18.400783  0.063218  1.925214  0.096679
2163  1628.600573  1921.508826  18.336595  0.113700  1.688159  0.088946
2164  1530.641592  2012.827090  15.293921  0.060898  -0.024836  0.034503
2165  895.641850  325.149737  16.351896  0.055656  0.737774  0.058547
2167  649.061880  1009.885300  19.587932  0.165107  2.480041  0.194864
2168  1974.119638  54.176372  19.587773  0.209425  2.527444  0.114140
2169  1005.895399  1008.139341  19.814110  0.078863  2.483427  0.092742
2170  1447.370498  1475.183739  19.071863  0.073555  2.220845  0.090254
2171  1163.627130  94.785215  19.969448  0.110772  2.634459  0.154543
2172  697.617455  386.498925  16.492843  0.078973  0.911790  0.035858
2174  1210.519392  282.829574  17.601314  0.062629  1.400476  0.097584
2175  1819.588550  1095.773218  14.449284  0.028889  -0.336469  0.075796
2176  958.818155  1889.263025  17.956344  0.081947  1.437342  0.153261
2177  1229.115455  1997.086600  16.166892  0.045910  1.087842  0.039407
2178  2031.606251  1475.510337  18.956704  0.097773  2.050719  0.108741
2179  874.832254  1945.273017  17.265970  0.093091  1.268308  0.066969
2180  165.715205  1508.977732  16.202546  0.030860  1.087582  0.068214
2182  1747.612703  1190.989708  16.096878  0.072447  1.120769  0.040410
2183  73.873211  1919.223632  17.642133  0.108419  1.469505  0.057855
2184  1073.398242  238.703436  16.301267  0.063364  0.733397  0.049686
2185  1050.554212  1072.062747  16.652178  0.088548  0.719735  0.091112
2186  251.682772  1398.479842  15.991888  0.046061  0.761912  0.050732
2187  973.673934  551.551478  16.366738  0.100435  0.830274  0.044038
2188  1160.008374  126.320340  16.045000  0.044072  0.579111  0.038404
2189  1118.536171  170.183149  17.813276  0.074446  1.332740  0.048504
2190  119.576780  1495.539922  18.040875  0.045707  1.581965  0.069084
2191  26.713680  1035.789845  17.245125  0.066784  1.282126  0.061478
2192  1412.312402  905.332491  17.715841  0.062286  1.436913  0.092985
2193  594.040449  1861.401421  18.438065  0.063583  1.339854  0.178239
2194  259.760183  669.965570  15.520941  0.062986  -0.043294  0.036106
2195  642.996981  478.107863  18.020678  0.064371  1.324462  0.083274
2196  75.689498  944.231909  17.320309  0.065101  0.671194  0.070984
2197  657.314007  183.622407  17.980737  0.073295  1.152466  0.128557
2198  558.833507  1026.841098  18.203022  0.057322  1.318787  0.073205
2199  602.262931  1925.238249  17.543107  0.056652  0.987354  0.048437
2200  7.409029  468.959847  16.958785  0.063682  0.578736  0.043471
2201  1950.449953  613.505651  18.750270  0.105652  1.736857  0.135400
2202  1133.315046  1487.295606  19.455226  0.139970  2.090568  0.087482
2203  229.886812  1749.332730  18.849153  0.057298  1.670722  0.070033
2204  56.789056  2043.948024  17.377908  0.063712  0.744338  0.103914
2205  1365.772181  762.354780  16.928928  0.054703  0.620714  0.038135
2206  1135.250968  1856.653854  17.622038  0.081294  1.185087  0.092322
2207  1750.948555  1823.453103  16.866224  0.048746  1.056244  0.082122
2208  941.281753  1495.766230  19.642120  0.070104  2.125381  0.069489
2209  1051.659358  572.634896  16.915465  0.094375  0.737201  0.063578
2211  1577.007310  1646.364598  17.533840  0.070382  1.104555  0.057565
2212  1284.164831  64.994551  15.765006  0.075478  0.172576  0.044101
2214  1821.351331  112.689755  17.680631  0.083778  0.993500  0.107269
2216  134.536194  430.890488  17.741069  0.072764  0.873997  0.070010
2217  461.078433  1848.863169  19.896129  0.139828  2.348280  0.108054
2218  1965.613772  839.239629  19.643201  0.070742  2.238503  0.081250
2219  804.716944  1855.425776  18.968005  0.094041  1.862017  0.120231
2221  926.138235  579.757166  18.313206  0.054696  1.456215  0.046606
2222  1210.779103  698.937495  18.504309  0.069325  1.459654  0.108986
2223  813.482690  1015.401381  17.597147  0.054376  0.804106  0.079127
2225  387.915703  1195.237696  18.554268  0.081869  1.548152  0.071626
2226  90.330988  783.774597  16.578449  0.072489  0.649215  0.046096
2227  238.300097  1178.845048  17.797930  0.053737  1.143811  0.098313
2228  1051.317205  1779.521275  17.824539  0.081772  1.310233  0.043820
2229  1981.934825  567.019442  17.373013  0.053352  0.683082  0.078649
2230  1669.925156  1106.834091  17.502558  0.099240  0.941922  0.109043
2231  838.333179  596.974149  19.575500  0.094941  2.192519  0.147229
2232  21.100494  184.098043  20.586295  0.141479  2.900057  0.245892
2233  174.865373  1569.178883  20.100550  0.096089  2.332038  0.192655
2234  1557.112992  94.224556  17.379445  0.051599  0.996271  0.083579
2235  523.926649  124.039067  16.586418  0.068626  0.254397  0.080399
2236  1117.171672  408.339569  18.038559  0.047588  1.402289  0.064889
2237  1175.821481  793.675573  18.731706  0.086789  1.558936  0.088441
2238  1803.342971  695.962258  16.307499  0.034201  0.076278  0.081239
2239  1739.952424  605.110905  16.901635  0.040291  0.762771  0.032842
2240  1168.443400  1006.629822  15.456586  0.032231  0.007929  0.047288
2241  44.621045  462.134123  17.887526  0.044722  1.063130  0.079989
2242  1536.060431  1966.844408  20.677828  0.167098  3.222799  0.302080
2244  1791.835543  338.756474  16.808250  0.036594  0.314149  0.045001
2245  2022.905526  1055.095572  20.566281  0.277940  2.896404  0.155088
2246  1955.419219  1637.380074  17.966227  0.069436  1.267292  0.056338
2247  737.321661  1652.935693  18.971824  0.097686  1.639876  0.125828
2248  1473.723874  801.447476  15.582902  0.044962  -0.024955  0.057832
2249  1290.661286  792.247347  17.034667  0.043658  0.727071  0.052725
2250  843.494651  1163.592681  18.667257  0.085884  1.598654  0.098391
2251  1935.889242  1651.042178  17.402385  0.054122  1.445835  0.043851
2252  1830.151337  1009.202962  17.787275  0.072238  1.184221  0.044368
2253  1305.641672  196.301378  19.577051  0.112089  2.472157  0.143392
2254  819.600470  772.995221  18.516477  0.117149  1.439403  0.099921
2255  529.619565  1645.980372  18.576023  0.072776  1.737165  0.158849
2256  733.773863  543.374688  17.282215  0.074567  0.902882  0.074864
2257  1492.635089  1980.710363  17.391403  0.053617  0.817943  0.063636
2258  1489.459545  1425.175751  17.524047  0.080171  0.828695  0.047008
2259  2016.575857  1406.428269  19.601029  0.120467  2.342587  0.076932
2260  1914.908701  738.965039  17.726071  0.052419  1.036736  0.065003
2261  1257.229136  800.182935  17.618341  0.076756  1.198894  0.116961
2262  712.917976  1481.356554  16.838254  0.044702  1.205615  0.103477
2263  1005.346854  445.216533  20.756289  0.097924  2.891025  0.132646
2264  1637.005927  333.716616  17.400379  0.118151  0.737846  0.058705
2265  1739.111577  1538.516012  19.661244  0.126840  2.050736  0.109081
2266  87.296587  1112.117634  17.271750  0.039175  0.911824  0.073055
2267  604.011219  1929.849469  16.044119  0.058994  0.389225  0.085329
2268  1564.368271  812.967068  18.568497  0.156318  1.473345  0.065236
2269  935.213193  2046.016761  18.238599  0.070852  1.183761  0.068012
2271  1075.337995  1432.583363  19.441732  0.065532  1.916565  0.105660
2272  1548.921808  1621.158490  17.777705  0.066073  0.897338  0.043865
2273  49.425007  1989.430042  19.372870  0.066059  1.629321  0.072864
2275  1551.314153  583.510799  18.449135  0.068858  1.293772  0.064354
2276  1016.208499  904.607031  20.660636  0.165363  2.696323  0.149251
2278  1888.570272  161.941455  18.016813  0.105338  1.223417  0.063613
2279  174.749168  376.986883  17.976457  0.052852  1.120148  0.053322
2280  1754.989314  640.894829  18.849429  0.091748  1.199078  0.137277
2281  847.943074  458.437498  18.352138  0.050914  0.872562  0.097776
2282  310.008311  1050.968153  18.194199  0.062442  0.849528  0.123372
2283  1845.667503  553.949009  17.978407  0.070997  1.692261  0.111586
2284  711.119331  1071.381694  18.206324  0.137528  1.050689  0.060355
2285  1802.292670  852.841818  18.565845  0.118313  1.018315  0.126257
2286  1428.567708  99.842525  17.756121  0.094325  0.825044  0.089647
2287  21.337084  1109.364664  18.316945  0.078595  0.999214  0.105231
2288  1980.602744  973.687890  19.062593  0.152783  1.814460  0.155537
2289  1707.874800  324.407906  18.489458  0.059626  1.082491  0.086369
2290  150.675546  1593.096083  18.347789  0.046746  1.773359  0.075377
2291  804.801065  681.115685  19.758126  0.139504  1.874679  0.191503
2292  236.198417  1325.176451  19.888378  0.114445  2.471689  0.224457
2293  386.350045  456.883746  20.128074  0.113086  2.109620  0.215817
2294  650.625160  497.157657  17.845382  0.058581  0.750991  0.064890
2295  456.678041  236.265193  19.769866  0.143054  1.965925  0.120231
2296  1079.721046  69.245067  18.004566  0.097529  1.133528  0.122792
2297  490.523787  908.358212  17.780759  0.114260  0.866799  0.050468
2298  973.345165  1758.805382  17.715408  0.072498  0.579650  0.061244
2299  151.735457  1365.909184  17.758573  0.086553  0.777601  0.043299
2300  115.597266  1322.037246  18.373740  0.055199  1.228922  0.091670
2301  1288.822499  1247.871688  19.839332  0.074952  2.148276  0.216002
2302  1338.555667  1804.515399  20.156721  0.152454  2.186224  0.141193
2303  1149.459026  420.940846  17.720423  0.065598  0.839926  0.078816
2304  798.218355  224.981850  18.375776  0.095727  1.042247  0.091952
2305  1954.927445  1233.122040  19.745978  0.152638  1.645764  0.217305
2306  1950.347154  1734.683551  21.122210  0.242801  2.620854  0.194349
2307  743.183179  1915.031808  15.584680  0.057277  -0.359609  0.050532
2308  1200.494389  1649.145956  17.588853  0.105661  0.889550  0.079774
2309  516.024130  1140.855438  18.716249  0.067362  1.296285  0.068352
2310  1612.058468  784.217400  19.990862  0.291615  2.118444  0.087072
2311  1615.598509  327.331389  18.319869  0.083090  0.921162  0.072668
2312  499.212003  854.837232  20.756513  0.131941  2.349051  0.156719
2313  721.514252  646.136600  19.503757  0.165295  1.613249  0.078793
2314  505.221601  69.311002  18.730652  0.092272  1.133184  0.092692
2315  405.483597  292.572865  18.320832  0.068935  1.211831  0.113009
2316  884.038677  1155.558495  18.127332  0.076497  0.958214  0.046188
2317  1794.415739  195.837727  18.461273  0.080191  0.996206  0.101979
2318  169.793284  1621.400796  20.316355  0.180078  1.861111  0.122256
2319  709.261496  1446.321874  16.689095  0.031694  0.061278  0.081573
2320  1386.321977  1661.997961  17.470921  0.075765  0.380622  0.054402
2321  1716.759490  824.400674  19.134052  0.086840  1.513937  0.079536
2322  1440.057345  1631.366640  17.661713  0.038831  0.876406  0.050403
2323  1744.004320  100.789253  15.839173  0.048945  -0.315714  0.034326
2324  287.318292  722.501033  17.868457  0.106152  0.868985  0.048105
2326  1371.517376  1279.436206  18.605069  0.050914  1.279204  0.148356
2327  432.029762  1271.700932  18.811483  0.077082  1.240768  0.051838
2328  1569.878382  797.988253  19.003472  0.106327  1.532435  0.184685
2329  61.258429  1686.527355  18.441342  0.059701  1.198493  0.110188
2330  532.828371  234.940145  18.784456  0.067465  1.333727  0.091723
2331  613.002428  935.343751  18.463826  0.133736  1.017653  0.069322
2332  1908.774617  1386.460710  18.839805  0.103935  2.237153  0.093529
2333  876.322257  561.849224  18.120879  0.095379  0.902627  0.071386
2334  1424.617426  1495.651919  18.371751  0.058614  1.169248  0.047557
2335  141.963820  120.178254  18.584064  0.055153  2.082760  0.087005
2337  391.128785  1993.963574  19.180677  0.130345  1.597345  0.068157
2338  604.437027  1728.693093  18.109520  0.067862  0.722478  0.143936
2339  1666.232113  1608.443955  18.923059  0.063637  1.331078  0.054993
2340  634.186079  1416.834072  16.761326  0.094018  0.033707  0.050283
2341  140.969383  1684.469696  16.507251  0.053009  0.002315  0.037857
2342  803.809196  35.136650  18.724597  0.101645  1.521544  0.053064
2343  1046.737488  678.811574  17.605860  0.077595  0.491823  0.073766
2344  871.786929  559.341183  17.780264  0.046894  1.437280  0.104203
2345  1984.319735  1586.185214  17.562942  0.096731  0.905369  0.046748
2347  1903.738104  101.284451  21.450692  0.146207  2.580875  0.229257
2348  1258.801068  955.154412  17.695208  0.041289  1.086727  0.049077
2350  2041.700975  1486.051540  19.341099  0.154551  2.000801  0.155869
2351  34.950317  983.922796  18.381322  0.046326  0.893011  0.078822
2352  1443.486495  1861.454392  19.740366  0.211462  1.953335  0.150511
2353  1274.632466  1770.530075  17.902034  0.075309  0.863578  0.047548
2354  418.850417  2019.420309  20.090550  0.194619  2.243579  0.079682
2355  233.817605  200.938873  17.829422  0.059530  1.699477  0.045632
2356  1826.920904  1686.035362  18.672088  0.124499  1.829755  0.142628
2357  102.682625  836.223530  17.527390  0.059819  0.564016  0.057425
2358  527.965854  1442.003036  19.263857  0.173402  1.678021  0.150717
2359  752.644382  1099.939468  18.721191  0.099741  1.213725  0.133540
2360  510.916982  1452.488243  18.397376  0.073146  0.864418  0.108322
2362  691.739490  898.794485  17.499684  0.117972  0.966455  0.088162
2363  55.035330  294.445777  19.867776  0.188755  1.872294  0.153410
2365  44.237482  666.540175  20.788015  0.206764  2.466530  0.184419
2366  10.495723  1195.647980  18.122143  0.056094  0.891865  0.091997
2368  654.683364  963.867335  18.028582  0.067119  1.077736  0.059084
2369  637.132943  1301.281188  20.100156  0.100669  1.877532  0.169283
2370  1746.067854  993.490397  19.548340  0.121921  1.556162  0.138727
2371  830.315883  346.978756  20.662133  0.259155  2.121427  0.194031
2372  812.375855  1228.233212  18.487555  0.066539  0.987098  0.074615
2373  748.880683  490.688449  20.098057  0.097269  1.661555  0.109881
2374  209.562394  1585.642793  18.974801  0.074575  1.171132  0.101217
2375  656.768528  91.075261  18.924479  0.055214  1.151242  0.128921
2376  1033.374517  920.653654  20.724736  0.145231  2.110047  0.091272
2378  1453.697558  980.250307  19.872119  0.151018  1.099218  0.279231
2379  1694.728797  500.173663  20.302612  0.194999  1.888985  0.113973
2380  735.594068  678.934402  19.615931  0.159493  1.505125  0.121289
2381  1548.189595  1791.219606  18.620952  0.080096  0.795630  0.155280
2382  869.824117  889.504475  20.640137  0.137403  1.886020  0.141277
2383  1968.858971  219.912067  18.761275  0.057920  1.247373  0.103358
2384  798.137909  1691.399269  19.309922  0.096467  1.079447  0.126058
2385  688.004114  301.967021  17.778905  0.056279  0.316329  0.056538
2387  1308.200850  384.733663  20.664969  0.110942  2.108508  0.341383
2388  1247.611275  778.733663  19.815688  0.091186  1.421643  0.076600
2389  951.782845  1812.316033  18.817168  0.081140  1.200887  0.088708
2392  261.118232  588.012119  18.559362  0.143760  1.222221  0.060277
2393  37.622048  1718.710158  19.944445  0.078694  1.562454  0.120724
2394  854.481495  1038.577423  18.495961  0.051731  1.127717  0.148524
2396  441.799327  816.862072  18.768152  0.108354  1.234550  0.098168
2397  937.828789  749.459049  18.529250  0.069596  1.155542  0.130597
2399  37.908894  6.655209  19.390724  0.124096  1.381489  0.069470
2400  1643.351239  1793.287886  18.783341  0.079011  0.882705  0.062346
2401  1838.880621  567.807366  19.248661  0.175039  1.727191  0.149632
2402  1617.619917  989.935830  18.465899  0.085296  0.654933  0.123566
2403  413.464174  213.673843  19.909408  0.141937  1.630832  0.120720
2404  1912.963560  1883.630777  19.251130  0.140744  2.045270  0.066627
2406  1416.340641  998.932446  20.640435  0.138025  1.666691  0.241720
2407  1270.925073  1401.615823  20.951606  0.141929  1.500954  0.251786
2408  1988.826637  1743.107275  17.402793  0.070299  0.381094  0.055668
2409  1352.454994  739.787766  19.009450  0.078724  0.738887  0.171139
2410  397.197509  767.481409  19.363116  0.082229  1.083736  0.093056
2411  129.617850  700.908707  19.535185  0.065539  2.017837  0.120560
2413  1832.160934  912.225106  19.275646  0.143867  1.149681  0.133217
2414  1013.677974  1958.354601  19.221359  0.077134  1.204742  0.081559
2415  713.598226  1745.246922  19.112098  0.079185  1.256948  0.076393
2416  1348.960825  92.392281  20.234274  0.117583  1.634109  0.087500
2417  1095.635177  399.999380  18.357714  0.112438  0.416247  0.115184
2418  820.227781  853.732319  18.854644  0.118954  1.241262  0.060846
2419  449.793855  1823.032852  18.798258  0.152280  1.059835  0.065083
2420  188.110469  856.585057  20.186439  0.136293  1.484033  0.135254
2421  490.087532  304.968379  19.865301  0.193175  1.531789  0.079112
2422  779.153360  1812.730952  17.297023  0.103825  0.062062  0.058154
2423  947.778793  175.762737  17.181829  0.061471  0.080241  0.058935
2425  1081.520926  692.257023  18.266165  0.053231  0.491356  0.084450
2426  1213.245256  604.607516  19.581732  0.175566  1.440052  0.074039
2428  2012.264543  1601.946439  19.049617  0.095414  1.103291  0.077734
2429  1116.259676  1615.821406  21.059969  0.112005  1.967352  0.165176
2430  1958.085014  703.248799  19.383567  0.134348  1.690069  0.065681
2431  661.619858  1450.620335  18.771834  0.182438  1.421651  0.060019
2432  218.022293  1567.232183  17.140337  0.037066  -0.051072  0.074064
2433  990.652583  602.718292  18.999202  0.124470  1.119744  0.071266
2434  1998.442962  22.953066  20.128385  0.207453  1.477859  0.086046
2436  1724.289818  1766.770792  19.172153  0.075117  1.295225  0.112762
2437  1857.439155  736.480562  19.199673  0.183222  1.182575  0.073516
2438  1805.631413  1970.223717  18.892902  0.114531  0.964609  0.130240
2439  471.683869  311.308595  18.884014  0.115282  1.060769  0.158574
2440  1760.698124  90.236711  19.041453  0.119927  1.809939  0.120517
2441  703.934411  106.174893  19.074016  0.076137  1.299288  0.105170
2442  1044.547383  920.726949  20.883957  0.147941  2.034209  0.167443
2443  847.884799  2037.899073  18.821664  0.069715  0.884088  0.058704
2444  1550.779940  107.168668  20.750989  0.158150  2.161431  0.126544
2445  1531.399608  187.632494  17.469088  0.043859  0.223909  0.094128
2446  1604.462234  395.014466  18.881783  0.056825  0.930622  0.061563
2447  1536.092409  838.604394  19.142020  0.101809  1.327589  0.088271
2448  335.382155  1737.810478  18.535304  0.053133  1.194902  0.101545
2449  804.971910  197.021563  20.026949  0.106994  1.229421  0.208064
2451  1167.878959  248.811243  17.530288  0.087490  0.098109  0.050508
2452  318.532341  1681.045510  19.904883  0.099718  1.873905  0.116296
2453  989.020492  1404.110655  18.743645  0.093901  0.955714  0.092859
2454  382.084477  1273.217634  18.192546  0.050397  0.729614  0.052772
2455  686.512424  1081.363502  19.477700  0.114753  1.289016  0.125094
2456  1929.145579  222.034516  16.702727  0.059504  -0.237028  0.066028
2457  1872.311274  754.039042  18.388489  0.077362  0.891469  0.081151
2458  552.862936  701.002371  19.317658  0.129454  1.181890  0.083411
2459  1689.544815  1976.729692  18.861752  0.095076  0.885647  0.123556
2460  1066.421449  1660.625417  19.023595  0.066156  1.204824  0.057560
2461  828.301336  2014.258562  18.939201  0.093497  1.048570  0.156919
2462  109.148337  487.054807  18.886900  0.080257  2.147203  0.066703
2463  1655.703096  243.100475  20.229394  0.112857  1.605426  0.123084
2464  926.390837  141.529177  19.106686  0.127445  1.173015  0.081796
2465  1269.396179  1622.809585  20.359211  0.123515  2.467729  0.292139
2467  17.883992  188.256800  20.563896  0.099293  1.940869  0.128459
2468  334.869461  917.691351  19.578166  0.066494  1.532265  0.270696
2469  1425.935897  178.941673  19.313009  0.135457  1.010968  0.088296
2471  151.896294  1919.048581  19.197445  0.081854  0.969936  0.074952
2472  1592.397093  386.397765  18.184624  0.087881  0.493831  0.083901
2473  498.026751  1016.005520  17.489863  0.039418  0.142602  0.037726
2474  189.182362  1512.779284  18.794443  0.091536  1.513111  0.057126
2475  613.142201  613.072050  19.940657  0.263787  1.751277  0.229108
2476  877.982656  1644.565052  19.386966  0.122692  1.423851  0.080317
2478  570.243323  1405.898427  20.005509  0.084376  1.662130  0.187657
2479  2026.998970  451.778601  19.896328  0.101646  1.407742  0.077299
2480  81.903789  1371.521828  18.757753  0.060396  1.090320  0.139640
2481  1763.598357  1414.879595  16.592170  0.031349  -0.170022  0.052469
2482  807.518808  384.856602  19.247238  0.105737  1.136765  0.062924
2484  183.311720  1567.126865  16.398890  0.068369  -0.248211  0.046679
2485  1326.353027  235.280350  18.951917  0.061407  1.067426  0.077571
2486  89.109062  1224.549653  18.688612  0.091400  1.230457  0.078395
2487  336.036497  1423.115310  19.422956  0.099790  1.239656  0.060386
2488  622.332596  1203.965172  19.771155  0.141547  1.218096  0.115583
2489  1160.026027  1779.037256  19.387824  0.078470  1.361118  0.065092
2490  1926.126131  1930.708351  20.615004  0.289723  1.785258  0.143001
2491  461.315101  835.314631  19.439015  0.080834  1.231183  0.061956
2492  429.861277  1062.291769  17.809783  0.060951  0.498875  0.070355
2493  1274.383344  3.747368  19.201855  0.144549  1.222530  0.091238
2494  1427.253858  1482.658266  19.204549  0.092463  1.493601  0.095425
2495  1347.030948  1517.345469  19.803903  0.166344  1.411485  0.127405
2496  1931.842632  1806.127011  19.908992  0.084706  1.375711  0.087230
2497  1827.616235  1346.832957  19.368694  0.098732  1.053369  0.065013
2498  1785.222654  1189.480527  20.013875  0.094304  1.821903  0.192373
2500  1606.812911  1988.676901  20.350714  0.186342  2.188552  0.130851
2501  960.753588  260.510386  20.539676  0.164297  1.665358  0.107261
2502  1895.623799  550.521565  19.869702  0.216004  0.996937  0.134471
2503  652.696920  1962.707014  19.408717  0.212794  2.053449  0.115637
2504  880.039614  236.054884  17.002005  0.047968  -0.369342  0.078470
2505  425.468352  407.548122  19.613557  0.108079  1.109158  0.093292
2506  1027.202604  883.910857  20.134191  0.205539  1.892597  0.119283
2507  876.477235  617.276663  20.107681  0.155466  1.336524  0.138529
2508  441.444523  2006.018441  19.908334  0.213382  1.386676  0.107454
2510  330.204978  729.118069  17.544121  0.070643  -0.147460  0.045360
2511  312.384304  826.906541  19.223399  0.065870  0.730877  0.121073
2512  1611.858865  337.328812  19.804438  0.169548  1.446715  0.123767
2514  1457.392679  662.697886  19.938093  0.170101  1.278916  0.194323
2516  57.580302  799.159746  19.634400  0.166219  1.507190  0.140911
2517  1298.814224  1783.137408  20.237425  0.152113  1.314305  0.122492
2518  855.497682  592.145821  20.921677  0.112092  1.929911  0.182738
2519  504.045986  534.361224  17.487869  0.153680  -0.179254  0.072864
2520  1599.746275  1571.887854  20.141338  0.135711  1.590672  0.092427
2522  1874.320934  625.703863  19.967158  0.077937  1.129809  0.123149
2523  465.106999  184.692238  19.378930  0.070049  1.724367  0.104283
2524  515.268148  1430.695719  19.229401  0.067014  0.817323  0.066024
2525  1266.808704  750.708724  20.485781  0.133863  1.497609  0.231091
2526  1476.421052  132.485209  19.726088  0.094988  1.117402  0.081389
2527  194.375597  1398.057096  18.763021  0.071768  0.666154  0.172576
2528  1888.398097  998.939173  18.000952  0.110636  0.347538  0.076344
2529  998.176553  1301.505568  19.605854  0.138673  1.147492  0.103635
2531  1118.699917  917.193874  20.400473  0.204154  1.412381  0.117944
2532  1939.503212  1821.241030  20.214249  0.220044  1.180175  0.141017
2534  1156.021199  1044.025223  19.548725  0.216059  1.138239  0.092370
2535  619.293542  484.812436  19.249828  0.098727  0.987122  0.090318
2537  1120.050486  1773.306372  20.484176  0.200693  1.534110  0.150155
2541  1666.005647  317.493467  19.994153  0.084431  1.328568  0.102104
2542  1935.323981  1391.899991  20.369373  0.084030  1.674336  0.115736
2543  1707.387330  344.500068  19.868717  0.099910  1.494667  0.132177
2546  1064.872046  551.644113  19.574459  0.125051  1.779214  0.101271
2547  840.657389  1938.145447  20.311997  0.153787  1.961163  0.242220
2548  1406.632108  605.742896  20.303795  0.129614  1.430103  0.226692
2549  566.870517  210.411082  20.191948  0.084752  1.757043  0.168986
2552  1297.415719  489.276587  20.936166  0.181303  1.863798  0.159735
2553  2042.257012  863.016955  20.087833  0.080756  1.131331  0.123386
2554  2018.557961  1557.213647  19.994825  0.334275  1.283578  0.159347
2555  1315.615903  1368.760426  20.219105  0.207761  1.248730  0.104710
2556  1140.730083  1354.482239  19.662246  0.087816  1.662026  0.107172
2558  359.984437  1859.929140  19.930025  0.105608  1.431136  0.096247
2559  312.501536  183.522885  19.681403  0.094798  0.912309  0.185289
2560  475.538924  270.679300  20.326664  0.107030  1.641773  0.106616
2564  632.055512  1831.367122  20.853301  0.133072  1.832072  0.262384
2565  1956.638461  1028.638599  19.395855  0.096606  1.049623  0.154409
2566  1828.339419  1938.829650  19.699080  0.083163  1.282873  0.093239
2567  1039.647645  1809.444446  19.932390  0.122203  1.265415  0.076014
2568  1099.175828  402.137981  20.015429  0.188029  1.354143  0.154056
2570  10.853880  1701.682032  19.787958  0.126049  1.338676  0.155488
2571  2022.661260  1562.030609  20.062084  0.103581  1.568576  0.332086
2572  1360.953468  1614.756214  19.497409  0.078041  1.048501  0.146177
2574  1894.378295  2018.281943  19.567726  0.121090  1.396198  0.182080
2575  635.173462  1394.170984  19.830865  0.129573  1.880478  0.147628
2576  1511.733478  809.684449  19.522563  0.101417  1.759277  0.115439
2577  1869.309953  660.664874  19.549260  0.131181  0.983766  0.191677
2578  1277.989465  1208.130743  19.744313  0.094492  0.881609  0.159171
2580  1545.479953  907.019790  19.146511  0.078352  1.055026  0.071985
2581  558.121743  1189.917388  20.685290  0.214326  1.686888  0.180103
2583  1969.643371  1812.400999  19.693171  0.107432  1.290099  0.098004
2584  1191.538820  1871.351730  18.935951  0.176682  0.780674  0.082280
2585  772.798048  1519.633011  20.713041  0.225160  2.275892  0.182369
2586  494.540545  988.419954  19.499440  0.143368  1.322179  0.200364
2588  1793.293151  773.070811  17.036757  0.034252  -0.361172  0.056784
2589  824.251255  1624.619694  17.496199  0.044987  -0.068087  0.043831
2590  1053.873347  1428.992133  20.382260  0.191536  1.266967  0.147936
2592  1765.107345  26.178383  19.508338  0.086831  0.677390  0.089473
2593  249.073024  753.943646  19.377391  0.102388  1.002924  0.063591
2594  737.724343  1395.990641  19.471273  0.074971  1.242030  0.106370
2595  945.504964  1951.728700  20.296203  0.109365  1.330965  0.167339
2597  370.904106  789.866015  17.540165  0.095219  -0.010725  0.061012
2599  1028.550713  1715.894340  19.683974  0.100792  1.389783  0.110054
2600  663.639795  505.546529  19.903986  0.173156  1.510615  0.197908
2602  1249.556011  1817.927710  19.581796  0.098473  1.075252  0.156756
2603  1682.258699  163.594287  20.003907  0.103620  1.226685  0.088016
2604  1319.593441  1263.499231  19.516600  0.091780  1.571199  0.176017
2605  1576.684223  939.852011  19.093981  0.090941  0.622886  0.084223
2606  1286.864734  1687.001154  19.858249  0.111271  0.859972  0.118050
2607  1279.035060  1389.397826  19.620922  0.122933  1.291093  0.091568
2608  1432.294692  816.777710  20.026267  0.361459  1.764897  0.170427
2611  1442.720422  2033.370982  20.033371  0.149667  1.601041  0.197677
2612  708.807930  1167.625799  19.806309  0.097857  1.585679  0.149387
2613  1182.220704  206.268168  20.024298  0.240566  1.188080  0.082888
2614  614.010852  688.677029  20.744266  0.184297  1.619540  0.192164
2615  247.789370  383.264410  18.035710  0.051696  0.243628  0.051751
2617  1253.180580  1386.369193  20.486795  0.149262  1.666730  0.215988
2618  56.472992  99.471533  19.869203  0.199750  1.358557  0.130337
2619  2002.151170  1629.838024  20.413658  0.125786  1.711415  0.131269
2620  1062.642282  54.264248  19.495047  0.110841  1.902607  0.102976
2621  489.340033  458.514390  19.665697  0.224278  1.309047  0.096784
2623  1393.915068  350.722498  20.965907  0.185347  1.545734  0.214062
2624  56.706326  1225.169280  20.788380  0.205189  1.823758  0.099201
2625  2012.155910  261.256164  20.822620  0.135175  1.867409  0.251262
2626  1546.207384  1436.900051  20.346671  0.203585  1.623690  0.151398
2627  154.131622  514.444268  19.717194  0.074580  1.157237  0.202346
2628  163.004026  865.926572  20.191655  0.091998  1.203606  0.191207
2630  607.937503  2035.224642  20.303814  0.127948  1.621781  0.080376
2631  462.160967  838.110542  20.463206  0.156584  1.421383  0.143549
2632  398.143140  1640.233233  19.226823  0.074080  1.078071  0.094205
2633  920.461296  1919.554990  19.041895  0.058542  0.803011  0.100601
2634  201.458109  544.091799  19.361878  0.098620  0.907959  0.136907
2635  1061.464522  106.080599  19.790711  0.136983  1.233347  0.075113
2636  1629.702390  155.213055  20.780887  0.117392  1.823804  0.151321
2638  1273.795257  719.793003  20.205821  0.166124  1.328291  0.086161
2639  1701.451590  760.483841  20.070039  0.119374  0.896898  0.163071
2640  832.337975  990.222053  19.753335  0.111760  1.887862  0.169237
2641  221.984339  25.439359  20.725343  0.185649  1.683602  0.224872
2643  845.658438  536.751685  20.535427  0.095023  2.236824  0.252138
2644  1992.106815  1790.057148  19.721852  0.081174  1.086794  0.121039
2645  446.931644  1975.296947  19.751193  0.070067  1.167244  0.074070
2646  1699.404703  43.542258  20.473346  0.151189  1.477908  0.083065
2647  1406.897376  1890.857084  19.781696  0.109465  1.207515  0.094690
2648  511.254841  337.452232  18.786597  0.063114  0.563498  0.054954
2650  1506.293371  1157.218735  20.240272  0.152964  1.212404  0.136952
2651  1051.417835  44.934929  19.805908  0.131342  1.287206  0.098580
2653  1304.090692  371.014734  20.108321  0.141048  1.294707  0.157243
2654  38.203502  886.449037  20.346909  0.179298  1.374788  0.093096
2655  969.726668  1496.703465  20.493711  0.393291  1.988037  0.205979
2656  1076.992589  586.266399  19.204422  0.094368  0.903194  0.113054
2658  1690.063151  1741.550849  20.073342  0.154313  1.567742  0.128306
2659  74.114067  664.079432  19.471793  0.123732  1.115639  0.096343
2660  498.282569  640.512976  19.545377  0.107120  1.082477  0.076250
2661  1170.775010  1569.004497  20.043002  0.108881  1.141805  0.098349
2662  1815.814442  487.037732  19.734178  0.192920  1.866688  0.117572
2663  747.041063  264.859014  20.597417  0.306235  1.934125  0.128228
2664  7.038614  475.849274  19.923308  0.139097  1.478851  0.152490
2665  426.911615  586.557334  20.184262  0.237179  1.215362  0.085162
2666  261.366651  983.592095  17.879196  0.060636  -0.045064  0.057010
2667  1082.041245  684.483872  20.536207  0.106271  1.341477  0.141043
2668  1214.044842  1538.186154  20.011074  0.105567  1.126836  0.127714
2669  1258.017488  868.873411  20.609412  0.174411  1.397599  0.136591
2670  419.178433  1571.526406  20.395873  0.116106  0.905125  0.125276
2672  1262.908925  1173.484592  19.683257  0.100285  0.656517  0.086670
2673  150.301970  1029.624760  20.495554  0.102736  1.688646  0.199498
2675  1980.572409  2043.216601  20.367727  0.091428  1.323972  0.142926
2676  289.285666  1368.079052  19.462072  0.080563  0.425983  0.104096
2677  238.089672  1717.268085  20.681088  0.109776  1.116093  0.096960
2679  1665.416971  1897.940954  20.509035  0.123359  1.847142  0.150226
2680  522.520143  977.633225  20.401838  0.123680  1.422271  0.177923
2681  1821.435000  264.720340  20.606135  0.099078  1.411057  0.136485
2685  1468.194899  791.938675  20.469082  0.120838  1.543055  0.189722
2688  1525.023271  1563.631872  18.955083  0.073178  0.619277  0.134329
2689  1414.826153  355.535377  20.024165  0.114114  1.123795  0.105305
2692  704.529840  1212.495147  20.569076  0.114387  1.348276  0.152286
2695  139.269789  1566.424884  19.934727  0.080811  0.837189  0.073722
2701  852.802232  1329.198080  20.519833  0.228512  1.183532  0.124930
2703  1102.302634  1884.595823  21.074169  0.111387  1.756879  0.117713
2704  1124.592684  538.347599  20.103251  0.233512  0.759840  0.089620
2707  222.775360  418.827682  20.739767  0.155275  1.648481  0.154144
2708  1241.598886  846.752668  20.835332  0.122356  1.118949  0.178426
2711  71.885129  979.148538  20.508771  0.252178  1.236910  0.153052
2715  1340.068070  2043.012559  19.929942  0.102124  1.011142  0.086403
2719  1430.387459  2044.218828  19.703098  0.183483  0.676778  0.124079
2720  394.772408  879.758916  20.281949  0.139387  1.183111  0.108285
2722  1108.100799  1512.576579  19.814244  0.079162  1.018813  0.244087
2723  321.304042  819.434917  19.018399  0.063689  0.249194  0.081227
2725  646.375463  658.067655  20.494633  0.092075  1.268086  0.211411
2726  1979.051728  682.241074  20.932023  0.166279  1.368579  0.112798
2727  1694.205639  681.935179  20.953348  0.103318  1.519658  0.102338
2730  1354.256523  1096.114798  19.219917  0.088781  0.731213  0.117108
2732  566.861195  225.084595  20.175133  0.102067  1.014080  0.121831
2735  674.751737  2005.465238  20.581829  0.145740  1.080733  0.111349
2737  152.446313  1658.606785  21.133485  0.201640  1.202611  0.166285
2738  589.443093  507.697477  20.545439  0.212774  1.361459  0.177490
2740  1084.236320  63.466764  21.036871  0.175132  1.571396  0.166969
2747  1190.059919  130.685959  19.127935  0.075664  0.608425  0.094636
2749  394.515495  1423.009768  20.350651  0.136795  1.302219  0.096648
2750  263.286785  1226.624378  19.665499  0.109886  0.568528  0.100362
2751  1277.991323  1171.353629  21.178760  0.426892  1.149510  0.113305
2757  1692.589355  178.000882  20.514699  0.122701  1.068789  0.206662
2759  1024.247795  982.182750  20.286076  0.193144  1.357815  0.116034
2761  801.962898  583.870450  20.233260  0.119272  1.402156  0.101786
2762  1219.502188  935.922672  18.222135  0.055051  -0.031476  0.168340
2763  1512.343160  1266.194989  20.247765  0.148779  0.990630  0.131544
2766  762.947865  215.029129  19.733936  0.083388  0.733998  0.106516
2768  1849.889356  852.010312  20.177071  0.086539  1.073623  0.085228
2769  1921.613904  160.753123  21.367527  0.125420  1.217594  0.332926
2770  1810.016096  1275.009810  19.768760  0.121547  0.775624  0.082104
2771  298.924793  1088.128550  18.375467  0.046358  0.173016  0.069205
2772  592.889514  1305.711155  20.974650  0.185557  1.524708  0.141305
2773  1160.661659  1395.634378  18.667870  0.173639  0.373462  0.067287
2774  689.463674  1232.956840  19.868651  0.115303  0.720105  0.160964
2777  1774.224367  213.574415  20.291489  0.180001  1.385366  0.141685
2778  748.155093  1564.500982  20.135639  0.095795  0.991066  0.185908
2779  1697.302720  888.663059  19.506326  0.139548  0.926807  0.181250
2780  137.060481  1834.319243  20.791243  0.225759  1.208030  0.161408
2782  1204.196078  1468.037871  20.900474  0.167588  1.502359  0.115583
2783  1352.566161  1367.822640  19.067267  0.111350  0.079107  0.097893
2784  375.226853  126.520108  19.920573  0.130084  0.672347  0.099476
2786  2042.408797  439.886003  20.085393  0.096928  1.312877  0.166564
2787  530.059220  1914.428602  20.527999  0.187258  1.036139  0.290413
2788  1893.072573  767.167952  20.087180  0.188098  1.045392  0.161265
2789  796.801678  864.023475  20.590271  0.154104  1.967204  0.143097
2792  1355.415465  1134.992067  18.060383  0.105092  -0.144840  0.065942
2794  1869.436599  1954.026812  20.184313  0.115279  1.234161  0.113027
2795  429.334885  1718.554410  21.103410  0.178579  2.394412  0.139252
2797  1220.634737  443.913081  20.349944  0.197703  1.607826  0.128298
2799  1304.842536  2041.334764  20.710073  0.153232  1.485665  0.139937
2800  813.128307  956.241635  18.550938  0.106204  0.008219  0.075300
2801  1982.264884  84.008323  20.728023  0.142464  1.475312  0.146188
2804  852.993531  1922.732773  20.793236  0.211495  1.004943  0.230566
2807  1947.429562  507.488704  19.999619  0.125189  0.678929  0.117375
2808  1453.937046  2042.164977  18.782008  0.148541  0.302019  0.086292
2810  1466.495112  245.813669  21.134665  0.326349  0.898512  0.256814
2815  404.586953  107.077898  20.641769  0.287612  1.647813  0.107003
2819  972.808026  1524.067303  19.458502  0.079242  0.508576  0.070605
2820  664.540413  1680.200863  20.496513  0.094023  2.031936  0.175129
2821  1505.298083  135.563478  20.853503  0.156697  1.375100  0.133694
2823  961.252381  218.773025  19.459410  0.085624  0.545082  0.105488
2826  1307.215569  2016.268586  21.046914  0.150358  1.295197  0.218274
2827  468.973379  826.221964  18.625675  0.188975  -0.103365  0.140733
2828  482.603389  53.771152  20.052748  0.095450  1.439240  0.141863
2830  1810.302728  840.009924  19.158673  0.126147  0.267155  0.074438
2831  196.586120  697.450341  20.797688  0.281996  1.236288  0.110364
2832  83.752021  253.737959  19.212481  0.130334  0.712962  0.116766
2833  1300.888189  245.100428  20.798495  0.111387  1.339022  0.093560
2835  1896.013614  892.250076  20.324396  0.083450  1.360871  0.178987
2837  214.253920  1362.702777  19.382713  0.095568  0.664386  0.112245
2838  1600.214511  266.876247  19.038121  0.081938  0.315692  0.103001
2840  1619.723554  79.785904  20.628308  0.169523  1.298464  0.135155
2845  1005.089792  58.506789  20.828097  0.178457  1.282699  0.132910
2852  39.767200  2044.669219  20.916104  0.171740  1.619879  0.130802
2853  1576.231697  1187.976501  20.943144  0.187522  1.390772  0.138235
2855  1973.544193  774.683493  19.685593  0.233405  1.096577  0.175599
2857  1942.454262  9.707934  20.315484  0.181621  1.340213  0.117489
2860  1679.652963  65.182983  20.509385  0.132444  1.319248  0.156859
2861  243.691940  1853.097163  20.699085  0.220102  1.548830  0.124124
2862  1808.398711  1538.041101  18.120150  0.081402  -0.138836  0.086747
2865  1648.113386  599.700701  20.441700  0.284238  1.254605  0.089708
2867  1433.757791  2043.965232  18.835758  0.115502  0.397330  0.133851
2868  403.258179  2032.042768  20.235545  0.132486  1.797545  0.182258
2870  1530.958689  1038.136201  18.590041  0.070616  -0.036541  0.085324
2872  998.237888  1807.000132  19.397851  0.142964  0.635886  0.084178
2873  84.416400  828.652620  20.703675  0.094583  1.342910  0.167344
2874  697.362618  1021.591614  21.000148  0.113140  1.858497  0.157463
2875  1144.473126  1055.159490  18.744488  0.050838  0.332810  0.086590
2876  1086.303902  1143.604109  21.063259  0.154774  1.461492  0.116800
2878  1892.968316  565.002248  20.294125  0.096405  1.094685  0.083031
2880  1274.062166  133.313741  20.994862  0.118085  2.181231  0.121759
2883  205.249454  502.453504  20.232257  0.261483  1.489654  0.158722
2886  1171.145679  681.910655  20.916462  0.216258  1.240767  0.147760
2887  924.686140  1635.908294  18.790684  0.052950  -0.007768  0.063376
2891  1316.131433  1068.163542  20.286371  0.111420  0.486117  0.199308
2892  497.909423  509.009442  19.551224  0.076135  0.217519  0.094925
2893  570.887937  293.225432  21.439073  0.176594  2.951875  0.340827
2903  1720.123010  146.885915  21.191789  0.233208  1.043161  0.139771
2906  1017.762684  12.590439  19.833103  0.154778  0.599976  0.081350
2907  274.347295  391.745749  20.357140  0.162513  0.938710  0.125245
2914  23.260839  880.011490  20.792846  0.116316  1.090080  0.182518
2916  150.092541  903.729435  19.558805  0.068481  0.510050  0.112928
2919  1439.056362  1064.632384  20.944464  0.131783  1.008800  0.195736
2926  1648.338034  1162.198821  18.584352  0.071052  -0.115608  0.065874
2928  976.653756  1752.189228  20.227612  0.106656  0.864955  0.099438
2935  909.263081  1546.184938  20.398713  0.123171  0.684974  0.245089
2942  1027.052236  1751.843275  19.945639  0.086794  0.826884  0.144489
2943  542.536471  139.712824  20.768391  0.101353  0.952261  0.145889
2948  1193.977510  799.972817  19.754604  0.164273  0.736680  0.094239
2949  1678.297337  693.400558  19.990075  0.080906  0.218750  0.154091
2950  1534.919943  1619.684334  20.983231  0.307363  1.499261  0.166050
2960  1086.244345  481.646073  21.612878  0.256671  1.107062  0.350845
2961  646.387535  1498.870289  19.325494  0.068053  -0.185966  0.149482
2963  30.117765  471.277532  19.851752  0.152419  0.539680  0.173642
2967  866.668646  1633.821894  20.367752  0.250576  0.763473  0.088063
2970  712.091430  57.578181  20.044609  0.137727  0.581198  0.102192
2971  1145.457973  1094.465837  20.218262  0.093399  0.737416  0.127705
2978  1738.748098  518.425065  19.471852  0.064802  0.281806  0.094977
2979  1318.130064  1188.041007  20.336615  0.144083  0.455558  0.088804
2987  371.280431  849.480646  20.382787  0.139889  0.905195  0.194724
2988  711.525534  1691.905659  21.295544  0.197169  0.839722  0.350981
2992  1546.418235  12.358910  20.254737  0.131683  0.955030  0.132162
2994  780.850352  1557.628915  20.349884  0.199107  0.958393  0.130216
21007  1717.989280  475.320018  20.352649  0.112691  0.969049  0.180751
21011  2003.244888  141.595541  19.031067  0.125666  0.205501  0.076833
21018  487.919642  1479.087564  19.457971  0.153341  0.050217  0.126865
21022  266.115276  1758.114515  21.084406  0.189858  1.291677  0.339736
21027  379.519074  1141.379966  19.322906  0.104394  0.252465  0.123655
21034  911.691120  276.206726  19.875928  0.076046  0.309225  0.087781
21036  1516.145909  1815.524106  20.228713  0.100521  0.376131  0.167301
21039  1929.341119  997.058320  21.065851  0.195092  1.222309  0.119190
21040  338.802122  1993.089492  20.843621  0.197479  1.285096  0.181793
21042  601.636778  1539.013737  20.228709  0.152710  0.497615  0.138184
21044  140.733552  76.873454  20.347652  0.099818  1.009939  0.116569
21046  868.416935  371.385142  19.498036  0.063584  0.026636  0.091345
21055  1127.381790  1049.918938  21.331914  0.256448  1.462981  0.213259
21068  413.124231  1402.354648  20.734064  0.159062  1.394741  0.130328
21078  187.533935  1837.957394  20.722183  0.124011  0.725588  0.170593
21082  508.486827  191.466918  20.795643  0.098459  0.624075  0.255668
21085  179.403480  1465.717704  20.869951  0.189932  0.337030  0.162728
21086  393.739961  13.376653  20.500298  0.169036  0.620474  0.136454
21091  402.260791  1875.161474  20.097425  0.081967  0.029727  0.245402
21092  497.570807  1888.993674  20.961092  0.180554  0.913891  0.178072
21093  447.448323  1908.972821  20.216264  0.178515  0.483188  0.163360
21096  189.824728  1345.670325  19.810863  0.073787  0.065185  0.108182
21097  552.094760  1658.578099  20.285851  0.139281  0.159983  0.240582
21098  494.460818  50.579762  19.451396  0.088675  0.017147  0.071137
21103  1465.494951  1303.946334  19.856015  0.082578  -0.036083  0.225422
21104  1701.247641  1834.553255  20.005962  0.076335  0.429697  0.088620
21108  1753.360716  9.873564  21.298034  0.151834  0.705617  0.288723
21123  1483.424577  1967.426939  20.136818  0.091321  0.238371  0.172302
21126  517.434793  588.879013  20.673116  0.138026  0.322621  0.118428
21139  301.234327  2020.430797  21.257729  0.261305  0.261945  0.146613
21144  454.597861  1778.008780  20.618285  0.151600  0.167603  0.089253
