# id  x  y  V  eV  BV  eBV
15  1056.179814  1077.440635  21.357597  0.305539  1.687198  0.284850
18  1078.810665  1202.149212  21.424819  0.154370  1.207753  0.285347
19  1120.069980  1000.118948  21.657771  0.128137  1.867711  0.250125
112  843.918705  952.022876  21.543693  0.189471  1.513999  0.269418
114  908.192809  964.455711  21.292545  0.140267  2.029153  0.299166
117  974.606008  979.694715  21.027467  0.179079  1.282401  0.259026
120  976.240435  1131.517686  21.217334  0.119102  1.476646  0.212873
121  1097.716756  978.201313  20.987339  0.110718  1.765287  0.193548
122  1019.822920  982.473871  21.138774  0.263143  1.591621  0.169100
123  1078.457610  1000.001884  20.825944  0.214016  1.459974  0.148500
124  926.497690  1036.318147  21.099485  0.104931  1.353483  0.110567
125  989.351014  1101.641626  20.755075  0.191152  1.366370  0.205408
126  1147.011543  1046.267044  20.589249  0.213182  1.303560  0.169366
127  875.583263  995.201024  20.803795  0.126632  1.251819  0.136592
128  944.206029  1120.614851  20.586001  0.149987  1.448339  0.121386
130  1185.917215  968.105267  19.789035  0.357322  1.626461  0.130120
132  1004.153528  1045.030154  20.397795  0.199914  1.596611  0.096069
133  1115.258368  1018.852065  20.188685  0.176673  1.562473  0.191122
134  1038.920970  1127.271322  20.393502  0.083912  1.419133  0.090723
135  1024.465449  897.402839  20.329674  0.099496  1.402426  0.107424
136  968.212869  1210.153185  20.146145  0.181007  1.561410  0.221321
137  1008.101970  1005.859246  20.016895  0.267696  1.477089  0.100632
138  962.272276  898.152366  20.155919  0.199606  1.466307  0.113019
139  1069.757747  1158.383206  20.043384  0.150309  1.433394  0.130551
140  1002.127503  1160.998932  19.937806  0.186756  1.577805  0.201304
141  1042.878689  1127.599923  19.724731  0.115808  1.393776  0.089504
142  997.832929  898.197524  19.651450  0.108881  1.496622  0.105634
143  953.722204  1045.334323  19.570479  0.088702  1.430781  0.121530
144  1033.833226  1031.151247  19.481209  0.114865  1.369054  0.153120
145  1138.089902  919.081042  19.099730  0.132165  1.313178  0.105307
146  958.967603  1027.978220  19.126798  0.123647  1.409387  0.090833
147  1103.866122  1101.770056  19.144428  0.073685  1.406303  0.078872
148  1186.077245  896.981852  19.048916  0.088965  1.534421  0.168602
149  1060.650660  1016.875971  18.808655  0.092324  1.350866  0.059590
150  1081.444823  1006.816788  18.904437  0.097408  1.586008  0.107852
151  949.965332  905.842606  18.750316  0.055154  1.286394  0.079918
152  1074.059182  983.511839  18.267783  0.059286  1.508129  0.080756
153  1029.310177  1235.996836  18.021535  0.062128  1.319146  0.068922
154  925.393797  1131.900334  18.139732  0.045973  1.319198  0.118480
155  877.816791  944.274330  17.774581  0.051912  1.258320  0.045552
156  978.485801  903.062589  17.532815  0.042669  1.079637  0.121908
157  1190.127104  1094.413558  17.386901  0.062996  1.177758  0.055819
158  966.977987  896.730972  17.180933  0.070293  1.198544  0.036802
159  1045.998141  972.239360  16.808365  0.050046  1.127847  0.052092
160  1027.385221  1151.990497  16.625056  0.043061  1.106400  0.036272
161  1021.722685  1095.013437  16.284675  0.047441  1.042369  0.049627
162  1170.957906  996.513444  15.911147  0.050597  1.021910  0.028061
163  1050.789827  1024.676311  15.712928  0.039822  0.930119  0.048302
164  1158.646907  1005.262275  15.709425  0.026863  0.883021  0.041381
165  1018.862674  1028.634173  14.966935  0.050899  0.805340  0.038382
166  1059.948626  975.614566  14.937808  0.061076  0.778052  0.029491
167  941.955564  987.475292  14.413682  0.035821  0.668710  0.024712
168  939.296952  1112.583946  14.123359  0.029462  0.640206  0.031625
169  1162.172785  1035.990057  13.607851  0.029300  0.507054  0.058057
170  1010.389484  1135.060541  13.306255  0.020659  0.459057  0.042795
171  962.341519  1008.888873  12.696399  0.023140  0.348201  0.055722
172  1163.759514  1046.430085  12.141542  0.032462  0.188908  0.044234
173  911.462605  1016.229294  11.855125  0.028755  0.189551  0.020922
174  1042.661478  1030.214492  11.535958  0.031392  0.078103  0.034343
175  1131.810161  1108.544143  11.174073  0.021898  0.092505  0.027289
176  1165.622845  1062.471987  10.466476  0.019423  -0.037845  0.035332
177  1017.974026  1117.917430  9.405001  0.023594  -0.001123  0.034744
178  1015.008338  1065.135165  3.114959  0.031289  1.501028  0.021129
20  1087.810796  409.436776  11.882850  0.028078  2.748703  0.021614
21  1943.468427  937.851619  9.301973  0.017506  0.922260  0.026169
22  1286.838298  712.644671  10.353976  0.029711  1.159214  0.031153
23  1700.174546  293.453567  10.077707  0.021594  0.693255  0.031875
24  1656.234228  1409.766050  12.042913  0.017503  1.950095  0.033514
25  308.249454  442.423269  9.367412  0.016921  0.344979  0.021406
26  670.616348  78.024433  11.781742  0.030916  1.558602  0.029884
27  26.071927  81.059669  11.486011  0.041378  1.293549  0.023360
28  631.754531  775.924627  10.283788  0.038264  0.599359  0.029744
29  399.560504  680.472890  8.999414  0.019549  -0.006024  0.015994
210  1843.279428  316.516671  15.448463  0.051264  3.415314  0.038796
211  2047.969753  868.105867  16.068647  0.046958  3.720891  0.040161
212  779.862501  1642.687341  10.386223  0.034366  0.091841  0.036092
213  888.212558  556.914208  10.445528  0.018809  0.090707  0.050870
214  156.605622  1072.784204  10.982941  0.031955  0.262150  0.025335
215  1129.923810  471.837416  11.284492  0.037287  0.352985  0.020080
216  267.530179  1602.012488  10.250056  0.021170  -0.164471  0.027286
217  1502.071970  1135.683821  11.587063  0.038824  0.599316  0.020382
218  817.946194  64.544386  11.528000  0.052860  0.048258  0.034150
219  600.812660  296.902329  15.922106  0.046646  2.681991  0.067141
220  1517.651571  545.688843  10.819036  0.021251  -0.114579  0.030234
221  626.139709  1339.373969  11.459784  0.022144  0.067470  0.025454
222  1848.141358  1599.285260  13.712814  0.024159  1.066750  0.051751
223  755.617778  1178.231144  11.414764  0.036103  -0.035489  0.024625
224  1476.688217  416.370346  12.824101  0.025941  0.468915  0.022114
225  1126.807281  437.290522  14.354742  0.025569  1.302707  0.042896
226  465.592092  706.666272  12.618630  0.028296  0.649686  0.026858
227  953.743050  1679.557314  17.453679  0.058915  3.139677  0.093057
228  1751.792019  560.736967  15.572638  0.037651  2.128198  0.037802
229  1407.901062  1566.636104  12.150869  0.024759  0.017086  0.022877
230  1552.242551  1383.789529  12.310664  0.038770  -0.050175  0.021575
231  1387.184371  1428.804204  17.952028  0.061491  3.172148  0.055597
232  1161.301641  560.415590  14.402835  0.059690  1.089829  0.025770
233  977.997010  1868.954841  16.787898  0.047000  2.491802  0.032075
234  1853.750288  1205.831334  15.891261  0.031922  2.063435  0.066487
235  1323.194230  1110.615479  12.790648  0.023033  0.325377  0.058750
236  428.617614  1506.829788  13.225480  0.030210  0.529617  0.041633
237  290.331586  778.218689  16.963784  0.046287  2.531599  0.064918
238  994.759533  763.024337  15.524962  0.059882  1.524705  0.044522
239  1499.115529  1403.352076  14.166084  0.050864  0.864524  0.041836
240  1614.621323  385.878345  14.703415  0.026929  1.041776  0.024767
241  110.895974  986.255868  15.297930  0.024528  1.161192  0.065382
242  602.668266  1051.537673  17.131529  0.075351  2.320820  0.052558
243  643.161820  652.696904  12.284462  0.038398  -0.185419  0.018151
244  1160.810157  483.655511  17.565318  0.085820  2.702957  0.099077
245  427.891132  882.088399  18.250498  0.047793  3.185551  0.107687
246  1064.842829  235.008312  13.526875  0.034043  0.348622  0.032370
247  529.389377  614.899688  13.258801  0.019721  0.261378  0.030243
248  1606.817280  786.866667  13.065138  0.037098  0.235978  0.035395
249  439.856786  2024.492615  14.117048  0.039681  0.735157  0.064914
250  1181.345441  1699.961196  14.316865  0.039943  0.848265  0.023660
251  434.341348  1669.045915  13.535308  0.023310  0.455821  0.030262
252  1213.362997  491.869318  15.222974  0.040857  1.019572  0.035698
253  1040.359091  1895.437917  13.887552  0.036969  0.321374  0.041303
254  1897.847675  34.959767  14.158926  0.024885  0.331752  0.042541
255  1525.308771  279.358563  13.772216  0.034572  0.052496  0.038634
256  387.629526  523.954918  13.968132  0.025600  0.424351  0.054721
257  1250.151668  581.828407  19.770856  0.212239  3.570338  0.198744
258  168.196761  1839.773735  14.399095  0.023097  0.391896  0.031903
259  573.608063  703.444097  15.086125  0.033397  0.843124  0.034415
260  833.104072  1644.311353  14.215971  0.023081  0.697370  0.063353
261  1293.448262  994.805204  17.991574  0.109946  2.588848  0.121604
262  262.142013  1154.509900  14.814864  0.041843  0.645622  0.051738
263  1402.107455  1206.741047  14.298158  0.038037  0.484935  0.032256
264  166.528601  335.432000  18.968494  0.153605  3.271454  0.171428
265  1180.937120  1307.530759  14.420201  0.021886  0.467668  0.037606
266  907.734403  83.540449  13.890733  0.025187  0.248310  0.039234
267  1392.233936  1990.781275  14.062374  0.042940  0.593390  0.029179
268  912.667449  1906.074713  17.159013  0.052408  2.055761  0.058024
269  532.056714  970.627996  14.880377  0.034014  0.767687  0.043304
270  1162.944329  924.184101  16.157077  0.062025  1.535910  0.047368
271  394.406447  132.873358  14.469086  0.041906  0.515893  0.024963
272  258.416541  205.660730  15.328400  0.033857  0.880880  0.030935
273  2013.500449  1539.332807  16.089826  0.062135  1.345133  0.054399
274  255.264131  709.455706  15.252810  0.028289  0.748478  0.076859
275  169.628736  1076.768273  16.776418  0.053441  1.436593  0.054791
276  1803.889914  1872.027645  14.633357  0.040675  0.950257  0.029471
277  1863.209569  837.341311  15.383786  0.042137  0.592050  0.027426
278  302.162579  1497.991625  15.155334  0.030381  1.229747  0.032429
279  527.456597  1745.185173  14.665812  0.025931  1.276408  0.038339
280  1356.448888  1552.387795  16.104301  0.036562  1.370620  0.033793
281  325.929902  1829.328651  14.307576  0.025408  0.169092  0.028239
282  453.090378  1379.677857  17.494676  0.058904  1.802672  0.063095
283  1223.727201  1647.647207  14.547539  0.024900  0.603566  0.022843
284  1617.923519  1940.281145  16.911404  0.082861  1.493295  0.073725
285  1124.542815  1215.625414  14.576833  0.064524  0.440850  0.050057
286  864.022366  423.745690  17.387669  0.114971  1.868264  0.070813
287  382.278387  1219.873012  18.514034  0.141896  2.692191  0.059811
288  1792.349451  775.259685  17.879561  0.116568  1.954547  0.080892
289  868.251904  1384.272912  14.111259  0.032978  0.100418  0.056563
290  849.786199  37.266498  19.917570  0.181505  3.296619  0.102581
291  1239.744732  1193.855588  16.837594  0.053776  1.516396  0.042959
292  380.012025  696.111509  15.187663  0.032530  1.059885  0.053877
293  1707.474878  1887.650045  14.821523  0.053669  0.405952  0.046819
294  1698.647810  463.957967  16.773963  0.068999  1.590684  0.040823
295  1993.604753  1699.454119  16.994086  0.067941  1.660660  0.043502
296  1191.023803  640.371485  14.699146  0.028208  0.531897  0.028180
297  1146.936504  18.550471  17.580236  0.056789  2.014569  0.051175
298  1911.675179  316.269591  15.966492  0.046078  1.231633  0.059915
299  1860.166084  895.059612  15.005270  0.049776  0.655460  0.057683
2100  1167.254644  1174.464664  15.704210  0.057857  0.700766  0.034131
2101  1498.343898  507.412178  15.615337  0.037485  0.567551  0.036456
2102  1328.690386  451.532440  15.774880  0.029550  1.118173  0.045761
2103  464.443090  40.294370  15.765983  0.033525  1.383873  0.053527
2104  1031.303310  588.560059  18.475206  0.103209  2.140279  0.131872
2105  300.781346  552.409346  17.322077  0.048499  1.611684  0.041836
2106  344.107133  1659.035081  15.074726  0.033011  0.089267  0.040902
2107  970.243105  1599.949931  16.486561  0.048469  0.907962  0.047347
2108  1982.975626  1904.604175  15.644685  0.028335  1.108624  0.025884
2109  1060.194101  524.133496  19.192822  0.190478  2.664687  0.070460
2110  1935.688401  1947.678624  17.438819  0.055030  1.708372  0.063380
2111  166.061566  394.926305  20.793833  0.113952  3.333158  0.158817
2112  1702.428051  1519.506665  15.760528  0.040786  0.668625  0.040317
2113  715.508491  1084.394677  15.516035  0.095679  0.503855  0.032658
2115  236.583093  964.491632  20.310021  0.081834  3.220349  0.149423
2116  428.558103  951.455047  15.920559  0.059506  0.868069  0.040613
2117  1926.615242  9.473464  15.088090  0.025406  0.275599  0.067214
2118  1180.801531  247.788636  15.300017  0.043505  0.444230  0.030985
2119  174.292252  722.511097  14.628251  0.025864  -0.071287  0.043652
2120  199.108543  585.290773  15.433585  0.028624  0.957810  0.025664
2121  1698.466541  1066.992853  15.922652  0.032933  0.860739  0.044094
2122  895.509865  1845.963635  19.474257  0.084779  2.847489  0.083609
2123  1306.723030  1723.563308  16.397026  0.079958  1.008838  0.062857
2124  156.574019  1328.755434  16.101430  0.053882  0.936541  0.042171
2125  189.892645  1615.305180  20.418966  0.088363  3.128369  0.137015
2126  2004.249349  1923.807439  14.949204  0.023944  0.225943  0.029710
2127  1298.925814  624.564956  14.980548  0.028288  0.188548  0.037655
2128  1433.143769  389.295363  14.917566  0.072892  0.080314  0.028005
2129  1367.323766  693.162466  16.085351  0.035001  0.821554  0.043340
2130  1691.853119  1903.724826  15.624269  0.085518  0.516924  0.028526
2131  1571.766133  850.388536  15.486577  0.032020  1.277967  0.043853
2132  1548.335447  1492.390849  14.108709  0.020670  -0.223940  0.020825
2133  525.480357  1395.105312  18.567764  0.094389  2.114998  0.104230
2134  123.823705  652.190661  18.065481  0.113064  2.129397  0.054364
2135  1447.946324  254.481829  16.768151  0.065382  1.327717  0.082150
2136  1515.111187  1317.104997  17.746097  0.118484  1.618308  0.043456
2137  1351.970433  1788.471185  16.875896  0.065776  1.453621  0.041272
2138  1295.213131  1190.227658  16.393865  0.090031  1.416514  0.065844
2139  241.948853  1949.477465  18.486962  0.053013  2.022368  0.106678
2140  1467.123678  449.536637  17.307422  0.075635  1.008291  0.081218
2141  257.672929  1403.209833  16.449860  0.082077  0.901931  0.092170
2142  288.325526  144.876142  15.803451  0.042202  0.085920  0.078885
2144  713.472292  1329.200347  16.901023  0.032682  1.877476  0.068165
2145  1635.456869  945.093174  16.237096  0.030428  0.860158  0.075811
2146  1258.049388  396.552685  18.804764  0.055897  2.146759  0.095349
2147  1007.570375  939.527278  18.898929  0.069334  2.256465  0.109376
2148  1272.435884  1051.001325  18.802790  0.088569  1.978653  0.104311
2149  413.311640  1042.760255  16.507232  0.042009  0.804003  0.040043
2150  298.401340  430.420664  15.387736  0.056936  0.280175  0.050632
2151  1931.257498  1609.753419  17.844666  0.095678  1.482657  0.055241
2152  86.467697  1644.854939  15.743215  0.026715  0.400095  0.032732
2153  719.476668  329.865561  18.500593  0.051506  1.689802  0.119011
2154  1775.828695  2012.628998  16.865109  0.044907  1.509388  0.039810
2155  1786.296557  455.446543  16.439849  0.073688  0.705932  0.031636
2156  679.764097  1914.440090  19.228490  0.083323  2.104931  0.092433
2157  260.482158  995.148943  16.060157  0.055529  0.470840  0.043696
2158  445.821712  82.843897  17.059157  0.064733  0.923085  0.037968
2159  1241.824018  788.638594  18.886586  0.128764  2.183208  0.100566
2160  508.885016  427.689205  19.965097  0.112528  2.779751  0.102947
2161  1753.999810  1601.964539  16.344318  0.088031  0.758409  0.044535
2162  1260.237921  1488.089146  18.210753  0.065789  1.876417  0.070337
2163  1628.600573  1921.508826  18.335098  0.079165  1.815666  0.057187
2164  1530.641592  2012.827090  15.216523  0.027564  0.008199  0.040264
2165  895.641850  325.149737  16.328518  0.028798  0.709144  0.032549
2166  538.455795  1210.495914  20.618947  0.103877  2.969251  0.094491
2167  649.061880  1009.885300  19.593155  0.065261  2.378720  0.078955
2168  1974.119638  54.176372  19.441282  0.174235  2.487246  0.210416
2169  1005.895399  1008.139341  19.798653  0.092386  2.594183  0.201731
2170  1447.370498  1475.183739  18.990025  0.131863  2.135276  0.099246
2171  1163.627130  94.785215  19.841838  0.131474  2.513329  0.114041
2172  697.617455  386.498925  16.610764  0.039150  0.808016  0.044116
2173  674.157147  1158.180943  21.322425  0.228591  3.328357  0.242583
2174  1210.519392  282.829574  17.585942  0.062345  1.393295  0.054574
2175  1819.588550  1095.773218  14.538383  0.028665  -0.313941  0.056315
2176  958.818155  1889.263025  17.880034  0.090134  1.578830  0.053050
2177  1229.115455  1997.086600  16.197780  0.077236  1.019236  0.061261
2178  2031.606251  1475.510337  18.896730  0.078891  2.049131  0.054734
2179  874.832254  1945.273017  17.326061  0.056675  1.193168  0.075076
2180  165.715205  1508.977732  16.125862  0.072962  1.096944  0.039944
2181  976.349150  1160.809361  20.669735  0.107339  2.888353  0.161524
2182  1747.612703  1190.989708  16.135670  0.038310  1.141330  0.036587
2183  73.873211  1919.223632  18.035674  0.100248  1.342426  0.079390
2184  1073.398242  238.703436  16.356902  0.061574  0.821264  0.056050
2185  1050.554212  1072.062747  16.707685  0.040187  0.902772  0.043583
2186  251.682772  1398.479842  16.009996  0.070339  0.677372  0.041042
2187  973.673934  551.551478  16.562670  0.051294  0.799283  0.080026
2188  1160.008374  126.320340  15.964444  0.065644  0.503311  0.052218
2189  1118.536171  170.183149  17.800691  0.054433  1.509115  0.058167
2190  119.576780  1495.539922  17.818686  0.094125  1.519191  0.061234
2191  26.713680  1035.789845  17.261011  0.046219  1.136576  0.085789
2192  1412.312402  905.332491  17.767777  0.039570  1.398405  0.056209
2193  594.040449  1861.401421  18.531650  0.066513  1.586354  0.125447
2194  259.760183  669.965570  15.514475  0.043060  -0.031730  0.041337
2195  642.996981  478.107863  18.114809  0.045930  1.292073  0.071611
2196  75.689498  944.231909  17.393723  0.045334  0.774030  0.066052
2197  657.314007  183.622407  18.034687  0.049459  1.076426  0.070615
2198  558.833507  1026.841098  18.368891  0.095862  1.438560  0.053074
2199  602.262931  1925.238249  17.445249  0.085331  0.832538  0.067917
2200  7.409029  468.959847  16.888004  0.055390  0.561444  0.079858
2201  1950.449953  613.505651  18.973495  0.090684  1.614485  0.074010
2202  1133.315046  1487.295606  19.804180  0.132929  2.146173  0.132930
2203  229.886812  1749.332730  19.017803  0.065837  1.796376  0.067856
2204  56.789056  2043.948024  17.275401  0.092919  0.768227  0.037260
2205  1365.772181  762.354780  16.704199  0.079308  0.742013  0.043883
2206  1135.250968  1856.653854  17.623471  0.043882  1.086885  0.071765
2207  1750.948555  1823.453103  16.910729  0.070106  1.113774  0.034958
2208  941.281753  1495.766230  19.759830  0.099492  2.042016  0.069882
2209  1051.659358  572.634896  16.996311  0.036055  0.733846  0.062843
2210  1954.666389  1176.974044  20.866971  0.534211  2.687728  0.122285
2211  1577.007310  1646.364598  17.669015  0.074189  1.267436  0.070035
2212  1284.164831  64.994551  15.789808  0.033272  0.241211  0.050589
2214  1821.351331  112.689755  17.646661  0.072139  0.974872  0.088374
2216  134.536194  430.890488  17.656598  0.099368  0.983297  0.078075
2217  461.078433  1848.863169  19.991621  0.222855  2.346491  0.145402
2218  1965.613772  839.239629  19.550848  0.071903  1.918340  0.112764
2219  804.716944  1855.425776  19.161366  0.091769  1.949286  0.068979
2221  926.138235  579.757166  18.369598  0.067919  1.541045  0.076762
2222  1210.779103  698.937495  18.339553  0.099805  1.612983  0.098627
2223  813.482690  1015.401381  17.535054  0.056447  0.752149  0.065601
2225  387.915703  1195.237696  18.531549  0.078343  1.768705  0.103615
2226  90.330988  783.774597  16.753435  0.091134  0.584082  0.084837
2227  238.300097  1178.845048  17.867557  0.063123  1.354664  0.100470
2228  1051.317205  1779.521275  17.997418  0.098471  1.249280  0.051795
2229  1981.934825  567.019442  17.385675  0.039253  0.685330  0.076589
2230  1669.925156  1106.834091  17.606148  0.066729  0.890460  0.093648
2231  838.333179  596.974149  19.676352  0.074667  2.224292  0.122350
2232  21.100494  184.098043  20.702261  0.132038  2.814116  0.118637
2233  174.865373  1569.178883  19.972236  0.158900  2.146429  0.083185
2234  1557.112992  94.224556  17.326991  0.055202  1.016606  0.071139
2235  523.926649  124.039067  16.485751  0.050021  0.209990  0.053961
2236  1117.171672  408.339569  17.926619  0.061699  1.315794  0.047949
2237  1175.821481  793.675573  18.798640  0.148955  1.543720  0.079934
2238  1803.342971  695.962258  16.320575  0.056461  0.077063  0.062573
2239  1739.952424  605.110905  16.928397  0.049574  0.773755  0.061077
2240  1168.443400  1006.629822  15.393596  0.043460  -0.107745  0.029262
2241  44.621045  462.134123  17.978082  0.074110  0.941334  0.068218
2243  1172.745849  82.724822  21.304753  0.200033  2.813348  0.144225
2244  1791.835543  338.756474  16.813064  0.072937  0.337329  0.043791
2245  2022.905526  1055.095572  20.953929  0.116993  2.899570  0.181872
2246  1955.419219  1637.380074  18.013804  0.054180  1.264749  0.068699
2247  737.321661  1652.935693  18.989773  0.068644  1.724322  0.140083
2248  1473.723874  801.447476  15.589804  0.031992  0.010997  0.049905
2249  1290.661286  792.247347  17.015141  0.060346  0.783031  0.071701
2250  843.494651  1163.592681  18.803877  0.162670  1.501685  0.101111
2251  1935.889242  1651.042178  17.409082  0.037425  1.492374  0.037585
2252  1830.151337  1009.202962  17.767661  0.104312  1.123618  0.065982
2253  1305.641672  196.301378  19.785030  0.099390  2.053907  0.093772
2254  819.600470  772.995221  18.428691  0.050236  1.511141  0.065989
2255  529.619565  1645.980372  18.847201  0.091635  1.515132  0.064093
2256  733.773863  543.374688  17.391570  0.044365  0.817942  0.041288
2257  1492.635089  1980.710363  17.390867  0.114142  0.729907  0.098511
2258  1489.459545  1425.175751  17.627072  0.065250  0.876858  0.056361
2259  2016.575857  1406.428269  20.151045  0.166580  2.374524  0.076573
2260  1914.908701  738.965039  17.851149  0.061995  0.937537  0.101762
2261  1257.229136  800.182935  17.651605  0.056627  1.318908  0.094567
2262  712.917976  1481.356554  16.795691  0.055688  0.989990  0.033762
2263  1005.346854  445.216533  20.814172  0.263504  2.798629  0.236990
2264  1637.005927  333.716616  17.398050  0.041908  0.707578  0.047657
2265  1739.111577  1538.516012  19.781285  0.081680  2.106243  0.096669
2266  87.296587  1112.117634  17.239088  0.037833  0.946912  0.050837
2267  604.011219  1929.849469  16.037017  0.065632  0.258358  0.032064
2268  1564.368271  812.967068  18.454826  0.059439  1.524763  0.072721
2269  935.213193  2046.016761  18.277580  0.082054  1.013975  0.096337
2271  1075.337995  1432.583363  19.611483  0.087230  1.853972  0.103527
2272  1548.921808  1621.158490  17.843189  0.065487  0.849425  0.095085
2273  49.425007  1989.430042  19.549190  0.066055  1.550138  0.186127
2275  1551.314153  583.510799  18.379401  0.096113  1.290861  0.091903
2276  1016.208499  904.607031  20.644033  0.154736  2.390536  0.244105
2277  45.628567  2045.714887  20.341160  0.147615  2.691706  0.255032
2278  1888.570272  161.941455  18.038367  0.132785  1.102902  0.046168
2279  174.749168  376.986883  18.181940  0.087394  1.142519  0.081331
2280  1754.989314  640.894829  18.931911  0.096428  1.141372  0.060607
2281  847.943074  458.437498  18.182989  0.050034  1.051713  0.136728
2282  310.008311  1050.968153  18.096198  0.092047  0.852366  0.044732
2283  1845.667503  553.949009  18.002132  0.085162  1.669125  0.084075
2284  711.119331  1071.381694  18.265850  0.112524  1.050094  0.079808
2285  1802.292670  852.841818  18.716142  0.075950  1.134865  0.061783
2286  1428.567708  99.842525  17.764541  0.056741  0.818201  0.083606
2287  21.337084  1109.364664  18.056453  0.092730  0.900978  0.098384
2288  1980.602744  973.687890  19.322186  0.116242  1.621722  0.076096
2289  1707.874800  324.407906  18.460330  0.101385  1.143131  0.070312
2290  150.675546  1593.096083  18.173078  0.106853  1.694046  0.073422
2291  804.801065  681.115685  20.075398  0.158179  1.724690  0.072035
2292  236.198417  1325.176451  20.060418  0.083635  1.979500  0.108891
2293  386.350045  456.883746  20.449649  0.100469  2.202485  0.170909
2294  650.625160  497.157657  17.857914  0.069864  0.682240  0.083162
2295  456.678041  236.265193  19.820670  0.203551  1.944734  0.098690
2296  1079.721046  69.245067  17.934032  0.043118  1.066752  0.078064
2297  490.523787  908.358212  18.079650  0.081303  0.914098  0.059688
2298  973.345165  1758.805382  17.830941  0.047591  0.708814  0.076782
2299  151.735457  1365.909184  18.039953  0.106547  0.845218  0.084918
2300  115.597266  1322.037246  18.176909  0.096477  1.220132  0.056917
2301  1288.822499  1247.871688  19.962763  0.130235  2.217366  0.093844
2302  1338.555667  1804.515399  20.376648  0.129775  2.319138  0.193145
2303  1149.459026  420.940846  17.749299  0.047587  0.769426  0.093723
2304  798.218355  224.981850  18.355725  0.104840  1.194715  0.092401
2305  1954.927445  1233.122040  19.722123  0.098627  1.878523  0.131516
2307  743.183179  1915.031808  15.606570  0.043734  -0.329097  0.043233
2308  1200.494389  1649.145956  17.764824  0.078651  0.885658  0.055280
2309  516.024130  1140.855438  18.881773  0.075689  1.232700  0.057562
2310  1612.058468  784.217400  20.045500  0.131966  2.143545  0.106972
2311  1615.598509  327.331389  18.336907  0.101068  0.819042  0.056911
2312  499.212003  854.837232  20.628665  0.253141  2.809212  0.350117
2313  721.514252  646.136600  19.167595  0.098331  1.617032  0.063936
2314  505.221601  69.311002  18.764285  0.176097  1.063310  0.054703
2315  405.483597  292.572865  18.240549  0.055026  1.247682  0.093407
2316  884.038677  1155.558495  17.918055  0.041433  1.012904  0.077931
2317  1794.415739  195.837727  18.493860  0.081245  1.093858  0.051818
2318  169.793284  1621.400796  20.206212  0.093840  1.898085  0.095490
2319  709.261496  1446.321874  16.641969  0.072712  0.142452  0.073650
2320  1386.321977  1661.997961  17.580544  0.092738  0.405739  0.044345
2321  1716.759490  824.400674  18.989255  0.081436  1.576485  0.096088
2322  1440.057345  1631.366640  17.658335  0.056543  0.745549  0.064843
2323  1744.004320  100.789253  15.832567  0.026840  -0.337200  0.070821
2324  287.318292  722.501033  17.630435  0.064915  0.862567  0.049715
2325  1321.874898  1423.940792  20.779682  0.148031  2.517786  0.112255
2326  1371.517376  1279.436206  18.501395  0.073061  1.265759  0.113043
2327  432.029762  1271.700932  18.855139  0.149353  1.262873  0.128917
2328  1569.878382  797.988253  19.072477  0.075081  1.268136  0.134799
2329  61.258429  1686.527355  18.524660  0.047909  1.279432  0.097333
2330  532.828371  234.940145  18.794999  0.074294  1.383017  0.063859
2331  613.002428  935.343751  18.398687  0.069962  1.071731  0.076288
2332  1908.774617  1386.460710  18.638339  0.121759  2.176671  0.053019
2333  876.322257  561.849224  18.184312  0.078049  0.888970  0.094611
2334  1424.617426  1495.651919  18.101964  0.106412  1.183400  0.064366
2335  141.963820  120.178254  18.750025  0.148088  1.975425  0.122760
2337  391.128785  1993.963574  19.434671  0.153584  1.384678  0.130961
2338  604.437027  1728.693093  18.093431  0.057279  0.890474  0.112764
2339  1666.232113  1608.443955  19.056400  0.111030  1.283512  0.071684
2340  634.186079  1416.834072  16.757185  0.046384  0.069892  0.089538
2341  140.969383  1684.469696  16.446879  0.034020  -0.023177  0.032598
2342  803.809196  35.136650  18.736140  0.075505  1.446138  0.072576
2343  1046.737488  678.811574  17.486896  0.053354  0.550053  0.062498
2344  871.786929  559.341183  18.010465  0.104564  1.487790  0.095762
2345  1984.319735  1586.185214  17.731904  0.049110  0.931048  0.072830
2346  1822.154265  586.445157  21.756248  0.181529  3.175396  0.130079
2348  1258.801068  955.154412  17.635446  0.053064  1.089101  0.054950
2350  2041.700975  1486.051540  19.382221  0.091469  1.761843  0.146911
2351  34.950317  983.922796  18.420669  0.088177  0.867176  0.059482
2352  1443.486495  1861.454392  19.880257  0.078566  2.112600  0.089162
2353  1274.632466  1770.530075  17.824043  0.119241  0.860563  0.052580
2354  418.850417  2019.420309  20.068965  0.139337  1.962803  0.117190
2355  233.817605  200.938873  17.912997  0.114594  1.635680  0.074141
2356  1826.920904  1686.035362  18.656229  0.054961  1.685088  0.066499
2357  102.682625  836.223530  17.571589  0.052145  0.469806  0.050570
2358  527.965854  1442.003036  19.024514  0.143870  1.595904  0.185969
2359  752.644382  1099.939468  18.518525  0.106115  1.364127  0.073648
2360  510.916982  1452.488243  18.429662  0.072792  0.943645  0.125941
2362  691.739490  898.794485  17.681512  0.068888  0.867294  0.107303
2363  55.035330  294.445777  20.064780  0.095186  1.855397  0.079469
2365  44.237482  666.540175  21.044243  0.214696  2.658201  0.099121
2366  10.495723  1195.647980  18.233460  0.080141  0.880634  0.073994
2368  654.683364  963.867335  18.092090  0.118550  1.121112  0.065880
2369  637.132943  1301.281188  20.044711  0.076407  1.952825  0.127187
2370  1746.067854  993.490397  19.543753  0.130666  1.041360  0.195138
2371  830.315883  346.978756  21.017024  0.141710  2.300271  0.178913
2372  812.375855  1228.233212  18.511821  0.054964  1.037683  0.097214
2373  748.880683  490.688449  20.135826  0.127968  1.348285  0.113418
2374  209.562394  1585.642793  18.927540  0.130485  1.127252  0.086828
2375  656.768528  91.075261  18.845900  0.132991  0.859946  0.114290
2376  1033.374517  920.653654  20.679250  0.188577  2.175866  0.095888
2378  1453.697558  980.250307  19.797259  0.105587  1.313226  0.087944
2379  1694.728797  500.173663  19.924437  0.146338  1.704940  0.113626
2380  735.594068  678.934402  19.706954  0.132363  1.535423  0.113082
2381  1548.189595  1791.219606  18.853167  0.091434  1.139134  0.082570
2382  869.824117  889.504475  20.405491  0.157972  1.688341  0.199425
2383  1968.858971  219.912067  18.693892  0.091395  1.193423  0.132333
2384  798.137909  1691.399269  19.211902  0.095447  1.347985  0.134921
2385  688.004114  301.967021  17.826106  0.041086  0.365132  0.086575
2386  1150.555868  806.860757  21.180345  0.280516  2.242308  0.181163
2388  1247.611275  778.733663  19.907884  0.127119  1.578311  0.109831
2389  951.782845  1812.316033  18.813167  0.127161  1.005269  0.076242
2392  261.118232  588.012119  18.652252  0.088935  1.101324  0.060157
2393  37.622048  1718.710158  20.074900  0.097211  1.555452  0.117709
2394  854.481495  1038.577423  18.345711  0.062766  1.071037  0.054912
2395  1435.085122  1028.553899  20.487224  0.199529  2.011460  0.157860
2396  441.799327  816.862072  18.731141  0.122295  1.160465  0.069900
2397  937.828789  749.459049  18.578908  0.125668  0.933561  0.072197
2399  37.908894  6.655209  19.453752  0.183717  1.346846  0.175260
2400  1643.351239  1793.287886  18.749792  0.076545  1.000040  0.117935
2401  1838.880621  567.807366  19.253917  0.070163  2.050327  0.068664
2402  1617.619917  989.935830  18.385900  0.118322  0.604946  0.069818
2403  413.464174  213.673843  19.914787  0.138597  1.455950  0.073652
2404  1912.963560  1883.630777  19.308623  0.079449  2.133147  0.124261
2405  1827.191180  231.157820  20.667766  0.179992  1.995285  0.145203
2406  1416.340641  998.932446  20.646326  0.107003  2.275039  0.136861
2407  1270.925073  1401.615823  20.706149  0.198873  2.045290  0.129085
2408  1988.826637  1743.107275  17.343764  0.038312  0.368582  0.039948
2409  1352.454994  739.787766  18.880738  0.097201  1.021848  0.081328
2410  397.197509  767.481409  19.553491  0.098825  1.128267  0.187089
2411  129.617850  700.908707  19.368704  0.175593  1.951109  0.195771
2413  1832.160934  912.225106  19.102620  0.162730  1.266749  0.066132
2414  1013.677974  1958.354601  18.968213  0.102577  1.287483  0.088015
2415  713.598226  1745.246922  19.016605  0.065501  0.826223  0.168236
2416  1348.960825  92.392281  20.066128  0.082114  1.871919  0.160989
2417  1095.635177  399.999380  18.114498  0.108711  0.434098  0.085834
2418  820.227781  853.732319  18.788834  0.086163  1.249877  0.083510
2419  449.793855  1823.032852  18.620175  0.064784  0.949920  0.122468
2420  188.110469  856.585057  19.995052  0.262586  1.878108  0.238517
2421  490.087532  304.968379  19.964041  0.082627  1.487315  0.088316
2422  779.153360  1812.730952  17.416006  0.090755  0.036991  0.096900
2423  947.778793  175.762737  17.151489  0.067658  0.125952  0.048552
2424  729.440540  666.097042  21.188066  0.154905  2.090045  0.138013
2425  1081.520926  692.257023  18.274657  0.051468  0.509423  0.073017
2426  1213.245256  604.607516  19.364199  0.095304  1.373768  0.090417
2428  2012.264543  1601.946439  19.082552  0.112542  1.133041  0.084077
2429  1116.259676  1615.821406  21.026912  0.173491  2.188587  0.147752
2430  1958.085014  703.248799  19.285656  0.072579  1.488115  0.094911
2431  661.619858  1450.620335  18.912521  0.067162  1.433890  0.077968
2432  218.022293  1567.232183  17.123041  0.034991  0.002151  0.096125
2433  990.652583  602.718292  19.052093  0.111465  1.084548  0.147893
2434  1998.442962  22.953066  20.156793  0.144548  1.837043  0.108515
2436  1724.289818  1766.770792  19.180009  0.063160  1.226770  0.101521
2437  1857.439155  736.480562  19.203836  0.141970  1.122099  0.064482
2438  1805.631413  1970.223717  18.801470  0.077394  0.891514  0.092298
2439  471.683869  311.308595  18.784386  0.054623  0.862431  0.143158
2440  1760.698124  90.236711  19.051994  0.110513  1.666916  0.063992
2441  703.934411  106.174893  19.143765  0.111838  1.218263  0.064265
2442  1044.547383  920.726949  20.697665  0.140987  2.327180  0.158634
2443  847.884799  2037.899073  18.864197  0.100558  0.876495  0.105079
2445  1531.399608  187.632494  17.320716  0.072522  0.002368  0.092762
2446  1604.462234  395.014466  19.010941  0.080770  0.926413  0.103662
2447  1536.092409  838.604394  19.115829  0.122778  1.318506  0.087479
2448  335.382155  1737.810478  18.651855  0.086313  1.186220  0.083168
2449  804.971910  197.021563  20.064881  0.119235  1.948049  0.224089
2451  1167.878959  248.811243  17.537854  0.046366  0.132637  0.046944
2452  318.532341  1681.045510  19.933115  0.078971  1.910106  0.135372
2453  989.020492  1404.110655  18.968159  0.086420  0.910480  0.066109
2454  382.084477  1273.217634  18.209775  0.053662  0.863312  0.179130
2455  686.512424  1081.363502  19.389974  0.090494  1.454290  0.105588
2456  1929.145579  222.034516  16.619953  0.057570  -0.297952  0.039244
2457  1872.311274  754.039042  18.550580  0.112566  1.019427  0.073228
2458  552.862936  701.002371  19.231982  0.098290  1.355453  0.174515
2459  1689.544815  1976.729692  18.757172  0.112411  1.111362  0.099287
2460  1066.421449  1660.625417  19.259111  0.182121  1.170377  0.082224
2461  828.301336  2014.258562  18.902346  0.054977  1.046228  0.065515
2462  109.148337  487.054807  18.706943  0.149887  2.171473  0.144046
2463  1655.703096  243.100475  20.287941  0.186462  1.618743  0.105756
2464  926.390837  141.529177  19.100368  0.069813  1.075577  0.080108
2465  1269.396179  1622.809585  20.359446  0.097494  2.254073  0.211057
2467  17.883992  188.256800  20.600759  0.160131  1.956849  0.224120
2468  334.869461  917.691351  19.436043  0.110173  1.845350  0.126166
2469  1425.935897  178.941673  19.276664  0.114884  1.159022  0.061806
2471  151.896294  1919.048581  19.164611  0.098419  1.147449  0.073100
2472  1592.397093  386.397765  18.221780  0.051714  0.341931  0.095883
2473  498.026751  1016.005520  17.435119  0.048732  0.107224  0.043055
2474  189.182362  1512.779284  18.780945  0.069781  1.902555  0.153064
2475  613.142201  613.072050  20.217399  0.109752  1.753534  0.199856
2476  877.982656  1644.565052  19.308919  0.115858  1.532713  0.128044
2478  570.243323  1405.898427  19.515748  0.180873  1.506246  0.129927
2479  2026.998970  451.778601  19.654182  0.184094  1.516545  0.133426
2480  81.903789  1371.521828  18.755783  0.094752  0.824665  0.058956
2481  1763.598357  1414.879595  16.528582  0.067715  -0.265038  0.059882
2482  807.518808  384.856602  19.261416  0.132654  0.877453  0.135652
2484  183.311720  1567.126865  16.441579  0.061304  -0.220903  0.037958
2485  1326.353027  235.280350  18.924304  0.058833  1.161778  0.071261
2486  89.109062  1224.549653  18.694865  0.114294  1.290061  0.072234
2487  336.036497  1423.115310  19.219653  0.094193  1.264711  0.081650
2488  622.332596  1203.965172  19.599975  0.114595  1.312213  0.072031
2489  1160.026027  1779.037256  19.217209  0.130719  1.369326  0.163213
2490  1926.126131  1930.708351  20.521648  0.194579  1.358482  0.293956
2491  461.315101  835.314631  19.054838  0.148043  1.187693  0.097810
2492  429.861277  1062.291769  17.839682  0.058708  0.441612  0.089099
2493  1274.383344  3.747368  19.283571  0.149710  1.251509  0.108611
2494  1427.253858  1482.658266  18.911281  0.104570  1.438270  0.082460
2495  1347.030948  1517.345469  19.832595  0.087016  1.213581  0.262546
2496  1931.842632  1806.127011  19.934717  0.080187  1.297957  0.089046
2497  1827.616235  1346.832957  19.359850  0.107739  0.943033  0.138651
2498  1785.222654  1189.480527  20.268137  0.165155  2.181755  0.137914
2499  1477.588469  1957.399848  21.211290  0.164799  1.316320  0.354962
2500  1606.812911  1988.676901  20.065088  0.095547  2.190123  0.089484
2501  960.753588  260.510386  20.609315  0.190095  1.610441  0.193504
2502  1895.623799  550.521565  19.764025  0.130688  1.279930  0.083545
2503  652.696920  1962.707014  19.498021  0.191296  2.063269  0.072597
2504  880.039614  236.054884  16.909296  0.065328  -0.357869  0.052122
2505  425.468352  407.548122  19.823384  0.082951  1.155834  0.177583
2506  1027.202604  883.910857  20.771541  0.114043  1.426549  0.154947
2507  876.477235  617.276663  20.193772  0.212480  1.282193  0.170682
2508  441.444523  2006.018441  19.975538  0.095742  1.394918  0.089209
2510  330.204978  729.118069  17.622420  0.068519  -0.171757  0.055599
2511  312.384304  826.906541  19.190111  0.058110  0.732821  0.105498
2512  1611.858865  337.328812  19.950594  0.079974  1.353276  0.149156
2514  1457.392679  662.697886  19.434688  0.101465  1.140274  0.112809
2515  1490.461793  1637.003448  21.184940  0.219063  2.151155  0.216228
2516  57.580302  799.159746  20.017374  0.102486  0.995753  0.157182
2517  1298.814224  1783.137408  20.056743  0.157235  1.177458  0.115284
2518  855.497682  592.145821  20.699743  0.137787  1.620177  0.184204
2519  504.045986  534.361224  17.619930  0.052970  -0.051603  0.081581
2520  1599.746275  1571.887854  20.439956  0.166512  1.865032  0.160121
2521  416.326095  1701.893819  20.832561  0.184366  1.917228  0.179385
2522  1874.320934  625.703863  19.721513  0.131439  0.940644  0.117118
2523  465.106999  184.692238  19.417196  0.102151  1.624745  0.143010
2524  515.268148  1430.695719  19.205740  0.091892  0.727069  0.123535
2525  1266.808704  750.708724  20.503950  0.158758  1.903579  0.250688
2526  1476.421052  132.485209  20.052602  0.125755  1.119567  0.142521
2527  194.375597  1398.057096  18.738102  0.060686  0.615585  0.055472
2528  1888.398097  998.939173  18.144434  0.062429  0.425360  0.049778
2529  998.176553  1301.505568  19.691587  0.107804  1.194371  0.102848
2530  1010.787251  45.584895  19.779434  0.134576  1.589448  0.097311
2531  1118.699917  917.193874  20.273719  0.097626  1.516650  0.102437
2532  1939.503212  1821.241030  19.931343  0.160585  1.381861  0.189263
2533  1557.509413  35.558648  21.585626  0.223610  2.595177  0.276990
2534  1156.021199  1044.025223  19.694811  0.231251  1.244968  0.087515
2535  619.293542  484.812436  19.087617  0.125780  0.772005  0.152023
2537  1120.050486  1773.306372  20.251777  0.182601  1.077689  0.138553
2541  1666.005647  317.493467  20.029539  0.083613  1.064872  0.125214
2542  1935.323981  1391.899991  20.290339  0.100559  1.774992  0.157096
2543  1707.387330  344.500068  19.680552  0.324940  1.256119  0.162390
2544  728.554828  213.554653  20.772480  0.293484  2.196514  0.306998
2546  1064.872046  551.644113  19.667051  0.098704  1.744305  0.153659
2547  840.657389  1938.145447  20.371392  0.161479  1.439610  0.173811
2548  1406.632108  605.742896  20.135849  0.227603  1.365163  0.091275
2549  566.870517  210.411082  20.220671  0.105085  1.798600  0.138642
2552  1297.415719  489.276587  20.928416  0.155813  1.811693  0.164820
2553  2042.257012  863.016955  19.912503  0.218089  1.370337  0.102714
2554  2018.557961  1557.213647  20.005358  0.085067  1.418254  0.089605
2555  1315.615903  1368.760426  19.980410  0.080064  1.139164  0.096658
2556  1140.730083  1354.482239  19.588162  0.097521  1.464837  0.101011
2557  463.004344  2005.220600  20.889368  0.126886  1.985450  0.142021
2558  359.984437  1859.929140  19.844178  0.208193  1.406682  0.132150
2559  312.501536  183.522885  19.628853  0.088814  0.959909  0.165044
2560  475.538924  270.679300  20.401579  0.140124  1.775519  0.268729
2563  1476.022395  977.143290  20.265643  0.201194  1.240515  0.205949
2565  1956.638461  1028.638599  19.728529  0.124912  1.234702  0.087062
2566  1828.339419  1938.829650  19.784554  0.087492  1.356187  0.126549
2567  1039.647645  1809.444446  19.760307  0.184186  1.141495  0.123356
2568  1099.175828  402.137981  20.173307  0.135198  1.239940  0.110860
2569  1836.910995  230.097604  21.950856  0.221285  1.747747  0.400202
2570  10.853880  1701.682032  19.594289  0.097091  1.066985  0.139132
2571  2022.661260  1562.030609  20.042087  0.096805  1.263132  0.145830
2572  1360.953468  1614.756214  19.532854  0.064828  0.987792  0.111761
2573  572.413300  533.439088  21.675546  0.154043  2.151423  0.156016
2574  1894.378295  2018.281943  19.806772  0.223935  1.032520  0.128119
2575  635.173462  1394.170984  19.824234  0.071824  2.047786  0.092728
2576  1511.733478  809.684449  19.667531  0.118971  1.963180  0.129258
2577  1869.309953  660.664874  19.608989  0.152804  1.000736  0.182824
2578  1277.989465  1208.130743  19.843973  0.084481  1.032773  0.118566
2580  1545.479953  907.019790  19.155187  0.180079  1.125346  0.156530
2581  558.121743  1189.917388  20.700562  0.111849  1.589450  0.152198
2583  1969.643371  1812.400999  19.480951  0.152807  1.247772  0.091307
2584  1191.538820  1871.351730  18.865602  0.123198  0.972044  0.123104
2585  772.798048  1519.633011  20.965945  0.123249  2.343691  0.164063
2586  494.540545  988.419954  19.750287  0.096025  1.058980  0.110832
2588  1793.293151  773.070811  16.940664  0.059637  -0.332762  0.068795
2589  824.251255  1624.619694  17.420764  0.050854  -0.102066  0.037883
2590  1053.873347  1428.992133  20.345701  0.158076  1.207611  0.176791
2592  1765.107345  26.178383  19.228471  0.139171  0.896864  0.094422
2593  249.073024  753.943646  19.527985  0.096873  1.234229  0.154047
2594  737.724343  1395.990641  19.591668  0.113225  1.305370  0.064422
2595  945.504964  1951.728700  20.647423  0.171790  1.383154  0.118487
2597  370.904106  789.866015  17.770544  0.059310  -0.015227  0.048429
2598  350.695096  324.527379  20.982109  0.235874  2.203108  0.192586
2599  1028.550713  1715.894340  19.618869  0.094484  1.353793  0.084663
2600  663.639795  505.546529  20.040279  0.117118  1.272641  0.086905
2601  673.569907  409.002614  20.582174  0.170479  1.393386  0.229051
2602  1249.556011  1817.927710  19.581609  0.116265  0.883559  0.114648
2603  1682.258699  163.594287  19.931240  0.114236  1.148876  0.125384
2604  1319.593441  1263.499231  19.617029  0.066232  1.464896  0.160249
2605  1576.684223  939.852011  19.106826  0.130389  0.630442  0.058449
2606  1286.864734  1687.001154  19.692250  0.159357  1.252367  0.083033
2607  1279.035060  1389.397826  19.200287  0.112711  1.139275  0.141743
2608  1432.294692  816.777710  20.546080  0.106432  1.685934  0.202071
2610  682.311480  303.060361  20.547970  0.146246  1.740115  0.174560
2611  1442.720422  2033.370982  20.321483  0.149093  1.788693  0.116598
2612  708.807930  1167.625799  19.997768  0.129954  1.618418  0.175714
2613  1182.220704  206.268168  19.939448  0.093687  1.185041  0.177301
2614  614.010852  688.677029  20.896830  0.253679  1.830819  0.151298
2615  247.789370  383.264410  18.049620  0.077568  0.448180  0.073202
2616  1481.900241  12.538971  20.697621  0.123423  2.029460  0.241766
2617  1253.180580  1386.369193  20.367429  0.083170  1.272977  0.194160
2618  56.472992  99.471533  19.958967  0.191433  1.210269  0.113555
2619  2002.151170  1629.838024  20.334801  0.270343  1.617480  0.113939
2620  1062.642282  54.264248  19.770932  0.072447  1.866968  0.101192
2621  489.340033  458.514390  19.453002  0.085015  1.561587  0.160259
2622  128.968434  38.550326  21.689552  0.384583  2.633415  0.264151
2623  1393.915068  350.722498  21.036493  0.169494  1.609902  0.109419
2624  56.706326  1225.169280  20.516406  0.219650  1.757616  0.166365
2625  2012.155910  261.256164  21.018812  0.165380  1.652015  0.179778
2626  1546.207384  1436.900051  20.184288  0.111843  1.895325  0.266688
2627  154.131622  514.444268  19.833103  0.074252  1.130559  0.087127
2628  163.004026  865.926572  20.213947  0.113196  1.382814  0.093604
2629  1162.154189  376.015451  21.154203  0.233607  1.833259  0.120757
2630  607.937503  2035.224642  20.256924  0.080281  1.435877  0.111708
2631  462.160967  838.110542  20.591965  0.113432  1.637262  0.250160
2632  398.143140  1640.233233  19.161977  0.100719  0.766462  0.161648
2633  920.461296  1919.554990  19.181147  0.078946  1.154205  0.212712
2634  201.458109  544.091799  19.211849  0.078835  0.768924  0.088342
2635  1061.464522  106.080599  19.887891  0.109962  1.338906  0.097951
2636  1629.702390  155.213055  20.715142  0.182124  2.332794  0.254582
2638  1273.795257  719.793003  20.216765  0.100890  1.450502  0.160058
2639  1701.451590  760.483841  20.041759  0.158336  1.349456  0.202576
2640  832.337975  990.222053  19.845726  0.113373  1.675158  0.093410
2641  221.984339  25.439359  20.699900  0.103823  2.350462  0.285833
2643  845.658438  536.751685  20.343507  0.138176  1.577722  0.115662
2644  1992.106815  1790.057148  19.774510  0.081050  1.286488  0.076659
2645  446.931644  1975.296947  19.772305  0.096973  1.276666  0.127905
2646  1699.404703  43.542258  20.101920  0.079720  1.515415  0.142219
2647  1406.897376  1890.857084  20.084151  0.123759  1.104994  0.104219
2648  511.254841  337.452232  18.818999  0.117274  0.571032  0.070884
2650  1506.293371  1157.218735  20.625234  0.235436  1.415676  0.129053
2651  1051.417835  44.934929  19.726806  0.098862  1.223773  0.140945
2652  836.204170  1669.179399  20.613343  0.171131  1.450184  0.187091
2653  1304.090692  371.014734  19.918204  0.173365  1.055585  0.168891
2654  38.203502  886.449037  20.160900  0.120543  1.396536  0.182704
2655  969.726668  1496.703465  21.472228  0.287434  1.920298  0.168690
2656  1076.992589  586.266399  19.323707  0.103056  0.873040  0.070788
2658  1690.063151  1741.550849  20.199326  0.195838  1.722436  0.214923
2659  74.114067  664.079432  19.617111  0.111643  1.129078  0.111280
2660  498.282569  640.512976  19.249032  0.081672  1.279557  0.165366
2661  1170.775010  1569.004497  20.039375  0.116079  1.275992  0.123584
2662  1815.814442  487.037732  19.877751  0.141735  2.008498  0.155327
2663  747.041063  264.859014  20.549667  0.221491  1.930304  0.150948
2664  7.038614  475.849274  19.599057  0.142503  1.473020  0.093595
2665  426.911615  586.557334  20.117213  0.091159  1.289082  0.174966
2666  261.366651  983.592095  18.118921  0.126922  -0.054700  0.052929
2667  1082.041245  684.483872  20.694815  0.309922  1.642834  0.195478
2668  1214.044842  1538.186154  20.055935  0.089837  1.244665  0.106032
2669  1258.017488  868.873411  20.824733  0.130083  1.404722  0.126833
2670  419.178433  1571.526406  20.426657  0.131342  1.019471  0.139032
2671  1084.557832  1794.421488  20.756836  0.190462  1.431980  0.227841
2672  1262.908925  1173.484592  19.756508  0.138327  0.708798  0.160266
2673  150.301970  1029.624760  20.509993  0.089476  1.631626  0.096236
2675  1980.572409  2043.216601  20.577434  0.103024  1.225394  0.107487
2676  289.285666  1368.079052  19.472936  0.075419  0.501223  0.115289
2677  238.089672  1717.268085  20.630242  0.210084  1.380492  0.121488
2679  1665.416971  1897.940954  20.554171  0.106053  1.559994  0.213074
2680  522.520143  977.633225  20.253657  0.295139  1.407174  0.101593
2684  1401.939439  895.181705  19.961598  0.272206  1.318863  0.171797
2685  1468.194899  791.938675  20.321955  0.102560  1.722765  0.138343
2688  1525.023271  1563.631872  19.003756  0.097980  0.558236  0.076813
2689  1414.826153  355.535377  20.404005  0.213362  1.567935  0.167932
2691  206.847045  2039.388921  20.923983  0.262483  1.470423  0.110954
2692  704.529840  1212.495147  20.417473  0.149835  1.234765  0.149915
2695  139.269789  1566.424884  19.871554  0.128489  0.903204  0.130200
2696  653.941077  28.763938  20.330752  0.272572  1.452474  0.110896
2697  657.976301  746.854622  21.416870  0.170606  1.465070  0.534924
2698  761.118446  477.629259  20.848360  0.108298  1.478270  0.122237
2701  852.802232  1329.198080  20.549612  0.124836  1.042376  0.134816
2702  1807.670280  1645.049313  20.967106  0.117903  2.288585  0.158804
2704  1124.592684  538.347599  19.841918  0.115194  0.795509  0.076650
2707  222.775360  418.827682  20.702602  0.099935  1.763817  0.171170
2708  1241.598886  846.752668  20.653526  0.136221  1.131283  0.168902
2711  71.885129  979.148538  20.209946  0.170627  1.112710  0.165210
2715  1340.068070  2043.012559  20.163587  0.110690  0.813317  0.089190
2719  1430.387459  2044.218828  19.504905  0.092011  0.553278  0.122168
2720  394.772408  879.758916  20.329187  0.174529  1.226184  0.123142
2721  535.586313  1854.320882  21.056802  0.147700  1.427554  0.217560
2722  1108.100799  1512.576579  19.728639  0.141128  0.701004  0.083228
2723  321.304042  819.434917  19.094552  0.096969  0.274876  0.146682
2725  646.375463  658.067655  20.454117  0.178188  1.688597  0.302832
2727  1694.205639  681.935179  20.902337  0.301183  1.565906  0.105887
2730  1354.256523  1096.114798  19.316030  0.097582  0.692462  0.068032
2732  566.861195  225.084595  20.203567  0.110703  0.924826  0.109564
2733  896.381403  835.765347  20.764579  0.165680  0.909682  0.197679
2737  152.446313  1658.606785  20.989091  0.206983  1.628227  0.218839
2738  589.443093  507.697477  20.525507  0.127443  1.323708  0.117484
2744  662.644719  1145.369156  20.853395  0.218265  1.543472  0.214455
2745  1759.303135  1439.710986  21.245376  0.320350  1.798152  0.149159
2747  1190.059919  130.685959  19.059415  0.139647  0.806863  0.123882
2748  57.649084  495.133120  20.498615  0.126479  1.672342  0.127999
2749  394.515495  1423.009768  20.246276  0.316909  1.455139  0.208885
2750  263.286785  1226.624378  19.458669  0.186092  0.670534  0.099961
2751  1277.991323  1171.353629  20.932483  0.142385  1.292864  0.103145
2753  285.556959  1923.215514  20.745172  0.096906  1.368678  0.095929
2754  2001.294350  1158.538044  21.028873  0.167414  1.780380  0.191464
2756  1091.375064  461.545825  20.903796  0.141681  1.350212  0.140288
2757  1692.589355  178.000882  20.370226  0.111362  1.081511  0.158177
2758  1883.739804  1084.150238  20.288608  0.160697  1.770336  0.163012
2759  1024.247795  982.182750  20.502405  0.108062  1.302210  0.142728
2760  279.089357  755.347754  22.180011  0.317405  1.933738  0.183677
2761  801.962898  583.870450  20.149701  0.111917  1.270550  0.159534
2762  1219.502188  935.922672  18.278337  0.060208  0.025965  0.070722
2763  1512.343160  1266.194989  20.225903  0.109543  1.032951  0.149111
2766  762.947865  215.029129  19.760193  0.074136  0.671287  0.111356
2768  1849.889356  852.010312  20.032068  0.121826  0.803989  0.109196
2770  1810.016096  1275.009810  19.651658  0.101286  0.951678  0.170131
2771  298.924793  1088.128550  18.361754  0.082415  0.331802  0.136493
2772  592.889514  1305.711155  21.201517  0.108488  1.362355  0.138240
2773  1160.661659  1395.634378  18.970794  0.061014  0.237660  0.056503
2774  689.463674  1232.956840  19.771219  0.093002  0.870559  0.106057
2775  1571.526461  1534.631351  21.061176  0.198828  2.383519  0.226503
2776  1203.808455  706.283127  21.169689  0.133371  1.979279  0.117752
2777  1774.224367  213.574415  20.446696  0.149506  1.238503  0.088818
2778  748.155093  1564.500982  20.839585  0.235102  0.910142  0.108482
2779  1697.302720  888.663059  19.812853  0.116542  0.603030  0.172340
2782  1204.196078  1468.037871  21.254641  0.308303  1.589503  0.136189
2783  1352.566161  1367.822640  19.018392  0.152077  0.013788  0.153815
2784  375.226853  126.520108  19.604347  0.110999  0.701935  0.138186
2785  287.864668  1144.203401  21.066007  0.282713  1.543916  0.199064
2786  2042.408797  439.886003  20.395097  0.166404  1.167549  0.170129
2787  530.059220  1914.428602  20.301543  0.167234  0.819959  0.216323
2788  1893.072573  767.167952  20.356145  0.275968  0.983778  0.174557
2789  796.801678  864.023475  20.556518  0.117083  2.133814  0.145528
2792  1355.415465  1134.992067  17.890545  0.053091  -0.129837  0.063757
2793  1653.370527  1382.444604  21.072908  0.208105  2.406086  0.258000
2794  1869.436599  1954.026812  20.066307  0.131178  1.127857  0.169354
2797  1220.634737  443.913081  20.645933  0.119388  1.524011  0.120066
2799  1304.842536  2041.334764  20.917328  0.116245  1.722785  0.226688
2800  813.128307  956.241635  18.663021  0.075182  0.164406  0.182069
2801  1982.264884  84.008323  20.273485  0.269831  1.436855  0.160535
2802  1148.362608  233.848963  20.845315  0.148269  2.140337  0.154019
2804  852.993531  1922.732773  20.789271  0.134448  1.314376  0.102549
2807  1947.429562  507.488704  20.145351  0.171499  0.873224  0.087526
2808  1453.937046  2042.164977  18.511055  0.120770  0.358025  0.102933
2810  1466.495112  245.813669  20.595647  0.130546  1.530926  0.168436
2814  1178.906014  1463.281874  21.064693  0.179010  1.691826  0.137562
2815  404.586953  107.077898  20.401318  0.172713  1.287083  0.205778
2819  972.808026  1524.067303  19.355649  0.198654  0.525163  0.077238
2820  664.540413  1680.200863  20.701256  0.130007  1.919305  0.147515
2821  1505.298083  135.563478  20.697415  0.149487  1.225385  0.213340
2823  961.252381  218.773025  19.399281  0.126147  0.535984  0.157896
2826  1307.215569  2016.268586  20.787904  0.113798  1.407655  0.161798
2827  468.973379  826.221964  18.662268  0.153765  -0.037705  0.071516
2828  482.603389  53.771152  20.086546  0.095028  1.458332  0.176126
2830  1810.302728  840.009924  19.152469  0.062723  0.255111  0.092918
2831  196.586120  697.450341  20.800075  0.140265  1.223638  0.111453
2832  83.752021  253.737959  19.079968  0.138137  0.513927  0.166471
2835  1896.013614  892.250076  20.156888  0.093256  1.527801  0.145671
2836  1420.373453  305.428648  20.658230  0.219043  1.128835  0.116341
2837  214.253920  1362.702777  19.619984  0.074546  0.890201  0.130193
2838  1600.214511  266.876247  19.004790  0.079831  0.429247  0.177784
2840  1619.723554  79.785904  20.530923  0.157577  1.664215  0.108808
2842  1717.601082  1777.947906  21.310632  0.156754  1.606608  0.154087
2843  1842.066294  1918.081392  20.643295  0.212940  2.052110  0.143901
2845  1005.089792  58.506789  20.525202  0.119464  1.450014  0.178937
2846  716.027570  820.251493  20.859756  0.119900  1.078054  0.200371
2847  1881.938623  64.565007  21.200029  0.193875  1.289468  0.148222
2848  328.403090  1645.594281  20.538892  0.129462  1.095065  0.098551
2849  965.204613  1190.517706  21.011496  0.198484  1.513360  0.223942
2855  1973.544193  774.683493  20.005111  0.110001  0.959079  0.182800
2856  141.856606  1954.649579  21.460976  0.155035  1.310110  0.280839
2857  1942.454262  9.707934  19.947748  0.239634  1.503831  0.162755
2858  169.395391  1922.339971  20.925508  0.201187  1.775240  0.117738
2860  1679.652963  65.182983  20.338320  0.094111  1.353150  0.135183
2861  243.691940  1853.097163  20.952772  0.220675  1.534826  0.200251
2862  1808.398711  1538.041101  17.963834  0.085894  -0.140727  0.042145
2865  1648.113386  599.700701  20.839632  0.174791  1.311880  0.163442
2867  1433.757791  2043.965232  18.888564  0.055740  0.396067  0.071283
2868  403.258179  2032.042768  20.345696  0.174492  1.648402  0.115537
2869  1989.259511  1928.781361  21.035703  0.206301  1.829357  0.267873
2870  1530.958689  1038.136201  18.572594  0.072742  -0.039189  0.050227
2871  1749.441944  1884.813941  21.272687  0.168908  1.538644  0.208696
2872  998.237888  1807.000132  19.506991  0.185189  0.463894  0.175078
2873  84.416400  828.652620  20.764143  0.239294  1.548518  0.144706
2875  1144.473126  1055.159490  18.664586  0.111022  0.382309  0.082991
2876  1086.303902  1143.604109  21.044378  0.185193  1.645905  0.235022
2878  1892.968316  565.002248  20.050047  0.087666  1.164062  0.086562
2880  1274.062166  133.313741  21.147391  0.204031  2.044213  0.114241
2882  324.323391  225.601690  20.441793  0.092945  1.605910  0.138223
2883  205.249454  502.453504  20.761716  0.119671  1.244191  0.111570
2887  924.686140  1635.908294  18.790479  0.074574  0.030992  0.061885
2891  1316.131433  1068.163542  20.060621  0.111068  0.546967  0.095735
2892  497.909423  509.009442  19.489636  0.090467  0.239111  0.215145
2895  1952.082749  929.739875  20.694099  0.132848  0.878347  0.221110
2903  1720.123010  146.885915  21.053258  0.309498  0.720071  0.154641
2905  749.955669  107.475975  21.243475  0.155340  1.834945  0.150835
2906  1017.762684  12.590439  19.838631  0.142364  0.440889  0.110670
2907  274.347295  391.745749  20.418622  0.109342  0.491918  0.173073
2910  776.413452  1256.136034  21.840211  0.230997  1.778393  0.286826
2913  1065.969173  895.517386  21.457993  0.153764  1.723475  0.141232
2914  23.260839  880.011490  20.677245  0.110820  0.865384  0.105316
2916  150.092541  903.729435  19.599206  0.069428  0.406644  0.072160
2918  227.200431  1890.452650  21.016128  0.249996  1.128286  0.147336
2919  1439.056362  1064.632384  20.827475  0.193741  1.516758  0.198154
2923  621.877473  980.281311  21.721541  0.334609  1.475979  0.341922
2926  1648.338034  1162.198821  18.714943  0.061621  -0.100698  0.148868
2928  976.653756  1752.189228  20.281891  0.136228  0.794034  0.158004
2929  1475.356375  1330.798584  21.118024  0.137833  1.241021  0.135029
2930  1243.256699  602.653337  21.078043  0.183889  1.536116  0.118331
2934  37.253712  723.659118  21.410104  0.123123  1.118043  0.219390
2935  909.263081  1546.184938  20.632262  0.089278  0.779057  0.170311
2942  1027.052236  1751.843275  20.129186  0.088508  0.776641  0.170606
2943  542.536471  139.712824  20.941653  0.137205  1.263600  0.124063
2946  1748.203338  1846.142747  21.238669  0.163574  1.325309  0.141089
2947  1809.530851  1333.658013  21.243949  0.161455  1.304435  0.304858
2948  1193.977510  799.972817  20.145373  0.151468  0.745804  0.133683
2949  1678.297337  693.400558  19.944463  0.104287  0.381911  0.112969
2950  1534.919943  1619.684334  21.349491  0.317432  1.499381  0.264148
2954  1129.427530  37.649012  20.959325  0.245188  1.292429  0.234019
2956  127.390207  1430.551620  21.139721  0.145672  1.611148  0.145252
2958  1612.254488  317.372478  21.303079  0.171330  1.550167  0.191997
2961  646.387535  1498.870289  19.342786  0.061410  -0.318520  0.120137
2963  30.117765  471.277532  19.772658  0.128718  0.438228  0.150441
2965  219.990122  1563.556155  21.549427  0.178937  2.187336  0.220193
2967  866.668646  1633.821894  20.605482  0.140573  0.582227  0.112978
2970  712.091430  57.578181  20.011295  0.118290  0.676003  0.086434
2971  1145.457973  1094.465837  20.236757  0.119903  0.834243  0.141020
2973  1321.027632  870.416908  21.216979  0.239428  2.087003  0.276920
2976  318.005752  1308.158787  21.122346  0.527945  2.340002  0.133816
2978  1738.748098  518.425065  19.386294  0.105195  0.155572  0.146141
2979  1318.130064  1188.041007  19.931910  0.116492  0.535108  0.159462
2987  371.280431  849.480646  20.237689  0.106399  0.854561  0.172758
2991  346.097335  1781.847666  20.800213  0.173566  1.048407  0.123750
2992  1546.418235  12.358910  20.766267  0.240325  0.269066  0.295045
2994  780.850352  1557.628915  20.424532  0.119956  0.810800  0.135586
2998  973.413820  536.015210  21.461508  0.376399  1.995451  0.321068
21007  1717.989280  475.320018  20.296532  0.148063  0.896076  0.180527
21011  2003.244888  141.595541  19.116914  0.096354  0.119896  0.070033
21018  487.919642  1479.087564  19.551894  0.069066  0.211055  0.101227
21022  266.115276  1758.114515  21.167810  0.114287  0.907946  0.126452
21027  379.519074  1141.379966  19.383341  0.068709  0.433609  0.176248
21029  1973.080985  1463.620543  21.141780  0.183828  1.026479  0.177407
21030  2028.307446  135.538869  21.095689  0.230716  1.240765  0.132535
21034  911.691120  276.206726  19.944313  0.082981  0.573330  0.198389
21036  1516.145909  1815.524106  19.939698  0.164298  0.719929  0.089790
21041  237.499294  1948.897778  21.693188  0.198729  1.510657  0.188320
21042  601.636778  1539.013737  20.504504  0.101134  0.631210  0.097546
21044  140.733552  76.873454  20.615897  0.293122  0.961501  0.140226
21046  868.416935  371.385142  19.432081  0.086664  0.103238  0.076909
21048  519.150047  433.374582  21.571835  0.185953  1.497767  0.361089
21055  1127.381790  1049.918938  21.895024  0.156520  1.416865  0.226266
21056  1336.738183  1766.441672  20.064342  0.165141  0.658460  0.185038
21068  413.124231  1402.354648  20.896851  0.178326  1.647792  0.214667
21070  1029.222221  929.143859  21.340608  0.260730  1.822429  0.192995
21075  1198.017548  967.197176  21.430653  0.223442  0.806662  0.230587
21076  1549.679215  299.210024  21.245894  0.381091  0.892669  0.222230
21079  41.709307  247.077062  21.398969  0.248143  0.717333  0.199198
21080  1514.980866  825.361454  20.782726  0.237386  0.699188  0.133399
21082  508.486827  191.466918  20.825345  0.120080  0.537206  0.109904
21085  179.403480  1465.717704  20.690108  0.229005  0.568001  0.109705
21086  393.739961  13.376653  20.513035  0.182813  0.633624  0.120236
21087  1368.427620  1009.809695  20.958707  0.127798  1.182438  0.155213
21090  1791.156100  1998.663107  21.139105  0.226615  1.036367  0.259555
21091  402.260791  1875.161474  20.164008  0.081336  0.201131  0.260870
21093  447.448323  1908.972821  20.505882  0.161078  0.716705  0.098656
21094  1806.444196  492.752854  21.445354  0.356395  1.185683  0.340114
21095  953.980392  90.462661  21.369729  0.146839  1.179428  0.181560
21096  189.824728  1345.670325  19.643784  0.154927  0.499943  0.106336
21097  552.094760  1658.578099  20.312049  0.169520  0.267038  0.317583
21098  494.460818  50.579762  19.347455  0.099012  0.056129  0.159006
21103  1465.494951  1303.946334  19.812433  0.089248  0.039868  0.160621
21104  1701.247641  1834.553255  19.921627  0.187174  0.223800  0.212814
21107  1918.558894  1961.129724  20.550849  0.143970  0.520911  0.152440
21113  1161.379507  1686.093084  20.852854  0.272922  0.756512  0.254830
21114  630.867854  1122.240399  21.240343  0.299712  1.059525  0.276234
21116  61.934954  945.719509  21.284206  0.201729  0.637201  0.277147
21117  1258.578658  1260.087223  21.149513  0.328006  0.928239  0.213917
21119  1077.764760  39.833088  21.071545  0.212802  0.994277  0.138983
21120  676.276408  455.968406  20.469293  0.133372  0.269878  0.161471
21121  1003.158871  3.782805  21.141475  0.225353  0.969169  0.158489
21123  1483.424577  1967.426939  20.251711  0.095781  0.216766  0.198318
21124  416.741588  1335.512352  20.851928  0.219450  0.621772  0.110147
21125  399.365450  2018.567819  21.044397  0.243878  0.871428  0.128292
21126  517.434793  588.879013  20.381314  0.162241  0.508759  0.129391
21135  1177.514455  1066.729927  21.554244  0.153604  0.895220  0.171435
21144  454.597861  1778.008780  20.907974  0.272410  0.167343  0.119541
21150  1423.427366  1441.444315  21.663649  0.146508  0.925450  0.184036
