# id  x  y  V  eV  BV  eBV
121  1012.797604  874.380616  20.935119  0.282825  1.377082  0.241626
125  1155.428475  978.491474  20.787645  0.199589  1.342753  0.160111
126  1061.607567  996.837765  20.878956  0.245186  1.150983  0.234741
127  1039.781110  1198.543688  20.674532  0.161276  1.851093  0.189086
129  1104.515871  1066.087813  20.851429  0.123803  1.422484  0.198525
131  1040.113009  1099.738051  20.676894  0.136689  1.760778  0.183588
134  1132.983419  1029.653975  20.511668  0.135523  1.523414  0.124842
136  908.645212  985.445704  20.427317  0.213177  1.545375  0.212723
137  1082.235208  902.608671  20.296803  0.134196  1.323817  0.171000
138  998.416609  1108.916716  20.228025  0.113847  1.407706  0.094288
139  1137.822003  1069.277061  20.141899  0.095787  1.499601  0.111112
140  932.680090  1036.907151  19.808962  0.213911  1.619369  0.243011
141  1102.472806  942.555382  20.001148  0.295597  1.324025  0.096535
142  1113.571860  1024.043356  19.790760  0.206129  1.344195  0.145306
143  1005.081149  1017.811886  19.843433  0.083825  1.495953  0.097992
144  1166.504550  1078.806938  19.976049  0.113102  1.408782  0.105372
145  965.431992  1109.998633  19.600532  0.177905  1.325242  0.095635
146  1058.604585  1043.255972  19.671274  0.091027  1.446010  0.094498
147  996.263014  1154.520371  19.553060  0.091481  1.455302  0.091445
148  1093.043589  1059.692442  19.334149  0.143387  1.466493  0.069121
149  996.863324  930.773709  19.335964  0.061442  1.312920  0.119363
150  897.128305  1150.683116  19.184595  0.130780  1.101862  0.099366
151  1073.202729  1016.442143  18.951228  0.141642  1.211525  0.130646
152  1106.279465  1043.195924  18.964718  0.057809  1.391367  0.084929
153  911.556465  972.881613  18.910691  0.091983  1.308453  0.178969
154  1012.021330  997.040067  18.784322  0.109578  1.331986  0.066722
155  1019.637350  921.480233  18.734331  0.066826  1.298625  0.065927
156  976.010117  1024.663429  18.594457  0.066816  1.376524  0.057326
157  943.102444  965.399736  18.396543  0.053524  1.337382  0.049486
158  959.311421  1090.760315  17.996775  0.047576  1.317849  0.056010
159  1144.104673  1043.227750  18.064339  0.064822  1.552892  0.116964
160  999.836385  1087.577539  17.808714  0.159076  1.361513  0.094467
161  1095.693885  946.392392  17.988505  0.117677  1.307758  0.076102
162  1068.644659  1125.015941  17.687997  0.064964  1.303686  0.073992
163  1104.493752  1201.898557  17.269555  0.168246  0.967378  0.049935
164  912.584008  1089.275044  16.983634  0.037631  1.182199  0.048405
165  961.515745  1085.149164  16.642333  0.038898  1.148079  0.035820
166  1149.830513  1041.593037  16.641873  0.045876  1.091673  0.051143
167  965.744087  901.637120  16.070350  0.039960  1.008332  0.037872
168  1048.654868  1211.753062  15.950792  0.033181  0.965591  0.041899
169  1077.381489  1091.096064  15.563918  0.032513  0.879146  0.025297
170  965.616804  1112.576512  15.214804  0.037286  0.789512  0.050404
171  962.627379  1003.641078  14.962642  0.037601  0.784300  0.041704
172  938.938388  1063.410811  14.583148  0.024475  0.761387  0.072608
173  1017.825178  1088.057569  14.176505  0.047881  0.581132  0.024467
174  1063.404524  1060.236575  14.120138  0.051049  0.618907  0.035440
175  1062.327153  922.110054  13.480093  0.022915  0.497912  0.024408
176  1036.605829  987.168563  13.217721  0.027303  0.397329  0.021934
177  1118.403523  967.297270  12.530271  0.027945  0.263970  0.056906
178  1176.965304  1086.875382  12.538125  0.036741  0.214033  0.020830
179  1146.131845  1169.548493  12.013753  0.050630  0.123810  0.036235
180  1165.776794  994.473902  11.502697  0.020878  0.091622  0.042075
181  1138.812396  1028.745974  10.813806  0.027353  0.086042  0.043858
182  991.933051  1192.304189  9.919363  0.025841  0.035520  0.031563
20  1087.810796  409.436776  11.857383  0.032790  2.805613  0.033919
21  1943.468427  937.851619  9.299670  0.021471  0.918282  0.035473
22  1286.838298  712.644671  10.339925  0.016474  1.192784  0.026007
23  1700.174546  293.453567  10.061885  0.031073  0.805861  0.017864
24  1656.234228  1409.766050  12.086422  0.029020  1.906406  0.035208
25  308.249454  442.423269  9.347549  0.019291  0.333975  0.021259
26  670.616348  78.024433  11.646988  0.047826  1.553431  0.047279
27  26.071927  81.059669  11.479257  0.029914  1.335211  0.026350
28  631.754531  775.924627  10.344364  0.023702  0.521617  0.030243
29  399.560504  680.472890  8.937619  0.035127  -0.006158  0.019687
210  1843.279428  316.516671  15.475725  0.057653  3.385035  0.032068
211  2047.969753  868.105867  16.116775  0.031240  3.639580  0.031463
212  779.862501  1642.687341  10.340330  0.021969  0.131728  0.017775
213  888.212558  556.914208  10.459886  0.017155  0.012038  0.024923
214  156.605622  1072.784204  10.962201  0.033655  0.260504  0.022719
215  1129.923810  471.837416  11.208092  0.042465  0.356134  0.030434
216  267.530179  1602.012488  10.306816  0.021319  -0.143842  0.037100
217  1502.071970  1135.683821  11.559043  0.027864  0.638699  0.034190
218  817.946194  64.544386  11.484805  0.033288  0.041943  0.034113
219  600.812660  296.902329  15.955168  0.042526  2.589183  0.041546
220  1517.651571  545.688843  10.860347  0.020799  -0.149846  0.018301
221  626.139709  1339.373969  11.403932  0.032204  0.053211  0.020911
222  1848.141358  1599.285260  13.732527  0.024915  1.169979  0.032363
223  755.617778  1178.231144  11.462853  0.021278  -0.105499  0.045831
224  1476.688217  416.370346  12.763573  0.022576  0.530742  0.022373
225  1126.807281  437.290522  14.411610  0.034783  1.297305  0.041478
226  465.592092  706.666272  12.616833  0.024899  0.570896  0.026522
227  953.743050  1679.557314  17.493138  0.046683  3.078599  0.071142
228  1751.792019  560.736967  15.537781  0.036773  2.112055  0.040976
229  1407.901062  1566.636104  12.132456  0.027877  -0.001300  0.017699
230  1552.242551  1383.789529  12.346683  0.019839  -0.097466  0.038213
231  1387.184371  1428.804204  17.912083  0.050865  3.383455  0.077559
232  1161.301641  560.415590  14.314016  0.024332  1.056824  0.025335
233  977.997010  1868.954841  16.859510  0.105116  2.532872  0.071075
234  1853.750288  1205.831334  16.103609  0.037367  1.882032  0.040848
235  1323.194230  1110.615479  12.799405  0.020855  0.321369  0.041624
236  428.617614  1506.829788  13.212741  0.043599  0.561959  0.029113
237  290.331586  778.218689  16.944238  0.049393  2.524103  0.055708
238  994.759533  763.024337  15.596999  0.047429  1.615595  0.025286
239  1499.115529  1403.352076  14.214065  0.041291  0.859258  0.025840
240  1614.621323  385.878345  14.647289  0.043045  1.015421  0.031564
241  110.895974  986.255868  15.313726  0.043598  1.110499  0.100830
242  602.668266  1051.537673  17.240868  0.098055  2.222771  0.052662
243  643.161820  652.696904  12.316717  0.023465  -0.169464  0.042796
244  1160.810157  483.655511  17.681632  0.047068  2.602817  0.064923
245  427.891132  882.088399  18.232768  0.118469  3.060109  0.049099
246  1064.842829  235.008312  13.514869  0.056455  0.333859  0.036784
247  529.389377  614.899688  13.223278  0.064044  0.325630  0.024187
248  1606.817280  786.866667  13.001742  0.061257  0.207394  0.023219
249  439.856786  2024.492615  14.077896  0.041932  0.708413  0.033954
250  1181.345441  1699.961196  14.393341  0.028092  0.920298  0.044350
251  434.341348  1669.045915  13.505144  0.020652  0.480180  0.028909
252  1213.362997  491.869318  15.235067  0.046423  1.010208  0.039730
253  1040.359091  1895.437917  13.932840  0.025358  0.369321  0.029953
254  1897.847675  34.959767  14.203321  0.022942  0.370757  0.030096
255  1525.308771  279.358563  13.720574  0.028779  -0.022597  0.031831
256  387.629526  523.954918  13.951065  0.026064  0.341403  0.030401
257  1250.151668  581.828407  19.704538  0.080797  3.557624  0.120055
258  168.196761  1839.773735  14.378856  0.025051  0.381404  0.047541
259  573.608063  703.444097  15.129528  0.036129  0.841066  0.026556
260  833.104072  1644.311353  14.235139  0.040423  0.739303  0.026185
261  1293.448262  994.805204  18.338773  0.128017  2.762376  0.110522
262  262.142013  1154.509900  14.784574  0.041313  0.600044  0.041149
263  1402.107455  1206.741047  14.272645  0.046400  0.464839  0.041072
264  166.528601  335.432000  19.351866  0.119468  3.060202  0.128856
265  1180.937120  1307.530759  14.402539  0.041176  0.461581  0.022049
266  907.734403  83.540449  13.906689  0.044804  0.235460  0.053926
267  1392.233936  1990.781275  14.012690  0.022813  0.604322  0.028691
268  912.667449  1906.074713  17.145320  0.066140  2.062756  0.105494
269  532.056714  970.627996  14.791630  0.064069  0.787346  0.025200
270  1162.944329  924.184101  16.086824  0.042520  1.673313  0.041844
271  394.406447  132.873358  14.478481  0.048434  0.564493  0.026599
272  258.416541  205.660730  15.424776  0.038456  0.909895  0.035786
273  2013.500449  1539.332807  16.198058  0.028589  1.265871  0.041653
274  255.264131  709.455706  15.241934  0.024407  0.882178  0.062440
275  169.628736  1076.768273  16.713834  0.097425  1.362368  0.044055
276  1803.889914  1872.027645  14.593962  0.064717  0.887915  0.023166
277  1863.209569  837.341311  15.329717  0.035828  0.697197  0.074015
278  302.162579  1497.991625  15.171679  0.033945  1.252062  0.046137
279  527.456597  1745.185173  14.682176  0.041324  1.122155  0.051066
280  1356.448888  1552.387795  16.136705  0.049322  1.317445  0.045811
281  325.929902  1829.328651  14.381028  0.046797  0.197013  0.052137
282  453.090378  1379.677857  17.312776  0.040305  1.787022  0.048213
283  1223.727201  1647.647207  14.483746  0.024908  0.583921  0.027832
284  1617.923519  1940.281145  16.779989  0.068151  1.465967  0.057316
285  1124.542815  1215.625414  14.529912  0.050122  0.385451  0.023952
286  864.022366  423.745690  17.587400  0.063831  2.035001  0.054942
287  382.278387  1219.873012  18.576237  0.129621  2.626505  0.112379
288  1792.349451  775.259685  17.896298  0.091924  2.317927  0.106141
289  868.251904  1384.272912  14.100359  0.048225  0.211806  0.029660
290  849.786199  37.266498  19.681018  0.074183  3.097441  0.138848
291  1239.744732  1193.855588  16.710050  0.043737  1.472452  0.059249
292  380.012025  696.111509  15.207252  0.036714  1.042004  0.030853
293  1707.474878  1887.650045  14.771396  0.027798  0.419178  0.024282
294  1698.647810  463.957967  16.743310  0.036639  1.555229  0.041191
295  1993.604753  1699.454119  17.109412  0.039670  1.635172  0.052139
296  1191.023803  640.371485  14.728008  0.022486  0.493844  0.039530
297  1146.936504  18.550471  17.560607  0.041099  2.031271  0.046672
298  1911.675179  316.269591  15.925005  0.046008  1.211464  0.029867
299  1860.166084  895.059612  15.110243  0.061492  0.780517  0.032223
2100  1167.254644  1174.464664  15.740972  0.029653  0.589626  0.067019
2101  1498.343898  507.412178  15.645952  0.029277  0.483056  0.033427
2102  1328.690386  451.532440  15.758268  0.050773  1.144855  0.053285
2103  464.443090  40.294370  15.863752  0.032429  1.322288  0.027855
2104  1031.303310  588.560059  18.544605  0.053285  2.364487  0.102196
2105  300.781346  552.409346  17.419902  0.066607  1.568070  0.037228
2106  344.107133  1659.035081  15.022801  0.059603  0.086910  0.030341
2107  970.243105  1599.949931  16.497370  0.055094  0.862718  0.077361
2108  1982.975626  1904.604175  15.612165  0.036018  1.145850  0.041626
2109  1060.194101  524.133496  19.091360  0.061678  2.696149  0.078338
2110  1935.688401  1947.678624  17.431743  0.056143  1.647908  0.056896
2111  166.061566  394.926305  20.725546  0.100890  3.204275  0.113683
2112  1702.428051  1519.506665  15.725624  0.050504  0.591604  0.029086
2113  715.508491  1084.394677  15.564516  0.072956  0.624322  0.058343
2115  236.583093  964.491632  20.163410  0.125326  3.010628  0.139081
2116  428.558103  951.455047  15.952092  0.030084  0.814774  0.047976
2117  1926.615242  9.473464  15.054645  0.037576  0.149088  0.036339
2118  1180.801531  247.788636  15.188395  0.031685  0.461146  0.025323
2119  174.292252  722.511097  14.584649  0.057512  -0.044754  0.030206
2120  199.108543  585.290773  15.574686  0.090012  0.820803  0.059537
2121  1698.466541  1066.992853  16.045504  0.043703  0.798791  0.031145
2122  895.509865  1845.963635  19.609199  0.109531  2.789904  0.140850
2123  1306.723030  1723.563308  16.437182  0.036749  1.032300  0.048815
2124  156.574019  1328.755434  16.082394  0.040939  0.923966  0.031136
2126  2004.249349  1923.807439  14.920932  0.025365  0.176990  0.039252
2127  1298.925814  624.564956  14.977237  0.033581  0.163395  0.043818
2128  1433.143769  389.295363  14.942002  0.048228  0.010121  0.029166
2129  1367.323766  693.162466  16.022566  0.056857  0.865366  0.027663
2130  1691.853119  1903.724826  15.675559  0.058734  0.461639  0.039608
2131  1571.766133  850.388536  15.483552  0.028025  1.214701  0.069360
2132  1548.335447  1492.390849  14.119776  0.031573  -0.232868  0.051493
2133  525.480357  1395.105312  18.571707  0.104979  2.075694  0.051789
2134  123.823705  652.190661  18.444349  0.097238  2.103125  0.095230
2135  1447.946324  254.481829  16.829877  0.068068  1.350923  0.061955
2136  1515.111187  1317.104997  17.761327  0.041399  1.569648  0.069152
2137  1351.970433  1788.471185  16.967575  0.082653  1.495568  0.035009
2138  1295.213131  1190.227658  16.382529  0.033248  1.411318  0.039804
2139  241.948853  1949.477465  18.592981  0.051505  2.006181  0.085597
2140  1467.123678  449.536637  17.186065  0.039190  1.178559  0.062245
2141  257.672929  1403.209833  16.573369  0.031370  0.966691  0.055443
2142  288.325526  144.876142  15.678632  0.043579  0.236781  0.027654
2144  713.472292  1329.200347  16.888505  0.034176  1.887008  0.031958
2145  1635.456869  945.093174  16.304759  0.056101  0.852163  0.028639
2146  1258.049388  396.552685  18.941521  0.057740  2.263320  0.103013
2147  1007.570375  939.527278  18.949831  0.128418  2.076562  0.056941
2148  1272.435884  1051.001325  18.869011  0.075560  2.015517  0.130742
2149  413.311640  1042.760255  16.492788  0.032591  0.887150  0.056644
2150  298.401340  430.420664  15.362883  0.053334  0.231755  0.035801
2151  1931.257498  1609.753419  17.736878  0.042388  1.620677  0.073438
2152  86.467697  1644.854939  15.778783  0.047796  0.436900  0.062857
2153  719.476668  329.865561  18.477802  0.092859  1.588426  0.062659
2154  1775.828695  2012.628998  16.886391  0.069620  1.487893  0.067664
2155  1786.296557  455.446543  16.353400  0.040391  0.683514  0.046186
2156  679.764097  1914.440090  19.204055  0.067242  2.101152  0.119976
2157  260.482158  995.148943  16.092866  0.059459  0.543545  0.057791
2158  445.821712  82.843897  16.994120  0.038022  0.835910  0.052164
2159  1241.824018  788.638594  19.232897  0.096744  2.130766  0.141911
2160  508.885016  427.689205  19.753847  0.122675  2.743216  0.196574
2161  1753.999810  1601.964539  16.294846  0.095234  0.793372  0.040876
2162  1260.237921  1488.089146  18.182033  0.066470  2.132216  0.136325
2163  1628.600573  1921.508826  18.293972  0.098456  1.813858  0.065206
2164  1530.641592  2012.827090  15.222440  0.031240  -0.002661  0.063352
2165  895.641850  325.149737  16.331494  0.045991  0.672167  0.045083
2167  649.061880  1009.885300  19.576800  0.126385  2.618343  0.091128
2168  1974.119638  54.176372  19.515494  0.084657  2.374744  0.099870
2169  1005.895399  1008.139341  19.769529  0.128423  2.531242  0.123940
2170  1447.370498  1475.183739  19.064725  0.075244  2.185165  0.101574
2171  1163.627130  94.785215  19.860726  0.176586  2.679808  0.107620
2172  697.617455  386.498925  16.600533  0.059871  0.836197  0.058431
2174  1210.519392  282.829574  17.694428  0.073016  1.399930  0.077551
2175  1819.588550  1095.773218  14.476920  0.024237  -0.275002  0.046663
2176  958.818155  1889.263025  17.866376  0.065958  1.639256  0.045740
2177  1229.115455  1997.086600  16.255394  0.034567  1.022238  0.032951
2178  2031.606251  1475.510337  18.923700  0.053616  2.233940  0.066294
2179  874.832254  1945.273017  17.275704  0.087988  1.170340  0.045259
2180  165.715205  1508.977732  16.261785  0.047433  1.074943  0.065827
2181  976.349150  1160.809361  20.745241  0.193067  3.351787  0.363908
2182  1747.612703  1190.989708  16.162702  0.057545  1.133690  0.053460
2183  73.873211  1919.223632  17.931987  0.115906  1.513857  0.079567
2184  1073.398242  238.703436  16.318466  0.066442  0.666696  0.045659
2185  1050.554212  1072.062747  16.615308  0.063677  0.887176  0.037638
2186  251.682772  1398.479842  16.005661  0.072766  0.650416  0.027548
2187  973.673934  551.551478  16.667729  0.100496  0.796549  0.046990
2188  1160.008374  126.320340  15.939868  0.071186  0.564105  0.045480
2189  1118.536171  170.183149  17.735455  0.046008  1.263411  0.052982
2190  119.576780  1495.539922  18.096736  0.083752  1.497841  0.133048
2191  26.713680  1035.789845  17.258890  0.057412  1.324138  0.092284
2192  1412.312402  905.332491  17.747061  0.045254  1.201991  0.122834
2193  594.040449  1861.401421  18.533372  0.087266  1.558562  0.087373
2194  259.760183  669.965570  15.520994  0.039675  -0.069084  0.057794
2195  642.996981  478.107863  18.101933  0.078712  1.288792  0.120524
2196  75.689498  944.231909  17.436570  0.064632  0.593811  0.096565
2197  657.314007  183.622407  17.983499  0.057363  1.155848  0.072964
2198  558.833507  1026.841098  18.171788  0.085089  1.381817  0.081966
2199  602.262931  1925.238249  17.564398  0.072352  0.904339  0.082495
2200  7.409029  468.959847  16.829115  0.092410  0.606131  0.059465
2201  1950.449953  613.505651  18.540175  0.119034  1.599987  0.055197
2202  1133.315046  1487.295606  19.660549  0.085860  2.109230  0.082193
2203  229.886812  1749.332730  18.925055  0.063259  1.687328  0.075510
2204  56.789056  2043.948024  17.145321  0.065125  0.721500  0.061838
2205  1365.772181  762.354780  16.927146  0.056637  0.741690  0.071665
2206  1135.250968  1856.653854  17.575561  0.093176  1.133614  0.055370
2207  1750.948555  1823.453103  16.871643  0.044358  1.204988  0.035124
2208  941.281753  1495.766230  19.873625  0.170901  2.172859  0.072260
2209  1051.659358  572.634896  16.968843  0.038755  0.740174  0.068778
2211  1577.007310  1646.364598  17.497504  0.102018  1.189774  0.112225
2212  1284.164831  64.994551  15.766119  0.048395  0.146530  0.035953
2214  1821.351331  112.689755  17.532273  0.107384  1.075998  0.125396
2216  134.536194  430.890488  17.639188  0.059374  0.914177  0.051897
2217  461.078433  1848.863169  19.824929  0.078479  2.362063  0.155778
2218  1965.613772  839.239629  19.438914  0.139587  2.081363  0.131227
2219  804.716944  1855.425776  18.823161  0.112654  1.864630  0.167934
2221  926.138235  579.757166  18.281347  0.047604  1.627932  0.112180
2222  1210.779103  698.937495  18.367999  0.130113  1.539379  0.056293
2223  813.482690  1015.401381  17.612563  0.056869  0.881689  0.070514
2225  387.915703  1195.237696  18.749530  0.062033  1.575248  0.082833
2226  90.330988  783.774597  16.646162  0.033358  0.638529  0.083358
2227  238.300097  1178.845048  17.837768  0.077801  1.145632  0.062673
2228  1051.317205  1779.521275  17.986720  0.092547  1.271149  0.069098
2229  1981.934825  567.019442  17.347397  0.069013  0.751107  0.039029
2230  1669.925156  1106.834091  17.490366  0.038608  0.864582  0.057182
2231  838.333179  596.974149  19.682051  0.108016  2.338266  0.076993
2233  174.865373  1569.178883  19.942452  0.089472  2.232568  0.121937
2234  1557.112992  94.224556  17.309946  0.052601  1.014663  0.052860
2235  523.926649  124.039067  16.569645  0.042223  0.270044  0.035143
2236  1117.171672  408.339569  17.943058  0.043886  1.352386  0.050792
2237  1175.821481  793.675573  18.658999  0.057922  1.384666  0.112379
2238  1803.342971  695.962258  16.254668  0.071736  0.108698  0.052124
2239  1739.952424  605.110905  17.007275  0.039330  0.723862  0.067381
2240  1168.443400  1006.629822  15.468607  0.025957  -0.113594  0.038733
2241  44.621045  462.134123  18.032512  0.101069  1.050503  0.041646
2244  1791.835543  338.756474  16.795923  0.049211  0.237629  0.127534
2245  2022.905526  1055.095572  20.955886  0.115773  2.813730  0.136605
2246  1955.419219  1637.380074  17.948417  0.070049  1.320495  0.061435
2247  737.321661  1652.935693  19.188490  0.103041  1.842372  0.076313
2248  1473.723874  801.447476  15.649992  0.034270  -0.088747  0.028626
2249  1290.661286  792.247347  17.040837  0.035115  0.734258  0.034035
2250  843.494651  1163.592681  18.718209  0.063929  1.838354  0.165337
2251  1935.889242  1651.042178  17.248684  0.069200  1.633080  0.085990
2252  1830.151337  1009.202962  17.726927  0.042561  1.102567  0.047338
2253  1305.641672  196.301378  19.521501  0.067029  2.070216  0.077770
2254  819.600470  772.995221  18.459978  0.101177  1.649217  0.096546
2255  529.619565  1645.980372  18.374230  0.119436  1.557858  0.053263
2256  733.773863  543.374688  17.409767  0.073196  0.879025  0.071109
2257  1492.635089  1980.710363  17.461421  0.046914  0.676760  0.058171
2258  1489.459545  1425.175751  17.558335  0.045356  0.757687  0.043366
2259  2016.575857  1406.428269  20.001344  0.153775  2.198171  0.169927
2260  1914.908701  738.965039  17.728682  0.087397  1.031844  0.054169
2261  1257.229136  800.182935  17.711470  0.057999  1.030360  0.097588
2262  712.917976  1481.356554  16.922164  0.069724  1.024425  0.048143
2263  1005.346854  445.216533  20.427186  0.125126  2.983591  0.141689
2264  1637.005927  333.716616  17.403992  0.087378  0.634214  0.073926
2265  1739.111577  1538.516012  19.641410  0.096443  1.806526  0.120108
2266  87.296587  1112.117634  17.363817  0.102967  0.961203  0.070383
2267  604.011219  1929.849469  16.059162  0.045774  0.301784  0.040182
2268  1564.368271  812.967068  18.512422  0.079753  1.533057  0.075922
2269  935.213193  2046.016761  18.317445  0.084151  1.205082  0.071708
2271  1075.337995  1432.583363  19.468894  0.065419  2.016165  0.113125
2272  1548.921808  1621.158490  17.866567  0.053390  0.921882  0.066297
2273  49.425007  1989.430042  19.275395  0.115239  1.759582  0.085306
2275  1551.314153  583.510799  18.416133  0.058567  1.344180  0.060436
2276  1016.208499  904.607031  20.537539  0.106479  2.478253  0.096301
2277  45.628567  2045.714887  20.654549  0.172531  2.514683  0.192364
2278  1888.570272  161.941455  17.937051  0.049506  1.096358  0.105684
2279  174.749168  376.986883  18.174777  0.101282  1.125961  0.088200
2280  1754.989314  640.894829  18.878465  0.070949  1.228467  0.060462
2281  847.943074  458.437498  18.252280  0.044821  0.943259  0.093820
2282  310.008311  1050.968153  18.166712  0.087414  1.028575  0.086209
2283  1845.667503  553.949009  17.972808  0.056809  1.564667  0.067177
2284  711.119331  1071.381694  18.093373  0.086770  1.193142  0.077094
2285  1802.292670  852.841818  18.728208  0.080717  1.160165  0.079534
2286  1428.567708  99.842525  17.705435  0.044717  0.733904  0.100891
2287  21.337084  1109.364664  18.035534  0.077469  0.914620  0.045881
2288  1980.602744  973.687890  19.402159  0.087834  1.546196  0.092302
2289  1707.874800  324.407906  18.540885  0.096709  1.144406  0.130633
2290  150.675546  1593.096083  18.208892  0.065139  1.711855  0.076772
2291  804.801065  681.115685  19.816421  0.124355  1.742610  0.086148
2292  236.198417  1325.176451  19.991517  0.117106  1.975161  0.111351
2293  386.350045  456.883746  20.245846  0.128585  1.980831  0.261220
2294  650.625160  497.157657  17.844211  0.047767  0.647843  0.061637
2295  456.678041  236.265193  19.745119  0.200366  1.791117  0.121340
2296  1079.721046  69.245067  17.898993  0.051482  1.239667  0.042864
2297  490.523787  908.358212  18.151015  0.044938  0.869731  0.055384
2298  973.345165  1758.805382  17.945433  0.075630  0.643196  0.088648
2299  151.735457  1365.909184  17.986613  0.091090  0.782924  0.055888
2300  115.597266  1322.037246  18.387188  0.092391  1.123061  0.066365
2301  1288.822499  1247.871688  19.848860  0.117860  1.976828  0.092486
2302  1338.555667  1804.515399  20.134426  0.181734  2.269229  0.122137
2303  1149.459026  420.940846  17.742588  0.049789  0.959426  0.062750
2304  798.218355  224.981850  18.338258  0.100282  1.047400  0.095147
2305  1954.927445  1233.122040  19.564678  0.169488  1.730533  0.128575
2306  1950.347154  1734.683551  21.019547  0.217950  3.080968  0.361586
2307  743.183179  1915.031808  15.683205  0.055928  -0.429035  0.064478
2308  1200.494389  1649.145956  17.555444  0.119159  0.809186  0.057298
2309  516.024130  1140.855438  18.669484  0.078485  1.165596  0.075031
2310  1612.058468  784.217400  19.884811  0.079926  2.239060  0.109003
2311  1615.598509  327.331389  18.428074  0.088158  0.999354  0.073205
2312  499.212003  854.837232  20.754413  0.130151  2.610160  0.106049
2313  721.514252  646.136600  19.401195  0.201087  1.520676  0.090595
2314  505.221601  69.311002  18.658294  0.123033  1.301245  0.063937
2315  405.483597  292.572865  18.207383  0.045474  0.889606  0.048495
2316  884.038677  1155.558495  17.947907  0.050071  0.923499  0.060651
2317  1794.415739  195.837727  18.380785  0.106075  1.099987  0.090604
2318  169.793284  1621.400796  20.298292  0.216983  2.139796  0.171119
2319  709.261496  1446.321874  16.735530  0.034837  0.232778  0.038032
2320  1386.321977  1661.997961  17.609367  0.043736  0.451491  0.044962
2321  1716.759490  824.400674  19.092692  0.085047  1.444636  0.102828
2322  1440.057345  1631.366640  17.764555  0.111142  0.939019  0.062336
2323  1744.004320  100.789253  15.869146  0.060640  -0.236342  0.066572
2324  287.318292  722.501033  17.866902  0.121872  0.828108  0.092426
2325  1321.874898  1423.940792  20.968516  0.102186  2.761180  0.189038
2326  1371.517376  1279.436206  18.655433  0.055877  1.287666  0.098717
2327  432.029762  1271.700932  18.823025  0.088136  0.986872  0.126680
2328  1569.878382  797.988253  19.117967  0.090663  1.585642  0.115280
2329  61.258429  1686.527355  18.461029  0.085677  1.349294  0.052717
2330  532.828371  234.940145  18.751823  0.102832  1.537846  0.093875
2331  613.002428  935.343751  18.596198  0.073277  1.462085  0.105456
2332  1908.774617  1386.460710  18.674565  0.121457  2.079215  0.069287
2333  876.322257  561.849224  18.185595  0.101603  0.824174  0.061816
2334  1424.617426  1495.651919  18.322541  0.089071  1.173388  0.052374
2335  141.963820  120.178254  18.508683  0.087349  2.181059  0.126486
2337  391.128785  1993.963574  19.309410  0.068287  1.809420  0.125625
2338  604.437027  1728.693093  18.009886  0.061651  0.857358  0.077783
2339  1666.232113  1608.443955  19.158140  0.157147  1.383854  0.104760
2340  634.186079  1416.834072  16.909542  0.040813  0.100685  0.037447
2341  140.969383  1684.469696  16.496757  0.031734  -0.057447  0.069408
2342  803.809196  35.136650  18.834486  0.056221  1.416756  0.108005
2343  1046.737488  678.811574  17.434953  0.048207  0.556429  0.048127
2344  871.786929  559.341183  17.809659  0.084938  1.511496  0.060950
2345  1984.319735  1586.185214  17.742040  0.060652  0.818024  0.108834
2348  1258.801068  955.154412  17.620065  0.052509  1.077731  0.091560
2350  2041.700975  1486.051540  19.300292  0.068839  1.629847  0.122022
2351  34.950317  983.922796  18.380594  0.048780  0.862854  0.054462
2352  1443.486495  1861.454392  19.959288  0.079543  1.897657  0.094076
2353  1274.632466  1770.530075  17.863956  0.075542  0.906658  0.069757
2354  418.850417  2019.420309  20.294424  0.115290  2.196137  0.117254
2355  233.817605  200.938873  17.736011  0.085619  1.501860  0.048578
2356  1826.920904  1686.035362  18.744416  0.096511  1.812006  0.056705
2357  102.682625  836.223530  17.533860  0.122154  0.522582  0.098762
2358  527.965854  1442.003036  19.274194  0.204897  1.530683  0.092636
2359  752.644382  1099.939468  18.392847  0.085398  1.454187  0.069057
2360  510.916982  1452.488243  18.468364  0.058865  0.999126  0.047983
2362  691.739490  898.794485  17.630772  0.049047  0.792175  0.062386
2363  55.035330  294.445777  19.763204  0.130652  1.796496  0.108689
2365  44.237482  666.540175  20.346349  0.197958  2.698107  0.291417
2366  10.495723  1195.647980  18.219152  0.067980  0.947959  0.086970
2368  654.683364  963.867335  18.193971  0.089910  1.304148  0.075876
2369  637.132943  1301.281188  19.962334  0.092249  1.916407  0.187809
2370  1746.067854  993.490397  19.695279  0.130285  1.346648  0.093583
2372  812.375855  1228.233212  18.505977  0.084090  0.984758  0.117125
2373  748.880683  490.688449  20.231441  0.137271  1.719392  0.097750
2374  209.562394  1585.642793  19.072351  0.055503  0.832592  0.169802
2375  656.768528  91.075261  18.932348  0.092134  1.123420  0.142213
2378  1453.697558  980.250307  19.747847  0.078948  1.474915  0.158542
2379  1694.728797  500.173663  19.567037  0.213986  1.742014  0.177806
2380  735.594068  678.934402  19.591854  0.187584  1.366075  0.126704
2381  1548.189595  1791.219606  18.674882  0.054705  0.943653  0.119271
2383  1968.858971  219.912067  18.742660  0.058356  1.046536  0.099507
2384  798.137909  1691.399269  19.267483  0.082613  1.507600  0.120596
2385  688.004114  301.967021  17.820078  0.040762  0.265645  0.117924
2388  1247.611275  778.733663  19.881544  0.180793  1.651025  0.086546
2389  951.782845  1812.316033  18.763904  0.082041  1.104749  0.053228
2392  261.118232  588.012119  18.460882  0.147464  1.238022  0.119698
2393  37.622048  1718.710158  19.995381  0.246966  1.652023  0.154152
2394  854.481495  1038.577423  18.579384  0.060524  1.193305  0.102741
2396  441.799327  816.862072  18.870905  0.057259  1.019008  0.077637
2397  937.828789  749.459049  18.593996  0.056905  0.911153  0.073054
2399  37.908894  6.655209  19.859022  0.193331  1.345437  0.083739
2400  1643.351239  1793.287886  18.972383  0.124428  0.999763  0.128828
2401  1838.880621  567.807366  19.332630  0.068302  2.017689  0.115435
2402  1617.619917  989.935830  18.333287  0.149626  0.653151  0.088074
2403  413.464174  213.673843  19.856655  0.098719  1.502402  0.074986
2404  1912.963560  1883.630777  19.407535  0.159612  2.078871  0.140260
2408  1988.826637  1743.107275  17.385228  0.036470  0.388206  0.056039
2409  1352.454994  739.787766  18.912852  0.068222  1.063496  0.084510
2410  397.197509  767.481409  19.492325  0.133542  1.421426  0.140704
2411  129.617850  700.908707  19.648889  0.066017  1.967595  0.073940
2413  1832.160934  912.225106  19.269302  0.091627  1.278547  0.081337
2414  1013.677974  1958.354601  19.185691  0.076303  1.275050  0.093366
2415  713.598226  1745.246922  19.270948  0.093773  1.177557  0.076308
2416  1348.960825  92.392281  20.252190  0.127875  1.878529  0.129647
2417  1095.635177  399.999380  18.086694  0.048590  0.518699  0.076922
2418  820.227781  853.732319  18.906482  0.081938  1.240597  0.058260
2419  449.793855  1823.032852  18.638966  0.088134  0.999782  0.056843
2420  188.110469  856.585057  19.909161  0.148888  1.439120  0.077937
2421  490.087532  304.968379  19.864643  0.091128  1.360342  0.206083
2422  779.153360  1812.730952  17.348939  0.065772  0.015055  0.071878
2423  947.778793  175.762737  17.108703  0.060289  0.136789  0.044186
2425  1081.520926  692.257023  18.283901  0.073995  0.487317  0.051719
2426  1213.245256  604.607516  19.538412  0.076629  1.269605  0.072665
2428  2012.264543  1601.946439  19.067576  0.067402  1.056411  0.093437
2430  1958.085014  703.248799  19.146880  0.216448  1.579991  0.094540
2431  661.619858  1450.620335  18.774565  0.105740  1.341144  0.075373
2432  218.022293  1567.232183  17.134956  0.051815  0.016037  0.034896
2433  990.652583  602.718292  19.320043  0.103529  0.974781  0.085073
2434  1998.442962  22.953066  19.950454  0.080671  1.541605  0.108640
2436  1724.289818  1766.770792  19.429470  0.128145  1.294894  0.097277
2437  1857.439155  736.480562  19.348266  0.096360  1.114224  0.180750
2438  1805.631413  1970.223717  18.709902  0.069834  0.855922  0.182755
2439  471.683869  311.308595  18.858995  0.130245  1.064844  0.088255
2440  1760.698124  90.236711  19.110616  0.059727  1.786804  0.061386
2441  703.934411  106.174893  18.970298  0.090594  1.102403  0.090350
2443  847.884799  2037.899073  18.590339  0.105804  0.995165  0.091159
2445  1531.399608  187.632494  17.383685  0.058596  -0.049029  0.101595
2446  1604.462234  395.014466  18.920864  0.063669  1.134511  0.186699
2447  1536.092409  838.604394  19.016004  0.102781  1.272268  0.071017
2448  335.382155  1737.810478  18.518290  0.111935  1.254366  0.070178
2449  804.971910  197.021563  19.760366  0.133039  1.444929  0.101423
2451  1167.878959  248.811243  17.532082  0.100479  0.052450  0.070955
2452  318.532341  1681.045510  19.995254  0.122170  1.595613  0.086403
2453  989.020492  1404.110655  18.902467  0.119351  0.875563  0.140547
2454  382.084477  1273.217634  18.158595  0.070604  0.853805  0.080658
2455  686.512424  1081.363502  19.098570  0.150426  1.487047  0.069076
2456  1929.145579  222.034516  16.577924  0.072111  -0.283085  0.051397
2457  1872.311274  754.039042  18.431272  0.069206  0.938956  0.062131
2458  552.862936  701.002371  18.681454  0.191452  1.347823  0.140764
2459  1689.544815  1976.729692  18.864395  0.071171  1.047169  0.108186
2460  1066.421449  1660.625417  19.095645  0.061699  1.292953  0.099117
2461  828.301336  2014.258562  18.955057  0.154404  1.154444  0.121913
2462  109.148337  487.054807  18.961552  0.099610  2.083728  0.055616
2463  1655.703096  243.100475  20.424599  0.084671  1.663543  0.126692
2464  926.390837  141.529177  19.104782  0.134417  1.039878  0.203994
2465  1269.396179  1622.809585  19.992668  0.197512  2.100158  0.135718
2468  334.869461  917.691351  19.588148  0.073978  1.510253  0.096138
2469  1425.935897  178.941673  19.305668  0.066074  1.141573  0.097083
2471  151.896294  1919.048581  18.960645  0.126028  1.096029  0.063987
2472  1592.397093  386.397765  18.068956  0.059997  0.390612  0.128425
2473  498.026751  1016.005520  17.393699  0.044539  0.065750  0.097079
2474  189.182362  1512.779284  18.842445  0.066415  1.421722  0.105232
2475  613.142201  613.072050  20.048534  0.092830  1.639143  0.241401
2476  877.982656  1644.565052  19.235986  0.072255  1.663836  0.116647
2478  570.243323  1405.898427  19.946306  0.115845  1.591871  0.142563
2479  2026.998970  451.778601  19.841854  0.191016  1.356596  0.113081
2480  81.903789  1371.521828  18.716903  0.129320  0.951672  0.093446
2481  1763.598357  1414.879595  16.551209  0.045046  -0.139692  0.030210
2482  807.518808  384.856602  19.322516  0.064391  1.105081  0.061643
2484  183.311720  1567.126865  16.412302  0.040292  -0.323957  0.072562
2485  1326.353027  235.280350  19.241766  0.158465  0.970510  0.061515
2486  89.109062  1224.549653  18.597748  0.052722  1.278491  0.097399
2487  336.036497  1423.115310  19.216552  0.120613  1.442709  0.077962
2488  622.332596  1203.965172  20.300541  0.211811  1.199841  0.131432
2489  1160.026027  1779.037256  19.301003  0.082058  1.520811  0.078539
2491  461.315101  835.314631  19.216458  0.114482  1.179798  0.098892
2492  429.861277  1062.291769  17.791627  0.121702  0.386019  0.067363
2493  1274.383344  3.747368  19.371372  0.091497  1.294327  0.119622
2494  1427.253858  1482.658266  19.176481  0.079674  1.444153  0.072273
2495  1347.030948  1517.345469  19.540462  0.136441  1.110163  0.090770
2496  1931.842632  1806.127011  19.853492  0.176284  1.377405  0.116281
2497  1827.616235  1346.832957  19.115372  0.097665  1.111837  0.085270
2498  1785.222654  1189.480527  20.234739  0.100859  2.026766  0.138116
2500  1606.812911  1988.676901  20.085524  0.213403  2.485802  0.115058
2502  1895.623799  550.521565  20.009612  0.108626  1.127400  0.091340
2503  652.696920  1962.707014  19.751102  0.112678  1.983494  0.118289
2504  880.039614  236.054884  16.913949  0.051564  -0.258076  0.068344
2505  425.468352  407.548122  19.754084  0.132696  0.882917  0.160270
2507  876.477235  617.276663  20.266663  0.113114  1.463425  0.216353
2508  441.444523  2006.018441  19.888333  0.143318  1.377553  0.089293
2510  330.204978  729.118069  17.615757  0.053771  -0.103870  0.057797
2511  312.384304  826.906541  19.180601  0.082179  0.553724  0.106024
2512  1611.858865  337.328812  20.051692  0.086577  1.204424  0.200793
2514  1457.392679  662.697886  19.426245  0.149017  1.060967  0.116426
2516  57.580302  799.159746  20.030626  0.140734  1.318574  0.211119
2517  1298.814224  1783.137408  20.261995  0.217888  1.226986  0.108911
2518  855.497682  592.145821  20.848992  0.167509  2.029740  0.160324
2519  504.045986  534.361224  17.551537  0.060493  -0.039245  0.086658
2520  1599.746275  1571.887854  20.378379  0.114010  1.582284  0.112159
2522  1874.320934  625.703863  19.855137  0.187816  0.979639  0.107788
2523  465.106999  184.692238  19.230770  0.109698  1.851837  0.086624
2524  515.268148  1430.695719  19.233768  0.086453  0.586903  0.147282
2525  1266.808704  750.708724  20.501372  0.182462  1.357399  0.095071
2526  1476.421052  132.485209  19.882592  0.111356  1.116797  0.129379
2527  194.375597  1398.057096  18.364895  0.104895  0.423298  0.096100
2528  1888.398097  998.939173  18.026140  0.067569  0.364020  0.075278
2529  998.176553  1301.505568  19.717982  0.100084  1.083025  0.119034
2530  1010.787251  45.584895  20.137750  0.141969  1.458769  0.121366
2531  1118.699917  917.193874  20.360728  0.206254  1.346928  0.184214
2532  1939.503212  1821.241030  20.187216  0.094324  1.227337  0.109255
2534  1156.021199  1044.025223  19.607467  0.177067  0.949152  0.127830
2535  619.293542  484.812436  19.190715  0.161577  1.022022  0.084277
2540  973.461452  1937.065233  20.970186  0.171802  2.272100  0.199737
2542  1935.323981  1391.899991  20.192806  0.134765  1.823273  0.121219
2543  1707.387330  344.500068  19.843692  0.079459  1.193831  0.129447
2546  1064.872046  551.644113  19.411703  0.143554  1.775534  0.085809
2547  840.657389  1938.145447  20.153612  0.144460  1.199583  0.129973
2548  1406.632108  605.742896  20.582849  0.133755  1.470708  0.099882
2549  566.870517  210.411082  20.193500  0.100913  1.622691  0.107107
2553  2042.257012  863.016955  20.031684  0.089872  1.305397  0.103469
2554  2018.557961  1557.213647  19.995700  0.107812  1.342618  0.180103
2555  1315.615903  1368.760426  19.825626  0.132985  1.267861  0.115180
2556  1140.730083  1354.482239  19.527651  0.149474  1.739691  0.125117
2557  463.004344  2005.220600  20.713012  0.146258  1.699302  0.238586
2558  359.984437  1859.929140  19.949397  0.261044  1.384942  0.093696
2559  312.501536  183.522885  19.722321  0.091827  1.105407  0.079609
2560  475.538924  270.679300  20.140092  0.287082  1.700711  0.177200
2563  1476.022395  977.143290  20.507179  0.094818  1.582409  0.124998
2565  1956.638461  1028.638599  19.552502  0.071047  0.692022  0.201059
2566  1828.339419  1938.829650  19.703744  0.077683  1.186745  0.092338
2567  1039.647645  1809.444446  19.831359  0.070868  1.173100  0.135112
2568  1099.175828  402.137981  20.223607  0.103249  1.815036  0.205949
2570  10.853880  1701.682032  19.611914  0.096750  1.285915  0.132778
2571  2022.661260  1562.030609  20.291707  0.152318  1.359203  0.094237
2572  1360.953468  1614.756214  19.509281  0.089807  1.096680  0.129054
2574  1894.378295  2018.281943  19.563606  0.112368  1.219269  0.184263
2575  635.173462  1394.170984  19.760945  0.100031  2.143857  0.118522
2576  1511.733478  809.684449  19.427395  0.152731  1.756511  0.075340
2577  1869.309953  660.664874  19.961486  0.132698  0.927090  0.095074
2578  1277.989465  1208.130743  19.834413  0.129463  0.762381  0.116774
2580  1545.479953  907.019790  19.372867  0.123881  1.007834  0.121546
2583  1969.643371  1812.400999  19.478567  0.131185  1.126682  0.072886
2584  1191.538820  1871.351730  18.951001  0.065859  0.668854  0.076779
2586  494.540545  988.419954  19.613350  0.136099  1.135606  0.093446
2588  1793.293151  773.070811  16.873816  0.087984  -0.366557  0.039047
2589  824.251255  1624.619694  17.500149  0.084124  -0.210562  0.055307
2590  1053.873347  1428.992133  20.318627  0.154855  1.354429  0.132455
2592  1765.107345  26.178383  19.757140  0.117197  0.925966  0.108838
2593  249.073024  753.943646  19.388125  0.098186  1.001397  0.139397
2594  737.724343  1395.990641  19.507154  0.122129  1.271261  0.130466
2595  945.504964  1951.728700  20.505756  0.153191  1.508827  0.108089
2596  1835.495447  1294.712895  21.005377  0.348909  2.263621  0.259952
2597  370.904106  789.866015  17.726932  0.045088  -0.087202  0.046014
2598  350.695096  324.527379  20.843781  0.221170  2.290360  0.118701
2599  1028.550713  1715.894340  19.730142  0.155643  0.822281  0.165834
2600  663.639795  505.546529  19.895058  0.097540  0.888594  0.200995
2601  673.569907  409.002614  20.539798  0.167710  1.557874  0.139262
2602  1249.556011  1817.927710  19.476898  0.100588  1.071352  0.122592
2603  1682.258699  163.594287  19.786047  0.079028  1.494729  0.158900
2604  1319.593441  1263.499231  19.322168  0.233959  1.436685  0.145503
2605  1576.684223  939.852011  18.964220  0.126782  0.735902  0.066809
2606  1286.864734  1687.001154  19.719249  0.071580  1.083998  0.077834
2607  1279.035060  1389.397826  19.581864  0.082934  1.325747  0.100513
2608  1432.294692  816.777710  20.705481  0.232081  1.907551  0.382515
2610  682.311480  303.060361  20.381960  0.209362  1.366554  0.182815
2611  1442.720422  2033.370982  20.156460  0.087511  1.521369  0.095720
2612  708.807930  1167.625799  20.055091  0.129037  1.264613  0.198561
2613  1182.220704  206.268168  20.098061  0.109462  1.137584  0.157694
2615  247.789370  383.264410  18.007368  0.042516  0.297814  0.063260
2616  1481.900241  12.538971  20.490825  0.244167  1.840038  0.103380
2617  1253.180580  1386.369193  20.315796  0.106087  1.352547  0.097785
2618  56.472992  99.471533  20.058791  0.103090  1.042803  0.180123
2620  1062.642282  54.264248  19.785770  0.191491  2.104750  0.120286
2621  489.340033  458.514390  19.735307  0.093879  1.292042  0.161939
2624  56.706326  1225.169280  20.911740  0.175500  1.350240  0.280192
2626  1546.207384  1436.900051  20.545483  0.191891  1.829992  0.180396
2627  154.131622  514.444268  19.757110  0.102524  1.202328  0.145578
2628  163.004026  865.926572  20.335619  0.139544  1.239956  0.113225
2630  607.937503  2035.224642  20.155868  0.114158  1.379534  0.180457
2632  398.143140  1640.233233  19.271236  0.140205  0.930384  0.096222
2633  920.461296  1919.554990  19.137147  0.076399  0.703941  0.074536
2634  201.458109  544.091799  19.125773  0.119111  0.961435  0.084847
2635  1061.464522  106.080599  19.974650  0.108735  1.251822  0.085200
2636  1629.702390  155.213055  20.404346  0.229816  1.982186  0.102317
2638  1273.795257  719.793003  20.421381  0.174650  1.415582  0.095998
2639  1701.451590  760.483841  19.991787  0.100537  1.061258  0.132179
2640  832.337975  990.222053  19.736647  0.102490  1.913827  0.069406
2643  845.658438  536.751685  20.440290  0.209972  1.214450  0.179172
2644  1992.106815  1790.057148  19.636886  0.146050  1.111902  0.074210
2645  446.931644  1975.296947  19.748104  0.103350  1.171556  0.175609
2646  1699.404703  43.542258  20.055720  0.131994  1.511079  0.185821
2647  1406.897376  1890.857084  19.849236  0.138244  1.120585  0.115311
2648  511.254841  337.452232  18.859217  0.078032  0.496905  0.097146
2649  718.347842  1789.576186  21.425848  0.483994  2.009878  0.276705
2651  1051.417835  44.934929  19.758919  0.102702  1.171373  0.068898
2652  836.204170  1669.179399  20.634401  0.198780  1.585274  0.108676
2653  1304.090692  371.014734  20.191566  0.093845  1.266654  0.109786
2654  38.203502  886.449037  20.199932  0.155550  1.447000  0.147479
2656  1076.992589  586.266399  19.310937  0.105855  0.664391  0.127911
2658  1690.063151  1741.550849  20.360016  0.204241  1.543619  0.142670
2659  74.114067  664.079432  19.571402  0.069843  1.294669  0.098834
2660  498.282569  640.512976  19.289767  0.066092  1.081661  0.090149
2661  1170.775010  1569.004497  20.189371  0.142258  1.226824  0.166271
2662  1815.814442  487.037732  19.535383  0.147930  2.195394  0.145510
2663  747.041063  264.859014  20.806837  0.131227  1.885044  0.096864
2664  7.038614  475.849274  19.839030  0.114366  1.502360  0.076781
2665  426.911615  586.557334  20.395007  0.196361  1.380575  0.097385
2666  261.366651  983.592095  17.847364  0.067532  -0.176983  0.049177
2667  1082.041245  684.483872  20.582961  0.130964  1.331400  0.166633
2668  1214.044842  1538.186154  19.817011  0.185809  1.380350  0.179945
2669  1258.017488  868.873411  20.665646  0.277190  1.058702  0.123519
2671  1084.557832  1794.421488  20.640844  0.176987  1.398296  0.215298
2672  1262.908925  1173.484592  19.696008  0.138980  0.982680  0.173408
2673  150.301970  1029.624760  20.240571  0.136742  1.805211  0.173365
2675  1980.572409  2043.216601  20.113406  0.205944  1.048716  0.134299
2676  289.285666  1368.079052  19.138090  0.147340  0.728533  0.121327
2679  1665.416971  1897.940954  20.617817  0.165636  2.002853  0.099830
2680  522.520143  977.633225  20.173503  0.175090  1.361157  0.205479
2684  1401.939439  895.181705  20.539723  0.259228  1.033723  0.163747
2685  1468.194899  791.938675  20.312249  0.110998  1.520806  0.169666
2687  1679.405017  351.359846  20.747114  0.158318  1.606364  0.324705
2688  1525.023271  1563.631872  18.926619  0.101084  0.450005  0.075287
2689  1414.826153  355.535377  20.330148  0.120095  1.262048  0.203866
2691  206.847045  2039.388921  20.912060  0.172656  1.398180  0.152427
2692  704.529840  1212.495147  20.479194  0.123039  0.966494  0.285231
2695  139.269789  1566.424884  19.978999  0.148445  0.979803  0.142204
2698  761.118446  477.629259  20.663801  0.142354  1.273648  0.177186
2702  1807.670280  1645.049313  21.059814  0.113663  2.280599  0.256099
2704  1124.592684  538.347599  19.834665  0.107487  0.980437  0.128868
2711  71.885129  979.148538  20.608231  0.179927  1.447020  0.139624
2715  1340.068070  2043.012559  20.071962  0.123988  1.009622  0.101749
2719  1430.387459  2044.218828  19.553310  0.078986  0.605052  0.086004
2720  394.772408  879.758916  20.253148  0.131005  0.956223  0.316169
2722  1108.100799  1512.576579  19.865311  0.081565  0.775404  0.123066
2723  321.304042  819.434917  19.009877  0.057072  0.213064  0.072092
2725  646.375463  658.067655  20.335570  0.112701  1.303869  0.119587
2726  1979.051728  682.241074  21.000321  0.204614  1.667441  0.247746
2727  1694.205639  681.935179  20.557306  0.112552  1.591922  0.264192
2730  1354.256523  1096.114798  19.514476  0.123723  0.629242  0.130360
2732  566.861195  225.084595  20.107059  0.124150  1.072368  0.157999
2733  896.381403  835.765347  20.578880  0.184551  1.196744  0.255697
2735  674.751737  2005.465238  20.699345  0.164951  0.773664  0.211014
2736  1129.775925  1672.307838  21.186558  0.268839  1.505271  0.216796
2738  589.443093  507.697477  20.865636  0.119252  1.306903  0.172439
2744  662.644719  1145.369156  21.190995  0.183528  1.056882  0.219110
2745  1759.303135  1439.710986  21.256943  0.223088  2.174752  0.260881
2747  1190.059919  130.685959  19.333029  0.073829  0.471973  0.074061
2748  57.649084  495.133120  20.617715  0.187311  2.058989  0.094419
2749  394.515495  1423.009768  20.160234  0.085004  1.196278  0.197580
2750  263.286785  1226.624378  19.510855  0.128760  0.491269  0.146798
2757  1692.589355  178.000882  20.256191  0.132017  1.349015  0.101611
2758  1883.739804  1084.150238  20.324472  0.094179  1.899369  0.130853
2759  1024.247795  982.182750  19.995507  0.204975  1.291198  0.111770
2761  801.962898  583.870450  19.971731  0.174171  1.533859  0.125409
2762  1219.502188  935.922672  18.265802  0.074040  -0.037820  0.089468
2763  1512.343160  1266.194989  20.143039  0.080092  1.021628  0.180334
2766  762.947865  215.029129  19.529618  0.124924  0.866663  0.192222
2768  1849.889356  852.010312  20.030039  0.128330  0.845963  0.075847
2770  1810.016096  1275.009810  19.656666  0.144822  0.823915  0.086577
2771  298.924793  1088.128550  18.516484  0.175647  0.145636  0.067855
2773  1160.661659  1395.634378  19.081884  0.070734  0.256339  0.142236
2774  689.463674  1232.956840  19.571841  0.193093  0.905540  0.085322
2775  1571.526461  1534.631351  21.184446  0.134348  2.248148  0.242094
2778  748.155093  1564.500982  20.120181  0.114762  1.024528  0.124444
2779  1697.302720  888.663059  19.611747  0.143159  0.926642  0.148216
2783  1352.566161  1367.822640  18.762107  0.156527  0.210716  0.104678
2784  375.226853  126.520108  19.677696  0.085512  0.693713  0.171416
2785  287.864668  1144.203401  21.194624  0.121921  1.829317  0.137575
2786  2042.408797  439.886003  20.116305  0.096703  1.366215  0.082378
2787  530.059220  1914.428602  20.306526  0.144074  1.224422  0.143307
2788  1893.072573  767.167952  20.091656  0.127219  1.459466  0.112338
2789  796.801678  864.023475  20.617766  0.136141  2.011373  0.204651
2792  1355.415465  1134.992067  17.882244  0.051211  -0.258065  0.052862
2794  1869.436599  1954.026812  20.187945  0.090507  1.511128  0.173506
2800  813.128307  956.241635  18.634099  0.073390  -0.046953  0.073072
2801  1982.264884  84.008323  20.695513  0.186045  1.559795  0.185662
2804  852.993531  1922.732773  20.824450  0.129116  1.121295  0.101061
2807  1947.429562  507.488704  20.194252  0.107163  0.692957  0.106511
2808  1453.937046  2042.164977  18.641474  0.054004  0.207162  0.059188
2815  404.586953  107.077898  20.586699  0.179943  1.725312  0.148855
2819  972.808026  1524.067303  19.262618  0.173095  0.266603  0.099822
2821  1505.298083  135.563478  20.406996  0.162605  1.421997  0.156058
2823  961.252381  218.773025  19.554050  0.074173  0.498498  0.148524
2826  1307.215569  2016.268586  20.872740  0.116091  1.407635  0.195781
2827  468.973379  826.221964  18.715433  0.184973  0.062880  0.054965
2828  482.603389  53.771152  19.858096  0.153672  1.124605  0.109163
2830  1810.302728  840.009924  19.178792  0.077804  0.286219  0.132257
2832  83.752021  253.737959  19.525877  0.135953  0.650109  0.110693
2835  1896.013614  892.250076  20.146240  0.200087  1.302546  0.125240
2836  1420.373453  305.428648  20.851553  0.157063  1.384147  0.223568
2837  214.253920  1362.702777  19.566323  0.088914  0.825341  0.143497
2838  1600.214511  266.876247  18.905303  0.100338  0.585929  0.078437
2843  1842.066294  1918.081392  20.690145  0.102762  1.918196  0.213278
2848  328.403090  1645.594281  20.580131  0.125072  1.050452  0.094432
2852  39.767200  2044.669219  20.771185  0.109300  1.408642  0.218385
2855  1973.544193  774.683493  20.005786  0.143939  1.175879  0.077684
2857  1942.454262  9.707934  20.670251  0.128566  1.287859  0.143656
2860  1679.652963  65.182983  20.307669  0.115785  1.492595  0.192996
2861  243.691940  1853.097163  20.935242  0.141735  1.614913  0.286908
2862  1808.398711  1538.041101  18.067734  0.065487  -0.028429  0.048914
2867  1433.757791  2043.965232  18.862030  0.079455  0.398323  0.079001
2868  403.258179  2032.042768  20.164144  0.205251  1.632975  0.101655
2870  1530.958689  1038.136201  18.548057  0.078684  -0.002102  0.063133
2872  998.237888  1807.000132  19.482078  0.103981  0.720226  0.102451
2873  84.416400  828.652620  20.589802  0.098879  1.433414  0.209553
2875  1144.473126  1055.159490  18.695846  0.059497  0.293381  0.081026
2878  1892.968316  565.002248  20.092260  0.116681  1.160251  0.132502
2882  324.323391  225.601690  20.385291  0.098696  1.812718  0.144838
2887  924.686140  1635.908294  18.939376  0.150996  -0.058884  0.070499
2891  1316.131433  1068.163542  20.107442  0.078946  0.523099  0.090135
2892  497.909423  509.009442  19.503154  0.072196  0.505628  0.159878
2906  1017.762684  12.590439  19.752814  0.209943  0.579039  0.083914
2913  1065.969173  895.517386  20.959429  0.353957  1.480581  0.205666
2914  23.260839  880.011490  20.543879  0.112669  0.985375  0.109943
2916  150.092541  903.729435  19.680921  0.091502  0.568117  0.151486
2919  1439.056362  1064.632384  20.720951  0.165121  1.195850  0.256737
2926  1648.338034  1162.198821  18.703937  0.072649  -0.268246  0.154039
2928  976.653756  1752.189228  20.278958  0.106108  0.635316  0.095394
2930  1243.256699  602.653337  21.068386  0.189524  1.253772  0.126963
2936  206.807130  2032.761509  21.441945  0.212153  1.390512  0.368248
2942  1027.052236  1751.843275  20.133286  0.112330  0.988989  0.151672
2943  542.536471  139.712824  20.869883  0.117038  1.419818  0.196135
2948  1193.977510  799.972817  20.114939  0.126112  0.628480  0.173830
2949  1678.297337  693.400558  20.170646  0.165187  0.049669  0.149952
2950  1534.919943  1619.684334  21.063867  0.128888  1.145472  0.147448
2961  646.387535  1498.870289  19.325222  0.062345  0.053979  0.153003
2963  30.117765  471.277532  19.744738  0.076008  0.560823  0.097194
2968  509.269949  574.131268  21.561209  0.173884  1.841124  0.156972
2970  712.091430  57.578181  19.788012  0.102918  0.759077  0.131277
2971  1145.457973  1094.465837  20.081762  0.147389  0.722673  0.112084
2978  1738.748098  518.425065  19.563865  0.124639  0.192645  0.075618
2979  1318.130064  1188.041007  19.849936  0.237521  0.555593  0.104212
2987  371.280431  849.480646  20.319699  0.170761  0.871345  0.101733
2993  960.848991  1782.329980  21.249654  0.211191  1.943378  0.223806
2994  780.850352  1557.628915  20.421428  0.152463  0.780717  0.135921
21004  1155.492762  217.328558  21.157878  0.252867  1.666562  0.231649
21007  1717.989280  475.320018  20.282346  0.152362  0.939694  0.094053
21011  2003.244888  141.595541  19.145062  0.167224  0.142813  0.057514
21018  487.919642  1479.087564  19.599641  0.078644  0.125082  0.180117
21020  1786.529200  2005.852556  20.960260  0.182580  1.280008  0.238339
21027  379.519074  1141.379966  19.280094  0.138780  0.355872  0.103224
21034  911.691120  276.206726  19.791491  0.104436  0.426519  0.145827
21036  1516.145909  1815.524106  20.219871  0.131178  0.712996  0.162425
21039  1929.341119  997.058320  20.746859  0.130587  1.261895  0.173889
21042  601.636778  1539.013737  20.398043  0.097695  0.491177  0.149382
21044  140.733552  76.873454  20.598648  0.224149  0.681428  0.159771
21046  868.416935  371.385142  19.464096  0.125224  0.236524  0.185536
21055  1127.381790  1049.918938  21.210395  0.298471  1.489660  0.299020
21056  1336.738183  1766.441672  20.373377  0.141257  0.909013  0.113651
21080  1514.980866  825.361454  20.775794  0.152845  0.775933  0.159342
21086  393.739961  13.376653  20.606038  0.118309  0.637492  0.114914
21091  402.260791  1875.161474  20.294287  0.152206  0.224465  0.157077
21093  447.448323  1908.972821  20.272840  0.196925  0.894671  0.182404
21096  189.824728  1345.670325  19.856181  0.098507  0.533306  0.185150
21097  552.094760  1658.578099  20.419254  0.142214  0.519698  0.088135
21098  494.460818  50.579762  19.548608  0.178214  0.031507  0.090405
21103  1465.494951  1303.946334  19.755304  0.069459  0.139354  0.100000
21104  1701.247641  1834.553255  20.273497  0.096307  0.350196  0.111659
21107  1918.558894  1961.129724  20.465181  0.108317  0.428683  0.258360
21112  1347.389585  224.322708  21.296520  0.143917  1.288091  0.222785
21120  676.276408  455.968406  20.740194  0.152073  0.950626  0.156427
21123  1483.424577  1967.426939  20.214499  0.169257  0.384694  0.097519
21124  416.741588  1335.512352  20.871505  0.150907  0.830288  0.162508
21126  517.434793  588.879013  20.554090  0.094486  0.596970  0.099280
21144  454.597861  1778.008780  20.549707  0.144681  -0.636993  0.190532
21152  1928.932839  376.953395  20.899754  0.169356  0.044322  0.208634
