# id  x  y  V  eV  BV  eBV
10  1108.011459  1050.374902  20.394061  0.177321  1.464932  0.157553
12  871.040860  1158.287196  20.425498  0.378685  1.283852  0.108351
14  1149.858488  1137.998316  20.284066  0.168213  2.267220  0.291041
15  1049.154109  969.969951  20.251460  0.096918  1.292579  0.220429
16  1133.213962  1043.488870  20.465458  0.090256  1.768674  0.135984
17  1130.252452  1057.534935  20.364584  0.096878  1.398486  0.207753
18  1058.211144  843.742474  20.457949  0.215835  1.667307  0.094416
19  1134.179185  1130.085028  20.401534  0.200663  1.668527  0.166700
110  1060.485960  1099.979203  20.451588  0.100788  1.780580  0.141672
111  1091.142205  954.731991  20.540360  0.185598  1.465103  0.144242
112  1029.885256  1003.075891  20.239281  0.086380  1.586602  0.087086
113  1004.357509  1124.448031  20.399984  0.092523  1.654564  0.104841
114  1089.743176  1131.303772  20.470300  0.147903  1.542498  0.131043
115  931.797852  1107.324703  20.137673  0.280980  1.487582  0.125287
116  903.676764  993.609830  20.341777  0.155838  1.467518  0.093737
117  1091.936686  1029.540106  20.254273  0.123606  1.578219  0.088442
118  1117.922939  1091.821916  20.047131  0.152309  1.547046  0.154761
119  998.478991  1022.130483  20.302777  0.093262  1.739526  0.133199
120  1131.520594  1058.489917  20.418316  0.246423  1.723631  0.135517
122  1037.300511  1011.543040  20.586008  0.204539  1.475161  0.092802
123  1043.913912  1005.475328  20.590496  0.219709  1.601699  0.106246
124  1064.514253  1121.686180  20.460761  0.196413  1.498834  0.107603
125  946.363945  1173.190902  20.460976  0.277359  1.500954  0.164965
126  999.007724  1012.115333  20.111232  0.131483  1.590835  0.234149
127  1103.476920  893.030072  20.208768  0.090936  1.901694  0.228939
128  939.037635  1038.860616  20.374627  0.104170  1.495015  0.083666
129  1102.040822  1146.152284  20.036164  0.104595  1.559036  0.088585
130  1077.488374  1160.297554  20.358472  0.145644  1.550298  0.137247
131  1127.456092  1211.927101  20.265920  0.123920  1.591941  0.264739
132  1083.641037  991.686676  20.405283  0.200504  1.479092  0.098358
133  1106.747515  872.729272  20.236916  0.153058  1.455996  0.249479
134  1045.728932  1006.571110  20.247464  0.187378  1.549494  0.103326
135  976.581427  1063.768044  20.028528  0.173670  1.641385  0.119890
136  1083.103314  1058.970706  20.368851  0.155904  1.714681  0.092597
137  1015.173059  1015.666237  20.056670  0.089501  1.635047  0.109958
138  1046.529372  1205.109391  20.190977  0.087367  1.611599  0.092458
139  948.860846  1027.757158  20.134452  0.191117  1.434867  0.090224
140  1035.791176  1063.199908  20.200682  0.096380  1.550825  0.082756
141  953.821286  1118.727516  19.961755  0.100376  1.941672  0.203824
142  1052.325970  870.373089  20.133749  0.093316  1.477268  0.102473
143  1006.341018  992.989327  20.048952  0.113599  1.724111  0.171797
144  975.515013  1084.513894  19.985940  0.189712  1.451967  0.083089
145  1132.562493  907.292611  20.148411  0.226227  1.517731  0.094324
146  903.474954  994.855936  20.226641  0.217530  1.451999  0.118262
147  1173.882102  1033.040138  19.756075  0.176219  1.812184  0.176424
148  1053.450895  885.997097  20.025561  0.086489  1.367133  0.176723
149  915.950694  1062.951506  19.785270  0.115960  1.219826  0.103818
150  998.136074  1212.219003  19.986976  0.197621  1.205900  0.121645
151  957.439549  1026.309161  19.956843  0.087273  1.576345  0.113732
152  1069.261025  1089.265357  19.809395  0.146012  1.571672  0.102224
153  907.177615  1009.763492  19.996845  0.079504  1.472139  0.121170
154  1122.320179  987.783373  19.659902  0.146001  1.463976  0.153084
155  1017.680302  862.679552  19.620139  0.191459  1.503962  0.091650
156  1107.562476  1096.452321  19.950701  0.082599  1.258225  0.159558
157  990.721249  1053.197558  19.745890  0.102975  1.313491  0.086442
158  1049.993155  1107.650171  19.754348  0.079085  1.329382  0.101298
159  953.384714  967.322911  19.573184  0.116435  1.417750  0.162138
160  1110.605885  1078.626796  19.788212  0.102886  1.417647  0.097995
161  1174.534246  951.169884  19.482084  0.098087  1.171646  0.156658
162  870.573015  934.897746  19.530353  0.085900  1.379747  0.190348
163  1135.520625  1044.371702  19.449000  0.097877  1.242551  0.135709
164  1151.340524  1102.669087  19.605650  0.171080  1.319673  0.073579
165  958.069289  1010.602291  19.475694  0.157892  1.378809  0.071537
166  1020.727931  871.838536  19.408651  0.133924  1.395932  0.118961
167  1030.803046  1162.235884  19.346401  0.143674  1.243645  0.109537
168  848.877855  1105.037066  19.318790  0.094909  1.216952  0.118722
169  941.610824  904.562401  19.459221  0.134751  1.476829  0.076561
170  1026.102661  1065.314959  19.560332  0.114169  1.262107  0.118270
171  1103.837737  863.572828  19.419139  0.110967  1.260477  0.112353
172  1104.081715  1039.799153  19.290978  0.088805  1.427397  0.089555
173  900.269158  965.561979  19.235065  0.106154  1.352785  0.073070
174  999.680696  967.218606  19.661315  0.121339  1.229945  0.076360
175  1161.823683  1071.724462  19.481870  0.078161  1.546475  0.100864
176  1037.720986  989.566587  19.373472  0.069221  1.309247  0.096613
177  1069.245297  1125.397811  19.295501  0.140466  1.204320  0.084401
178  1059.236577  1101.023068  19.749903  0.111773  1.294316  0.073357
179  1093.437809  1014.513111  19.196993  0.092527  1.450806  0.065622
180  938.183537  958.170051  19.288042  0.109452  1.394738  0.118603
181  936.320676  1092.897853  19.369090  0.085614  1.486210  0.084361
182  1009.100124  1116.493865  19.377072  0.100777  1.452671  0.081113
183  1030.870548  1086.045102  19.181312  0.146636  1.517289  0.191882
184  1013.817324  1059.958804  19.419205  0.134960  1.389366  0.146529
185  1109.601014  960.342344  19.239286  0.132488  1.429505  0.163010
186  1033.349509  918.649221  19.136823  0.103284  1.335847  0.063296
187  985.151427  993.551565  19.357814  0.097871  1.474705  0.094445
188  973.413601  1023.244104  19.304824  0.093188  1.342889  0.076526
189  1050.081403  979.123610  19.335152  0.099073  1.420368  0.107885
190  1135.275786  1025.646408  19.283010  0.088947  1.305151  0.149033
191  955.591209  1136.016282  19.150738  0.166736  1.286289  0.073209
192  1140.382761  905.574113  19.397384  0.098488  1.461513  0.117381
193  1137.827901  1125.187195  19.213133  0.099439  1.248309  0.220058
194  948.100710  918.054543  19.056180  0.076318  1.356442  0.075232
195  1109.231923  1100.451697  19.152881  0.138511  1.353090  0.108833
196  834.190029  1115.790438  19.081251  0.084334  1.407690  0.140009
197  1163.982746  1032.007188  19.076216  0.058111  1.219359  0.078359
198  1122.579354  920.136520  19.093435  0.073393  1.380955  0.079160
199  894.513848  1168.922563  19.233990  0.070385  1.419708  0.073213
1100  932.956426  978.388808  19.085604  0.061778  1.575094  0.115716
1101  1052.455567  909.535662  19.133873  0.073045  1.350968  0.081584
1102  1007.929795  1045.210890  19.043814  0.076831  1.167121  0.092067
1103  1059.140956  919.176376  19.071050  0.080880  1.351137  0.175295
1104  1057.400975  912.683786  18.967272  0.065060  1.203142  0.087023
1105  1080.651346  1020.507832  19.019515  0.103189  1.424987  0.099938
1106  1021.045268  1043.129692  18.964810  0.123324  1.254815  0.111104
1107  890.510664  962.937160  18.756482  0.092548  1.282135  0.076815
1108  1052.857139  987.079803  18.851156  0.126573  1.156010  0.110429
1109  961.439539  1054.341939  18.899943  0.100839  1.196467  0.059151
1110  1165.979423  891.671757  18.889032  0.084999  1.260082  0.143071
1111  1060.968940  1066.966016  18.930827  0.105041  1.237832  0.057079
1112  948.396114  956.825498  18.833578  0.090746  1.179994  0.061132
1113  865.471386  1011.464724  18.990833  0.116165  1.262590  0.066241
1114  1128.605143  987.435991  18.817409  0.181897  1.376633  0.065638
1115  948.982661  924.554424  18.912895  0.075852  1.345885  0.079025
1116  887.660114  950.175150  18.861677  0.109392  1.310347  0.082604
1117  979.539149  946.830193  18.765507  0.057435  1.274807  0.080687
1118  967.615877  1100.536074  18.947626  0.144690  1.328379  0.052412
1119  1040.215900  1003.362632  18.891991  0.166855  1.176424  0.112395
1120  854.960722  1021.346796  18.828147  0.100947  1.370124  0.057945
1121  1084.363387  881.676657  18.876981  0.117955  1.062941  0.123347
1122  1094.434447  1183.167406  18.805293  0.124766  1.208467  0.095694
1123  994.832015  905.463153  18.870243  0.076742  1.141307  0.087542
1124  1102.076846  1108.544594  18.854702  0.057039  1.328046  0.071058
1125  1024.585359  994.115932  18.755147  0.075778  1.147659  0.077243
1126  1098.749071  938.681262  18.701560  0.076929  1.358001  0.066378
1127  983.241257  919.856538  18.720873  0.077181  1.395231  0.116133
1128  1101.114102  1021.978808  18.762007  0.061266  1.308123  0.086116
1129  1094.273802  1068.820521  18.723320  0.108779  1.334498  0.068005
1130  1199.543194  931.626619  18.607450  0.071985  1.415837  0.108255
1131  1064.996721  1068.112077  18.704372  0.059268  1.377619  0.120381
1132  1042.905477  1063.044772  18.675377  0.116096  1.256220  0.064273
1133  1045.410632  908.585349  18.612623  0.114290  1.397330  0.077570
1134  1072.341012  907.082588  18.691316  0.097336  1.427280  0.099291
1135  1214.871450  1028.133724  18.572766  0.098897  1.236218  0.106228
1136  1127.869624  983.283118  18.653988  0.069199  1.229761  0.065293
1137  1117.389005  1011.219825  18.529775  0.062679  1.334717  0.118556
1138  973.943316  1154.273587  18.617376  0.051942  1.258774  0.054231
1139  1144.038625  996.805407  18.525545  0.078435  1.229700  0.130584
1140  1040.910807  1065.059041  18.591677  0.065751  1.231722  0.097548
1141  1052.278088  1090.378936  18.514639  0.080210  1.243849  0.061672
1142  841.608008  1099.129324  18.529571  0.071345  1.457796  0.157580
1143  1027.851817  1010.379284  18.503697  0.115390  1.232334  0.048762
1144  1157.836861  1207.900897  18.607954  0.123398  1.271093  0.087652
1145  967.649137  974.258831  18.463999  0.098745  1.434748  0.108060
1146  1061.213676  1087.272694  18.445148  0.077309  1.320823  0.066345
1147  1078.455951  987.412234  18.570806  0.104780  1.157452  0.057659
1148  1007.296328  798.434734  18.414133  0.121058  1.268311  0.088552
1149  1009.322291  1020.118548  18.443236  0.057649  1.259986  0.050626
1150  988.171489  1078.412206  18.481706  0.078330  1.299404  0.137056
1151  1009.567048  1135.389368  18.366502  0.161346  1.223358  0.064159
1152  1136.415212  860.898284  18.348599  0.083008  1.335027  0.076002
1153  966.187090  1069.194117  18.310791  0.067965  1.425334  0.130447
1154  1007.841526  976.773304  18.438772  0.068357  1.182117  0.073748
1155  930.066780  981.942886  18.486102  0.066660  1.168797  0.046964
1156  1099.138253  1061.898424  18.442091  0.108270  1.129714  0.057709
1157  1164.907295  1058.409452  18.248270  0.077682  1.185882  0.065654
1158  1145.366979  910.413722  18.293098  0.055204  1.255816  0.100301
1159  1003.131187  1031.203594  18.313686  0.088876  1.207256  0.137289
1160  1054.196941  995.983872  18.292273  0.046431  1.330753  0.084765
1161  990.801469  967.049359  18.508890  0.070020  1.256973  0.104864
1162  998.628250  1050.055496  18.334282  0.053340  1.209821  0.045738
1163  921.988485  1206.522900  18.217476  0.080685  1.321777  0.058522
1164  962.710303  932.567429  18.369058  0.062987  1.275653  0.069026
1165  1091.963167  1013.194486  18.254695  0.088828  1.264087  0.055907
1166  902.524027  985.382646  18.283915  0.064239  1.165875  0.098289
1167  1028.699668  1046.791086  18.218114  0.052719  1.222937  0.076159
1168  1045.170504  1169.074094  18.269838  0.067189  1.194806  0.101504
1169  987.150397  926.750188  18.146262  0.102538  1.218158  0.051992
1170  871.148298  940.880159  18.190988  0.077582  1.224366  0.099980
1171  1204.927939  1169.601638  17.999138  0.074698  1.166195  0.069326
1172  1088.341135  1146.124513  18.081499  0.046342  1.199058  0.044415
1173  920.899502  936.358482  18.267650  0.076380  1.205530  0.106837
1174  1095.976243  1109.824901  17.971946  0.087998  1.244301  0.059773
1175  1095.792415  1002.429604  18.167376  0.058146  1.252643  0.108263
1176  988.098478  896.400548  18.011283  0.062459  0.996996  0.119765
1177  971.779625  1008.416666  17.929021  0.076842  1.241504  0.042879
1178  1063.046963  960.345252  18.040799  0.043180  1.343663  0.060668
1179  996.880691  1226.030060  18.183290  0.106772  1.161866  0.053470
1180  815.797760  1076.911575  17.893575  0.151944  1.282196  0.069961
1181  1207.652577  1006.540124  18.064428  0.042482  1.141750  0.072801
1182  1160.163123  1143.564698  17.888541  0.068968  1.128596  0.071136
1183  867.257344  947.604337  18.137295  0.145977  1.128697  0.065564
1184  979.565261  1139.760660  17.951465  0.107492  1.211954  0.057553
1185  1085.084324  931.482665  18.028128  0.064203  1.216592  0.063785
1186  927.678996  1016.743854  17.853867  0.063088  1.220036  0.059221
1187  926.502707  948.871496  17.934919  0.041692  1.119059  0.068222
1188  1125.713551  921.576202  17.837457  0.106189  1.213765  0.113950
1189  1018.503270  1102.462976  17.997362  0.076049  1.173304  0.099448
1190  1032.563692  1058.791178  17.806111  0.064055  1.225953  0.067890
1191  1101.699789  1160.484311  17.747539  0.089808  1.172073  0.044221
1192  1139.149128  1029.088051  17.795341  0.051219  1.233326  0.083378
1193  878.008914  1095.379067  17.769538  0.082966  1.186436  0.050668
1194  1046.288609  899.611484  17.770132  0.051634  1.192999  0.052238
1195  863.087616  1014.973706  17.648838  0.082412  1.131768  0.061245
1196  962.468291  987.016540  17.708059  0.051997  1.186313  0.061954
1197  997.403832  973.031526  17.669064  0.039072  1.346855  0.101511
1198  1051.979858  1037.193032  17.693241  0.044192  1.060238  0.093814
1199  1046.319985  934.593802  17.710232  0.069938  1.014416  0.096842
1200  1096.206049  1162.266440  17.669182  0.067048  1.097782  0.063543
1201  1139.982172  1162.491924  17.713994  0.078539  1.163967  0.083911
1202  963.146076  1082.720379  17.670168  0.051056  1.216619  0.082691
1203  1036.653138  986.062848  17.494228  0.078335  1.211672  0.068185
1204  1068.823777  1018.339348  17.605725  0.056564  1.110087  0.056455
1205  1110.109594  881.467494  17.576806  0.039546  1.084605  0.058677
1206  976.076063  847.873188  17.658495  0.073267  1.196065  0.083571
1207  1064.741540  1073.605222  17.531736  0.037689  1.200813  0.068894
1208  977.200742  979.343442  17.526564  0.048365  1.095535  0.076247
1209  1022.656061  1077.720084  17.588304  0.061261  1.202914  0.052844
1210  997.619835  1042.516521  17.473525  0.066304  1.129828  0.080454
1211  1001.775145  1023.256658  17.509572  0.072793  1.083672  0.051937
1212  938.217820  1171.979715  17.385105  0.040678  1.126136  0.052466
1213  1067.318333  966.952387  17.320296  0.056037  1.167022  0.039001
1214  1217.061540  945.735639  17.593588  0.092319  1.252179  0.066818
1215  969.257574  921.883156  17.390982  0.095401  1.140721  0.042632
1216  1087.185736  932.342313  17.404968  0.084053  1.219836  0.043427
1217  1133.599007  1181.677814  17.268045  0.070892  1.178401  0.059506
1218  1163.625513  1101.586698  17.223625  0.081706  1.166893  0.047906
1219  1010.646118  1033.037292  17.287469  0.035969  1.105494  0.071138
1220  954.213069  882.770289  17.200281  0.086959  1.131082  0.043172
1221  1099.110482  1105.875456  17.187113  0.060574  1.147382  0.056498
1222  1127.395758  1056.808673  17.210976  0.061599  1.161082  0.054599
1223  1153.072169  999.872901  17.183035  0.044519  1.156653  0.095203
1224  1105.908408  1024.279532  17.265390  0.082634  1.136992  0.061445
1225  1068.567183  982.539530  17.244911  0.044149  1.065301  0.059950
1226  1007.308964  1056.821023  17.064787  0.083383  1.119490  0.057633
1227  1107.993375  948.426117  17.125327  0.057902  0.981138  0.065524
1228  931.994706  1002.888438  17.036596  0.034233  1.058590  0.101017
1229  959.031009  898.009190  17.049014  0.055346  1.179470  0.063864
1230  952.339374  1068.733788  17.025314  0.036100  1.178904  0.043221
1231  1178.318479  1033.676677  17.039182  0.068343  1.065899  0.038727
1232  921.735229  1049.868841  16.954554  0.038220  1.130122  0.056468
1233  956.830147  1200.199168  17.048203  0.087281  1.125316  0.045101
1234  1025.825116  1069.506540  16.878238  0.051714  0.976028  0.072069
1235  1062.691144  978.992579  16.736621  0.096166  1.009494  0.071197
1236  986.260705  1107.007795  16.863378  0.044884  1.136657  0.048363
1237  928.405238  975.152026  16.883719  0.052211  1.210106  0.079631
1238  941.746033  1061.396972  16.854582  0.048091  1.079247  0.049641
1239  1029.685740  981.544612  16.834959  0.039170  1.146878  0.064169
1240  1066.349199  992.651530  16.777100  0.044557  1.095075  0.036143
1241  950.033449  1050.619843  16.749841  0.062132  1.160431  0.075151
1242  932.867932  1069.261189  16.675261  0.057123  1.085079  0.040215
1243  900.404716  1187.180872  16.567569  0.075063  1.066394  0.042170
1244  1100.131676  1147.166720  16.595928  0.079828  1.032978  0.054783
1245  1061.016822  1160.150671  16.606000  0.033339  1.089999  0.039461
1246  974.132879  1069.809644  16.529669  0.060455  1.020591  0.045366
1247  1070.974792  927.365325  16.482704  0.061910  1.077863  0.053489
1248  919.625339  1060.177142  16.480644  0.048501  1.079494  0.062016
1249  908.471828  894.087148  16.425384  0.033866  1.000506  0.057643
1250  1157.404447  1011.027395  16.483779  0.072012  1.097790  0.044990
1251  960.016077  1001.514803  16.366767  0.046647  1.095679  0.063409
1252  1052.981043  873.820160  16.309809  0.050863  1.071769  0.057806
1253  1137.425265  1118.034207  16.271885  0.058347  1.112416  0.069155
1254  963.990753  1206.253138  16.304005  0.076815  1.010574  0.037961
1255  1034.699674  1097.407488  16.170631  0.092792  1.025444  0.065999
1256  1009.318687  912.905994  16.242215  0.056087  0.924297  0.061453
1257  977.695785  987.842232  16.076050  0.030333  0.991990  0.078978
1258  1031.642276  1053.354742  15.967220  0.043363  0.970650  0.031548
1259  1110.684590  1110.883881  16.019981  0.028761  0.954644  0.029896
1260  907.615928  1037.200876  15.969087  0.029834  0.992377  0.043333
1261  1002.306621  1004.964680  15.953844  0.034690  0.952199  0.035342
1262  1121.423852  1058.118185  16.047636  0.058296  0.926180  0.042722
1263  1071.416812  1029.799465  15.978242  0.058192  0.802048  0.076685
1264  1016.194580  1066.403410  15.883015  0.032352  1.047030  0.046689
1265  966.584136  914.553508  15.823092  0.029736  0.995026  0.035096
1266  1125.225247  1026.874266  15.776949  0.042459  0.988910  0.028286
1267  1106.495345  1010.452296  15.778297  0.032625  1.015460  0.044277
1268  1046.237266  894.230733  15.745314  0.031220  0.997218  0.048999
1269  1031.049400  1022.142075  15.731150  0.036076  0.924033  0.050190
1270  1046.637466  1031.410975  15.714015  0.036202  0.947122  0.029812
1271  991.309271  1187.440210  15.519774  0.044776  0.991179  0.038043
1272  992.014664  1040.819241  15.477375  0.049628  0.938569  0.026889
1273  904.457503  1088.869519  15.497873  0.047368  0.926392  0.041213
1274  1050.460815  917.785600  15.201427  0.048338  0.880408  0.038887
1275  1064.013599  1070.272737  15.079921  0.025550  0.796854  0.036394
1276  1024.950866  909.748879  15.170826  0.056081  0.755956  0.037659
1277  1080.967475  955.486188  15.027382  0.081322  0.848246  0.050281
1278  1042.927636  982.558167  14.992687  0.048313  0.783986  0.039481
1279  939.522683  876.386570  14.913348  0.027519  0.862729  0.038886
1280  1131.353088  1050.623590  14.891196  0.025962  0.756441  0.047030
1281  983.328154  874.098524  14.923890  0.023028  0.794557  0.034994
1282  1004.014981  849.686651  14.895557  0.043579  0.785842  0.029527
1283  1067.362140  908.717220  14.791833  0.036309  0.755640  0.030792
1284  943.625380  906.872504  14.747406  0.041069  0.791192  0.030918
1285  1093.769052  1017.640796  14.665713  0.022843  0.723450  0.024120
1286  1031.487468  1070.169661  14.599140  0.033890  0.882740  0.080757
1287  1108.011663  1037.543629  14.460741  0.046036  0.723880  0.025854
1288  1021.975081  942.330675  14.302232  0.047183  0.650200  0.032639
1289  1033.371791  980.245852  14.294251  0.023031  0.624890  0.046607
1290  1123.902403  1019.099279  14.243025  0.026125  0.622808  0.024044
1291  927.072502  911.519949  14.238987  0.021300  0.592766  0.031818
1292  1047.304479  966.394266  14.158864  0.024522  0.619145  0.021714
1293  979.669688  1000.636948  14.116307  0.022745  0.620273  0.022129
1294  913.061192  973.999391  13.968354  0.034160  0.657240  0.043367
1295  981.038039  901.786542  13.933187  0.028237  0.593633  0.023481
1296  1073.363251  888.806625  13.931028  0.040664  0.530627  0.044008
1297  1067.229143  1109.383578  13.729512  0.022752  0.485854  0.027114
1298  880.438743  940.982845  13.703940  0.027066  0.533023  0.032220
1299  986.513244  1245.566034  13.673376  0.023455  0.572360  0.049289
1300  926.007665  1000.343020  13.590751  0.030391  0.486958  0.035407
1301  1117.668966  1023.973437  13.553559  0.033768  0.458970  0.039245
1302  1113.669243  948.906127  13.474922  0.029516  0.533276  0.024208
1303  1078.397645  1085.508465  13.394907  0.026279  0.474422  0.024329
1304  1009.411318  1174.049137  13.320153  0.021266  0.450066  0.019354
1305  956.246036  938.631496  13.287132  0.031373  0.423381  0.030056
1306  918.864302  970.873344  13.010031  0.019098  0.454508  0.022853
1307  987.851735  1110.253650  12.826589  0.027882  0.380517  0.046591
1308  1067.332096  883.663442  12.750601  0.060776  0.399326  0.029748
1309  1005.622702  1155.568148  12.791983  0.020178  0.412189  0.041029
1310  915.534848  1048.919593  12.710489  0.032284  0.419106  0.034686
1311  1097.447076  982.411796  12.412216  0.041488  0.327559  0.022017
1312  1011.009372  1106.838979  12.411420  0.026339  0.323698  0.017934
1313  967.816438  918.013399  12.353232  0.045785  0.308974  0.025458
1314  1060.894003  974.988575  12.232341  0.029452  0.302402  0.018047
1315  1077.170729  975.002030  12.064893  0.027500  0.250247  0.032926
1316  947.556291  1097.916109  12.027085  0.049005  0.280303  0.017490
1317  1081.478083  1154.898452  11.920939  0.024090  0.193433  0.027071
1318  968.612557  1038.144102  11.805312  0.024215  0.215590  0.035420
1319  1110.286746  904.107254  11.716402  0.019614  0.174563  0.017535
1320  978.069115  1207.547761  11.559478  0.032037  0.116868  0.045737
1321  1079.052493  1126.230344  11.449526  0.027231  0.145220  0.040969
1322  1002.153841  1060.202865  11.396392  0.038083  0.160903  0.022556
1323  981.674844  944.644628  11.257781  0.026315  0.026457  0.038042
1324  957.509079  1015.515607  11.185580  0.027895  0.074059  0.036346
1325  1101.141893  1037.683364  11.114276  0.032226  0.076545  0.017834
1326  1044.400968  1066.856018  11.064777  0.040868  -0.066361  0.038640
1327  1082.976051  1224.964301  10.857402  0.047388  -0.012055  0.021452
1328  1165.199995  1127.593001  10.863090  0.020787  -0.034777  0.017699
1329  1010.568540  910.474158  10.783691  0.024057  -0.041813  0.032807
1330  990.669476  966.344909  10.625648  0.034389  -0.002047  0.017736
1331  1053.381693  1109.797376  10.568215  0.018364  -0.023909  0.026877
1332  979.646444  997.439181  10.563077  0.022693  -0.019157  0.018061
1333  1032.742175  1073.371955  10.384958  0.023709  -0.028928  0.028300
1334  944.883098  1071.183360  10.358865  0.033458  -0.029531  0.017307
1335  980.880691  1093.124280  10.237064  0.021427  -0.109319  0.043338
1336  1016.567910  1080.319447  10.062466  0.039754  -0.015450  0.038523
1337  1054.056776  971.431219  10.080661  0.035490  -0.080797  0.030837
1338  896.851907  963.525059  9.867158  0.016566  -0.078357  0.029743
1339  892.098662  1081.414881  9.645106  0.052051  -0.061900  0.024428
1340  931.942031  959.328338  9.584117  0.023609  -0.037936  0.026471
1341  1005.675336  1122.876703  9.317394  0.023985  -0.100161  0.032701
1342  1030.168453  1076.987044  9.095744  0.031325  -0.118856  0.037940
1343  1077.542031  1242.580890  8.841436  0.023360  -0.137433  0.029945
1344  972.787876  1032.537846  8.658070  0.024268  -0.147894  0.017699
1345  1067.633848  967.813448  8.404505  0.023568  -0.163906  0.032406
1346  889.655378  985.790095  7.998468  0.024112  -0.191695  0.025972
1347  957.161861  927.939092  7.656950  0.019347  -0.171167  0.036541
1348  1113.822945  1111.120015  7.019790  0.028395  -0.163490  0.036623
1349  1090.902364  1062.809068  6.093926  0.033948  -0.244340  0.024192
1350  952.906158  1046.321275  5.892157  0.034452  -0.246373  0.031545
1351  1025.572004  1081.788989  11.155486  0.025463  0.015689  0.028083
1352  1000.669409  1123.109704  5.335928  0.033884  -0.268129  0.021223
1353  963.730289  907.718574  5.262128  0.041452  -0.268864  0.016197
20  409.637079  191.789609  10.450592  0.029744  1.925145  0.036384
21  584.206973  996.287997  10.758332  0.020164  1.911797  0.034924
22  311.270921  650.823486  9.959979  0.027385  0.953375  0.022325
23  1601.144766  1846.570261  8.576516  0.037338  -0.148255  0.028460
24  715.589209  356.770155  8.647546  0.035199  0.069030  0.029755
25  1358.657627  763.384232  12.548853  0.020359  2.289902  0.045624
26  2039.407044  1119.979977  12.038966  0.028681  1.788745  0.032872
27  330.566095  1654.093956  9.227757  0.017700  0.002126  0.037950
28  1817.984121  809.101823  8.888777  0.015732  -0.073475  0.024481
29  230.345509  2007.282320  15.195090  0.026336  3.436520  0.030015
210  1250.799172  488.826318  10.327505  0.018346  0.393131  0.020416
211  746.726420  365.210748  10.896645  0.018018  0.671286  0.030960
212  710.230360  1373.748840  10.226025  0.027783  -0.043276  0.024108
213  1119.524156  1616.309827  10.217749  0.020338  0.263977  0.056288
214  380.114659  1274.573466  11.010345  0.018025  0.210117  0.039931
215  665.659513  1127.657539  11.248965  0.027778  0.399559  0.038046
216  1912.208502  933.731907  10.724070  0.026889  0.025262  0.048364
217  1935.885271  1116.831904  14.997296  0.038608  2.365460  0.051356
218  1047.869693  57.295863  14.855790  0.028322  2.104817  0.039571
219  1018.428672  571.582685  12.295620  0.039499  0.606592  0.020390
220  551.791780  801.203471  16.501036  0.038580  2.922260  0.044279
221  1971.369817  1016.927032  15.430026  0.045398  2.259126  0.041322
222  1992.264436  1656.289407  12.565040  0.023740  0.254184  0.039814
223  976.331041  817.800341  13.164506  0.067883  0.645118  0.025547
224  393.663513  942.747027  12.267235  0.043354  0.178457  0.019919
225  741.748808  893.503945  14.152846  0.060454  1.200237  0.024230
226  1741.331221  954.696106  13.995183  0.037634  1.097063  0.088391
227  896.480339  330.556742  16.016980  0.047028  2.479668  0.032156
228  151.465292  534.676513  12.555412  0.048142  0.589250  0.063049
229  1504.875648  1851.524477  12.709442  0.027286  0.207938  0.043408
230  1392.275834  453.750729  12.124959  0.017941  -0.016009  0.035207
231  1906.605579  18.488381  13.186336  0.026711  0.388601  0.018933
232  1651.392361  1672.439972  12.585865  0.025340  -0.072317  0.024782
233  1541.068534  51.721158  13.057573  0.033506  0.144044  0.031352
234  1652.834937  216.701437  19.256826  0.078741  3.715799  0.070180
235  1516.235335  1460.961731  12.822102  0.036784  0.178151  0.028676
236  799.313141  352.598394  13.850559  0.052810  0.712178  0.038196
237  1475.053164  921.243985  13.039343  0.029384  0.851893  0.032688
238  1905.616038  742.765903  15.588281  0.057942  1.449540  0.094391
239  1606.511448  1453.116658  14.215607  0.055106  0.493904  0.042373
240  1560.892239  1239.351947  17.004376  0.038233  2.102111  0.060492
241  1534.529453  1912.362741  13.894153  0.058832  0.676090  0.039049
242  1329.860805  1022.250502  20.382072  0.203913  3.760346  0.154046
243  936.009279  63.683663  14.987284  0.060967  1.032498  0.054883
244  1661.243272  1468.115719  14.618464  0.053730  0.761699  0.052481
245  1897.294750  928.959678  14.227433  0.034333  0.510167  0.027129
246  2001.312977  1047.032687  13.794332  0.025169  0.594520  0.031930
247  487.242002  123.758299  12.941716  0.024129  -0.047827  0.036072
248  144.065368  1526.756387  15.240678  0.046523  1.376723  0.029886
249  1807.407570  1066.393577  14.203573  0.021087  0.742757  0.039317
250  571.328520  1714.965834  14.748284  0.068484  0.898454  0.043628
251  872.765836  735.818153  13.691279  0.049305  0.524813  0.029666
252  24.099864  1880.969855  14.214680  0.021163  0.411709  0.040308
253  1428.385851  126.443787  17.577241  0.039412  2.156474  0.037958
254  1644.485925  958.091170  13.187197  0.031981  -0.197956  0.031823
255  1020.040456  1500.207876  18.325526  0.058099  2.509374  0.056020
256  1605.411234  673.269111  14.720462  0.028869  0.577397  0.070809
257  1947.034100  1140.582013  15.046296  0.028391  0.624977  0.047101
258  2039.040696  646.842767  13.709743  0.029761  -0.060004  0.020540
259  1585.795302  191.060678  14.277599  0.026641  0.418317  0.048143
260  1228.701163  534.702024  14.845584  0.038541  0.976247  0.029958
261  1998.645756  504.612262  19.207304  0.084665  3.392889  0.132528
262  1552.741478  953.963714  14.692893  0.074780  0.559609  0.044206
263  1319.818009  2035.271648  16.020733  0.056048  1.502787  0.044341
264  328.871504  1050.127050  15.391364  0.033397  0.992656  0.029742
265  296.145665  1139.907971  14.098354  0.036424  0.349853  0.023228
266  1774.630125  648.775560  14.687270  0.042816  0.542114  0.023596
267  213.221147  157.337283  14.907157  0.047326  0.630816  0.032670
268  1815.464821  1666.560057  14.256315  0.040738  0.516255  0.028983
269  521.604936  608.425193  16.905780  0.041687  1.850214  0.074353
270  1708.502782  910.268667  14.731840  0.055145  0.561668  0.053034
271  1363.785940  1918.317485  16.750646  0.051002  1.899242  0.035251
272  614.810464  1486.636702  20.628990  0.156033  3.436748  0.142844
273  1889.494340  367.062729  20.430695  0.190184  3.155546  0.193664
274  1414.716990  1973.836407  18.774874  0.083465  2.411439  0.144540
275  682.144176  369.625730  15.095848  0.056838  0.876094  0.035712
276  627.900280  1042.748214  17.142529  0.076945  1.743859  0.070842
277  1110.652637  268.790385  15.421686  0.043668  0.673167  0.062039
278  1038.601917  723.799817  17.719811  0.089468  2.058729  0.066629
279  256.536853  210.234370  15.448547  0.078728  0.878860  0.044477
280  1660.094975  840.727723  15.797533  0.039561  0.739982  0.038676
281  1126.409769  283.226688  16.914638  0.076238  1.727112  0.052203
282  96.730836  1481.192512  15.575926  0.049447  0.682096  0.039554
283  1094.493161  1581.586476  18.750509  0.085514  2.538051  0.080959
284  1674.636991  103.156643  20.150919  0.135932  3.664943  0.173961
285  1807.846664  1231.757517  15.848518  0.085416  0.970063  0.039236
286  1518.521721  184.559523  15.843815  0.053583  1.233415  0.050783
287  1009.247164  993.911244  15.918875  0.041797  0.824305  0.063880
288  1116.897405  2007.391111  16.853892  0.042740  1.515430  0.058775
289  1806.404770  1550.392575  17.602236  0.048452  2.006994  0.043461
290  795.089603  1252.220081  17.510679  0.084042  1.769543  0.049271
291  1822.719326  241.202024  15.150039  0.049831  0.384117  0.053040
292  1130.243777  279.437933  16.078292  0.044131  0.978708  0.035796
293  1298.541595  1903.127244  15.737074  0.033706  0.968934  0.050949
294  264.334284  1050.395344  18.106754  0.047977  2.177913  0.085516
295  1930.850540  1906.994810  16.492952  0.059177  1.233142  0.051324
296  954.506512  1319.510288  19.476807  0.091346  3.350954  0.123130
297  1261.045808  1201.340330  16.834228  0.058574  1.273554  0.072398
298  1884.707753  1152.373791  16.609497  0.031293  1.373055  0.067699
299  167.752185  1183.610283  15.122838  0.028409  0.564062  0.028471
2100  547.978230  617.170695  16.754122  0.062060  1.201651  0.050708
2101  1091.999242  1415.367847  18.803231  0.104094  2.188439  0.058158
2102  18.043400  1129.176594  17.142914  0.050651  1.405181  0.038333
2103  744.360635  1296.667261  16.715571  0.041917  0.943074  0.048127
2104  1452.826463  42.412667  16.486054  0.083079  1.055411  0.081375
2105  258.782267  1487.920398  18.003469  0.075147  1.640817  0.078098
2107  525.778993  616.869414  18.035906  0.083471  1.835647  0.057293
2108  163.448043  663.943228  19.072556  0.098335  2.109199  0.057897
2109  31.148034  762.430983  20.515445  0.089091  3.020658  0.126559
2110  1808.967868  1696.449445  17.426347  0.044719  1.410691  0.079760
2111  1110.186753  474.272135  19.952435  0.127038  2.956168  0.093683
2112  1141.478817  1909.101481  20.555725  0.120269  3.347403  0.291274
2113  1844.543277  52.560718  20.459148  0.085922  3.193705  0.147913
2114  889.629686  12.981564  16.142825  0.032147  0.782735  0.066217
2115  364.505642  1252.512118  18.522908  0.062085  1.899989  0.086395
2116  324.191644  178.144354  15.392772  0.038276  0.158911  0.035033
2117  1806.397277  1707.087231  16.216609  0.049341  0.928214  0.040911
2118  453.598277  1073.851065  21.235617  0.164335  3.766801  0.121306
2119  1539.137533  1535.993926  19.637631  0.140298  2.866778  0.081965
2120  170.886483  179.647690  15.868769  0.085214  0.835321  0.118057
2121  101.492724  249.537548  16.588190  0.083206  1.849147  0.063808
2122  1258.565566  255.696970  17.444094  0.064500  1.250757  0.047839
2123  1820.841676  1095.408554  16.264757  0.058060  0.747143  0.040682
2124  630.565758  180.078305  16.455058  0.056891  0.920400  0.047174
2125  131.397493  654.036819  16.294616  0.080190  0.939937  0.074255
2126  597.638190  880.888456  16.719855  0.032633  1.342793  0.052501
2127  447.220369  1032.667625  16.308828  0.054306  0.635585  0.067058
2128  834.228649  1970.341410  16.546601  0.062206  0.831302  0.057545
2129  1225.607612  1947.949191  20.024213  0.112375  2.919573  0.079746
2130  1004.655616  1099.747239  16.216468  0.042222  0.780619  0.044984
2131  1108.979708  1173.340081  16.166617  0.029702  0.699465  0.061106
2132  758.313570  200.424413  16.001393  0.030949  0.622481  0.040265
2133  266.391116  1926.873688  15.358112  0.072500  0.261301  0.025190
2134  190.304127  1493.303856  15.892710  0.034320  0.607207  0.033015
2135  1297.334594  1036.480101  20.865451  0.299181  3.739587  0.301839
2136  1590.901874  1415.380503  17.778504  0.090200  1.158818  0.084413
2138  1855.477672  1983.151476  20.365481  0.171758  2.626958  0.139569
2139  1373.124638  791.118127  17.338666  0.091241  1.318480  0.042010
2140  823.818593  859.054450  18.746911  0.108842  1.941751  0.148674
2141  1422.728199  742.640520  17.868396  0.117170  1.393728  0.067744
2143  1039.653287  843.601027  18.139646  0.061702  1.360235  0.085277
2144  470.891880  595.546762  17.440149  0.093473  1.187044  0.040346
2145  893.136471  1980.532129  17.196401  0.104018  0.952158  0.105525
2146  2041.213743  1019.586782  19.796448  0.164389  2.390643  0.103416
2147  156.315746  935.384190  17.131303  0.045173  0.990301  0.072798
2148  8.645075  760.765940  20.750174  0.154159  2.949854  0.125558
2149  1869.158657  650.336212  19.485713  0.088235  2.136698  0.091016
2150  1917.924698  294.220386  20.946925  0.113068  3.173022  0.132608
2151  1083.313103  1490.719163  19.598045  0.110593  2.516945  0.187871
2152  1276.943446  1982.606986  17.441691  0.051579  1.508239  0.037526
2153  1885.398690  1619.344171  19.479832  0.119799  2.132591  0.080086
2154  1124.499475  1933.522049  16.234921  0.081762  0.312303  0.037559
2155  326.489980  1080.424442  19.686152  0.092340  2.373796  0.092039
2156  497.429019  627.790718  15.450089  0.047098  -0.181864  0.051521
2157  147.357320  148.832932  16.956435  0.042233  1.546440  0.102854
2158  1691.493177  472.188710  20.682494  0.096048  2.695228  0.123298
2159  271.845155  383.633475  17.479141  0.043442  1.087563  0.093888
2160  1583.409650  417.674650  17.549313  0.107481  1.041389  0.065631
2161  831.751698  842.914586  14.992101  0.034018  -0.169537  0.027005
2162  1317.013146  1313.994799  19.799341  0.099024  2.123694  0.179212
2163  349.355461  2034.714462  17.003026  0.037174  0.628293  0.072113
2164  1787.576200  1652.901196  17.489278  0.102697  1.373464  0.061647
2165  85.726685  1940.951704  19.947244  0.127287  2.504998  0.086928
2166  29.723997  1543.394738  20.326245  0.184058  2.697458  0.239070
2168  888.800619  1993.313370  20.063047  0.116789  2.020907  0.194947
2169  411.442782  542.883342  20.282680  0.106044  2.586604  0.125808
2170  1786.164198  1779.572622  18.153124  0.054891  1.508092  0.055214
2171  1043.787107  795.444726  18.261207  0.073102  1.722851  0.078354
2172  1332.000152  62.107552  18.412000  0.059169  1.540758  0.058658
2173  750.188154  104.708386  19.755493  0.174098  2.557904  0.136650
2174  485.592424  392.690408  19.878767  0.095481  2.518301  0.087430
2175  916.492722  1875.990536  18.726171  0.072184  1.702041  0.089847
2176  240.880737  1539.054395  18.485686  0.086339  1.927806  0.115645
2177  1415.615269  1517.562456  18.839812  0.141272  1.662242  0.096789
2178  875.209265  1294.879996  18.387867  0.105834  1.741908  0.055799
2179  454.739144  1652.957429  16.258501  0.039097  0.447876  0.065799
2180  1843.192591  1675.621657  19.841028  0.084679  2.523917  0.116626
2181  1767.121758  1374.422203  17.761206  0.070044  1.461790  0.071243
2182  651.250747  1248.468171  17.882452  0.051303  1.979954  0.054291
2183  1987.728023  855.258206  16.926779  0.073350  0.850265  0.063355
2184  1481.539583  42.285574  18.582746  0.113094  1.875458  0.106874
2185  1117.727731  1101.985921  17.699962  0.063288  1.435296  0.083414
2186  333.523417  493.392357  18.122653  0.059810  1.174999  0.140197
2187  190.159401  2025.742178  17.238584  0.053413  0.923411  0.041270
2188  1324.062493  873.757238  18.040937  0.105299  0.927305  0.131553
2190  703.697047  575.253593  21.211085  0.243240  3.001474  0.152725
2191  187.453072  1033.107089  18.564703  0.060791  1.171146  0.138929
2193  135.754635  1104.184429  19.658309  0.112243  2.151830  0.130152
2194  161.333955  1504.549156  17.223775  0.052588  0.701819  0.060947
2195  282.175030  1769.694063  19.456890  0.165524  1.564048  0.089456
2198  421.958410  262.797145  20.388413  0.104078  2.594214  0.232038
2199  1450.652046  92.856338  19.249762  0.085436  1.715118  0.095098
2200  870.423360  129.359392  19.834514  0.206130  2.110313  0.114581
2201  614.618323  786.774347  20.503690  0.263069  2.741412  0.129494
2202  645.753216  685.057330  20.050531  0.192731  2.285657  0.138566
2203  477.079619  753.013601  19.905229  0.108370  2.252784  0.212967
2204  1231.795970  835.942545  18.338601  0.065071  1.257054  0.095798
2205  1829.169082  2015.120179  20.650284  0.218625  2.295790  0.266809
2206  1797.849452  493.507509  18.578975  0.103859  1.579516  0.076505
2207  449.385474  521.396803  20.720901  0.240761  2.293260  0.109356
2208  590.348235  1522.834463  18.593008  0.093160  1.394009  0.082216
2209  1768.983319  1184.027086  18.889563  0.080586  1.642507  0.068157
2210  1073.737140  441.985474  17.694817  0.057969  0.797713  0.103506
2211  1085.049273  1751.293016  17.715245  0.086657  0.978470  0.041674
2212  1381.379533  511.040565  17.399537  0.072536  0.828863  0.084006
2213  1571.395903  1044.457170  19.092101  0.058962  1.714435  0.161194
2214  1279.613490  1188.536123  17.717898  0.098110  0.783642  0.065777
2215  322.149784  559.979928  18.936521  0.069164  1.745594  0.084582
2216  1344.896694  525.425408  18.378624  0.047639  1.607019  0.070356
2217  949.354295  623.020887  16.981232  0.060321  0.407931  0.054329
2218  1913.384571  960.713537  18.320653  0.062434  1.135909  0.079037
2219  1947.290497  237.055555  19.194144  0.119908  1.830876  0.077015
2220  10.548299  1569.610629  19.048998  0.183876  1.740807  0.150661
2221  963.350947  1417.616408  18.398128  0.085775  1.562838  0.065876
2222  755.539173  459.370019  17.524729  0.088902  0.732815  0.056719
2224  121.669906  1033.828723  20.268778  0.110335  2.295699  0.129884
2225  368.210208  1130.994565  21.058953  0.104721  2.568956  0.166487
2226  1851.475030  509.041146  18.050192  0.161577  1.474792  0.127153
2228  1782.042582  2009.731011  18.388691  0.066238  2.220183  0.065223
2229  165.830653  415.202627  17.903581  0.041354  1.094757  0.076805
2230  1774.926062  956.163571  19.119207  0.069892  1.757028  0.165650
2231  42.870275  1262.333832  18.690368  0.079147  1.310713  0.082874
2232  256.976829  181.715933  20.596154  0.195710  2.282017  0.233864
2233  1848.287165  1721.935719  19.129712  0.078451  1.405447  0.113338
2234  1118.887266  1627.122013  18.087597  0.048055  1.017486  0.044541
2235  924.408730  1066.799417  20.374252  0.161540  2.437736  0.134822
2236  607.213675  28.995838  17.573468  0.045830  0.739701  0.046119
2237  1964.166857  1960.244702  19.095206  0.086660  1.627013  0.127554
2238  173.032147  541.037448  19.702643  0.101014  2.046957  0.079253
2239  43.551704  1633.391141  20.897399  0.229774  2.630339  0.301603
2240  615.407439  765.087334  20.591318  0.115905  2.318077  0.146255
2241  982.306250  258.687571  18.908847  0.168591  1.373293  0.068222
2242  1891.565296  1835.492305  18.456720  0.138072  1.431877  0.050227
2243  745.781513  1628.050260  17.871375  0.042725  0.728289  0.072394
2244  1302.469404  1725.644806  17.060764  0.043064  0.670960  0.068239
2245  1590.515677  26.705849  18.163547  0.080941  1.182449  0.049833
2246  989.614644  1972.893216  18.101527  0.094583  1.236072  0.073219
2247  1192.366709  1946.782503  18.172596  0.063343  1.172761  0.044593
2248  1040.943961  1612.459618  20.053630  0.105103  1.924402  0.094696
2249  1795.920017  1464.097568  17.998697  0.084477  2.027819  0.103979
2250  674.845522  1002.887350  20.537754  0.140030  2.455723  0.207632
2251  1953.026220  1827.688048  18.253160  0.122180  1.137061  0.053161
2252  550.895954  1291.912139  18.138824  0.088278  1.360822  0.129403
2253  643.581913  1385.701935  17.400899  0.090175  0.863478  0.050989
2254  1890.392615  699.628760  18.714497  0.097822  2.396767  0.124579
2255  130.290460  90.523920  20.553948  0.186745  2.521778  0.149587
2257  163.702501  1668.425034  20.122139  0.141799  2.151460  0.095713
2258  1255.288370  793.476802  20.074035  0.131480  2.325327  0.122629
2259  94.441979  1610.036900  18.293750  0.089955  1.185034  0.049680
2260  1416.692962  517.108192  21.243835  0.308297  2.576509  0.236762
2261  459.856131  1530.339070  17.824407  0.092516  0.473407  0.070228
2262  281.008344  1159.170115  19.102378  0.161288  2.052662  0.114724
2263  1405.251055  386.052063  18.162059  0.060758  0.827292  0.079823
2264  1565.316190  1562.809502  19.373653  0.074237  1.912887  0.068536
2265  1603.244732  1937.024173  18.581878  0.079758  1.141386  0.053111
2266  1939.102548  1911.736240  18.462903  0.086396  0.927033  0.063336
2268  534.652432  1469.814691  19.307064  0.123162  1.671856  0.183488
2270  1321.566401  1958.676676  19.230772  0.077567  2.513337  0.105563
2271  1434.796481  513.173176  18.752422  0.068418  1.249040  0.098030
2272  1279.159887  406.215663  19.785770  0.269535  1.674173  0.188632
2273  1561.137313  1371.340971  19.175843  0.093447  2.290195  0.079365
2274  1938.600543  1114.238428  19.028516  0.078278  2.032801  0.064381
2275  582.845238  1700.099166  19.153325  0.095361  1.335565  0.093259
2277  928.127494  1943.503901  19.724777  0.090945  1.409933  0.108357
2279  1698.708180  969.983486  20.609837  0.120403  2.261006  0.133736
2280  1899.234510  1247.269106  18.794026  0.076642  1.052319  0.078999
2281  1039.218272  1380.386452  20.251950  0.247527  1.633386  0.160993
2282  972.641966  1541.114188  20.820753  0.226931  2.347992  0.098812
2283  272.289976  1679.081489  16.709836  0.034901  -0.128702  0.073094
2284  801.437832  1846.029872  18.363572  0.116635  0.720827  0.134820
2286  1723.319452  719.502740  18.683575  0.059553  1.537619  0.105286
2287  1665.975106  1767.515342  18.529118  0.118743  1.039598  0.090172
2288  373.887132  1657.460446  18.101877  0.056234  0.811738  0.080468
2289  1608.696129  1123.639170  19.793648  0.112058  1.475425  0.160414
2290  1850.582885  654.673006  18.722471  0.064068  2.076697  0.101462
2291  375.905024  1749.208481  19.632639  0.182510  2.389103  0.142959
2292  358.186563  1604.991773  21.249732  0.201630  2.754028  0.147779
2293  813.631069  922.521491  18.939523  0.119246  2.048207  0.142147
2294  666.574173  705.097112  17.757892  0.100094  0.420376  0.057475
2295  693.842145  1875.720302  18.571420  0.057465  1.115875  0.125206
2296  3.691474  512.411448  19.317732  0.098379  1.296750  0.065449
2297  794.282109  1144.644863  19.434110  0.152719  2.289580  0.170623
2298  1776.421266  589.993571  18.923127  0.063991  1.151109  0.067861
2299  1065.447897  80.830119  20.304135  0.235769  1.949343  0.107975
2300  1603.286544  954.098563  17.912655  0.045929  0.591951  0.042916
2301  735.234527  276.259868  18.935013  0.087441  1.826017  0.129101
2302  1940.732775  1660.285642  19.490303  0.096354  1.509475  0.114603
2303  476.566700  1439.563052  18.287770  0.089444  0.981545  0.068853
2304  239.292072  1473.040810  20.248339  0.136236  1.876570  0.113770
2305  1390.077546  740.169782  19.511922  0.180108  2.689880  0.204886
2306  725.179862  932.752105  18.058184  0.054713  0.818916  0.049199
2308  1996.960912  504.066012  19.203985  0.059746  0.935448  0.118285
2309  1824.326995  1788.043892  19.930186  0.108985  1.992020  0.268281
2310  2040.923944  939.696705  20.118647  0.162465  1.842445  0.070466
2311  592.022050  1400.279728  20.182360  0.135072  1.573983  0.119704
2312  1801.839964  623.788855  18.823703  0.107191  1.278566  0.069667
2314  572.833910  1787.953457  19.866798  0.152209  1.651466  0.235590
2315  445.982105  935.884071  18.517451  0.124020  1.269103  0.071994
2316  655.269341  21.181870  20.456096  0.089100  1.999620  0.157826
2318  1384.044799  154.923988  16.931963  0.131351  0.271136  0.062851
2319  1878.497802  1593.235951  20.482401  0.115209  2.422618  0.309480
2322  1863.414183  594.271439  19.879910  0.092192  1.517159  0.127923
2323  50.967982  4.230449  19.311997  0.175480  1.532659  0.099715
2324  399.281290  789.058674  18.695389  0.080309  1.260528  0.057446
2325  46.218517  1387.925213  17.801422  0.050922  0.231640  0.124098
2326  579.629377  1958.544572  19.994125  0.099015  1.913406  0.100228
2327  1831.524938  1657.363081  18.126508  0.057663  0.839587  0.103946
2328  2029.642997  587.061777  17.989351  0.048021  0.782082  0.125555
2329  925.821529  61.386481  20.989277  0.108657  2.375000  0.138079
2330  1957.929757  1070.052609  20.789541  0.119274  2.311515  0.108069
2331  1608.817322  1185.238576  20.386853  0.103282  2.124768  0.177869
2332  949.204489  627.092658  19.183259  0.111505  1.377140  0.106637
2334  554.776678  1360.697554  19.948618  0.147465  1.536242  0.191711
2335  48.098839  64.904083  19.470125  0.070133  2.112667  0.126232
2336  1313.045873  529.245721  18.230192  0.127105  0.935901  0.092693
2337  1652.005470  102.591634  18.109851  0.107357  0.864523  0.069832
2338  195.655972  702.517729  18.986962  0.062624  1.299594  0.081202
2340  1522.468357  266.221108  20.602591  0.227383  2.110131  0.105044
2341  1446.693284  1236.972775  19.182156  0.104679  1.843744  0.069475
2342  444.037784  1129.383364  19.215907  0.059752  1.220557  0.070250
2343  252.116767  1658.866894  19.309894  0.185339  1.355010  0.267083
2344  25.761378  152.451428  19.866330  0.223183  1.805229  0.098068
2345  1882.989674  1490.260230  19.356005  0.123855  1.784822  0.112413
2346  1696.088293  1940.403985  18.767702  0.099708  1.180916  0.094219
2347  1254.470373  1552.179939  19.753464  0.190793  1.333466  0.069924
2348  431.208047  383.356271  18.053529  0.085116  0.438175  0.068465
2349  586.275719  145.598193  19.706135  0.128820  1.495694  0.152079
2350  270.935668  2008.110951  20.574187  0.190176  1.922314  0.235741
2351  256.833774  993.729318  20.873167  0.161182  1.664150  0.093067
2352  1300.944448  1433.706186  20.429601  0.130792  1.394969  0.144502
2353  1777.914693  268.341468  20.503115  0.124489  2.010926  0.099092
2354  1662.278040  1831.205800  19.782253  0.070395  1.531535  0.201693
2355  430.595677  137.383038  20.235253  0.181886  3.069231  0.246725
2356  442.728622  413.055033  19.790484  0.074875  1.712837  0.133293
2357  1000.281046  1103.268096  19.003512  0.131909  0.774715  0.057316
2358  445.376443  1040.008895  19.479361  0.118615  1.720168  0.164836
2359  162.866406  355.703876  19.764857  0.162818  1.832389  0.108705
2360  16.992402  1705.830425  20.193385  0.184796  1.612047  0.097988
2362  338.966161  162.095665  20.291102  0.094754  1.317899  0.102464
2363  535.381175  479.954313  18.344868  0.049823  0.533861  0.093762
2365  121.547454  883.272388  21.170390  0.138064  2.388494  0.209177
2366  1691.630270  219.054842  19.913174  0.078999  1.903364  0.241781
2367  92.634981  1455.535394  19.855143  0.202838  2.324417  0.113122
2370  2028.251683  877.879994  21.033291  0.153559  2.402026  0.287515
2371  1674.585244  213.008007  20.157988  0.092162  1.996718  0.132992
2372  1259.765401  1268.776649  20.307359  0.174053  1.351382  0.249121
2373  1302.267363  533.159698  20.234930  0.154384  1.751748  0.136515
2374  1823.601002  1615.095222  20.546681  0.193564  1.937447  0.179807
2375  41.409385  504.650954  20.678438  0.182398  1.399593  0.186610
2376  1373.628166  167.943783  20.102566  0.129890  1.559179  0.134778
2378  852.970105  526.610318  19.927970  0.116315  1.597743  0.112608
2380  1434.676558  1721.935660  20.364691  0.212969  1.699178  0.092243
2382  735.753330  95.593252  20.875751  0.280302  1.797210  0.279899
2383  938.602902  723.108832  21.107727  0.162566  1.876339  0.141172
2384  1843.164690  1207.738514  19.752794  0.072595  1.043382  0.147301
2385  706.664947  188.205230  20.113406  0.155754  1.958796  0.146545
2386  1035.084518  1292.724830  20.060339  0.090841  1.488311  0.076666
2387  1889.801337  1654.859370  21.446002  0.234997  2.635024  0.166962
2388  684.546517  1709.258309  20.390467  0.183340  1.764998  0.093359
2389  254.676847  1570.194057  21.211269  0.253711  1.916573  0.135727
2390  887.427477  766.282734  20.223183  0.128141  1.382168  0.124319
2391  1888.304736  1051.053785  20.607884  0.153772  2.043366  0.123590
2392  455.605239  1826.143238  20.701478  0.143306  1.863125  0.309606
2393  999.479844  1071.883916  20.834543  0.189138  2.033197  0.203044
2394  170.423982  1425.063114  17.851476  0.046137  0.395842  0.122229
2395  1275.220283  370.837308  19.378892  0.119557  1.400346  0.111229
2396  1331.466151  487.680567  19.361056  0.095967  1.166438  0.123258
2397  1575.443402  316.184605  20.425150  0.413892  1.896107  0.185881
2398  740.621741  460.469867  20.193115  0.136491  1.274583  0.120872
2400  324.080099  1374.527609  20.407741  0.206794  1.885048  0.106720
2402  1829.263802  783.986473  21.305423  0.129616  2.055034  0.179493
2404  1260.886757  1958.272962  19.530473  0.075510  1.421172  0.076127
2407  1803.769993  1699.529710  20.036500  0.104950  1.255848  0.166298
2408  1151.720549  1884.092230  20.203464  0.103673  2.101051  0.130262
2409  1207.166020  1295.623589  19.949024  0.135393  1.286653  0.090022
2410  1096.957795  465.831992  19.503347  0.089451  1.867618  0.127417
2411  299.623548  1744.008426  19.833785  0.080295  1.937482  0.082117
2412  1249.309750  1765.889567  20.478099  0.144806  2.303018  0.124950
2415  1356.909320  1197.970119  17.958448  0.052096  0.113022  0.046196
2416  1248.942934  1990.155425  20.555829  0.111137  1.636526  0.253071
2417  1065.271821  618.223152  20.445897  0.198834  1.674221  0.156999
2418  70.220351  1922.519824  20.210328  0.115650  1.364186  0.083611
2419  1795.847374  1778.615579  20.625082  0.274607  1.504840  0.124463
2420  1551.890700  474.011076  18.842905  0.055796  0.662569  0.104870
2421  615.898075  898.039650  20.278079  0.136649  1.782097  0.108961
2422  399.596504  1083.760934  19.823628  0.099710  1.484279  0.105392
2423  930.150116  1490.757180  20.186156  0.093851  1.534936  0.143010
2424  1581.143248  152.968495  18.697687  0.061022  0.756415  0.083840
2425  369.824131  277.143476  20.030397  0.102075  1.187957  0.256069
2426  879.412374  105.226668  19.742628  0.126608  1.318894  0.083828
2427  235.446441  764.464856  18.477754  0.159366  0.377469  0.054193
2428  1529.069263  979.305708  20.072377  0.104203  1.451657  0.243847
2429  653.213284  1952.880407  20.683925  0.157585  1.816672  0.139789
2430  1262.493185  91.768105  20.647905  0.098560  1.984163  0.191669
2432  847.401071  404.440394  19.237992  0.088091  0.974570  0.107855
2434  177.647627  1395.449214  20.039087  0.082537  1.767631  0.160031
2435  835.289194  2028.095102  20.875715  0.114083  1.956347  0.187190
2436  864.929447  1869.804164  20.398132  0.203153  1.740253  0.108485
2437  1159.251809  633.413618  18.402439  0.071078  0.372697  0.087582
2438  1349.150024  829.142025  20.025383  0.121731  1.367484  0.087192
2439  1942.880222  1777.743926  20.101031  0.133530  1.082278  0.120653
2440  377.544811  795.461411  18.635991  0.135946  0.924393  0.050156
2442  1890.904053  486.283043  20.560777  0.205725  1.969414  0.260774
2444  1874.680943  1574.220689  20.287148  0.085203  1.675308  0.237497
2445  320.175161  1956.799779  19.828390  0.153323  1.380497  0.118541
2447  1395.859694  1634.932242  20.882613  0.167643  2.016518  0.121058
2448  119.409297  1457.658247  19.779430  0.091073  1.318952  0.123613
2449  144.133211  1467.667106  20.938559  0.159082  2.217469  0.124090
2450  220.789093  581.105029  19.446112  0.131751  1.560430  0.214628
2451  1209.265309  1381.831439  19.223228  0.109448  1.230350  0.118902
2452  1013.715730  129.356801  19.380342  0.113748  1.059030  0.118781
2453  1329.573799  198.079425  19.606106  0.074507  1.434978  0.173930
2455  1974.990759  1622.401065  19.829491  0.161786  2.244922  0.125522
2456  347.995175  262.863910  19.891066  0.132975  1.531820  0.184947
2459  630.612051  876.530448  20.216390  0.135295  1.251061  0.172970
2460  861.929646  604.985324  18.275517  0.069826  0.240151  0.053382
2461  698.504716  341.253293  20.017627  0.141129  1.850662  0.072017
2463  1086.332621  86.823243  20.081585  0.128682  1.486363  0.140766
2464  1219.098269  639.227754  20.017845  0.128689  1.895691  0.141654
2465  1374.002606  829.901740  18.411969  0.066210  0.420134  0.052159
2466  61.059711  1830.394768  19.789762  0.124601  1.258384  0.072387
2467  1480.267833  145.128167  19.315070  0.127709  1.342278  0.073328
2468  1252.078298  465.754871  19.027281  0.143116  1.055545  0.111559
2469  1219.350451  705.029911  19.974665  0.151919  1.543946  0.165119
2470  589.175088  1126.797597  17.039547  0.067355  -0.093301  0.049700
2471  562.976795  1709.879107  20.424294  0.155882  1.385846  0.092387
2472  835.385906  1595.081021  20.908925  0.260859  2.044219  0.169297
2476  515.602697  816.615422  20.535758  0.093523  1.604725  0.155502
2477  736.477290  1683.246061  20.520389  0.183404  1.406765  0.119933
2478  1718.165398  435.560916  20.135257  0.182932  1.244878  0.127166
2479  331.370707  1067.378561  21.290334  0.263143  2.149398  0.327753
2481  1982.309030  1344.384829  20.581219  0.113591  1.440563  0.109475
2482  960.491222  963.237611  21.276834  0.258243  2.190920  0.201422
2483  119.009321  417.613829  20.872441  0.135947  1.825944  0.165659
2486  879.426302  933.702489  20.739052  0.121008  2.065637  0.172839
2488  1999.129725  1426.804689  21.226832  0.144717  1.881170  0.247171
2489  149.973211  1805.248025  21.107575  0.246637  1.599760  0.198928
2491  1524.962369  1195.360765  20.696983  0.204195  1.518566  0.163793
2493  1821.761877  699.871269  20.465071  0.161535  1.781667  0.110712
2494  1311.803214  573.767196  20.420998  0.099644  1.477655  0.150807
2497  825.942767  577.833614  20.779579  0.108777  1.453165  0.125147
2498  922.961662  250.393456  21.468685  0.149247  1.471223  0.203872
2500  14.793964  1441.792408  20.058355  0.242146  1.227688  0.099577
2501  1396.902567  1039.521138  20.647832  0.158871  1.352936  0.110124
2503  429.955512  1582.115423  21.018100  0.274000  1.763189  0.215969
2505  113.504171  1892.787603  18.789645  0.100511  0.491626  0.062162
2507  1918.095708  1714.665549  21.213936  0.136105  2.079249  0.228515
2510  232.579999  386.762427  20.996889  0.234008  1.744830  0.134655
2511  463.088225  1350.328879  19.492222  0.108982  0.805284  0.122284
2514  1276.736645  86.957316  20.367512  0.150617  1.415168  0.143479
2515  1326.335474  374.338240  20.850418  0.194852  2.802639  0.171808
2518  637.107101  1538.701313  20.385606  0.106615  1.869445  0.266547
2520  671.361915  349.498831  20.989824  0.213275  1.872885  0.186992
2521  530.995161  1203.031358  20.826170  0.206050  1.689886  0.106145
2523  522.274858  853.701785  20.571465  0.125025  1.390749  0.132563
2524  1413.613550  1791.798920  18.845967  0.072168  0.435922  0.125488
2525  1829.611286  346.240123  18.641452  0.085694  0.443044  0.076901
2526  1943.729072  1422.446803  20.917143  0.168389  1.600999  0.293601
2527  1794.961613  913.763510  20.702732  0.129086  0.992412  0.329121
2528  622.193532  1948.994131  20.543058  0.260393  1.650111  0.267869
2530  1068.462649  1905.993562  20.677034  0.147687  1.560823  0.175048
2531  1673.278966  1473.916483  18.115797  0.095186  0.057542  0.088486
2532  523.189351  219.631598  19.300409  0.074378  0.729306  0.106127
2534  670.870198  660.382742  21.029125  0.231552  1.674937  0.189034
2535  28.608840  822.722238  20.731670  0.114001  1.521829  0.204561
2536  341.821978  279.849988  20.517926  0.089766  1.534932  0.128476
2537  449.063167  258.120954  20.552961  0.114117  1.663608  0.281104
2538  1463.349550  132.220141  20.796858  0.122878  2.010209  0.212815
2539  1858.634734  1397.140540  20.352995  0.171075  2.607142  0.122805
2541  148.902467  233.264352  20.471131  0.236714  1.711853  0.159368
2542  1266.686463  573.708858  20.987696  0.143835  1.408819  0.191846
2544  372.762944  1420.341733  19.208254  0.101790  0.674190  0.084565
2545  132.626148  1324.205980  20.801643  0.151318  1.921879  0.109051
2546  1497.080298  883.152789  20.600894  0.084647  1.592191  0.167079
2547  881.998401  163.417155  20.421088  0.097222  1.498598  0.102091
2548  570.364701  1242.556586  19.105234  0.106679  0.647908  0.071668
2554  326.103456  174.201455  20.651435  0.100618  1.649196  0.205172
2555  1922.702639  1939.713645  21.071537  0.275415  1.365010  0.248039
2556  620.286606  351.609401  20.838089  0.133796  1.557286  0.210601
2559  1191.467155  661.472945  20.796592  0.231558  1.587476  0.111229
2561  576.090493  861.057923  18.976287  0.058605  0.664240  0.132924
2562  631.427817  1480.400485  18.534621  0.067190  0.366622  0.062796
2563  382.304094  726.170618  20.547745  0.137334  1.767521  0.316702
2568  1919.834290  860.418584  21.141789  0.383022  1.724261  0.198573
2570  296.833146  871.267475  20.452946  0.083220  1.301975  0.200383
2573  1122.130838  1515.102292  21.690502  0.192084  2.514381  0.371531
2576  175.513134  1644.659409  20.994969  0.209486  1.818019  0.124784
2581  753.396326  1164.719077  20.937797  0.152029  2.833168  0.111047
2584  947.933516  571.398732  21.501810  0.223923  2.308960  0.119139
2586  1729.200462  928.839022  21.088371  0.175020  1.761794  0.170936
2588  745.121724  152.569064  21.042483  0.137031  1.411686  0.202656
2589  859.934707  1439.773190  20.386964  0.096771  1.624725  0.230334
2590  1313.910495  1601.954904  20.823281  0.142921  1.664119  0.218248
2591  1903.732450  1338.673302  20.338100  0.192524  1.459640  0.101029
2593  1726.606324  1581.261732  18.525141  0.080550  0.107488  0.104996
2595  639.494056  112.819104  18.748973  0.079175  0.376558  0.083323
2596  1515.800084  1832.807397  20.127379  0.090659  1.483803  0.163417
2597  1987.749207  2008.616145  20.986334  0.378533  1.587068  0.148588
2598  681.090103  898.569870  20.963957  0.206648  1.679595  0.138017
2601  1860.202273  678.874959  19.388847  0.064490  0.650699  0.073769
2602  1788.131639  1647.389784  20.607178  0.242455  1.418051  0.216366
2604  889.902628  1445.960193  20.853932  0.271665  1.488248  0.164994
2611  1904.878825  96.825933  21.022495  0.113491  1.373786  0.200596
2614  517.624692  603.697256  19.352057  0.184123  0.296886  0.227580
2615  166.022553  43.073611  21.832504  0.343852  2.603357  0.238632
2620  721.896762  1999.374688  19.836525  0.104416  0.546759  0.138461
2622  220.616238  848.993813  20.977231  0.163669  1.624537  0.146635
2623  1318.970134  167.185501  20.682945  0.232030  0.796257  0.163611
2627  255.426130  20.157969  20.797530  0.138706  0.807199  0.153273
2629  851.601422  1710.624861  20.682910  0.174574  1.222920  0.108015
2637  1013.507442  487.427322  20.927297  0.145690  0.935497  0.238149
2638  878.321436  1395.788612  21.078024  0.235621  1.332448  0.127323
2639  1959.076949  859.937752  21.217286  0.349783  1.654810  0.145142
2640  888.204276  1198.007114  20.158796  0.115860  0.627824  0.128554
2643  697.037787  940.420769  20.803145  0.440186  1.192045  0.157585
2645  1340.298977  428.036967  21.401504  0.322263  1.872075  0.209866
2650  330.943360  839.006966  18.561654  0.072930  0.144809  0.117061
2654  226.271579  533.593290  19.849173  0.230080  0.534530  0.098805
2660  1750.028416  1233.150511  19.368307  0.152262  0.298318  0.068047
2668  1426.664697  2007.129465  21.062858  0.144343  1.045369  0.267695
2669  797.408881  1697.494801  19.453175  0.088631  0.519668  0.071773
2671  285.717004  1592.954658  19.386535  0.067022  0.378299  0.146398
2672  1193.897320  1935.486856  20.656901  0.160232  1.179364  0.114994
2675  1103.452039  26.331364  20.315448  0.150429  1.161870  0.112849
2676  562.073812  762.301161  19.246990  0.199065  0.587998  0.140821
2681  1927.353073  927.421322  20.117837  0.094246  1.071517  0.224228
2685  1762.636096  1584.420032  19.434491  0.126736  0.407714  0.129589
2686  234.883821  1308.245857  20.598652  0.217956  1.199865  0.220011
2694  812.888421  1328.214935  21.392109  0.219476  2.162231  0.373544
2695  512.474102  1466.409958  20.428832  0.234076  0.793645  0.096307
2698  729.469748  1252.650379  20.976500  0.146520  1.260279  0.214533
2699  926.132447  678.922545  20.435182  0.084232  0.268121  0.284318
2706  768.498787  1375.747509  20.794840  0.118430  0.567507  0.183009
2710  244.100332  118.616440  20.286570  0.215571  0.515169  0.103380
2714  1231.081643  1231.661521  20.837760  0.189269  1.399581  0.306126
2715  1055.049575  1693.335165  20.051309  0.075021  0.381929  0.106858
2717  1132.984195  347.011476  20.433004  0.178005  0.415717  0.116008
2719  1283.056070  854.387303  21.005108  0.142723  0.572051  0.294582
2721  1858.994164  176.395694  19.766438  0.141245  0.430691  0.077799
2723  367.808462  1371.739691  21.436805  0.155626  1.094033  0.296553
2725  494.495443  606.659699  21.288829  0.137264  1.161648  0.259085
2726  208.744576  1148.216169  19.925236  0.178028  0.279567  0.215265
2729  1308.734045  1571.106983  21.414072  0.124617  1.073251  0.233364
2732  1191.962399  1134.374512  20.930324  0.162638  0.699386  0.160216
2745  1825.226383  401.181079  21.577208  0.278065  0.754820  0.187764
