# id  x  y  V  eV  BV  eBV
112  1139.780055  1089.632195  21.236298  0.115214  1.496861  0.227650
114  1181.937644  930.699448  20.586252  0.125309  1.346491  0.104558
116  1007.521567  1072.329605  20.741049  0.168531  1.321058  0.138562
118  982.443438  870.102917  20.236709  0.155787  1.145268  0.099046
119  842.817393  1041.402614  20.305750  0.096503  1.119333  0.116629
120  1092.275569  909.363999  20.292959  0.210802  1.533569  0.137646
121  1011.124695  1202.289603  20.009902  0.237901  1.130693  0.101464
122  993.888276  1062.258913  19.921083  0.128309  1.121083  0.076539
123  1094.962893  1045.743555  19.719079  0.097380  1.188001  0.096662
124  1096.257905  1224.101151  19.689440  0.117757  1.137361  0.154366
125  913.471037  975.323812  19.715688  0.104982  1.172353  0.153669
126  1049.983345  987.541135  19.312205  0.135516  1.194259  0.109070
127  1012.819722  1088.063365  19.553666  0.174800  1.185731  0.139046
128  1134.478766  1017.013043  19.466718  0.096371  1.343754  0.197986
129  1085.887447  994.708111  19.221567  0.067225  0.960513  0.067821
130  1017.536348  1150.369587  19.284925  0.135064  0.842825  0.141370
131  1058.745672  1039.763436  19.080727  0.143642  0.965856  0.080364
132  1169.062625  1004.101366  18.843189  0.125065  0.894173  0.079521
133  1119.448371  1114.149192  18.928094  0.071356  0.767581  0.078206
134  996.600279  1140.262789  18.768930  0.080768  0.819884  0.054792
135  878.488740  1104.245125  18.563163  0.087777  0.881996  0.059583
136  1109.379850  1040.472289  18.655309  0.064923  0.911257  0.067157
137  906.249667  1058.052526  18.630844  0.104359  0.796387  0.115249
138  975.758213  1023.556956  18.389914  0.071665  0.774815  0.101305
139  917.209027  958.156329  18.329064  0.100806  0.661907  0.167302
140  1054.703534  993.108152  18.350292  0.085108  0.909116  0.046042
141  944.639386  842.764964  18.016772  0.069794  0.843727  0.093865
142  960.048026  1067.477832  18.022443  0.081325  0.854716  0.077343
143  1097.654170  1057.503375  17.848234  0.046577  0.870972  0.103373
144  1072.465940  882.869985  17.715863  0.040672  0.990208  0.076247
145  963.010273  1028.781588  17.642200  0.063962  0.828837  0.045645
146  1030.079980  993.254646  17.311198  0.069237  0.808294  0.074619
147  1062.046454  971.251937  17.141735  0.035176  0.742886  0.040368
148  1006.287032  1092.695859  16.870770  0.086628  0.812085  0.074887
149  907.657011  1024.126013  16.558002  0.048849  0.843778  0.052295
150  1170.965053  894.520381  16.519740  0.050599  0.719761  0.070221
151  1041.080791  930.078679  15.592283  0.049684  0.728554  0.063205
152  1085.960049  1128.971858  12.660135  0.026676  0.860704  0.026319
153  1093.893120  889.015194  17.293042  0.041901  0.768464  0.037126
20  1653.186155  484.210640  9.236073  0.025014  0.772571  0.023840
21  228.644807  601.516481  9.569807  0.020993  0.697460  0.036793
22  1638.843753  889.306217  10.695641  0.040421  1.223610  0.051519
23  848.786956  300.017776  10.395231  0.032089  0.627343  0.023194
24  1575.279911  170.680463  11.463433  0.034540  1.260133  0.031333
25  154.284482  258.129410  10.375927  0.037584  0.681566  0.016344
26  225.620131  1266.568946  11.058363  0.022843  0.789286  0.022919
27  890.834518  614.192627  10.546959  0.032997  0.786671  0.030716
28  315.390582  600.723566  11.442110  0.032885  1.051209  0.023522
29  1712.851048  366.917583  11.040363  0.049634  0.739817  0.032644
210  763.890890  160.548903  15.420617  0.069647  3.187449  0.027199
211  1257.203333  719.001760  13.238884  0.037734  1.881679  0.044472
212  205.173274  1209.236644  11.781282  0.021250  0.728495  0.024986
213  1236.634874  1581.090043  11.296087  0.037766  0.565671  0.017354
214  552.419513  1380.283204  13.319669  0.029292  1.262152  0.030005
215  866.710798  776.693806  13.968869  0.039655  1.671521  0.035039
216  1890.596509  264.754045  14.963122  0.034807  2.050591  0.079405
217  1627.666497  534.964392  16.593935  0.050801  3.070475  0.039117
218  751.665426  531.943687  13.844511  0.052077  1.250304  0.024332
219  794.799700  1941.864909  14.844862  0.041197  1.856835  0.029302
220  1843.130425  877.171642  16.956410  0.062519  3.065393  0.086191
221  1955.015114  509.330688  13.419143  0.021903  0.976682  0.030377
222  1301.514643  721.784329  13.146516  0.037583  0.903214  0.048752
223  344.573322  699.959223  13.823660  0.040626  0.889115  0.041454
224  1764.101529  890.610494  13.274114  0.020599  0.820333  0.033990
225  1990.206894  1180.184798  13.272780  0.026701  0.686167  0.044361
226  1629.592938  1301.263616  17.373231  0.060038  3.024222  0.058291
227  1046.624568  976.517126  13.067530  0.050110  0.602964  0.032701
228  1654.297528  1921.222042  17.760543  0.052368  3.161011  0.064464
229  1471.017640  240.462067  18.582417  0.078957  3.229207  0.068180
230  1232.993026  247.871834  13.408190  0.026613  0.591781  0.040155
231  645.972814  274.475859  19.002934  0.151031  3.615479  0.060954
232  1591.877698  1927.303654  16.789607  0.111375  2.256010  0.067084
233  1474.510504  1786.885372  15.085403  0.031604  1.460339  0.056288
234  1516.323647  710.374169  15.992384  0.037996  1.967248  0.057696
235  111.360091  853.621242  13.634614  0.023053  0.834909  0.041543
236  1618.939368  1859.821061  13.191208  0.039894  0.251170  0.045571
237  892.585145  462.737239  15.550241  0.059799  1.801174  0.028493
238  1921.709093  659.922737  14.397813  0.058310  0.827351  0.030890
239  1831.667260  10.245207  14.196862  0.032333  0.969948  0.021864
240  1703.503274  1112.722005  14.401033  0.026332  0.781239  0.036912
241  1074.315087  216.298435  16.698130  0.082808  1.962015  0.039843
242  560.889953  1603.364433  18.695139  0.052017  3.202816  0.093368
243  1493.586822  988.964111  14.315009  0.043484  0.827605  0.055053
244  1974.288818  467.490106  15.934454  0.040040  1.573699  0.040477
245  1652.749404  1439.423470  17.827976  0.065179  2.863269  0.055564
246  142.935891  197.671077  14.806703  0.048491  0.983411  0.068350
247  1136.930688  725.729793  15.503381  0.037268  1.551066  0.045729
248  1263.008328  550.877994  14.742882  0.046102  1.301495  0.033070
249  1441.541978  771.302172  14.231907  0.043234  1.067865  0.037167
250  435.882627  1376.744212  16.243526  0.065968  1.789423  0.042840
251  990.162225  1020.425220  14.399971  0.046733  0.584059  0.087467
252  486.352260  205.828492  15.583028  0.035597  0.997320  0.039711
253  1549.721597  703.716960  16.153248  0.064228  1.397419  0.067009
254  576.010452  327.652107  19.949561  0.237155  3.537921  0.083944
255  515.713314  1149.110873  15.014434  0.026161  0.703792  0.061079
256  679.366545  1187.902641  16.098391  0.033855  1.325966  0.029086
257  1946.608080  180.571193  14.633440  0.032992  0.696983  0.032105
258  332.504193  1726.444775  15.791098  0.037462  1.421755  0.047952
259  649.260356  1461.422090  15.206313  0.025450  0.990637  0.033294
260  823.730120  127.513112  17.884470  0.097961  2.557491  0.045409
261  1376.201090  798.203097  14.416231  0.049672  0.414780  0.025148
262  1599.345567  1637.005687  15.061007  0.057073  0.676342  0.050119
263  1222.851529  1170.244268  14.680750  0.026339  0.503594  0.031324
264  331.669955  28.842929  19.240487  0.081125  3.154049  0.115363
265  1566.406382  1025.777372  14.850559  0.046632  0.663396  0.054849
266  1612.099268  642.344763  17.915612  0.068290  2.414981  0.085593
267  1812.128643  1473.651262  18.552921  0.094136  2.744934  0.104397
268  1196.700187  1927.407489  15.469216  0.025678  0.961724  0.042993
269  1743.146157  1410.584800  15.572102  0.072275  1.007700  0.047630
270  168.235779  1614.748537  15.148961  0.071249  0.967958  0.026376
271  240.901349  771.353442  14.731543  0.041747  0.683797  0.028166
272  1124.108678  1267.798687  16.586326  0.067533  1.636622  0.057819
273  1825.948077  201.835372  15.860911  0.026942  1.862176  0.082382
274  944.938370  1781.328261  17.988713  0.050086  2.057004  0.062876
275  87.185404  2042.007574  15.810967  0.044389  1.027369  0.033263
276  1911.202887  768.873718  16.400745  0.064140  1.310054  0.090519
277  493.669887  972.923630  16.456677  0.087369  1.413553  0.045410
278  178.198800  447.853422  17.236100  0.036933  1.874513  0.089066
279  62.096858  1798.740220  15.614175  0.037195  0.704312  0.042776
280  425.181762  246.878806  15.749949  0.046250  1.317442  0.033831
281  1209.466655  1165.368279  17.849537  0.083264  2.166359  0.053993
282  1161.269863  215.560539  14.784973  0.032726  0.403966  0.054693
283  699.122095  1138.892619  15.175106  0.026895  0.492869  0.032114
284  66.452209  1542.504786  15.624624  0.042452  0.865846  0.027708
285  1450.723608  1078.062569  15.594304  0.045666  0.762256  0.062526
286  867.089652  1474.763881  17.456108  0.037071  1.981797  0.053512
287  1586.130906  959.409334  15.342084  0.069223  0.930589  0.037348
288  846.497181  543.920295  14.071218  0.033710  -0.013508  0.065701
289  1017.601745  1303.083217  15.679191  0.025869  0.831581  0.043827
290  678.553026  553.588164  15.892853  0.042209  0.968821  0.047838
291  139.346601  820.165583  16.121912  0.040961  1.074239  0.044275
292  1917.331358  273.737823  15.787228  0.047651  0.949748  0.040512
293  364.888404  1753.902969  15.559656  0.042005  0.829120  0.052710
294  1358.028462  2015.535650  17.500355  0.120455  1.744613  0.078059
295  741.105437  1886.552880  16.905613  0.032289  1.593618  0.050686
296  952.289184  810.469513  19.221356  0.098302  2.749488  0.070736
297  316.631166  1637.806761  18.822692  0.070361  2.776233  0.117311
298  483.452196  84.771511  20.687845  0.123684  3.600428  0.154866
299  997.369089  54.701385  19.948895  0.098748  3.321373  0.084504
2100  1423.705766  393.623722  15.262112  0.025882  0.312705  0.027035
2102  1600.681224  1226.368816  16.041508  0.036751  0.770041  0.028612
2103  850.258635  1137.748093  16.076298  0.046447  1.309502  0.031360
2104  1524.456707  1218.432854  16.633466  0.049336  1.068615  0.056312
2105  126.791656  1613.062867  20.748140  0.230046  3.343095  0.219440
2106  547.115395  627.981523  19.071894  0.074314  2.639901  0.060859
2107  1495.591919  864.364635  17.228761  0.102096  1.645725  0.046520
2108  1291.032932  1600.567160  17.975035  0.056764  1.992811  0.073645
2109  849.931910  1917.873233  16.129582  0.033652  1.000581  0.048212
2110  976.514792  706.340550  16.281737  0.064284  1.106256  0.031518
2112  1213.896729  1315.946218  17.472759  0.052759  1.505941  0.055563
2113  1709.156917  1244.766305  18.596331  0.064656  2.449780  0.085072
2114  161.650918  1655.945487  16.059103  0.036624  0.674713  0.067708
2115  944.635549  1155.333610  14.858488  0.036507  0.134920  0.043655
2117  1946.069209  1383.156744  17.647447  0.038510  1.670298  0.075892
2118  1527.917076  1931.881796  15.130617  0.031585  0.354489  0.028187
2119  1239.174155  1087.526108  16.755492  0.037346  1.213755  0.050115
2120  1127.834764  420.307998  16.157552  0.040150  0.991588  0.031231
2121  1000.457274  1233.418145  16.005120  0.031108  1.003455  0.058325
2122  459.748962  1919.132524  20.271926  0.098194  3.154716  0.110272
2123  1045.008916  1309.667949  16.179168  0.034510  0.851938  0.072796
2124  1263.348305  591.969683  18.882036  0.067653  2.442524  0.105458
2125  1717.034734  509.384578  17.077023  0.065158  1.467831  0.039368
2126  218.596694  1965.545680  19.517833  0.168771  2.365024  0.107264
2127  262.665549  1374.694881  15.393895  0.025369  0.256719  0.036377
2128  1181.737348  299.710141  17.502526  0.052066  1.558005  0.049791
2129  703.690941  1060.750443  19.195560  0.065378  2.321152  0.064394
2130  523.671097  591.782387  17.983896  0.078220  1.732900  0.052488
2131  1347.609876  468.773596  16.259295  0.037229  0.804572  0.040879
2132  1349.650742  756.682596  20.820088  0.247103  3.636320  0.213635
2133  1663.142282  778.542919  18.408613  0.056074  2.030769  0.065992
2134  508.656534  473.215208  18.953673  0.112992  2.483987  0.064158
2135  242.858204  1541.107536  16.510589  0.057336  1.173307  0.078233
2136  571.018852  1817.934810  15.335325  0.040559  0.516373  0.027832
2137  626.598817  952.930096  16.000525  0.055266  0.842063  0.052395
2138  1539.163032  1445.287718  16.871563  0.067550  1.052738  0.037407
2139  1026.260320  1137.547476  18.940504  0.088850  2.522624  0.087182
2141  1548.097122  419.245252  16.271648  0.056586  0.829580  0.038313
2142  1705.261805  942.043133  19.108286  0.098079  2.404793  0.086929
2143  861.796736  1889.998501  18.323981  0.055149  1.934974  0.097813
2144  1015.356846  254.805114  15.981177  0.030862  0.438379  0.058032
2145  957.825973  112.895630  19.677777  0.066339  2.549057  0.109327
2146  1460.508754  290.937401  16.145769  0.038298  0.586083  0.047552
2147  79.982149  2040.632412  17.307429  0.062576  1.245136  0.056237
2148  1160.253685  1431.546358  18.804664  0.074296  1.832160  0.073978
2149  756.368255  1317.223743  16.622658  0.074568  1.042313  0.042445
2150  1567.309491  1833.890905  20.155989  0.169932  2.935792  0.127437
2151  1760.886073  1713.250029  18.977994  0.061550  2.398840  0.113786
2152  1227.290237  1742.560667  17.129240  0.044940  2.025515  0.039863
2153  1783.508935  1536.738264  18.495823  0.055163  1.919895  0.057401
2154  487.393139  919.167948  17.885031  0.099408  1.541327  0.083137
2155  996.780542  162.569495  18.563437  0.077076  1.988913  0.068234
2156  571.028831  1318.835756  17.556075  0.061792  1.471947  0.069266
2157  1264.450372  440.852501  17.016599  0.089572  0.926061  0.052265
2158  803.655475  1721.445484  15.535554  0.046536  0.105376  0.040639
2160  1376.465722  235.538024  16.833088  0.099070  1.714800  0.053268
2161  870.711644  1118.348451  18.287828  0.050355  1.989987  0.085017
2162  1278.049542  939.268073  16.811565  0.049559  0.990542  0.050725
2163  804.991260  784.168590  16.713793  0.045149  1.051056  0.039942
2165  876.558381  1827.135939  16.922656  0.044934  1.885756  0.050683
2166  1521.318328  393.172287  14.704272  0.084327  -0.220868  0.078010
2167  1049.439747  966.745914  16.978670  0.033356  1.094551  0.075121
2168  429.735001  817.928582  16.673733  0.051549  0.840192  0.045154
2169  1233.120757  414.477823  16.120026  0.039169  0.350477  0.032382
2171  1185.371798  1861.924716  18.166841  0.066746  1.612000  0.072750
2172  1655.870571  1746.403837  17.772358  0.108029  1.406576  0.082667
2173  334.736145  1825.528533  19.442662  0.093016  2.574662  0.097988
2174  1369.194338  1889.195565  16.603723  0.061063  0.948909  0.054806
2175  1381.733133  1017.557304  16.417930  0.044206  0.901953  0.082588
2176  1190.538240  71.737455  17.195018  0.034222  1.304878  0.114349
2177  907.025682  1423.185378  16.628384  0.096083  1.020783  0.031809
2178  1775.082951  164.588193  19.649964  0.097917  2.867241  0.096401
2179  325.065693  1440.830996  18.809838  0.059940  2.004058  0.093715
2180  752.180594  1839.482552  18.609081  0.118108  2.255227  0.094803
2181  9.220328  1169.341461  18.205116  0.057767  1.850240  0.107520
2182  99.937490  474.972567  17.814762  0.061730  1.415227  0.043139
2183  260.848104  1631.779568  17.463076  0.057794  1.445564  0.061660
2184  1198.069907  1732.821334  17.018775  0.061509  1.038779  0.043251
2185  1887.354313  1503.682382  18.404066  0.080186  1.908816  0.085971
2186  1304.881630  1915.038991  16.134865  0.042825  0.446851  0.050540
2188  1882.371288  1723.522372  19.905771  0.179967  2.658559  0.123273
2189  65.907054  1799.525934  16.516038  0.074774  0.836652  0.031195
2190  304.634675  583.529248  19.497981  0.163135  2.641281  0.147145
2191  1930.453916  589.368102  17.607484  0.094131  1.522141  0.058600
2192  1435.840721  781.434370  16.482530  0.071819  0.488392  0.050924
2193  424.269424  583.232797  19.774733  0.078243  2.368552  0.170636
2194  1476.370255  1152.154794  17.323556  0.065337  1.071717  0.062328
2195  857.191067  2006.152167  17.882661  0.147089  1.193538  0.065775
2196  261.901162  1789.709178  17.002068  0.060078  0.603807  0.061650
2197  1154.457993  990.348652  15.699430  0.038530  0.022849  0.071490
2198  1956.579745  1501.321256  19.720818  0.211769  2.177885  0.095262
2199  567.189784  384.475239  20.525261  0.179447  2.856165  0.138138
2200  1923.057045  930.916596  16.390934  0.051082  0.513442  0.060809
2201  82.563486  327.642784  18.361609  0.093190  1.573248  0.087412
2202  587.100885  1517.067031  18.320703  0.091050  1.440496  0.083257
2203  1088.912653  1741.500691  17.668737  0.067899  1.252962  0.038156
2204  1137.450491  593.774532  18.077218  0.048746  1.344216  0.078772
2205  522.212953  814.899608  17.062723  0.037434  0.693590  0.033986
2206  1215.681854  1945.576407  20.122856  0.119808  2.713742  0.136141
2207  1968.645895  282.300040  17.974557  0.074832  1.370627  0.062727
2209  507.513062  948.121208  18.046152  0.057232  1.438445  0.090682
2210  392.263470  1008.695956  21.229696  0.197007  3.003730  0.224351
2213  435.343972  405.376798  16.800139  0.042819  0.776680  0.047718
2214  808.092293  686.276021  20.801847  0.149844  3.213837  0.159307
2215  1363.660321  632.237260  16.403625  0.069426  0.557424  0.034807
2216  824.927716  1413.845851  17.657828  0.070139  1.056758  0.078635
2217  1496.029557  806.672748  20.159108  0.138548  2.500033  0.156748
2218  1661.317656  1821.720022  20.357761  0.107430  2.504757  0.110895
2219  458.108254  1737.337409  20.437212  0.214392  2.325330  0.244785
2220  1985.761991  96.037883  17.781719  0.090656  1.166735  0.077151
2225  1572.246575  973.165580  19.433061  0.104432  2.229516  0.095584
2226  1223.599204  1416.157866  15.992934  0.033313  0.140322  0.033314
2227  1568.880988  1468.994501  16.459641  0.046294  0.468387  0.042999
2228  1339.366208  1698.419222  18.023069  0.091239  1.408921  0.050324
2229  484.047091  1385.424618  17.879503  0.066831  1.103810  0.073849
2231  237.958696  1701.435253  18.599719  0.107324  1.702235  0.086063
2232  1079.849966  1309.315789  16.408282  0.065570  0.421683  0.049752
2233  1307.563584  196.185522  18.954288  0.127257  1.775645  0.167437
2234  4.796917  1946.467415  15.668544  0.059498  -0.006942  0.030796
2235  1709.423870  827.262722  19.118196  0.088266  2.031158  0.151962
2236  36.480611  702.092338  17.224220  0.060694  1.122898  0.041682
2237  519.129675  1196.632860  17.246896  0.099235  0.912362  0.039014
2238  563.837580  1393.141535  17.748962  0.039766  1.278461  0.054399
2239  992.235205  755.192367  16.032418  0.069793  0.274694  0.066912
2241  294.749025  1626.491839  16.898468  0.072464  0.658076  0.041259
2242  824.981787  1296.797256  18.298726  0.124412  1.579009  0.078508
2243  635.105693  796.513056  21.166964  0.123667  2.947264  0.141522
2244  1326.286962  708.182633  17.487754  0.064824  1.062322  0.055110
2245  1594.821865  120.616641  20.604426  0.142082  2.640785  0.154934
2246  1082.832883  546.017476  16.748611  0.037029  0.652785  0.044033
2247  727.744297  1279.034980  18.001738  0.086325  1.317710  0.094090
2248  1389.829288  181.384702  19.299547  0.112647  1.959326  0.124553
2250  1789.226833  931.235437  17.581703  0.108462  0.995379  0.053659
2251  1651.350607  797.217838  18.303515  0.061738  1.549870  0.069708
2252  791.934086  1439.274450  16.021085  0.032839  0.045641  0.037575
2253  1279.125582  866.487121  17.647172  0.108979  0.938479  0.100465
2255  1133.060342  26.259892  16.604529  0.051228  0.678225  0.097630
2256  892.129244  276.362828  17.352695  0.104283  1.131516  0.085146
2257  1434.124421  901.055212  20.727281  0.156025  2.587578  0.158465
2258  895.472456  1345.238935  19.649461  0.074227  2.291601  0.103864
2259  1585.384537  1636.851874  17.218856  0.035997  0.946222  0.048293
2260  165.521906  1314.659714  19.459966  0.064890  1.730791  0.177436
2261  1220.737388  1752.470519  17.305008  0.039035  0.982841  0.052454
2262  1618.173206  945.015577  17.596820  0.108511  1.523590  0.085589
2263  67.484417  1946.686646  15.820661  0.042075  0.042029  0.066463
2264  975.853084  1760.524975  17.333470  0.070030  1.738635  0.044403
2265  808.594790  28.043240  17.675315  0.059135  1.238346  0.102438
2267  1824.472482  552.237013  17.946778  0.061135  1.016422  0.066729
2268  19.083878  1019.648405  17.342214  0.050125  0.537944  0.088297
2269  1892.847363  663.362473  16.293331  0.032290  0.256412  0.095420
2270  514.432737  1959.032366  18.214071  0.113844  1.059646  0.064187
2272  374.835786  80.599520  20.666532  0.111479  2.659210  0.167150
2273  1829.310513  1871.676127  18.888619  0.104732  1.498951  0.088978
2274  1864.043923  713.067810  17.933776  0.081361  0.949586  0.044868
2275  792.784954  1023.233340  17.975792  0.074515  1.557283  0.058564
2277  959.418602  1346.866445  19.358172  0.076652  1.871889  0.133658
2278  322.028327  1990.269748  19.376685  0.112550  1.830017  0.074224
2279  8.063179  265.346434  18.456163  0.048476  1.789109  0.067786
2280  675.454584  1380.629533  20.386838  0.177102  2.325947  0.193271
2281  297.605179  1698.416409  17.898014  0.065335  1.167490  0.049385
2282  950.765781  1595.723572  18.444082  0.103108  1.299845  0.048125
2283  265.897499  142.664595  18.445433  0.059718  1.442204  0.086675
2284  1550.111960  376.586765  18.529394  0.063653  1.464051  0.052406
2285  1790.407874  1536.444878  20.521129  0.136729  2.478137  0.125572
2286  171.112160  1072.578766  17.951762  0.133166  0.920697  0.053669
2287  1445.791653  268.480447  18.746218  0.080853  1.272086  0.107981
2288  96.687103  1378.738056  18.425302  0.049386  2.390399  0.066780
2289  24.215268  1723.692581  18.573240  0.139765  1.393607  0.057746
2290  992.916489  556.929535  18.342670  0.118838  1.133549  0.052166
2291  604.173924  1493.660241  17.961732  0.098130  1.097173  0.044151
2292  909.576889  1084.716737  17.593951  0.045489  0.802178  0.091366
2293  566.362556  954.953340  18.073338  0.044133  1.148080  0.069531
2294  946.249063  1814.418470  18.311905  0.054193  1.367275  0.098017
2295  899.801455  1643.879582  18.500664  0.085563  1.052188  0.067089
2296  1673.267663  1624.531761  17.950369  0.049311  1.047513  0.086657
2297  2022.596204  1386.114859  21.366923  0.127743  2.932647  0.132272
2298  1123.261811  311.218226  17.777129  0.059549  1.350197  0.062892
2299  1131.222700  1458.504898  19.810720  0.209650  1.981185  0.095180
2300  1696.019153  552.489984  18.148422  0.116359  1.143788  0.071093
2301  791.328309  1995.128600  17.918561  0.043089  1.792568  0.062719
2303  989.179077  311.290438  18.603434  0.107745  1.079520  0.183485
2304  44.066820  129.797950  17.581937  0.069079  0.600032  0.049817
2305  431.987741  1732.881281  15.813327  0.044391  -0.106679  0.037528
2306  1684.205558  523.821716  20.559996  0.093486  2.267420  0.125616
2307  201.963567  1690.019461  17.594099  0.087150  1.130347  0.122926
2308  573.403008  1188.907483  18.629858  0.077786  1.556154  0.079330
2309  1680.305309  962.442941  18.196115  0.129862  0.880733  0.062855
2310  817.205882  150.036619  19.083843  0.106758  1.486637  0.076129
2311  726.411562  413.226523  17.175982  0.044300  0.611052  0.050245
2312  1463.164789  173.981965  20.463130  0.185169  2.287387  0.098593
2313  1775.174489  326.544071  17.771689  0.078178  1.586381  0.056250
2315  1453.719490  1989.821898  18.084161  0.090812  1.010626  0.107573
2316  1862.860942  752.793055  17.104656  0.076496  0.372941  0.037690
2317  1255.729310  1720.712482  18.278696  0.128508  1.516844  0.081820
2319  224.171872  1632.215734  19.301800  0.124165  1.865662  0.101807
2320  1648.245995  1268.547590  19.919535  0.078310  2.279433  0.146987
2321  915.525243  923.820017  18.072480  0.100642  1.638140  0.138502
2322  1568.588021  1673.550755  17.838994  0.100440  0.831630  0.114099
2323  21.635909  1411.109765  18.203603  0.096253  1.154742  0.080226
2325  911.823707  1966.202197  18.221792  0.090792  1.238834  0.089807
2326  1241.860717  405.814418  15.896171  0.078306  -0.112299  0.047814
2327  993.354654  256.596387  17.775705  0.088672  0.994418  0.078553
2328  367.449895  566.800297  18.102432  0.046648  1.147923  0.045064
2329  865.398002  401.164296  18.088770  0.068054  1.206255  0.048312
2330  398.162604  967.533073  16.729467  0.045896  0.244538  0.048771
2331  790.590558  732.524421  18.905251  0.055936  1.603312  0.068418
2332  1773.382568  687.994272  18.057728  0.054120  1.128092  0.063280
2333  281.589496  955.763039  20.214692  0.103942  2.457738  0.135717
2334  1163.699372  191.950360  20.526888  0.193555  2.216470  0.219623
2335  1808.838919  537.203867  17.996051  0.068040  1.570632  0.118671
2336  1831.680137  901.885348  18.495745  0.077618  1.519627  0.097585
2337  1090.083334  817.433320  19.843199  0.127101  2.224471  0.154965
2338  1232.706113  1155.344326  18.405053  0.131434  1.291132  0.058174
2339  105.140924  1899.768799  17.107161  0.081133  0.629932  0.085219
2340  1857.453022  305.251301  19.728059  0.141572  1.970192  0.074677
2341  232.571148  292.830764  18.140230  0.088674  1.184029  0.066861
2342  1530.727551  1763.351105  17.828362  0.044827  0.607005  0.072775
2343  976.580479  17.367767  17.827905  0.064398  1.208902  0.054111
2344  1000.126498  100.505739  16.063286  0.030942  -0.216653  0.042103
2345  154.242783  458.461954  18.589891  0.054606  1.447003  0.062203
2346  1448.830629  680.858402  18.255857  0.083762  1.018871  0.046728
2348  1467.538283  146.598010  17.141070  0.039215  0.624294  0.063002
2349  584.897711  1835.183381  19.613637  0.106998  1.865319  0.080040
2350  1969.061380  1483.637208  19.343270  0.094199  1.704627  0.175810
2351  1523.171103  175.708438  19.879658  0.260463  2.116082  0.196462
2352  1234.612617  1047.400072  18.125673  0.064108  1.039123  0.099912
2353  938.203629  347.697819  17.940377  0.043419  1.972032  0.079451
2354  2018.659529  601.807041  17.442310  0.076549  0.961905  0.043371
2355  1242.635872  836.288037  18.398246  0.091974  1.570832  0.050107
2356  1486.004939  1828.139195  17.328384  0.071629  0.773600  0.045211
2357  2035.668168  1215.792490  16.019561  0.032829  -0.027922  0.039826
2358  347.651478  51.284357  18.471526  0.061274  1.413281  0.109887
2359  556.772025  1031.370700  19.273301  0.122899  1.864581  0.092547
2360  1087.648224  1135.984748  17.649400  0.065022  1.033232  0.051282
2361  544.889763  1938.368786  17.675421  0.054637  0.637917  0.070352
2362  1215.928846  229.142997  17.524474  0.158291  0.757099  0.063936
2363  1747.614088  934.573997  16.827098  0.058798  0.455831  0.033692
2364  697.097371  1474.706948  16.969133  0.062245  0.354499  0.053270
2365  1225.140308  756.932166  18.141737  0.094185  2.136829  0.083237
2366  74.935362  964.143595  18.130415  0.061206  1.052070  0.059919
2368  1594.792967  676.915834  18.764075  0.076229  1.265159  0.052722
2369  1534.899094  369.996481  19.271166  0.098350  1.814598  0.076397
2370  154.983932  1596.692375  18.419355  0.121095  0.949037  0.115215
2371  1936.330177  952.946966  17.756642  0.042339  0.417502  0.056615
2372  877.543911  190.323752  20.739811  0.278548  2.977957  0.247374
2373  1681.070895  476.827673  18.812906  0.090911  1.262211  0.149439
2374  1929.589500  254.900970  19.367213  0.196272  1.536468  0.164878
2375  1105.972351  1831.566324  18.688443  0.083552  1.031725  0.074741
2376  197.495071  1611.023677  19.191641  0.118266  1.098463  0.068142
2379  1929.327356  426.278356  18.833717  0.053435  1.066785  0.059392
2380  77.071893  1484.951864  17.336837  0.054318  0.107465  0.052859
2381  1995.041003  1764.641584  18.592399  0.068182  1.003394  0.084082
2382  1067.136436  1888.023197  18.881162  0.084112  1.393728  0.077226
2383  152.143137  32.932796  18.326189  0.063291  1.161787  0.118222
2384  1688.767581  198.350477  19.000063  0.067668  1.294968  0.060440
2385  866.095413  1028.230901  19.441317  0.150836  1.368905  0.152899
2386  1220.933958  143.306602  18.198348  0.055786  0.883663  0.105701
2387  1869.171124  414.431809  18.777321  0.051054  1.929369  0.100428
2388  865.938465  460.082229  20.714183  0.248552  2.379863  0.095109
2391  906.360770  1261.244370  17.146415  0.049465  0.124847  0.044462
2392  388.969087  895.270705  19.032184  0.159238  1.213937  0.163764
2394  316.254195  1033.887765  19.602984  0.133884  1.706626  0.102555
2395  558.122540  398.567136  20.707604  0.236165  2.056349  0.134251
2396  1642.656390  1950.830267  18.637726  0.084437  1.335884  0.154504
2397  596.809037  324.544650  17.920732  0.042406  0.566761  0.047739
2398  1400.854108  466.129763  20.085290  0.208157  2.104337  0.262218
2399  963.492022  182.245433  18.513613  0.086881  1.039638  0.062968
2400  865.977735  849.291198  20.892015  0.135709  2.095024  0.121718
2401  171.178641  1699.680720  19.457580  0.113177  1.423020  0.094560
2402  1827.175676  1096.710375  18.815839  0.081799  1.272996  0.070927
2403  1489.551085  1359.318965  19.489685  0.103348  1.682009  0.113763
2404  564.598179  1118.946200  19.347745  0.118533  1.480744  0.074838
2405  1063.015727  1728.492753  18.918664  0.087796  2.458041  0.063598
2406  1285.515066  916.139833  18.825555  0.061439  1.200714  0.058127
2407  664.205256  1454.037736  17.249670  0.072233  0.480641  0.053944
2408  1076.997093  2019.786439  18.161669  0.088935  0.849940  0.057795
2409  143.527493  594.353609  17.321476  0.062143  0.445369  0.040888
2411  50.785291  881.951127  18.549284  0.052252  1.097804  0.070641
2412  546.287158  25.398588  18.722843  0.060805  1.007498  0.063288
2413  923.466306  310.020174  18.482253  0.085573  1.269693  0.059242
2414  992.715073  1167.609850  19.299513  0.086550  1.429389  0.063500
2415  1521.772367  1092.272424  18.837305  0.058014  1.090272  0.081468
2416  1169.955949  693.804660  18.881595  0.116852  2.318230  0.089177
2417  481.299860  679.681007  20.932840  0.135441  2.249061  0.247487
2419  436.480078  798.146612  18.605598  0.111803  1.081617  0.073698
2420  151.504053  7.662904  18.941078  0.125391  1.026286  0.132804
2421  1306.009943  1271.326663  18.463070  0.064039  0.908612  0.053126
2422  708.623210  1162.653981  16.773663  0.044510  0.069425  0.042494
2423  214.495482  1386.632598  18.370579  0.088523  0.837295  0.132301
2424  455.198030  353.276062  19.237550  0.118382  1.377104  0.079837
2425  1479.614419  2003.993747  18.314757  0.056625  0.974805  0.111375
2426  1543.317386  872.359641  19.142008  0.160847  1.351297  0.138956
2427  661.679023  175.380891  18.566350  0.113012  1.022392  0.051144
2428  1038.171314  1342.768204  17.785656  0.040197  0.719724  0.074807
2429  19.557038  1645.260354  18.853190  0.107389  1.421062  0.111707
2430  242.598948  1613.043962  19.042130  0.125316  1.218254  0.132581
2431  1406.542324  435.297764  19.454329  0.090812  1.646505  0.118585
2432  505.829220  397.395074  19.887177  0.075183  1.950207  0.113576
2433  23.935623  1668.846751  19.960248  0.185254  2.180383  0.086955
2434  278.016461  1254.910846  18.974796  0.129121  0.844316  0.157806
2436  676.224457  1052.868608  19.678351  0.102828  1.644770  0.124593
2437  428.573441  1454.100362  18.778238  0.099381  1.341969  0.120150
2439  354.235279  1956.256471  18.276208  0.055895  0.930146  0.096623
2440  1621.837759  1756.679625  18.379362  0.049795  1.094530  0.080782
2441  1676.561619  716.480872  18.625057  0.105215  1.482022  0.051508
2442  1158.445446  950.417227  18.409164  0.091071  1.007023  0.072424
2445  535.919193  1075.468948  16.392698  0.034488  -0.246812  0.039168
2446  728.891679  420.611200  18.808929  0.079529  1.423018  0.065000
2447  1495.934690  723.543678  20.589432  0.192624  1.790303  0.123784
2450  1256.634527  1648.134311  18.703027  0.153755  1.540819  0.091969
2451  1472.493373  1326.288962  19.027945  0.095302  1.983629  0.190135
2452  1211.443513  1674.950112  19.179071  0.146918  1.380883  0.125301
2453  1940.826432  178.415870  19.928702  0.124425  1.611758  0.108937
2454  176.480854  1181.536725  19.017773  0.083138  2.416549  0.080135
2455  1714.056909  506.042589  18.044121  0.050905  0.785584  0.071569
2456  1547.422004  1208.546536  18.826812  0.101788  1.168524  0.096007
2457  702.002199  491.355190  19.486649  0.089605  1.377840  0.146569
2458  1011.105291  707.179924  18.381185  0.110359  1.126576  0.052333
2459  1952.030968  934.002959  17.546957  0.043137  0.304497  0.056580
2460  926.276434  1943.893142  19.925655  0.228472  1.966174  0.091244
2461  317.358620  1236.977371  18.619060  0.081246  1.515644  0.090385
2462  1692.868002  1698.748678  18.844044  0.141313  1.431937  0.071995
2463  1153.389016  229.639455  19.105147  0.059090  1.367401  0.065895
2464  5.457581  990.524856  18.074941  0.061769  0.900735  0.087235
2465  411.333890  1054.068557  16.902821  0.046406  -0.031027  0.036329
2466  1272.849846  1798.993324  17.263121  0.036165  0.167156  0.058463
2467  738.080805  499.081357  19.031717  0.135864  1.082634  0.086174
2468  958.258167  1285.642616  19.414711  0.160817  1.507389  0.115889
2469  367.632608  1374.645423  19.139376  0.100189  1.689801  0.218918
2470  935.232453  1140.888475  18.717842  0.103770  1.584921  0.051854
2471  1870.475998  1715.349360  18.948270  0.074548  1.260379  0.076476
2472  310.565136  326.764689  18.805531  0.059363  0.986565  0.112496
2473  1761.647175  782.176517  19.789448  0.178413  1.559904  0.129146
2474  267.172199  1309.287457  18.333539  0.072785  0.965740  0.110283
2475  66.394446  302.181472  18.906004  0.055910  1.218581  0.098359
2476  90.811684  1619.303524  19.957400  0.141908  1.760246  0.149446
2477  353.631166  1634.904056  17.985478  0.052718  0.769200  0.076900
2478  502.668160  857.190656  19.704813  0.093737  1.714880  0.098045
2480  398.161576  479.163808  18.671610  0.079765  1.109087  0.130582
2481  106.675222  906.784672  20.712038  0.358720  2.288333  0.183432
2482  533.805253  1623.284206  18.730786  0.143655  1.744751  0.064016
2483  1473.047247  816.774119  19.147513  0.079434  1.370156  0.142221
2484  335.732213  1708.072826  18.810484  0.054288  1.426456  0.052157
2485  591.160805  1338.329055  18.539164  0.128381  0.976404  0.049005
2486  1855.495007  1053.006344  20.367096  0.111421  2.137481  0.195403
2487  466.829775  1836.072882  19.466145  0.146064  1.548098  0.150323
2489  252.574760  205.861588  18.744444  0.106997  1.179380  0.074219
2490  638.297330  907.900469  17.269045  0.087800  0.139517  0.053737
2491  410.128619  1022.586423  19.133199  0.057881  1.351010  0.068641
2492  861.174497  18.644807  19.461310  0.083322  1.367598  0.151656
2493  942.906521  297.091575  19.334298  0.096104  1.310634  0.156845
2494  1346.329627  1464.831265  19.502904  0.122084  1.174183  0.104060
2495  905.314186  713.255388  18.843645  0.086563  0.944174  0.202496
2496  416.892839  1744.451666  19.175684  0.079072  2.106633  0.102217
2497  1065.167490  1206.727172  18.742853  0.078056  1.024298  0.062860
2498  240.178526  674.398876  20.461651  0.191470  1.912881  0.185900
2499  1200.862426  1893.349633  20.595150  0.175402  2.403067  0.146848
2500  1580.126241  839.508340  18.472819  0.084904  0.950432  0.062820
2502  1627.953677  117.154744  20.734387  0.191170  2.164519  0.126514
2503  1702.740426  855.982945  18.701184  0.080597  1.744505  0.067406
2504  1657.311619  1951.902608  19.602604  0.088552  1.483895  0.128027
2505  1562.077092  688.895536  19.413407  0.101805  1.685980  0.084863
2506  73.338769  756.636499  20.029874  0.198417  1.822838  0.093829
2507  1750.440733  173.992266  18.614903  0.058252  0.857535  0.080791
2508  1731.358459  862.872992  19.375550  0.107468  1.878653  0.083759
2509  1394.185175  551.723978  17.961380  0.069473  0.584868  0.053009
2511  1649.134841  1970.681039  19.337511  0.070796  1.535594  0.069012
2512  720.958302  1837.229452  20.549712  0.094732  2.129651  0.108781
2514  812.808673  1458.930616  17.709612  0.084950  0.085547  0.048327
2515  679.205759  1936.718363  19.746810  0.070517  1.280370  0.134038
2516  603.742271  73.467734  19.215548  0.100936  1.273524  0.076226
2519  255.224206  1362.453350  17.424145  0.054929  0.265249  0.094553
2520  1457.230587  591.236484  19.486109  0.189917  1.377416  0.176988
2521  497.106686  843.558246  19.124320  0.086288  1.110012  0.076491
2522  193.547850  1002.940487  18.896688  0.122937  0.952402  0.092002
2523  1972.297042  971.806455  19.479619  0.063235  1.212637  0.087644
2524  1586.197309  852.249236  17.441534  0.088731  0.073331  0.107436
2525  1036.288035  1233.329281  16.769393  0.035952  -0.299325  0.087261
2526  947.516847  1783.801632  19.558834  0.111365  1.513502  0.100321
2527  1931.294461  1746.864662  20.971461  0.141285  2.184989  0.314628
2528  2001.140214  1540.449078  20.536857  0.134884  1.733706  0.237520
2529  1264.533628  518.861286  19.675396  0.084913  1.909441  0.105891
2530  364.161753  581.261209  20.203694  0.100428  1.699417  0.156514
2531  83.291285  1316.851400  19.135128  0.066863  1.096054  0.176140
2534  1953.644935  1513.669152  17.548576  0.076447  0.070354  0.064549
2535  357.348257  1048.234216  19.280200  0.138925  1.111199  0.160616
2536  706.796275  467.734841  18.774696  0.058512  0.700259  0.077750
2537  1094.123574  531.628803  19.346579  0.141975  1.270030  0.086206
2538  933.890235  1691.776039  19.472913  0.104123  1.492354  0.070455
2539  689.860898  1924.541492  19.313647  0.114462  1.247401  0.115328
2540  952.788604  8.048883  16.890813  0.044606  -0.022907  0.075488
2541  726.421144  1849.109365  19.842654  0.126459  1.390757  0.093803
2542  401.694199  1580.878477  19.715817  0.081058  1.385536  0.086705
2544  1141.035009  1431.316627  19.146860  0.089729  1.740888  0.138565
2545  174.342172  1364.714952  17.459108  0.066658  0.169275  0.062566
2547  87.207778  1964.841587  20.288870  0.440612  2.076824  0.252799
2548  327.687192  522.825912  19.102588  0.058271  1.013966  0.063775
2549  1849.036255  421.378827  19.018937  0.179684  1.243188  0.081918
2550  100.773101  1748.444137  20.326719  0.140002  1.606044  0.113336
2551  10.719487  1984.352458  20.030459  0.103695  1.556019  0.086510
2552  1674.321186  1548.391489  19.648586  0.088580  1.341938  0.126454
2553  593.625552  870.249148  18.257360  0.098453  0.400018  0.082634
2554  2013.263785  859.756882  19.254132  0.103171  1.783066  0.198075
2555  805.556933  1514.191082  19.001394  0.117149  1.281276  0.074932
2556  2005.931800  535.153807  18.448359  0.071885  0.801552  0.056498
2557  1846.461838  889.072069  18.170145  0.062274  0.704313  0.050215
2558  1673.409419  220.857015  19.721725  0.206301  1.440027  0.143336
2559  1713.843517  1930.980849  19.161439  0.065200  1.360699  0.092617
2560  1466.225666  1574.652925  19.413240  0.130651  1.006609  0.184104
2561  1966.850528  1402.640851  19.487217  0.086819  1.966768  0.097817
2564  1313.393233  1849.389631  19.981819  0.088349  2.387395  0.145492
2565  1186.650055  796.625381  20.248443  0.175471  1.672974  0.160018
2566  1894.462420  682.053507  19.754586  0.169387  1.242816  0.119346
2567  793.704131  1704.235917  18.229469  0.063133  0.509455  0.056552
2568  662.921641  1956.571726  20.276423  0.112356  1.839381  0.148580
2569  1321.472323  2.627615  18.518357  0.058615  0.551441  0.061683
2570  1243.327524  152.399121  18.894197  0.129821  1.147339  0.122504
2571  1750.064456  441.397500  19.450916  0.139430  1.976269  0.071346
2572  2002.270720  1339.734917  17.780508  0.086950  0.257543  0.064031
2573  1941.886666  815.967290  18.085568  0.066910  0.305035  0.061855
2574  1822.702518  1258.473064  19.231816  0.086748  1.150444  0.097178
2575  1611.325507  1100.202868  19.674425  0.119042  1.368753  0.079962
2576  702.049655  1980.042046  19.449717  0.116282  1.764017  0.107182
2577  1619.767609  981.992926  20.486349  0.111523  1.616165  0.119887
2579  1431.027475  850.277342  19.290453  0.059731  1.285102  0.214478
2581  1428.916286  1113.502526  18.212706  0.047482  0.527261  0.114834
2582  623.933872  1908.825897  18.805789  0.075371  0.949046  0.055423
2583  1450.611073  830.109555  21.219172  0.113943  2.066770  0.185928
2584  1985.126649  1607.161226  17.749829  0.056174  0.389461  0.077641
2585  1805.348166  600.781298  20.648546  0.174572  1.713847  0.247557
2586  407.697188  927.854952  19.019583  0.085993  1.262332  0.213115
2587  912.777203  69.591660  19.420446  0.190161  1.329295  0.144118
2589  1582.361466  242.730312  18.853030  0.064335  0.835742  0.144941
2590  1338.096978  245.230684  18.715409  0.087874  0.570810  0.145551
2592  947.097231  628.261541  17.288200  0.075470  -0.061861  0.112285
2593  407.282176  1253.920890  19.463476  0.076365  1.259603  0.062303
2594  235.832823  509.787380  20.535138  0.137349  1.714300  0.097096
2595  57.654507  1261.969531  20.405666  0.210067  1.638732  0.100680
2597  1787.281077  429.675642  18.670376  0.142042  0.545750  0.081085
2598  28.618182  199.941661  17.884740  0.074756  0.264390  0.042299
2599  561.333783  1411.398345  19.828363  0.132161  1.444958  0.172749
2600  566.688240  1106.753089  20.512786  0.224411  1.852083  0.242558
2601  1781.991392  2011.651274  19.036452  0.133343  0.976806  0.077306
2602  680.635863  1343.320048  19.108437  0.092100  1.001418  0.086912
2603  1330.180259  798.911952  18.076860  0.043710  0.626455  0.057664
2604  362.421197  1318.280985  19.286931  0.113111  0.832413  0.099850
2605  770.780490  572.888743  19.538679  0.092104  2.057185  0.111380
2606  137.717826  485.346937  17.691951  0.075769  0.382446  0.069527
2608  2010.515334  884.207449  19.406255  0.115570  1.147283  0.157121
2610  1274.094277  128.442650  19.594985  0.089688  1.271085  0.085111
2611  1255.184056  970.589089  19.888106  0.170116  1.742508  0.131148
2612  1525.304317  1212.717608  20.411302  0.095416  1.598008  0.182304
2613  940.088723  1305.573022  19.156447  0.063306  1.236442  0.064431
2614  1930.014785  1299.819011  18.076516  0.043520  0.518546  0.055830
2615  891.168118  1676.756730  20.300106  0.130316  1.920714  0.134494
2616  1867.654129  1332.060591  19.330804  0.098173  1.328993  0.089694
2617  1251.080977  386.417112  18.911646  0.072856  1.055154  0.091498
2618  1061.320817  2007.379368  19.554662  0.067375  1.092944  0.124078
2619  685.352645  1018.606559  20.332750  0.228824  1.590100  0.161546
2620  79.136335  644.270720  19.276631  0.115709  1.119401  0.093005
2621  1463.653412  1509.101295  19.674536  0.107663  1.336615  0.100981
2622  673.942596  1661.445516  16.759480  0.069386  -0.220076  0.052822
2623  769.582964  104.790560  19.630759  0.147371  1.080301  0.127757
2624  141.144127  778.134077  19.064522  0.154274  1.273507  0.075541
2625  491.817475  1030.186042  19.861996  0.100333  1.704157  0.082290
2626  143.146600  982.656363  19.255674  0.074444  1.234873  0.086554
2627  2030.244359  1883.182039  19.833069  0.105869  1.458771  0.122650
2628  1858.929276  1255.831502  19.754371  0.150337  2.102027  0.076893
2629  1998.276218  1805.572250  20.119087  0.147623  1.518049  0.121268
2631  1598.600392  1134.325306  18.727434  0.055593  0.588223  0.109697
2632  506.432524  799.200741  19.016956  0.103841  1.361202  0.057381
2633  1039.135265  1990.926487  19.240214  0.067787  0.776266  0.221591
2634  71.810475  496.741009  19.516318  0.181876  2.548611  0.154234
2635  868.094035  357.824588  19.337847  0.125396  1.127689  0.100203
2636  1322.261491  247.148006  21.157846  0.261577  1.429919  0.404721
2637  1068.569022  1333.429863  18.909368  0.094723  0.905148  0.130704
2640  436.576699  484.118793  18.705778  0.063867  0.673728  0.093835
2641  1500.691482  1064.512257  19.187845  0.088224  1.084839  0.061176
2642  284.717546  852.863312  19.716183  0.126925  2.131500  0.093004
2643  1817.186176  1031.542473  19.590800  0.218867  1.354748  0.080862
2644  46.154779  125.703468  19.676329  0.074391  2.140618  0.113491
2645  992.892650  1741.521789  18.231165  0.193887  0.630510  0.119000
2647  78.690229  436.431267  18.945749  0.147109  0.928140  0.062387
2648  415.360455  1732.921570  19.236638  0.061137  0.976546  0.142798
2650  1344.687038  1855.949806  18.734713  0.051007  0.886497  0.063872
2651  612.647697  315.672937  19.300599  0.068579  1.278032  0.121981
2652  540.833368  1114.960419  17.026505  0.081084  -0.328481  0.062463
2653  420.322721  934.677169  19.363373  0.088984  1.369940  0.130642
2655  434.656098  207.519697  16.696277  0.101531  -0.376431  0.032437
2658  954.623024  1802.993025  19.426201  0.065879  1.176972  0.111977
2659  327.707952  1902.023677  19.123967  0.068586  0.870715  0.168337
2660  693.945652  277.706292  20.514509  0.148493  1.844858  0.233496
2661  55.637753  1629.873350  19.994503  0.079935  1.485652  0.124961
2662  1995.601658  1716.023170  19.692850  0.070948  1.566405  0.133821
2663  1719.997550  322.222075  19.386495  0.092093  2.271333  0.080442
2664  212.904336  1181.009733  20.336294  0.121870  1.856757  0.140653
2666  321.318337  1126.086228  19.376836  0.136103  1.054858  0.115645
2668  1440.441194  226.228786  19.538053  0.078217  2.010773  0.099384
2669  588.718074  1873.351285  18.636655  0.103414  0.924968  0.090811
2671  1109.029193  29.659898  18.854466  0.066803  0.984350  0.072831
2672  218.781983  680.371274  18.019547  0.061858  0.549100  0.118140
2673  1545.105146  1027.297339  20.237476  0.171839  1.522179  0.113176
2674  373.823731  1725.316236  19.109045  0.089046  0.930186  0.070778
2676  1526.580415  1800.453304  21.297569  0.212777  2.088792  0.144472
2677  1681.748466  1732.999571  19.127504  0.118180  1.143114  0.105912
2678  1548.428084  768.362811  19.320805  0.085188  1.107788  0.073591
2679  702.660418  871.580692  18.367712  0.056843  0.640279  0.134830
2680  687.122060  883.482531  20.141228  0.153491  1.491561  0.104552
2681  898.305568  1735.366764  19.266834  0.080547  1.515589  0.128423
2682  1097.703932  347.903848  19.588241  0.085464  1.149330  0.070097
2683  133.347980  415.602802  19.474163  0.182959  1.040697  0.065766
2684  1028.978802  707.126155  19.189340  0.118655  1.305648  0.075956
2686  2017.452648  1540.527399  19.385262  0.161039  1.120197  0.117266
2687  596.551301  794.291413  20.195170  0.261908  1.462810  0.182522
2688  676.142437  1382.700073  18.888621  0.069099  0.975395  0.100616
2689  1929.627191  1017.826330  19.315418  0.077316  1.434314  0.132632
2690  220.546518  1135.965924  18.920949  0.113505  1.053013  0.059336
2691  817.428105  933.620145  19.428527  0.160952  1.709029  0.127582
2692  1253.602902  1052.706429  20.879851  0.132998  2.408136  0.265626
2693  1458.278289  7.538667  19.579970  0.117605  1.761024  0.145406
2694  1752.474201  450.740729  19.538673  0.091617  1.091267  0.109193
2695  1854.536219  268.174209  19.902291  0.121491  1.511624  0.118983
2696  618.701621  495.695646  19.312704  0.110003  1.290841  0.085706
2697  1017.405975  1363.529338  19.039228  0.058874  1.057161  0.111385
2698  886.898855  617.373022  19.670080  0.085937  1.309415  0.066262
2699  394.357139  1025.676226  20.387908  0.101890  1.637899  0.260235
2701  671.623376  1052.012228  20.102101  0.129256  2.365252  0.112142
2702  1312.878654  202.339564  20.304375  0.211940  1.267904  0.092445
2704  801.274787  552.000471  20.005552  0.083836  2.117688  0.096000
2706  1439.974858  871.908126  20.953476  0.273341  1.931742  0.195891
2707  271.076236  815.694209  20.664979  0.263220  1.424663  0.123881
2708  439.418863  1133.945734  21.289653  0.214206  1.738592  0.136121
2709  231.571017  1955.654182  19.294022  0.059970  0.919311  0.059378
2711  400.877084  646.283623  20.405391  0.194694  1.458614  0.095160
2713  1323.545563  1336.748573  19.810259  0.097411  1.381537  0.183636
2716  1167.320079  647.703109  17.521714  0.084727  -0.101503  0.074512
2717  809.068093  815.045780  21.549899  0.126240  2.123237  0.341294
2719  1443.678756  353.774685  19.931697  0.203797  1.697099  0.181986
2721  771.419166  613.664635  19.508094  0.138573  0.782757  0.095488
2722  1241.421355  701.090673  19.881835  0.244480  1.537876  0.148997
2724  343.529312  2017.864475  20.288379  0.192217  1.534846  0.092273
2725  1326.308366  2028.916156  20.138736  0.182352  1.323404  0.093612
2726  647.356433  799.164043  20.227056  0.274614  1.540023  0.133327
2727  145.480405  1411.622365  20.179235  0.083584  1.159872  0.156832
2728  53.148083  1801.729915  20.221891  0.130788  1.435924  0.191558
2729  533.656521  975.061264  18.665546  0.178767  0.538694  0.058605
2730  448.424817  24.937531  18.604965  0.101415  0.399490  0.060316
2731  225.686208  312.397307  20.246394  0.168308  1.687901  0.130135
2733  1001.381316  555.796116  20.107148  0.158382  1.563811  0.243699
2735  1359.047069  1959.121836  19.867525  0.086357  1.506961  0.123833
2736  1328.693967  784.298627  19.920019  0.196564  1.559718  0.124155
2737  1108.235124  616.709022  19.518210  0.122529  1.597789  0.073319
2738  2005.708430  1758.575658  20.433372  0.166587  1.113949  0.212798
2739  1684.796432  1325.000416  20.045597  0.140436  1.741110  0.166923
2740  944.640001  1795.569263  20.065862  0.113776  1.436921  0.119661
2741  125.216673  1410.622515  20.553646  0.193824  1.511890  0.254871
2742  1839.927962  461.909490  20.283868  0.109882  1.231568  0.086853
2743  984.664371  656.606231  20.309833  0.116485  1.304729  0.086367
2745  888.444983  1399.177682  19.990750  0.147140  1.366658  0.160885
2746  591.490179  293.464477  20.043874  0.202148  1.267501  0.089467
2748  477.168893  825.744739  19.947731  0.121436  1.422218  0.163512
2749  90.867038  904.173965  20.764240  0.208806  1.550723  0.256982
2750  252.139828  1585.002079  19.826332  0.128957  0.727256  0.237689
2753  415.869111  2031.997258  19.683774  0.071683  1.373368  0.110771
2754  1518.127570  431.729170  20.718688  0.116325  1.448327  0.109529
2756  422.827734  925.250938  20.065350  0.136914  1.846171  0.271542
2758  1036.375466  1091.436103  19.837163  0.133514  2.284745  0.091435
2759  1533.495922  1952.680221  19.622776  0.071772  1.018950  0.075858
2760  1423.965226  1879.832332  17.424841  0.051098  -0.248326  0.050820
2761  1466.256511  187.890556  20.307290  0.098785  1.939161  0.132521
2762  1380.244610  360.479541  18.407029  0.101032  0.604033  0.125652
2763  1872.008695  59.796371  19.863680  0.103002  1.576318  0.081522
2765  1952.196754  99.296909  19.810374  0.080341  1.019981  0.105828
2766  280.516920  833.642159  20.219665  0.105584  1.466758  0.116657
2767  615.059297  1874.831272  20.226488  0.156495  1.010059  0.113725
2768  856.081487  1973.021091  21.045645  0.127400  1.505092  0.181383
2770  99.413219  1766.181062  20.089793  0.098771  1.466339  0.240636
2771  1004.921240  768.389370  20.308776  0.132937  1.449909  0.122185
2772  439.709767  682.389939  19.594164  0.103403  1.113352  0.116198
2773  402.171657  572.566551  20.487153  0.225001  2.325862  0.152538
2774  43.326300  251.839133  20.193512  0.079800  1.283951  0.080113
2775  1758.332673  1742.817408  19.862790  0.136040  1.701828  0.137947
2777  1151.817368  1977.149735  20.469010  0.186272  1.616622  0.123789
2778  749.682511  1730.395191  21.246001  0.191584  1.643103  0.431536
2779  998.192837  186.880510  18.574056  0.086051  0.470112  0.087517
2780  779.750517  1211.750597  20.034908  0.273424  1.578656  0.117599
2782  1361.732949  1263.563368  20.467943  0.152585  1.483412  0.113159
2783  1135.839063  1528.037469  21.082833  0.346060  2.015387  0.208744
2784  964.006826  1409.956491  19.414733  0.147261  1.160842  0.126228
2786  1724.263765  1111.900392  19.510793  0.119007  1.360538  0.119042
2787  631.826945  583.636038  20.103470  0.166785  1.117435  0.144178
2788  433.697278  990.873788  19.151427  0.110701  0.850166  0.078557
2789  1959.361911  69.614245  20.507720  0.170512  1.208833  0.111976
2790  835.317595  72.299623  20.176032  0.130959  1.661693  0.182494
2791  1876.435532  1822.378702  19.964384  0.075877  1.260924  0.184867
2793  499.680603  529.950362  20.922118  0.197854  1.717450  0.180618
2795  885.336855  1603.115821  19.484779  0.094215  1.117044  0.135045
2796  565.161241  267.711599  20.660684  0.141585  1.651448  0.130535
2798  1463.204219  1209.384499  20.433656  0.114344  1.480755  0.138235
2799  1620.009567  1359.118949  20.029109  0.080383  1.271395  0.120852
2800  2035.934073  900.157783  20.212152  0.142974  1.371528  0.105311
2801  1076.873680  279.794888  19.985831  0.203772  2.229050  0.105449
2802  1108.698092  1799.633656  19.929574  0.130604  1.262469  0.113638
2803  1585.409944  640.493337  19.268193  0.069332  0.892521  0.133424
2804  1642.079018  668.731847  20.258675  0.105225  1.430898  0.105120
2805  1071.897381  1489.701577  19.933333  0.099284  1.001831  0.137852
2806  1601.200431  1783.548704  19.957790  0.101565  1.375639  0.176431
2807  554.825768  795.446242  20.298929  0.176684  1.190817  0.138879
2808  923.203424  949.689824  19.653972  0.081386  1.181295  0.071985
2809  810.796506  733.733454  20.247336  0.147564  1.073841  0.095043
2810  1872.033615  1496.523571  20.192042  0.134199  1.390808  0.115512
2811  1260.332556  1599.802808  18.052900  0.086323  0.356264  0.098486
2812  1102.502923  1230.921169  21.056602  0.170986  1.910428  0.167552
2814  1743.606104  1867.263515  17.464306  0.037860  -0.302992  0.069480
2816  749.468376  1567.966100  19.969387  0.225349  1.033971  0.217644
2817  1473.919316  489.257608  18.017558  0.072438  0.005109  0.062773
2818  1698.793795  610.946348  19.986522  0.086501  2.035937  0.242508
2819  162.206237  48.651415  19.025172  0.152856  0.887443  0.147593
2820  767.697846  1170.971713  19.876065  0.102542  1.245605  0.105589
2821  925.917456  1996.160531  20.136267  0.153899  1.147075  0.122199
2822  1544.687617  1903.592812  19.322023  0.116582  0.951123  0.075488
2823  1698.388168  1717.144553  20.553299  0.144779  1.584662  0.125580
2824  959.212020  1710.110624  19.901809  0.114504  1.199325  0.117245
2825  1460.372913  516.431475  19.027944  0.059520  0.723274  0.133114
2826  1766.398818  1829.805165  19.761349  0.110055  1.138234  0.081522
2827  1254.023681  427.883965  19.832914  0.119572  1.130953  0.146124
2828  66.086233  1114.312794  20.314542  0.111837  1.631791  0.107030
2829  1288.285486  1882.826606  19.084179  0.085968  0.721240  0.110495
2830  2.356075  500.762689  19.400205  0.112928  0.707414  0.105482
2832  1778.750960  1520.787560  20.264518  0.079188  1.708255  0.141487
2833  1812.283194  1665.662790  20.352675  0.152547  1.450015  0.210438
2834  861.948551  2045.933709  18.763650  0.057362  0.539049  0.056106
2835  793.692450  1009.166603  19.432090  0.074856  0.836704  0.082274
2836  1180.682007  198.502293  20.023523  0.076848  1.002030  0.096804
2838  1783.970670  890.164595  20.027877  0.115679  1.179372  0.166026
2839  446.044043  1099.778027  20.206641  0.101707  1.672807  0.103651
2840  136.204894  1854.603712  20.874035  0.226570  1.891488  0.113762
2841  1886.930812  1548.967879  20.090112  0.102896  1.351821  0.122949
2842  66.563680  1868.994564  20.599836  0.232893  1.516205  0.106570
2843  136.010334  237.460793  19.800485  0.078495  1.734812  0.183285
2844  1628.278042  165.939085  19.811679  0.109964  1.372738  0.188246
2845  249.590428  499.080462  18.382428  0.074641  0.644911  0.119695
2846  409.848161  1917.845738  19.603884  0.173340  1.475430  0.093996
2847  1211.246205  1722.050527  19.869227  0.091509  1.198300  0.079004
2848  1655.651549  363.455156  18.843784  0.056417  0.531920  0.098249
2849  2015.880713  535.671349  19.481230  0.210953  1.245349  0.120798
2850  1482.710372  1531.270494  20.051406  0.119562  1.270087  0.154125
2851  217.799756  131.119362  19.938454  0.079933  1.119699  0.119659
2852  1203.453486  574.275758  19.795942  0.102074  1.474750  0.082103
2853  1118.324924  1089.659580  19.726983  0.097640  1.315157  0.087705
2854  797.833657  1660.533113  19.983391  0.136790  1.471005  0.083690
2857  1835.184934  1010.749705  20.668567  0.229320  1.632545  0.176189
2859  82.211043  520.751651  20.494357  0.294670  1.588385  0.167068
2861  1528.757154  697.725748  18.685059  0.127520  0.668755  0.091693
2862  1541.145857  1599.495746  20.234545  0.178741  1.286486  0.081231
2863  846.171641  1382.445260  20.279372  0.103876  1.379535  0.232900
2864  246.744428  1618.972292  18.771646  0.056527  0.624480  0.061341
2866  447.213987  1020.850737  20.408254  0.207381  1.390035  0.188162
2867  699.611873  1365.672071  19.621659  0.073483  1.071038  0.090913
2868  562.768494  1533.532882  20.282663  0.080800  1.376418  0.284501
2870  1787.883617  1291.324799  19.586747  0.078856  1.227841  0.144698
2871  1983.443888  276.938284  20.870527  0.254891  1.852181  0.141490
2872  1018.346925  343.279812  19.706235  0.151869  1.380876  0.091887
2874  1848.353119  573.905206  20.682635  0.158956  1.756814  0.127054
2875  1732.546904  1671.532432  18.571629  0.104941  0.577882  0.079878
2876  2006.562721  1004.856619  19.960196  0.132660  1.018854  0.092013
2877  227.893491  72.789909  19.388020  0.124946  0.518482  0.082684
2878  709.488728  1980.008164  18.582950  0.050494  0.314842  0.065567
2879  1701.774738  2047.891991  19.853691  0.069752  1.199991  0.176676
2882  1045.421483  1586.198889  20.064938  0.104056  1.237205  0.151150
2883  1223.366188  1049.680865  19.930871  0.091185  1.233045  0.163557
2885  237.320246  1968.049676  20.159709  0.170843  1.365135  0.139262
2886  923.179381  49.141965  20.263327  0.113366  1.185907  0.128138
2887  213.200220  892.151944  19.670604  0.229078  2.746124  0.168171
2888  650.182654  1784.069343  20.162359  0.129687  2.224147  0.125253
2889  911.436838  1870.268288  21.485896  0.197179  1.826167  0.122390
2890  1496.269912  570.639627  18.491914  0.076709  0.303282  0.068303
2894  1604.277662  521.645900  20.364758  0.097924  2.165476  0.139202
2897  1064.728511  1771.127600  19.991947  0.109376  1.259587  0.152271
2898  717.466208  563.709804  20.216193  0.112962  1.128522  0.082364
2900  744.512207  674.141472  20.027813  0.094685  1.016521  0.145680
2901  1584.641149  390.544521  20.131127  0.176252  1.957708  0.156983
2903  880.284258  391.869150  19.928164  0.171237  2.321503  0.137503
2904  831.242563  1995.787811  20.255690  0.197669  1.117177  0.270702
2906  1572.753726  1176.933099  20.008188  0.255883  1.806267  0.261836
2907  1485.001591  1347.345101  20.023719  0.088335  1.189644  0.165244
2909  1055.798021  323.174152  19.783759  0.094726  1.141584  0.257698
2910  1572.667827  404.824693  19.729062  0.071267  1.082053  0.123381
2911  359.934704  181.670599  20.348102  0.201154  1.330636  0.287669
2912  1757.717792  190.712213  19.980231  0.116165  1.694952  0.218767
2914  373.014737  983.596280  19.996061  0.094671  1.456465  0.124944
2916  350.867746  228.825259  19.306419  0.091699  0.907513  0.113720
2919  1119.720140  1713.773739  19.473647  0.141489  1.302966  0.109988
2920  480.234021  822.850507  19.593188  0.151082  1.076212  0.078829
2922  1076.507215  90.137706  20.270298  0.100751  2.413160  0.087629
2923  1594.834859  1133.112321  21.270041  0.172675  2.109282  0.181883
2926  1020.357471  1894.880580  20.333165  0.168784  1.379399  0.127553
2928  1175.597048  885.859639  19.644061  0.101376  1.199291  0.087191
2929  915.770367  108.637890  20.688776  0.219908  1.490505  0.150451
2930  416.560795  1754.070431  20.149814  0.100019  1.403700  0.194123
2932  10.584772  277.847239  20.713673  0.150079  1.552515  0.196121
2933  1416.853481  559.126953  20.032279  0.095279  1.045602  0.082697
2935  1295.995334  1622.220655  21.364441  0.117810  1.727265  0.243391
2936  1768.203997  1416.440635  19.988294  0.108856  1.710646  0.074938
2937  1906.177333  862.883579  20.287207  0.159035  1.430023  0.203672
2938  1986.716984  312.500919  20.430354  0.289354  1.235305  0.217436
2939  1689.691266  479.681661  19.802324  0.109991  1.155535  0.130123
2940  503.893388  1771.490772  19.949447  0.131108  1.310835  0.083885
2941  1113.674298  470.110785  18.576205  0.072419  0.468695  0.065028
2942  1420.889976  1278.313111  21.081650  0.249285  1.968407  0.196838
2943  1718.698960  28.631898  17.841708  0.073320  0.175136  0.104047
2944  1581.557042  1376.526010  20.895622  0.107757  1.355961  0.109039
2946  631.295571  814.690962  19.728906  0.169092  0.644718  0.071988
2947  1916.190458  1872.302320  20.505794  0.127027  1.295016  0.147931
2948  1782.221468  493.837883  20.660481  0.165982  1.544794  0.157637
2949  1108.106810  89.462377  20.874657  0.240325  2.343405  0.334757
2950  617.646827  237.953986  20.537089  0.120789  1.573859  0.227028
2952  1483.073324  1691.478880  21.012823  0.202651  1.926163  0.330089
2954  284.773508  1471.672848  20.864419  0.118694  2.805537  0.140064
2956  81.958250  1339.565412  21.055726  0.143362  1.287885  0.207013
2957  1367.061688  1846.371302  20.232993  0.094497  1.029123  0.093660
2958  115.077705  86.454095  21.737375  0.246051  2.180821  0.293142
2960  1629.243017  1276.982274  20.311672  0.097002  1.449389  0.128282
2961  1166.084504  1983.634733  20.702613  0.328619  1.611718  0.167985
2966  972.211082  1243.936166  20.933344  0.363724  1.385856  0.105482
2968  998.926610  658.581464  20.397953  0.127478  1.466427  0.201399
2971  1130.342292  1064.539639  19.662757  0.109627  0.687776  0.098981
2972  1686.944291  1462.624656  18.636318  0.099350  0.020672  0.051341
2973  111.149397  211.466042  20.569970  0.126733  1.077803  0.198853
2974  592.309205  284.538445  20.498412  0.123149  1.401741  0.152282
2977  2044.343960  1240.484478  20.465608  0.207972  1.407985  0.231348
2980  1361.633342  443.882476  20.394000  0.085428  1.264075  0.168290
2981  570.785449  2021.126333  20.373651  0.205946  1.387125  0.092237
2988  882.811977  725.388342  19.066275  0.101160  0.528589  0.083841
2992  73.646070  1905.548203  20.462683  0.172931  1.287522  0.198730
2993  1771.186056  1251.118661  20.633808  0.112290  1.049153  0.120270
2995  334.734783  570.915292  21.021213  0.109326  1.200134  0.164165
2996  1199.384692  1185.008124  19.700214  0.119889  1.038045  0.130287
2997  1427.099738  858.068358  20.428271  0.196476  2.650048  0.136378
2998  1027.243517  1855.057283  19.712256  0.181539  0.689064  0.126004
21001  1016.718150  830.794929  20.882798  0.172194  1.500749  0.132762
21003  200.719866  125.500344  21.047929  0.168805  1.517391  0.165759
21005  271.128585  7.360698  20.684648  0.139923  1.294892  0.121393
21009  940.283518  1528.064142  20.616035  0.198020  1.150489  0.275661
21012  1802.807493  239.767570  19.823129  0.146703  0.825855  0.222412
21013  856.438085  1434.688664  18.860374  0.064869  0.294132  0.071837
21016  1771.373066  121.347342  21.181942  0.304085  1.852270  0.181905
21019  1186.633742  383.621758  20.472406  0.146451  0.944213  0.111088
21020  1037.279002  804.261798  18.691486  0.070295  0.108853  0.117223
21021  1039.672419  389.558673  20.954471  0.190621  1.181795  0.203586
21022  888.900801  1957.118904  19.636823  0.180453  0.543872  0.067835
21025  921.055192  1293.693063  20.500310  0.165858  1.572607  0.147920
21028  178.756933  302.810490  20.172011  0.137213  1.233274  0.111609
21029  2024.889353  778.202035  17.904899  0.046424  -0.304963  0.044818
21030  1904.584161  444.802895  19.562770  0.116163  0.793500  0.103392
21033  1283.235649  1053.001758  20.516782  0.255527  1.631384  0.125202
21036  468.529873  1688.098635  19.977043  0.098985  1.030390  0.127346
21038  275.315619  765.229596  19.269232  0.109306  0.170073  0.087088
21040  1353.204873  1123.155559  21.279826  0.203200  1.646465  0.133816
21041  1288.506253  469.401183  19.353703  0.070905  0.556059  0.068297
21045  377.144926  1240.094215  20.644313  0.147980  1.618531  0.104551
21048  1424.873719  1344.892040  20.530201  0.120539  1.119043  0.100842
21050  962.127509  198.486220  19.635824  0.141845  0.678934  0.105055
21051  84.518423  1995.152729  21.449228  0.121406  1.738349  0.150603
21053  392.711781  194.916294  20.718970  0.244527  1.360625  0.252763
21059  723.895074  1980.288624  18.516208  0.075866  0.151990  0.088684
21060  483.069803  864.721643  20.682769  0.291513  1.373529  0.123555
21061  1810.755748  1676.424945  18.049150  0.067719  -0.445361  0.070300
21062  90.748570  1462.405519  20.902466  0.126455  1.162807  0.283944
21063  1350.458582  1211.588217  20.903545  0.140936  1.653478  0.258731
21065  1510.760733  1039.289317  20.855538  0.147588  1.573793  0.125730
21066  937.140922  1550.225094  20.636263  0.149419  1.473279  0.225635
21067  1054.493876  845.913257  20.997128  0.179533  1.821178  0.186198
21068  1335.774797  1253.179819  20.443150  0.142126  0.988945  0.279062
21071  81.012368  999.310399  20.210038  0.287361  1.286662  0.106725
21072  1368.879745  193.194638  20.722930  0.117965  1.521469  0.113811
21074  793.169809  336.782276  20.209578  0.089654  1.303885  0.166339
21076  401.218067  977.661332  20.977821  0.125306  1.412694  0.175817
21078  316.964475  1442.001534  20.785638  0.379404  1.638623  0.200838
21079  474.149403  16.166636  21.005872  0.144550  2.697550  0.207533
21080  1490.497072  1914.122686  20.741561  0.320793  2.798381  0.260529
21083  2031.774554  152.631738  20.022975  0.148039  0.830258  0.222933
21084  1691.632918  2008.577700  19.369155  0.068821  0.511861  0.142987
21087  1865.226163  882.445969  20.210367  0.087449  1.032603  0.154210
21088  1285.126956  270.457759  20.593435  0.200854  2.300504  0.118941
21089  1300.593165  551.960294  19.728681  0.159916  0.799000  0.074943
21090  334.976108  1779.407428  19.759768  0.089557  0.473227  0.167121
21091  978.478674  1360.368918  21.163728  0.263613  1.405747  0.110374
21094  1365.215207  754.350312  21.072336  0.190000  1.886083  0.269797
21095  4.537428  685.044740  20.647652  0.155664  1.357686  0.223777
21096  1596.974622  904.558289  20.723644  0.195949  1.412599  0.180134
21097  979.242648  1894.645860  20.913838  0.175053  1.578837  0.194314
21101  99.428370  1678.525321  20.863400  0.147293  1.122561  0.149854
21102  1727.059958  1314.069963  21.064851  0.131089  1.815326  0.158997
21103  1957.661807  1196.113434  19.238721  0.057790  0.412546  0.105469
21104  1181.464722  1777.320023  20.425912  0.123378  1.446865  0.138815
21105  779.233249  1741.248918  19.405956  0.067543  0.625799  0.130761
21110  1784.235801  1500.175666  20.805868  0.242923  1.524782  0.173285
21111  264.116212  562.479447  20.320823  0.104660  1.633711  0.263320
21115  466.959318  342.409111  20.854566  0.157055  1.565023  0.195448
21117  1381.317009  801.733656  21.083312  0.166664  1.629653  0.192086
21120  1822.310437  1321.164734  20.942203  0.243438  1.733078  0.335424
21121  965.686529  1192.946023  20.536878  0.127034  0.938848  0.131266
21124  1586.463223  1657.356009  19.761331  0.087464  0.755665  0.181212
21125  301.631359  699.009556  20.768010  0.198473  1.320161  0.134685
21126  100.349008  340.754977  18.284691  0.077127  -0.016846  0.058261
21127  2023.181499  17.130155  20.343148  0.169251  1.514808  0.107162
21128  1633.620534  1698.243761  20.812252  0.179767  1.504842  0.297912
21129  1730.723913  1540.295807  21.238637  0.158945  1.390226  0.165999
21130  956.658694  1377.670486  20.424695  0.232606  1.299218  0.176646
21131  371.681643  1236.935135  21.655128  0.229830  2.296644  0.445471
21132  1309.459786  642.459854  20.115765  0.182938  1.220206  0.132299
21136  1746.963660  1416.139507  19.579258  0.134284  0.477491  0.124517
21139  1012.663722  289.672228  18.107673  0.077884  -0.034934  0.049028
21141  1402.491364  169.845463  20.446927  0.271909  2.132926  0.130132
21142  1370.261937  2034.554566  20.527889  0.185481  1.277892  0.096218
21145  130.208500  336.498005  21.037916  0.122747  1.452867  0.284055
21148  1687.057242  77.157154  20.747690  0.194040  2.421295  0.243653
21149  1723.482198  1832.062664  20.276313  0.260452  0.843207  0.185538
21151  1137.354836  1003.857401  20.407054  0.244608  1.401265  0.171254
21152  223.823372  1638.806469  20.446246  0.291633  1.233247  0.121029
21158  2004.537999  575.456476  20.976504  0.183426  1.306691  0.110231
21161  102.690021  998.161851  18.729704  0.150462  0.035774  0.165438
21163  1934.860747  74.823564  20.560629  0.095442  1.622305  0.179682
21164  808.880077  1264.561499  21.090167  0.167258  1.721077  0.155668
21166  955.442915  1904.167415  18.994580  0.075714  0.447779  0.057216
21167  126.338326  92.233397  19.838441  0.137187  1.048352  0.106684
21170  582.180403  403.003096  20.895444  0.152576  1.924339  0.334749
21172  1803.700219  526.893551  20.775875  0.177711  1.540105  0.216237
21173  204.522777  1234.414470  20.349114  0.100838  1.430981  0.096818
21174  1776.302692  1346.658833  20.684994  0.098483  1.297357  0.105590
21175  130.029453  1911.116992  19.708277  0.095722  0.808923  0.117734
21178  743.876885  1614.172564  20.150203  0.092937  0.718595  0.187168
21180  1353.463538  593.219080  19.158318  0.101344  0.506039  0.090955
21181  638.513484  1692.053458  20.807305  0.171890  1.437498  0.141049
21183  1950.226271  348.168235  20.931810  0.190500  1.523083  0.141864
21184  1370.336043  1924.293119  20.857103  0.203730  1.560608  0.101930
21186  858.817403  1606.390696  21.036197  0.137244  1.453465  0.137371
21187  235.049875  338.252266  20.498118  0.102398  1.056448  0.115127
21193  1030.951646  994.283309  20.846656  0.109535  1.402272  0.198923
21195  1873.900418  448.827859  19.814048  0.124065  0.648878  0.120803
21197  587.210383  841.053635  20.309289  0.148240  1.099875  0.119195
21198  31.085484  976.659600  20.867815  0.222544  1.135294  0.160791
21199  1661.557508  721.458666  21.048907  0.185435  1.335041  0.201550
21204  861.914239  1622.500034  18.995531  0.186741  0.358076  0.109046
21205  671.812625  899.995809  20.953103  0.122329  1.322994  0.125993
21206  1262.638564  1482.472648  20.604126  0.134214  1.421504  0.137706
21207  429.828984  1434.844805  20.553053  0.200387  1.111077  0.217566
21208  96.951185  254.591413  21.000472  0.249151  1.313716  0.143297
21209  236.945539  1532.325265  19.722924  0.074955  0.834786  0.077493
21210  962.740020  187.677100  20.186732  0.119917  1.441546  0.151512
21216  250.890957  457.374108  20.719947  0.260323  2.119665  0.364420
21218  531.469351  537.237293  20.385293  0.268739  1.702775  0.171860
21219  304.947434  25.466541  20.502625  0.107176  2.042807  0.121977
21221  915.378507  1776.593204  17.897424  0.093870  -0.258660  0.086106
21225  1915.374489  1679.450662  18.569268  0.080930  0.251680  0.078089
21227  1638.175611  718.105989  20.697932  0.158319  1.654531  0.169128
21228  1733.087579  30.869040  21.251032  0.123800  1.187716  0.154467
21229  1488.196090  1794.441567  20.861615  0.209366  1.902798  0.286439
21230  788.351064  434.239760  20.478951  0.223437  0.934896  0.160586
21232  1686.955802  1843.442685  20.909975  0.155172  1.415396  0.118436
21233  446.337965  207.527992  20.686355  0.187137  1.109247  0.200285
21239  1354.218899  1999.169147  18.410218  0.084074  0.077611  0.051390
21240  1007.397325  2017.679120  20.558783  0.179134  1.104218  0.199264
21241  1195.157949  1032.127789  20.718298  0.140290  1.302194  0.162611
21242  747.580967  1349.734564  20.684496  0.130444  1.348716  0.226441
21245  1318.227422  275.710866  18.823929  0.129791  0.385038  0.054441
21246  519.895988  1884.666590  19.674473  0.142782  0.997838  0.185457
21248  1073.512041  547.035187  20.541685  0.112930  1.364121  0.105552
21252  136.073619  832.864337  18.836053  0.073957  0.593765  0.123415
21253  1454.618558  935.546672  20.883136  0.221688  2.355548  0.113813
21254  972.318221  205.823947  20.552399  0.094977  1.229484  0.106595
21257  740.752766  1875.776958  20.712596  0.135471  1.093261  0.124395
21258  976.752810  1369.147831  19.699211  0.091261  0.699798  0.071911
21259  1855.139490  1336.372024  20.310991  0.246329  1.216667  0.088444
21260  1013.614882  1348.461176  20.540287  0.242540  1.167983  0.192600
21262  482.770036  1798.502902  20.290941  0.197083  0.698376  0.147304
21263  402.853948  1248.407993  20.759888  0.168979  1.292362  0.105809
21267  150.074648  1612.967266  19.826271  0.071466  0.684950  0.076645
21274  1895.698458  1804.522011  20.149161  0.110852  0.659765  0.209408
21275  1348.060075  483.900249  20.106406  0.099867  0.666871  0.183701
21279  869.828166  524.002013  21.082843  0.127451  1.320062  0.198052
21281  1436.292551  1799.185182  20.752315  0.268579  1.098630  0.104091
21282  244.656417  27.206816  19.595625  0.174505  0.605978  0.167348
21283  1896.516611  356.187152  20.873613  0.221361  1.832599  0.250470
21284  988.913067  889.060077  19.396760  0.075576  0.242830  0.098539
21285  1056.615837  1555.362543  20.673500  0.152988  1.102583  0.125330
21289  612.815546  627.623833  20.681921  0.182845  1.060995  0.198479
21293  523.206377  1745.253205  20.873514  0.326938  1.175279  0.239991
21295  1494.941412  125.665996  21.075850  0.265311  1.462021  0.225408
21305  1350.069985  949.736404  20.401747  0.127933  0.984509  0.129467
21306  1520.954406  273.720622  20.586290  0.244260  1.937007  0.186358
21314  1815.604312  738.169151  19.075447  0.138193  0.001655  0.187809
21318  847.620013  39.919172  20.143415  0.120849  0.939126  0.207359
21321  569.293159  1422.811509  20.281638  0.180624  0.718450  0.167462
21325  357.012772  738.692154  20.003282  0.077117  0.756833  0.223496
21335  81.031344  1273.507110  21.488947  0.153213  1.594485  0.300103
21336  1051.989288  1869.870547  20.057858  0.142119  0.337166  0.070455
21340  1778.406911  413.096136  21.270873  0.169755  1.940247  0.266783
21345  1856.171212  882.327842  19.103960  0.110486  0.166674  0.126462
21349  516.483303  1786.203509  19.915998  0.081135  0.475188  0.100313
21351  1212.937073  985.810152  20.237432  0.135617  1.016998  0.205514
21353  556.329385  1395.453163  20.212132  0.284768  0.495408  0.145746
21355  1659.912551  1899.582311  20.388214  0.117302  0.843312  0.113078
21362  1457.917133  321.730605  20.961888  0.170467  0.902074  0.154965
21368  1699.561876  784.436780  21.193895  0.109215  1.298185  0.109827
21375  567.460047  1063.225876  20.777456  0.152696  1.022367  0.112601
21379  48.526793  1915.532101  21.446835  0.145661  2.614804  0.123704
21381  1160.170631  1894.218774  21.197314  0.336601  1.895801  0.316086
21382  1459.952229  298.047538  19.112877  0.141107  0.071328  0.139804
21383  1573.874608  761.206502  20.636941  0.162122  0.916461  0.135089
21385  1432.237542  1224.248560  21.701765  0.168257  1.487667  0.230041
21388  1242.214890  144.526287  20.444431  0.109986  0.769183  0.110641
21399  137.319680  502.830727  21.221337  0.167123  1.585972  0.122728
21401  60.243938  13.312319  20.969132  0.401812  2.068354  0.254930
21408  1434.866006  407.913373  20.097924  0.115265  0.645162  0.091137
21411  1003.235713  1192.003177  21.453300  0.128917  1.798993  0.125406
21413  1567.641928  995.001915  20.123177  0.097516  0.892747  0.148722
21414  1906.501122  933.030216  20.287162  0.173509  0.744950  0.130700
21417  1377.419588  1161.709871  21.076236  0.114515  0.903198  0.202420
21421  667.104567  1559.829823  20.510667  0.113540  0.911582  0.109338
21422  1264.147188  622.030125  20.081772  0.113866  0.981522  0.149646
21425  77.904214  354.369617  19.444358  0.123978  0.303523  0.103092
21428  453.496367  1313.781060  19.980764  0.241026  0.524902  0.092003
21449  1020.639187  243.934869  19.706303  0.108963  0.539951  0.119876
21455  658.224911  1702.075688  20.431541  0.142342  1.131605  0.173712
21458  310.151391  1488.231902  20.417975  0.130182  1.030665  0.244539
21462  1933.772127  1386.766146  20.136689  0.129783  0.532875  0.201953
21464  340.487852  1147.971026  20.597968  0.184163  1.065265  0.107277
21467  463.930814  1101.792007  20.669579  0.102066  0.978080  0.169064
21473  168.164473  969.336701  19.921684  0.170264  0.763240  0.114331
21474  1178.851378  13.041244  20.258017  0.154269  0.986422  0.186604
21475  763.678966  232.455638  21.048489  0.231264  1.649457  0.173989
21477  1172.197104  524.447975  19.473831  0.083201  0.070316  0.181399
21485  1473.996863  149.310573  19.255313  0.116200  0.339822  0.095139
21487  170.634908  1712.163714  18.691660  0.095404  -0.056768  0.072654
21489  83.429832  464.361235  20.844296  0.138605  0.947541  0.185127
21490  1352.745340  852.077030  21.393627  0.121156  2.138399  0.310404
21494  1545.092763  1102.622253  18.887450  0.069478  0.084677  0.059230
21495  50.810254  480.943566  21.146337  0.263925  1.260938  0.133125
21500  287.200915  383.647635  20.692994  0.145096  0.923561  0.131303
21508  1451.804955  1533.696203  19.532021  0.115496  0.446838  0.170035
21522  1846.164526  63.012945  21.251363  0.155680  1.323913  0.114602
21527  522.416895  1607.224709  20.354107  0.106153  0.679141  0.121518
21529  178.413316  1092.212276  19.973838  0.151329  0.649175  0.110122
21530  288.220468  60.867619  21.156742  0.250999  0.956670  0.184101
21532  858.699011  190.008114  20.088721  0.106304  0.568144  0.146258
21533  961.017047  649.918747  20.625178  0.121617  1.228536  0.127959
21535  1611.996846  807.166551  20.660970  0.238104  0.670060  0.181534
21536  1278.250430  1528.446633  19.683839  0.249872  0.338543  0.078813
21547  712.544944  1044.862577  18.812420  0.055697  -0.119728  0.099277
21549  276.069089  466.061030  20.403378  0.177790  0.869424  0.203379
21551  119.038249  1223.606318  19.522780  0.140454  0.518118  0.115569
21553  111.339233  429.802493  20.518011  0.183152  0.974712  0.108370
21559  1908.085498  1726.155498  21.450921  0.170918  1.517411  0.167821
21560  390.193845  1544.261417  21.108443  0.205213  1.798679  0.162633
21562  496.425114  310.319854  19.332944  0.072782  0.090157  0.146545
21564  142.797979  1292.890829  20.378772  0.149116  0.984127  0.192278
21568  2005.128346  1375.573414  18.327199  0.075058  -0.198412  0.120305
21571  1150.376681  1436.688993  19.898263  0.144740  0.519457  0.072302
21577  1215.080159  514.576275  19.630471  0.185081  0.010721  0.236961
21579  1444.517091  641.628529  20.179906  0.147238  1.018945  0.215566
21580  352.283660  33.903038  19.477704  0.064401  -0.012851  0.157590
21588  588.286358  1116.609007  20.443296  0.153928  0.933737  0.197259
21590  1055.436902  1726.606656  20.269328  0.275335  1.114605  0.136520
21591  760.957930  913.274997  20.104308  0.134888  0.684519  0.176973
21598  1252.657900  1842.514468  20.875427  0.291704  1.607865  0.309390
21603  323.903000  520.618945  19.559634  0.117923  0.460160  0.115287
21605  970.183706  672.750936  20.148248  0.194569  0.556285  0.101352
21607  763.664389  1947.091801  20.196070  0.145879  1.054571  0.083176
21608  857.585203  1528.294618  20.065040  0.124854  0.751273  0.174221
21620  1376.523586  639.578906  20.724144  0.159005  0.349614  0.182554
21623  1233.087897  1740.820270  19.882083  0.104384  0.157685  0.105892
21624  1454.638781  887.571488  20.777654  0.153050  0.264086  0.259957
21625  1776.777648  74.839264  20.796812  0.157045  0.616372  0.100208
21627  944.717907  12.574965  21.183488  0.215167  0.764603  0.171421
21629  1729.199450  1689.159588  19.997927  0.085906  0.154185  0.090271
21651  172.911292  2021.180856  19.838794  0.119466  0.200331  0.140452
21658  590.836808  1240.465726  19.815305  0.105352  -0.045611  0.145471
21664  1979.860085  1071.941484  20.318363  0.158850  -0.025051  0.130273
21665  791.011665  1647.787472  20.255192  0.095998  0.652869  0.204664
21677  1424.182228  1216.705553  20.405102  0.112538  0.489451  0.180197
21685  400.826202  305.703115  19.885673  0.090901  -0.155732  0.179734
21686  1973.491079  364.593115  20.471372  0.112115  0.810252  0.233892
21692  1829.087698  132.004325  19.701814  0.100822  0.032862  0.095474
21698  638.790142  1768.271958  21.099838  0.235879  0.900154  0.109938
21703  1541.862332  208.708442  19.552928  0.083903  0.054284  0.084590
21706  382.174449  963.072202  20.481911  0.089133  0.709121  0.205087
21711  315.728589  945.695317  19.924519  0.147985  0.083877  0.101144
21716  509.919741  1412.028298  20.815642  0.185778  0.453188  0.234764
21723  1232.150279  479.515672  20.479426  0.204029  0.496430  0.201791
21727  1770.471316  819.005725  19.820349  0.079598  0.269388  0.078508
21731  1945.646518  1619.615667  19.698390  0.113408  0.001856  0.085430
21735  1865.534842  1081.181927  20.386271  0.208492  0.318570  0.181902
21741  1874.643914  757.409977  21.038628  0.213302  1.113780  0.202134
21743  354.037898  1964.468884  21.641922  0.204307  1.083368  0.205601
21748  1763.686878  1610.394561  20.387571  0.088625  0.527601  0.159862
21753  1587.788460  927.985944  20.596559  0.101725  0.411667  0.143211
21754  1453.803052  1081.017725  20.784903  0.127865  0.624745  0.211160
21757  457.879708  543.924537  20.776682  0.120002  0.832721  0.118076
21758  1331.577469  464.968044  20.216064  0.294107  0.739572  0.124211
21760  1442.814641  356.877144  20.628083  0.171539  0.496365  0.094828
21763  1567.924572  1028.343956  20.923737  0.141821  0.800292  0.148026
21764  1547.838685  1657.563649  20.914330  0.228442  1.024656  0.195102
21767  333.381208  812.598886  20.381545  0.218165  0.639643  0.309640
21771  384.565226  101.086555  20.343229  0.218353  0.116401  0.129796
21781  369.783513  838.885312  21.338648  0.243935  1.062432  0.124099
21791  1957.631763  1789.834790  20.486639  0.224226  0.671879  0.163831
21792  224.308525  1385.994720  19.895915  0.077976  0.165820  0.118752
21796  751.920263  1962.121740  20.590600  0.280205  0.697727  0.215862
21799  505.734831  898.615588  19.114292  0.072298  0.005494  0.061668
21816  1450.633314  755.973951  21.205045  0.193778  0.799950  0.234917
21824  195.332875  1223.338361  20.602120  0.096424  0.246048  0.109847
21827  581.623183  719.481709  20.354274  0.219658  0.648346  0.265493
21830  706.534577  818.933560  21.446155  0.198066  1.567250  0.240711
21834  614.587608  1511.088185  21.096059  0.201290  0.744575  0.144896
21835  1946.076073  652.050304  21.103234  0.111945  0.743038  0.111996
21837  386.686743  46.046035  20.383547  0.205543  0.097119  0.154867
21839  888.491934  906.467368  20.958355  0.124300  0.361082  0.200976
21852  875.003987  953.055777  19.797019  0.109854  0.106714  0.100882
21860  922.039380  428.069110  21.925910  0.295995  1.081551  0.249950
21865  857.585155  1741.319510  21.775806  0.180377  0.754930  0.137034
21877  964.922547  1846.518987  21.569836  0.231226  0.592260  0.212723
21879  1230.521176  146.481060  20.689976  0.125877  0.557321  0.188846
21881  925.661995  607.396222  20.754168  0.131545  0.710555  0.360746
21883  1765.769423  1224.693794  21.034041  0.153745  0.292721  0.145556
21884  1417.305713  725.350373  21.125773  0.130100  0.250950  0.241968
21887  413.616951  1752.437541  20.660964  0.107944  0.413036  0.165196
