# id  x  y  V  eV  BV  eBV
111  1038.552924  1015.655219  20.589945  0.099029  0.746533  0.325790
112  1105.688351  1085.989990  20.482931  0.125286  1.199590  0.116212
114  1016.924979  1174.508012  20.318130  0.147245  1.469399  0.085943
115  1042.284134  1038.175089  20.200635  0.147905  1.298128  0.087968
116  957.192479  1219.093811  20.263832  0.193124  1.519334  0.191079
118  978.017690  988.893962  19.897461  0.143215  1.502561  0.091603
119  1050.996695  982.843597  19.361193  0.111461  1.285997  0.144026
120  912.107172  1000.229868  19.509493  0.092127  1.247762  0.136906
121  906.184581  975.127654  19.530277  0.130191  1.263427  0.084459
122  978.408878  1046.912246  19.147674  0.062621  1.161811  0.067355
123  1115.059589  1214.668657  19.236071  0.156540  1.234585  0.061277
124  870.571356  1116.725985  18.962709  0.069024  1.230412  0.105410
125  1121.133978  923.660431  18.876484  0.064982  1.212150  0.076483
126  1140.983521  1113.428582  18.449807  0.099190  1.155172  0.146117
127  1102.395167  1099.747246  18.452880  0.097134  1.127994  0.051821
128  887.795651  830.616740  18.298484  0.086277  1.069117  0.056425
129  1055.350456  869.397361  17.994730  0.045611  0.951261  0.054063
130  975.758377  1004.707881  18.030533  0.083152  0.794551  0.096161
131  912.182067  996.430090  17.912756  0.047409  0.862545  0.070613
132  1029.798769  1074.834555  17.639445  0.063922  1.044554  0.113680
133  1055.062630  1160.988406  17.702330  0.062045  0.853494  0.089572
134  1147.448300  1068.453233  17.621187  0.098597  0.884628  0.058888
135  978.088018  1076.953088  17.277436  0.094137  0.814375  0.084502
136  978.372649  907.933737  17.293224  0.054692  0.847052  0.038454
137  1059.525468  1063.558779  17.015009  0.090716  0.814523  0.065322
138  996.086088  1027.565261  16.756669  0.080121  0.850944  0.055847
139  1073.631007  1161.398907  16.384297  0.046213  0.808825  0.038471
140  1002.243113  1028.197294  15.988936  0.087177  0.651525  0.044899
141  1040.029020  887.358505  16.005216  0.036690  0.761427  0.059437
142  979.861832  968.165253  15.628221  0.045909  0.688832  0.055122
143  1128.692019  928.185160  14.927161  0.044530  0.671596  0.024979
144  915.436933  1022.971023  14.429342  0.024023  0.767913  0.042011
145  992.433992  1158.766449  12.416769  0.054567  0.674239  0.022235
146  931.293901  1022.846239  16.938501  0.066158  0.817836  0.053479
20  1653.186155  484.210640  9.213596  0.046205  0.823472  0.021568
21  228.644807  601.516481  9.528188  0.036174  0.634482  0.018721
22  1638.843753  889.306217  10.688680  0.032835  1.239034  0.029690
23  848.786956  300.017776  10.356140  0.024210  0.591619  0.020037
24  1575.279911  170.680463  11.438367  0.041742  1.281371  0.053673
25  154.284482  258.129410  10.445993  0.027347  0.692359  0.042774
26  225.620131  1266.568946  11.103278  0.022323  0.888495  0.034741
27  890.834518  614.192627  10.568292  0.032816  0.731964  0.019949
28  315.390582  600.723566  11.436294  0.020007  1.106109  0.030428
29  1712.851048  366.917583  10.906760  0.038793  0.737763  0.021915
210  763.890890  160.548903  15.424007  0.053125  3.142244  0.044042
211  1257.203333  719.001760  13.284510  0.041217  1.903979  0.035449
212  205.173274  1209.236644  11.769581  0.034664  0.679925  0.022657
213  1236.634874  1581.090043  11.332591  0.021612  0.589084  0.020307
214  552.419513  1380.283204  13.324438  0.026460  1.247227  0.037142
215  866.710798  776.693806  13.980455  0.028210  1.652023  0.027695
216  1890.596509  264.754045  14.921898  0.048987  2.199146  0.026778
217  1627.666497  534.964392  16.561884  0.045488  3.178767  0.031875
218  751.665426  531.943687  13.799349  0.029417  1.243948  0.034768
219  794.799700  1941.864909  14.858358  0.049416  1.758826  0.080861
220  1843.130425  877.171642  17.132266  0.092383  3.074398  0.061621
221  1955.015114  509.330688  13.417069  0.041304  0.991997  0.035303
222  1301.514643  721.784329  13.106297  0.045975  0.841632  0.025613
223  344.573322  699.959223  13.794963  0.047203  0.916973  0.022212
224  1764.101529  890.610494  13.170586  0.054197  0.855710  0.043384
225  1990.206894  1180.184798  13.298262  0.063216  0.723682  0.024887
226  1629.592938  1301.263616  17.527621  0.073932  3.050975  0.067562
227  1046.624568  976.517126  13.121185  0.019956  0.613500  0.029849
228  1654.297528  1921.222042  17.677246  0.068731  3.217481  0.042204
229  1471.017640  240.462067  18.501724  0.089354  3.279837  0.053816
230  1232.993026  247.871834  13.451805  0.040631  0.622636  0.038381
231  645.972814  274.475859  19.008080  0.081469  3.483337  0.082721
232  1591.877698  1927.303654  16.702203  0.042508  2.357184  0.042021
233  1474.510504  1786.885372  15.077392  0.046809  1.446050  0.026361
234  1516.323647  710.374169  15.985428  0.046725  1.928444  0.032541
235  111.360091  853.621242  13.706034  0.056001  0.760795  0.052394
236  1618.939368  1859.821061  13.197755  0.027285  0.316561  0.024262
237  892.585145  462.737239  15.505105  0.041620  1.719353  0.055870
238  1921.709093  659.922737  14.495643  0.040096  0.801987  0.060822
239  1831.667260  10.245207  14.205862  0.049725  1.000520  0.033985
240  1703.503274  1112.722005  14.393122  0.054401  0.796684  0.039660
241  1074.315087  216.298435  16.687797  0.074087  1.901871  0.040309
242  560.889953  1603.364433  18.969566  0.109998  2.993596  0.080515
243  1493.586822  988.964111  14.239919  0.031182  0.769899  0.024013
244  1974.288818  467.490106  15.885741  0.041375  1.573401  0.044726
245  1652.749404  1439.423470  17.862229  0.072563  2.846484  0.053081
246  142.935891  197.671077  14.807935  0.031692  0.982193  0.057776
247  1136.930688  725.729793  15.445436  0.078943  1.514890  0.031882
248  1263.008328  550.877994  14.685440  0.024687  1.274491  0.032638
249  1441.541978  771.302172  14.133517  0.046574  0.915203  0.057241
250  435.882627  1376.744212  16.164291  0.034036  1.779471  0.044528
251  990.162225  1020.425220  14.309869  0.029183  0.619441  0.036144
252  486.352260  205.828492  15.580637  0.058878  1.007450  0.038990
253  1549.721597  703.716960  16.194369  0.031131  1.463925  0.058932
254  576.010452  327.652107  19.502466  0.248245  3.649880  0.185349
255  515.713314  1149.110873  15.017607  0.023380  0.815721  0.071730
256  679.366545  1187.902641  16.018568  0.056736  1.432040  0.090318
257  1946.608080  180.571193  14.622205  0.036481  0.747350  0.030949
258  332.504193  1726.444775  15.782359  0.031975  1.328995  0.026803
259  649.260356  1461.422090  15.157762  0.024534  0.939197  0.033844
260  823.730120  127.513112  18.080907  0.079961  2.538418  0.089011
261  1376.201090  798.203097  14.514431  0.034054  0.423839  0.036669
262  1599.345567  1637.005687  15.189454  0.044703  0.780178  0.053591
263  1222.851529  1170.244268  14.707198  0.022495  0.498417  0.049327
264  331.669955  28.842929  19.386302  0.171275  3.457352  0.068694
265  1566.406382  1025.777372  14.763230  0.030400  0.674846  0.025090
266  1612.099268  642.344763  17.950769  0.081554  2.432882  0.094302
267  1812.128643  1473.651262  18.618408  0.139333  2.900748  0.073477
268  1196.700187  1927.407489  15.445481  0.041321  0.892768  0.058035
269  1743.146157  1410.584800  15.714959  0.053496  1.092594  0.034213
270  168.235779  1614.748537  15.209152  0.050971  0.984725  0.029300
271  240.901349  771.353442  14.773783  0.041164  0.628386  0.041952
272  1124.108678  1267.798687  16.637753  0.044117  1.611334  0.067534
273  1825.948077  201.835372  15.824658  0.030353  1.826248  0.061426
274  944.938370  1781.328261  18.059160  0.139591  2.205176  0.080490
275  87.185404  2042.007574  15.787318  0.054428  1.025175  0.031809
276  1911.202887  768.873718  16.357243  0.053327  1.351146  0.045872
277  493.669887  972.923630  16.419047  0.043610  1.365773  0.048200
278  178.198800  447.853422  17.294495  0.039095  1.742267  0.035967
279  62.096858  1798.740220  15.526539  0.053517  0.760783  0.062874
280  425.181762  246.878806  15.735007  0.055412  1.297449  0.028141
281  1209.466655  1165.368279  17.862895  0.097138  2.099739  0.044380
282  1161.269863  215.560539  14.820501  0.046283  0.362903  0.033229
283  699.122095  1138.892619  15.185678  0.031754  0.493050  0.063736
284  66.452209  1542.504786  15.534210  0.028661  0.931958  0.033383
285  1450.723608  1078.062569  15.552624  0.075319  0.930205  0.054486
286  867.089652  1474.763881  17.364310  0.089254  1.930147  0.071176
287  1586.130906  959.409334  15.457811  0.066657  0.879863  0.039852
288  846.497181  543.920295  14.106369  0.032676  0.066082  0.043335
289  1017.601745  1303.083217  15.650985  0.044877  0.760282  0.060025
290  678.553026  553.588164  15.900111  0.049286  0.842254  0.037288
291  139.346601  820.165583  16.214798  0.061228  1.002083  0.035082
292  1917.331358  273.737823  15.791363  0.040756  0.953799  0.071691
293  364.888404  1753.902969  15.529643  0.026811  0.764570  0.028272
294  1358.028462  2015.535650  17.525823  0.056273  1.899226  0.094563
295  741.105437  1886.552880  16.842131  0.033210  1.563491  0.115619
296  952.289184  810.469513  19.144381  0.113973  2.727961  0.107988
297  316.631166  1637.806761  18.756514  0.127346  2.733440  0.063256
298  483.452196  84.771511  20.622854  0.153046  3.794652  0.137605
299  997.369089  54.701385  19.805872  0.119894  3.486020  0.126412
2100  1423.705766  393.623722  15.202225  0.062173  0.276026  0.036647
2102  1600.681224  1226.368816  15.945919  0.059130  0.812324  0.030876
2103  850.258635  1137.748093  16.068365  0.032671  1.306496  0.065504
2104  1524.456707  1218.432854  16.625241  0.113506  1.111292  0.047882
2106  547.115395  627.981523  19.121473  0.063894  2.738858  0.066971
2107  1495.591919  864.364635  17.387343  0.063185  1.579975  0.039409
2108  1291.032932  1600.567160  17.897586  0.064733  2.072254  0.058168
2109  849.931910  1917.873233  16.167600  0.027962  0.891939  0.034056
2110  976.514792  706.340550  16.267212  0.062414  1.180729  0.036587
2112  1213.896729  1315.946218  17.448466  0.041342  1.576106  0.048586
2113  1709.156917  1244.766305  18.516196  0.059730  2.286723  0.087907
2114  161.650918  1655.945487  16.074414  0.068692  0.754451  0.038687
2115  944.635549  1155.333610  14.837024  0.044891  0.044696  0.061940
2116  1557.143538  456.996454  20.429715  0.116111  3.283325  0.161777
2117  1946.069209  1383.156744  17.700605  0.066422  1.659610  0.070364
2118  1527.917076  1931.881796  15.093363  0.035389  0.300656  0.041688
2119  1239.174155  1087.526108  16.742238  0.039759  1.297664  0.086230
2120  1127.834764  420.307998  16.208358  0.065811  1.014305  0.033696
2121  1000.457274  1233.418145  15.983310  0.037182  0.945849  0.033930
2122  459.748962  1919.132524  20.209288  0.165134  3.121596  0.095908
2123  1045.008916  1309.667949  16.151283  0.029713  0.816081  0.028763
2124  1263.348305  591.969683  19.051003  0.060599  2.600705  0.126613
2125  1717.034734  509.384578  17.124366  0.058800  1.391543  0.100106
2126  218.596694  1965.545680  19.238958  0.093951  2.511835  0.088981
2127  262.665549  1374.694881  15.372917  0.060821  0.322702  0.042620
2128  1181.737348  299.710141  17.499740  0.093562  1.614197  0.043538
2129  703.690941  1060.750443  18.927368  0.126812  2.424805  0.058145
2130  523.671097  591.782387  17.896635  0.076759  1.716154  0.098901
2131  1347.609876  468.773596  16.207180  0.066761  0.909358  0.032783
2132  1349.650742  756.682596  20.964949  0.137165  3.585033  0.134778
2133  1663.142282  778.542919  18.453713  0.093345  2.112293  0.088565
2134  508.656534  473.215208  19.066201  0.114437  2.499622  0.075236
2135  242.858204  1541.107536  16.496787  0.049187  1.204858  0.061611
2136  571.018852  1817.934810  15.283089  0.028977  0.517027  0.052823
2137  626.598817  952.930096  15.843859  0.029503  0.828629  0.039320
2138  1539.163032  1445.287718  16.887404  0.041446  1.024147  0.052947
2139  1026.260320  1137.547476  18.945212  0.065071  2.399295  0.063588
2141  1548.097122  419.245252  16.426421  0.035973  0.851769  0.033396
2142  1705.261805  942.043133  19.266907  0.078475  2.468496  0.134781
2143  861.796736  1889.998501  18.360017  0.091921  1.885021  0.079123
2144  1015.356846  254.805114  16.189490  0.068944  0.433005  0.035402
2145  957.825973  112.895630  19.498035  0.130862  2.377102  0.079209
2146  1460.508754  290.937401  16.081728  0.040094  0.644786  0.057168
2147  79.982149  2040.632412  17.452495  0.059672  1.253201  0.051715
2148  1160.253685  1431.546358  18.857317  0.102729  1.971337  0.112954
2149  756.368255  1317.223743  16.802870  0.054435  1.009647  0.056780
2150  1567.309491  1833.890905  19.997971  0.162039  2.462032  0.094799
2151  1760.886073  1713.250029  18.803039  0.120952  2.301592  0.095341
2152  1227.290237  1742.560667  17.029251  0.062769  2.006448  0.036883
2153  1783.508935  1536.738264  18.415747  0.088949  1.808784  0.071254
2154  487.393139  919.167948  17.953149  0.062672  1.410044  0.073125
2155  996.780542  162.569495  18.522866  0.130396  1.926262  0.155131
2156  571.028831  1318.835756  17.518765  0.047057  1.498714  0.046520
2157  1264.450372  440.852501  17.104085  0.109295  0.988740  0.080996
2158  803.655475  1721.445484  15.480683  0.036341  0.121744  0.061768
2160  1376.465722  235.538024  16.865403  0.037006  1.705414  0.038624
2161  870.711644  1118.348451  18.202968  0.087752  1.836489  0.098552
2162  1278.049542  939.268073  16.733298  0.058450  1.087042  0.090109
2163  804.991260  784.168590  16.829903  0.061032  1.021918  0.044966
2165  876.558381  1827.135939  16.996620  0.086234  1.885550  0.058407
2166  1521.318328  393.172287  14.632897  0.035031  -0.274712  0.033204
2167  1049.439747  966.745914  17.033247  0.038856  1.133556  0.045134
2168  429.735001  817.928582  16.647128  0.048106  0.811913  0.064275
2169  1233.120757  414.477823  16.065119  0.046819  0.491545  0.052494
2171  1185.371798  1861.924716  18.197080  0.074376  1.774320  0.045581
2172  1655.870571  1746.403837  17.658443  0.068828  1.372415  0.058056
2173  334.736145  1825.528533  19.648165  0.086573  2.643565  0.172600
2174  1369.194338  1889.195565  16.544618  0.061638  1.066730  0.060542
2175  1381.733133  1017.557304  16.486967  0.061171  0.879923  0.030071
2176  1190.538240  71.737455  17.060317  0.076707  1.130219  0.049074
2177  907.025682  1423.185378  16.734320  0.060249  1.036011  0.056717
2178  1775.082951  164.588193  19.704404  0.096014  2.649719  0.105242
2179  325.065693  1440.830996  18.616184  0.066380  1.915900  0.100854
2180  752.180594  1839.482552  18.745445  0.080918  1.969707  0.133597
2181  9.220328  1169.341461  18.181759  0.050726  2.010476  0.073412
2182  99.937490  474.972567  17.749698  0.062784  1.467365  0.062336
2183  260.848104  1631.779568  17.575778  0.063882  1.403987  0.065185
2184  1198.069907  1732.821334  17.035801  0.044388  1.091454  0.035269
2185  1887.354313  1503.682382  18.455881  0.104169  1.839256  0.066767
2186  1304.881630  1915.038991  16.240211  0.077393  0.536108  0.056246
2187  147.823187  1803.961265  20.614417  0.108868  3.039164  0.234935
2188  1882.371288  1723.522372  20.050463  0.073652  2.766493  0.080617
2189  65.907054  1799.525934  16.430251  0.045435  0.901201  0.035587
2190  304.634675  583.529248  19.446032  0.166921  2.318561  0.114249
2191  1930.453916  589.368102  17.730957  0.048416  1.574311  0.114538
2192  1435.840721  781.434370  16.525389  0.041510  0.265156  0.077038
2193  424.269424  583.232797  19.739997  0.115378  2.403437  0.086476
2194  1476.370255  1152.154794  17.256479  0.065274  1.052554  0.083278
2195  857.191067  2006.152167  17.932571  0.047494  1.114213  0.079465
2196  261.901162  1789.709178  17.030655  0.061219  0.612617  0.056647
2197  1154.457993  990.348652  15.763023  0.047459  0.095276  0.056889
2198  1956.579745  1501.321256  19.611267  0.137135  2.286639  0.142054
2200  1923.057045  930.916596  16.487491  0.093139  0.554824  0.038028
2201  82.563486  327.642784  18.320569  0.075553  1.517691  0.046767
2202  587.100885  1517.067031  18.216617  0.074934  1.370612  0.045861
2203  1088.912653  1741.500691  17.549632  0.049331  1.166052  0.048326
2204  1137.450491  593.774532  18.244742  0.052942  1.485536  0.061078
2205  522.212953  814.899608  16.951858  0.054322  0.696852  0.072459
2206  1215.681854  1945.576407  20.326188  0.168408  2.511057  0.155765
2207  1968.645895  282.300040  17.956325  0.067671  1.310922  0.054827
2209  507.513062  948.121208  18.167443  0.061314  1.401167  0.094063
2213  435.343972  405.376798  16.787121  0.065535  0.760335  0.052038
2215  1363.660321  632.237260  16.507254  0.043514  0.572015  0.042899
2216  824.927716  1413.845851  17.621188  0.063023  1.015212  0.064712
2217  1496.029557  806.672748  19.773780  0.193453  2.436181  0.111092
2218  1661.317656  1821.720022  20.528659  0.174530  2.417945  0.254626
2219  458.108254  1737.337409  20.520013  0.154869  2.945646  0.121347
2220  1985.761991  96.037883  17.909352  0.098539  1.143207  0.076942
2225  1572.246575  973.165580  19.421221  0.081303  2.159867  0.067522
2226  1223.599204  1416.157866  16.078515  0.066373  0.215827  0.038655
2227  1568.880988  1468.994501  16.410533  0.048538  0.579332  0.077823
2228  1339.366208  1698.419222  17.966954  0.065386  1.561124  0.133798
2229  484.047091  1385.424618  17.743969  0.081033  1.068334  0.053211
2231  237.958696  1701.435253  18.873371  0.166415  1.783574  0.061161
2232  1079.849966  1309.315789  16.493691  0.061561  0.478886  0.083059
2233  1307.563584  196.185522  18.933949  0.156825  1.756315  0.069618
2234  4.796917  1946.467415  15.763440  0.031473  -0.074729  0.038590
2235  1709.423870  827.262722  19.069765  0.096464  1.912747  0.115675
2236  36.480611  702.092338  17.294480  0.056407  1.091616  0.068364
2237  519.129675  1196.632860  17.206733  0.058643  0.880214  0.043802
2238  563.837580  1393.141535  17.725885  0.080173  1.318422  0.086487
2239  992.235205  755.192367  16.127306  0.054559  0.332542  0.042848
2241  294.749025  1626.491839  16.946948  0.078192  0.677993  0.037816
2242  824.981787  1296.797256  18.467503  0.095707  1.429550  0.102588
2244  1326.286962  708.182633  17.472855  0.039698  1.050799  0.036740
2245  1594.821865  120.616641  21.065424  0.232946  2.168266  0.294423
2246  1082.832883  546.017476  16.746333  0.034556  0.732925  0.065945
2247  727.744297  1279.034980  18.116436  0.118404  1.325308  0.131533
2248  1389.829288  181.384702  19.163754  0.107210  2.018080  0.076943
2250  1789.226833  931.235437  17.562674  0.049947  1.017953  0.041927
2251  1651.350607  797.217838  18.337729  0.067666  1.606338  0.047262
2252  791.934086  1439.274450  15.863786  0.065664  0.133200  0.051658
2253  1279.125582  866.487121  17.619001  0.093423  1.152322  0.119098
2255  1133.060342  26.259892  16.644389  0.084226  0.439253  0.066043
2256  892.129244  276.362828  17.236914  0.062387  1.266430  0.116381
2258  895.472456  1345.238935  19.724051  0.110009  2.196172  0.216135
2259  1585.384537  1636.851874  17.217098  0.047583  1.009732  0.043411
2260  165.521906  1314.659714  19.511021  0.087744  2.160071  0.173578
2261  1220.737388  1752.470519  17.378029  0.093885  1.085869  0.036984
2262  1618.173206  945.015577  17.608583  0.068174  1.508699  0.042166
2263  67.484417  1946.686646  15.839528  0.038030  0.125151  0.028392
2264  975.853084  1760.524975  17.297580  0.093999  1.739255  0.035346
2265  808.594790  28.043240  17.624843  0.065758  1.160888  0.052627
2267  1824.472482  552.237013  17.919237  0.080741  1.040909  0.109444
2268  19.083878  1019.648405  17.333510  0.039969  0.622385  0.062602
2269  1892.847363  663.362473  16.309193  0.063366  0.251297  0.050034
2270  514.432737  1959.032366  18.185259  0.085416  1.004475  0.045931
2271  1735.714624  1788.517253  20.828675  0.121745  2.628182  0.103701
2273  1829.310513  1871.676127  18.836941  0.066156  1.614352  0.061779
2274  1864.043923  713.067810  17.897429  0.043423  0.953839  0.051962
2275  792.784954  1023.233340  17.927242  0.073310  1.521557  0.123815
2277  959.418602  1346.866445  19.472570  0.143287  1.757233  0.095665
2278  322.028327  1990.269748  19.491429  0.087505  1.844908  0.073054
2279  8.063179  265.346434  18.392011  0.081485  1.772414  0.054259
2280  675.454584  1380.629533  20.134280  0.128660  2.629053  0.133116
2281  297.605179  1698.416409  17.861192  0.051528  1.219789  0.096909
2282  950.765781  1595.723572  18.258719  0.100991  1.051047  0.113320
2283  265.897499  142.664595  18.491170  0.081809  1.608561  0.133341
2284  1550.111960  376.586765  18.528860  0.058874  1.396293  0.128307
2285  1790.407874  1536.444878  20.493932  0.106741  2.498775  0.172909
2286  171.112160  1072.578766  17.954762  0.092240  0.862691  0.099148
2287  1445.791653  268.480447  18.611750  0.056573  1.309304  0.068098
2288  96.687103  1378.738056  18.469975  0.063244  2.560517  0.077721
2289  24.215268  1723.692581  18.638390  0.118665  1.436520  0.071270
2290  992.916489  556.929535  18.357359  0.091032  1.200349  0.050787
2291  604.173924  1493.660241  17.881032  0.044123  0.903107  0.116618
2292  909.576889  1084.716737  17.676694  0.055162  0.897763  0.105450
2293  566.362556  954.953340  18.122284  0.055075  1.138410  0.125101
2294  946.249063  1814.418470  18.230851  0.077664  1.318734  0.048855
2295  899.801455  1643.879582  18.572794  0.056227  1.236043  0.088806
2296  1673.267663  1624.531761  17.940123  0.041510  1.024585  0.069218
2298  1123.261811  311.218226  17.643832  0.112982  1.232712  0.070934
2299  1131.222700  1458.504898  20.183877  0.094208  2.023155  0.130422
2300  1696.019153  552.489984  18.035121  0.067729  0.929277  0.130667
2301  791.328309  1995.128600  17.941029  0.089126  2.069486  0.115191
2303  989.179077  311.290438  18.633325  0.120234  1.479664  0.098107
2304  44.066820  129.797950  17.513996  0.039933  0.586070  0.048987
2305  431.987741  1732.881281  15.907232  0.047152  -0.089337  0.068749
2307  201.963567  1690.019461  17.648870  0.074261  1.269800  0.102774
2308  573.403008  1188.907483  18.794745  0.098568  1.473144  0.065431
2309  1680.305309  962.442941  17.970163  0.109563  1.022032  0.053612
2310  817.205882  150.036619  19.123658  0.103966  1.759404  0.101378
2311  726.411562  413.226523  17.196277  0.114895  0.568854  0.064554
2312  1463.164789  173.981965  20.091683  0.159816  2.532691  0.192740
2313  1775.174489  326.544071  17.832582  0.100038  1.562703  0.049451
2315  1453.719490  1989.821898  18.207395  0.050612  1.064092  0.056063
2316  1862.860942  752.793055  16.967294  0.065938  0.454788  0.111880
2317  1255.729310  1720.712482  18.366326  0.055521  1.570718  0.082711
2318  1837.099937  979.052235  20.840165  0.333222  2.400166  0.271353
2319  224.171872  1632.215734  19.160475  0.092272  1.985839  0.110375
2320  1648.245995  1268.547590  20.243902  0.154447  1.936395  0.180215
2321  915.525243  923.820017  18.366374  0.186680  1.467656  0.045287
2322  1568.588021  1673.550755  17.918745  0.076183  0.911836  0.073426
2323  21.635909  1411.109765  18.296716  0.063189  1.202240  0.155522
2325  911.823707  1966.202197  18.281534  0.051923  1.211238  0.111509
2326  1241.860717  405.814418  15.956191  0.052070  -0.196229  0.035397
2327  993.354654  256.596387  17.766126  0.100123  0.947712  0.060719
2328  367.449895  566.800297  17.952559  0.077831  1.115398  0.070694
2329  865.398002  401.164296  18.026550  0.116226  1.245217  0.060584
2330  398.162604  967.533073  16.672878  0.063697  0.171510  0.048728
2331  790.590558  732.524421  18.922888  0.084831  1.652291  0.114931
2332  1773.382568  687.994272  18.050686  0.068667  1.135982  0.096778
2334  1163.699372  191.950360  21.008452  0.255053  2.221074  0.170261
2335  1808.838919  537.203867  18.097608  0.086179  1.753554  0.072726
2336  1831.680137  901.885348  18.612254  0.054500  1.366715  0.060945
2337  1090.083334  817.433320  19.829966  0.101803  2.148943  0.082748
2338  1232.706113  1155.344326  18.636594  0.060502  1.255056  0.080227
2339  105.140924  1899.768799  17.078617  0.090447  0.631188  0.067423
2340  1857.453022  305.251301  19.760154  0.087870  2.010445  0.100002
2341  232.571148  292.830764  18.138442  0.068297  1.132060  0.056122
2342  1530.727551  1763.351105  17.674553  0.062807  0.747830  0.078635
2343  976.580479  17.367767  17.883702  0.049510  1.240852  0.102102
2344  1000.126498  100.505739  16.010656  0.055223  -0.153124  0.064513
2345  154.242783  458.461954  18.427552  0.070455  1.316846  0.097312
2346  1448.830629  680.858402  18.238387  0.085351  1.057819  0.089020
2348  1467.538283  146.598010  17.312137  0.068669  0.513823  0.081227
2349  584.897711  1835.183381  19.721206  0.258163  1.971253  0.089057
2350  1969.061380  1483.637208  19.293635  0.098840  1.622694  0.120185
2351  1523.171103  175.708438  19.724162  0.246432  2.207098  0.083246
2352  1234.612617  1047.400072  17.999496  0.087257  1.022208  0.072113
2353  938.203629  347.697819  17.971113  0.093685  1.899528  0.077394
2354  2018.659529  601.807041  17.566270  0.058982  0.982036  0.091165
2355  1242.635872  836.288037  18.233578  0.055365  1.568315  0.087032
2356  1486.004939  1828.139195  17.454899  0.062095  0.850779  0.046626
2357  2035.668168  1215.792490  16.100070  0.030976  -0.044616  0.058662
2358  347.651478  51.284357  18.502619  0.054095  1.559937  0.087069
2359  556.772025  1031.370700  19.332817  0.122247  1.768487  0.112844
2360  1087.648224  1135.984748  17.690933  0.055151  0.968242  0.039164
2361  544.889763  1938.368786  17.574593  0.075722  0.669397  0.044915
2362  1215.928846  229.142997  17.363085  0.061102  0.718300  0.042581
2363  1747.614088  934.573997  16.907331  0.049006  0.596283  0.083761
2364  697.097371  1474.706948  16.970736  0.093923  0.355645  0.036120
2365  1225.140308  756.932166  18.044346  0.045710  2.265021  0.050950
2366  74.935362  964.143595  17.992791  0.060628  1.158731  0.088830
2368  1594.792967  676.915834  18.440138  0.103531  1.314693  0.061522
2369  1534.899094  369.996481  19.358005  0.126569  1.799884  0.066833
2370  154.983932  1596.692375  18.457720  0.101377  1.001881  0.049221
2371  1936.330177  952.946966  17.712368  0.056505  0.433473  0.042189
2372  877.543911  190.323752  20.843498  0.130080  2.307887  0.126292
2373  1681.070895  476.827673  18.948719  0.055334  1.450006  0.161723
2374  1929.589500  254.900970  19.481136  0.150717  1.579871  0.199166
2375  1105.972351  1831.566324  18.649174  0.084570  1.214611  0.101474
2376  197.495071  1611.023677  18.618818  0.065217  1.168266  0.079361
2379  1929.327356  426.278356  18.646051  0.099716  0.983133  0.080569
2380  77.071893  1484.951864  17.319324  0.053918  0.083192  0.064713
2381  1995.041003  1764.641584  18.579882  0.087596  1.143415  0.065518
2382  1067.136436  1888.023197  18.641226  0.123465  1.285410  0.070018
2383  152.143137  32.932796  18.312724  0.074487  1.413633  0.047629
2384  1688.767581  198.350477  18.951049  0.065100  1.335874  0.071341
2385  866.095413  1028.230901  19.267332  0.109285  1.436254  0.080994
2386  1220.933958  143.306602  18.179584  0.047591  0.727417  0.054256
2387  1869.171124  414.431809  18.895734  0.096151  2.193532  0.167477
2388  865.938465  460.082229  20.558603  0.123468  1.941912  0.228665
2389  1882.196243  490.567073  20.503197  0.178082  2.128046  0.100793
2390  1481.982236  844.389278  20.961434  0.220337  2.572823  0.374147
2391  906.360770  1261.244370  17.191540  0.045123  0.127119  0.044710
2392  388.969087  895.270705  19.063969  0.169714  1.046898  0.062457
2393  1909.034943  133.475773  20.839660  0.098039  2.163771  0.300014
2394  316.254195  1033.887765  19.548255  0.101893  1.617537  0.086344
2395  558.122540  398.567136  20.777411  0.136429  2.209091  0.118471
2396  1642.656390  1950.830267  18.491548  0.092294  1.547323  0.070370
2397  596.809037  324.544650  17.780174  0.102740  0.656246  0.068300
2398  1400.854108  466.129763  20.458201  0.286813  1.672502  0.114974
2399  963.492022  182.245433  18.566208  0.149510  1.157865  0.095403
2401  171.178641  1699.680720  19.515914  0.090177  1.472069  0.082618
2402  1827.175676  1096.710375  19.207146  0.138918  1.330783  0.065551
2403  1489.551085  1359.318965  19.665312  0.088536  1.557486  0.082811
2404  564.598179  1118.946200  19.677713  0.116981  1.510327  0.112991
2405  1063.015727  1728.492753  19.061256  0.084489  2.454065  0.062958
2406  1285.515066  916.139833  18.605144  0.119279  1.349552  0.149921
2407  664.205256  1454.037736  17.418095  0.116231  0.516324  0.079368
2408  1076.997093  2019.786439  18.155478  0.114541  0.687571  0.186736
2409  143.527493  594.353609  17.117543  0.087553  0.471017  0.064632
2411  50.785291  881.951127  18.660757  0.105193  1.204020  0.064274
2412  546.287158  25.398588  18.764251  0.103502  1.111685  0.159478
2413  923.466306  310.020174  18.652330  0.093388  1.270060  0.055383
2414  992.715073  1167.609850  18.900368  0.181740  1.510245  0.107011
2415  1521.772367  1092.272424  18.751288  0.098611  1.156366  0.120640
2416  1169.955949  693.804660  18.973988  0.079409  2.238595  0.055355
2419  436.480078  798.146612  18.919476  0.098958  1.191258  0.118819
2420  151.504053  7.662904  18.845426  0.124889  1.194471  0.073340
2421  1306.009943  1271.326663  18.563299  0.131841  0.902721  0.051339
2422  708.623210  1162.653981  16.771205  0.058234  -0.001975  0.056562
2423  214.495482  1386.632598  18.369313  0.106018  0.874277  0.048647
2424  455.198030  353.276062  19.159716  0.086419  1.337734  0.078139
2425  1479.614419  2003.993747  18.161910  0.115429  0.907335  0.075061
2426  1543.317386  872.359641  18.946214  0.064852  1.359016  0.075179
2427  661.679023  175.380891  18.545046  0.076110  0.953008  0.085402
2428  1038.171314  1342.768204  17.726708  0.080118  0.526324  0.095636
2429  19.557038  1645.260354  19.074867  0.096437  1.302211  0.075683
2430  242.598948  1613.043962  18.776757  0.084546  1.209075  0.111418
2431  1406.542324  435.297764  19.980197  0.158465  1.623673  0.080972
2432  505.829220  397.395074  20.005882  0.220461  1.931932  0.144148
2433  23.935623  1668.846751  20.238004  0.105677  2.170306  0.141229
2434  278.016461  1254.910846  18.849008  0.065205  1.285797  0.139881
2436  676.224457  1052.868608  19.432557  0.149515  1.747103  0.075901
2437  428.573441  1454.100362  18.804371  0.079461  1.403149  0.142561
2438  394.494368  1939.938850  20.821514  0.165268  2.327906  0.168073
2439  354.235279  1956.256471  18.242355  0.048279  0.997092  0.070106
2440  1621.837759  1756.679625  18.401963  0.095478  1.179282  0.067203
2441  1676.561619  716.480872  18.552923  0.106108  1.418548  0.049049
2442  1158.445446  950.417227  18.351189  0.070985  0.896695  0.113255
2445  535.919193  1075.468948  16.373648  0.031520  -0.180061  0.040729
2446  728.891679  420.611200  18.904524  0.084498  1.815873  0.169095
2447  1495.934690  723.543678  20.611695  0.165436  2.016728  0.222247
2450  1256.634527  1648.134311  18.641527  0.059102  1.634380  0.123138
2451  1472.493373  1326.288962  18.979663  0.056217  2.168792  0.057145
2452  1211.443513  1674.950112  18.812852  0.100702  1.362957  0.118787
2453  1940.826432  178.415870  20.134817  0.136921  1.816963  0.132588
2454  176.480854  1181.536725  18.916951  0.101707  2.060359  0.130690
2455  1714.056909  506.042589  18.132786  0.122521  0.853267  0.074216
2456  1547.422004  1208.546536  18.741372  0.084015  1.128358  0.099597
2457  702.002199  491.355190  19.495278  0.146307  1.495861  0.070685
2458  1011.105291  707.179924  18.487795  0.055191  1.036427  0.092831
2459  1952.030968  934.002959  17.538408  0.097165  0.254209  0.085641
2460  926.276434  1943.893142  19.732309  0.091532  1.767466  0.100531
2461  317.358620  1236.977371  18.741117  0.058963  1.487748  0.100422
2462  1692.868002  1698.748678  18.599036  0.066833  1.419898  0.051726
2463  1153.389016  229.639455  19.046683  0.124914  1.285196  0.063744
2464  5.457581  990.524856  18.028252  0.046308  0.768701  0.076410
2465  411.333890  1054.068557  16.929265  0.057291  0.045557  0.049223
2466  1272.849846  1798.993324  17.272473  0.085786  0.125370  0.062770
2467  738.080805  499.081357  18.857982  0.109561  1.198913  0.055796
2468  958.258167  1285.642616  19.418830  0.072821  1.329405  0.110902
2469  367.632608  1374.645423  19.222453  0.080090  1.503251  0.102871
2470  935.232453  1140.888475  18.608590  0.078439  1.532254  0.075279
2471  1870.475998  1715.349360  18.736468  0.061703  1.470068  0.074560
2472  310.565136  326.764689  18.770603  0.097256  1.138103  0.063423
2473  1761.647175  782.176517  19.549206  0.150170  1.695286  0.188922
2474  267.172199  1309.287457  18.261352  0.080261  0.918532  0.073125
2475  66.394446  302.181472  18.782559  0.054264  1.146190  0.112295
2476  90.811684  1619.303524  19.868817  0.105788  1.755660  0.094299
2477  353.631166  1634.904056  17.945383  0.054946  0.801170  0.052866
2478  502.668160  857.190656  19.945388  0.156729  1.707482  0.091255
2479  1791.355350  625.541240  20.557785  0.140479  1.940597  0.176888
2480  398.161576  479.163808  18.652062  0.082444  1.168832  0.073861
2482  533.805253  1623.284206  18.811578  0.116722  1.721413  0.080544
2483  1473.047247  816.774119  19.115126  0.087378  1.247537  0.093822
2484  335.732213  1708.072826  18.667867  0.054359  1.329193  0.110830
2485  591.160805  1338.329055  18.438403  0.102874  0.927593  0.053942
2486  1855.495007  1053.006344  20.518792  0.198228  2.250524  0.162349
2487  466.829775  1836.072882  19.901137  0.103735  1.624611  0.114847
2489  252.574760  205.861588  18.690478  0.061387  1.249447  0.053406
2490  638.297330  907.900469  17.103991  0.061058  0.162145  0.056201
2491  410.128619  1022.586423  19.328241  0.148139  1.087764  0.113152
2492  861.174497  18.644807  19.732690  0.139068  1.695818  0.156053
2493  942.906521  297.091575  19.239217  0.079261  1.377721  0.074092
2494  1346.329627  1464.831265  19.168576  0.078805  1.285082  0.067298
2495  905.314186  713.255388  18.781795  0.066852  0.988178  0.128294
2496  416.892839  1744.451666  19.491794  0.140016  2.183142  0.074410
2497  1065.167490  1206.727172  18.802245  0.075514  0.984817  0.058727
2499  1200.862426  1893.349633  20.774967  0.169088  2.332129  0.125878
2500  1580.126241  839.508340  18.669426  0.108526  1.098733  0.054726
2501  1326.865918  1376.013867  20.994118  0.128074  2.289632  0.235656
2503  1702.740426  855.982945  18.804736  0.134508  1.569267  0.055176
2504  1657.311619  1951.902608  19.524575  0.079254  1.327621  0.085310
2505  1562.077092  688.895536  19.546521  0.157173  1.534181  0.135292
2506  73.338769  756.636499  20.133947  0.103969  1.867674  0.161051
2507  1750.440733  173.992266  18.669301  0.070678  0.672548  0.054748
2508  1731.358459  862.872992  19.380066  0.063305  1.399715  0.242948
2509  1394.185175  551.723978  18.044258  0.126970  0.548290  0.105345
2511  1649.134841  1970.681039  19.517685  0.090575  1.458953  0.104733
2513  1380.276604  614.455223  20.486180  0.218834  1.816162  0.127063
2514  812.808673  1458.930616  17.649872  0.056744  0.200266  0.080810
2515  679.205759  1936.718363  19.684547  0.112141  1.215637  0.095566
2516  603.742271  73.467734  19.328403  0.068724  1.266233  0.097627
2519  255.224206  1362.453350  17.463940  0.040344  0.198379  0.037533
2520  1457.230587  591.236484  19.741480  0.159907  1.374865  0.099700
2521  497.106686  843.558246  18.983280  0.094617  1.142680  0.065789
2522  193.547850  1002.940487  18.896138  0.064689  0.963842  0.094827
2523  1972.297042  971.806455  19.300857  0.091036  1.118760  0.107831
2524  1586.197309  852.249236  17.417739  0.073563  0.266891  0.060140
2525  1036.288035  1233.329281  16.762168  0.039161  -0.311809  0.035391
2526  947.516847  1783.801632  19.237832  0.133492  1.632271  0.117745
2528  2001.140214  1540.449078  20.605551  0.124023  1.869043  0.094253
2529  1264.533628  518.861286  19.630478  0.071878  1.562906  0.168723
2530  364.161753  581.261209  19.991620  0.108599  1.657326  0.135348
2531  83.291285  1316.851400  19.143412  0.093356  0.999555  0.161485
2532  4.341693  1903.443659  20.374753  0.254065  1.727901  0.176428
2534  1953.644935  1513.669152  17.430982  0.038798  0.012802  0.049944
2535  357.348257  1048.234216  19.533521  0.069111  1.213653  0.068496
2536  706.796275  467.734841  18.709570  0.088323  0.684139  0.097508
2537  1094.123574  531.628803  19.419638  0.067891  1.326900  0.138867
2538  933.890235  1691.776039  19.318025  0.074248  1.430014  0.073379
2539  689.860898  1924.541492  19.339341  0.091709  1.046911  0.095337
2540  952.788604  8.048883  16.871845  0.047633  -0.193836  0.060630
2541  726.421144  1849.109365  19.971475  0.131967  1.472105  0.121952
2542  401.694199  1580.878477  19.861776  0.127436  1.095353  0.089214
2543  1288.684711  900.486507  21.037385  0.154754  2.200861  0.145848
2544  1141.035009  1431.316627  19.044432  0.069147  1.821936  0.122732
2545  174.342172  1364.714952  17.451255  0.050824  0.332193  0.120052
2546  1314.600712  1351.363689  21.416359  0.190746  1.900527  0.404870
2548  327.687192  522.825912  19.159087  0.168017  1.003549  0.058087
2549  1849.036255  421.378827  18.937363  0.076452  1.225597  0.084723
2550  100.773101  1748.444137  20.525226  0.120896  1.189801  0.241709
2551  10.719487  1984.352458  20.232602  0.167188  1.653113  0.109034
2552  1674.321186  1548.391489  19.729997  0.098634  1.265193  0.080831
2553  593.625552  870.249148  18.172350  0.057656  0.538436  0.088213
2554  2013.263785  859.756882  19.354881  0.121127  1.697501  0.075876
2555  805.556933  1514.191082  19.220532  0.104665  1.348651  0.059743
2556  2005.931800  535.153807  18.524975  0.118572  0.862956  0.074622
2557  1846.461838  889.072069  18.313072  0.048188  0.700185  0.064998
2558  1673.409419  220.857015  19.637304  0.100560  1.213878  0.110784
2559  1713.843517  1930.980849  19.394284  0.128175  1.368452  0.069936
2560  1466.225666  1574.652925  19.447717  0.074804  1.125062  0.073791
2561  1966.850528  1402.640851  19.421377  0.176912  2.373887  0.143621
2564  1313.393233  1849.389631  19.810039  0.134801  2.468917  0.075489
2565  1186.650055  796.625381  20.231790  0.086730  1.801419  0.155228
2566  1894.462420  682.053507  19.901120  0.156596  1.345992  0.084164
2567  793.704131  1704.235917  18.196261  0.047626  0.500434  0.067930
2568  662.921641  1956.571726  20.504158  0.099312  1.632173  0.190585
2569  1321.472323  2.627615  18.459479  0.067398  0.406381  0.058879
2570  1243.327524  152.399121  18.694209  0.098680  0.955475  0.104501
2571  1750.064456  441.397500  19.224544  0.109436  1.843866  0.108509
2572  2002.270720  1339.734917  17.754082  0.044908  0.199499  0.066288
2573  1941.886666  815.967290  17.955965  0.086712  0.266595  0.086291
2574  1822.702518  1258.473064  19.419520  0.074289  1.130439  0.085338
2575  1611.325507  1100.202868  19.583601  0.084663  1.690645  0.153733
2576  702.049655  1980.042046  19.370651  0.080608  1.765333  0.066285
2579  1431.027475  850.277342  19.255144  0.128413  1.068814  0.132340
2580  888.009224  1349.635666  21.018216  0.141190  2.263843  0.137506
2581  1428.916286  1113.502526  18.259245  0.070166  0.681681  0.120297
2582  623.933872  1908.825897  18.695205  0.106329  0.898479  0.055397
2583  1450.611073  830.109555  20.772728  0.109353  1.943881  0.109896
2584  1985.126649  1607.161226  17.614480  0.077293  0.286089  0.049732
2586  407.697188  927.854952  19.235089  0.080684  0.904382  0.109541
2587  912.777203  69.591660  19.487418  0.135164  1.207903  0.136500
2589  1582.361466  242.730312  18.780554  0.051532  0.915234  0.060075
2590  1338.096978  245.230684  18.548740  0.060370  0.696689  0.088209
2591  304.713569  1424.610166  20.447764  0.088864  2.023819  0.212784
2592  947.097231  628.261541  17.109739  0.097750  -0.131108  0.050510
2593  407.282176  1253.920890  19.464056  0.149362  1.296363  0.131668
2594  235.832823  509.787380  20.399028  0.118940  1.814985  0.188275
2595  57.654507  1261.969531  20.480060  0.155249  1.759526  0.215579
2597  1787.281077  429.675642  18.616771  0.157608  0.777376  0.077618
2598  28.618182  199.941661  17.765838  0.064068  0.332851  0.049659
2599  561.333783  1411.398345  19.883859  0.101814  1.476112  0.105243
2600  566.688240  1106.753089  20.413599  0.092141  1.787853  0.181922
2601  1781.991392  2011.651274  19.130850  0.130528  0.974001  0.091188
2602  680.635863  1343.320048  18.859241  0.134002  0.990795  0.065711
2603  1330.180259  798.911952  18.158377  0.110270  0.529519  0.069203
2604  362.421197  1318.280985  19.120477  0.117773  1.113939  0.177991
2605  770.780490  572.888743  19.644636  0.096317  1.725887  0.189205
2606  137.717826  485.346937  17.758839  0.048250  0.344014  0.066638
2608  2010.515334  884.207449  19.315709  0.117675  1.264905  0.087005
2610  1274.094277  128.442650  19.575558  0.153972  1.085693  0.202196
2611  1255.184056  970.589089  19.851192  0.085385  1.416462  0.159258
2612  1525.304317  1212.717608  20.331851  0.112460  1.618429  0.093849
2613  940.088723  1305.573022  19.209588  0.086810  1.172628  0.064356
2614  1930.014785  1299.819011  18.006087  0.078700  0.370932  0.056553
2616  1867.654129  1332.060591  19.267860  0.097443  1.330384  0.096185
2617  1251.080977  386.417112  18.966457  0.066655  0.918883  0.073638
2618  1061.320817  2007.379368  19.568592  0.101671  1.299193  0.067479
2619  685.352645  1018.606559  20.527029  0.118870  1.877527  0.181312
2620  79.136335  644.270720  19.400768  0.090748  1.148783  0.063303
2621  1463.653412  1509.101295  19.624902  0.152297  1.336478  0.169672
2622  673.942596  1661.445516  16.731155  0.036899  -0.274592  0.063089
2623  769.582964  104.790560  19.538383  0.117265  1.288744  0.152163
2624  141.144127  778.134077  19.377787  0.094250  1.241160  0.089295
2625  491.817475  1030.186042  19.818288  0.100132  1.499157  0.104642
2626  143.146600  982.656363  19.258154  0.069590  1.078131  0.079140
2627  2030.244359  1883.182039  19.845181  0.135127  1.560068  0.151917
2628  1858.929276  1255.831502  19.427249  0.126423  2.111761  0.122433
2629  1998.276218  1805.572250  19.924944  0.175701  1.536114  0.189978
2631  1598.600392  1134.325306  18.833769  0.056490  1.036371  0.153094
2632  506.432524  799.200741  19.126694  0.097531  1.408828  0.059102
2633  1039.135265  1990.926487  19.197255  0.139879  1.154822  0.078727
2634  71.810475  496.741009  19.574815  0.196715  2.502277  0.086889
2635  868.094035  357.824588  19.039389  0.102013  0.955098  0.090398
2637  1068.569022  1333.429863  18.863470  0.114315  0.854659  0.076141
2638  1525.763128  940.479760  20.882469  0.183416  2.095174  0.122212
2640  436.576699  484.118793  18.584261  0.114392  0.806633  0.144794
2641  1500.691482  1064.512257  19.198407  0.110144  1.105234  0.098316
2642  284.717546  852.863312  19.645906  0.102731  1.968771  0.109148
2643  1817.186176  1031.542473  19.669310  0.147737  1.559837  0.127217
2644  46.154779  125.703468  19.731820  0.188637  1.995957  0.078619
2645  992.892650  1741.521789  18.395997  0.078930  0.619907  0.071403
2647  78.690229  436.431267  19.072211  0.054689  0.779490  0.082275
2648  415.360455  1732.921570  19.093283  0.079782  1.276174  0.118638
2649  706.286259  1896.133241  20.592570  0.170313  2.072023  0.159867
2650  1344.687038  1855.949806  18.750182  0.056619  0.843055  0.098056
2651  612.647697  315.672937  19.297557  0.073322  0.985632  0.167564
2652  540.833368  1114.960419  17.041264  0.088106  -0.294900  0.041199
2653  420.322721  934.677169  19.397118  0.119015  1.347044  0.125329
2655  434.656098  207.519697  16.574082  0.038360  -0.488407  0.105805
2658  954.623024  1802.993025  19.356241  0.073511  1.349708  0.172464
2659  327.707952  1902.023677  19.075861  0.097523  1.392470  0.181236
2660  693.945652  277.706292  20.479149  0.144817  1.987728  0.106676
2661  55.637753  1629.873350  19.932224  0.095728  1.747426  0.124758
2662  1995.601658  1716.023170  19.726455  0.103262  1.356772  0.101527
2663  1719.997550  322.222075  19.395975  0.086704  2.223303  0.127345
2664  212.904336  1181.009733  20.041758  0.142966  1.708896  0.126825
2666  321.318337  1126.086228  19.239905  0.073011  1.072780  0.099513
2668  1440.441194  226.228786  19.528459  0.101446  2.160904  0.083892
2669  588.718074  1873.351285  18.781786  0.057356  1.007154  0.075835
2671  1109.029193  29.659898  18.797327  0.088367  0.778864  0.062281
2672  218.781983  680.371274  18.042627  0.062399  0.326297  0.057559
2673  1545.105146  1027.297339  19.970301  0.151378  1.413514  0.119077
2674  373.823731  1725.316236  18.913704  0.090786  0.808640  0.182151
2677  1681.748466  1732.999571  19.193572  0.130553  1.016468  0.151765
2678  1548.428084  768.362811  19.401318  0.085297  1.176364  0.128617
2679  702.660418  871.580692  18.364441  0.077253  0.500264  0.049316
2680  687.122060  883.482531  20.175980  0.096822  1.847051  0.204186
2681  898.305568  1735.366764  19.474574  0.127349  1.206846  0.099671
2682  1097.703932  347.903848  19.597454  0.149326  1.340348  0.087699
2683  133.347980  415.602802  19.447719  0.188257  1.152168  0.140513
2684  1028.978802  707.126155  19.298950  0.061799  1.163799  0.067424
2686  2017.452648  1540.527399  19.425940  0.118474  1.216223  0.148516
2688  676.142437  1382.700073  18.985311  0.075892  0.852250  0.060262
2689  1929.627191  1017.826330  19.180011  0.056186  1.432144  0.068203
2690  220.546518  1135.965924  18.867406  0.068065  0.783626  0.180592
2691  817.428105  933.620145  19.291862  0.202188  1.759653  0.140881
2693  1458.278289  7.538667  19.454459  0.080132  1.806850  0.079311
2694  1752.474201  450.740729  19.241877  0.181950  1.059782  0.174980
2695  1854.536219  268.174209  19.684303  0.104892  1.614953  0.087857
2696  618.701621  495.695646  19.232885  0.087269  1.290327  0.106304
2697  1017.405975  1363.529338  19.130792  0.116067  0.975777  0.095011
2698  886.898855  617.373022  19.484699  0.146656  1.289618  0.073860
2701  671.623376  1052.012228  19.878225  0.087583  2.024876  0.106398
2702  1312.878654  202.339564  20.212821  0.158667  1.202857  0.100814
2704  801.274787  552.000471  20.154284  0.099840  1.918314  0.157246
2707  271.076236  815.694209  20.492828  0.110661  1.404320  0.136314
2709  231.571017  1955.654182  19.074017  0.107807  1.013306  0.072371
2711  400.877084  646.283623  20.289426  0.159684  1.112264  0.145758
2713  1323.545563  1336.748573  19.589160  0.086909  1.170925  0.165719
2715  751.302759  551.438807  21.289016  0.246331  1.915853  0.221353
2716  1167.320079  647.703109  17.669487  0.065007  -0.215342  0.046130
2719  1443.678756  353.774685  19.990144  0.133144  1.872863  0.076824
2721  771.419166  613.664635  19.494638  0.147661  0.824628  0.072025
2722  1241.421355  701.090673  19.944106  0.149579  1.329631  0.101835
2724  343.529312  2017.864475  20.432422  0.170705  1.805897  0.173507
2725  1326.308366  2028.916156  19.857944  0.307542  1.296907  0.278604
2727  145.480405  1411.622365  20.151275  0.213542  1.099225  0.133647
2728  53.148083  1801.729915  20.311641  0.113231  1.597875  0.092114
2729  533.656521  975.061264  18.980112  0.132785  0.714050  0.062431
2730  448.424817  24.937531  18.791394  0.072648  0.260377  0.090399
2731  225.686208  312.397307  20.483201  0.241431  1.659543  0.078576
2733  1001.381316  555.796116  20.276252  0.181559  1.471001  0.118154
2735  1359.047069  1959.121836  20.053604  0.085138  1.280461  0.111393
2736  1328.693967  784.298627  20.004640  0.147167  1.328962  0.149161
2737  1108.235124  616.709022  19.613654  0.160665  1.393138  0.122881
2738  2005.708430  1758.575658  20.237635  0.174953  1.200714  0.131279
2739  1684.796432  1325.000416  20.192698  0.156418  1.816412  0.146419
2740  944.640001  1795.569263  19.898270  0.143592  1.422998  0.141038
2741  125.216673  1410.622515  20.559279  0.127713  1.357084  0.143678
2742  1839.927962  461.909490  20.477427  0.237426  1.144358  0.092271
2743  984.664371  656.606231  20.319454  0.127063  1.461953  0.203389
2744  1707.811977  1834.878584  20.492283  0.176656  1.690718  0.115351
2745  888.444983  1399.177682  19.808106  0.142333  1.015152  0.137963
2746  591.490179  293.464477  20.143964  0.128049  1.244958  0.112717
2747  1650.849303  362.847686  21.676193  0.277151  2.634261  0.311345
2748  477.168893  825.744739  20.286053  0.082672  1.664634  0.117379
2749  90.867038  904.173965  20.132385  0.257797  1.656441  0.132813
2750  252.139828  1585.002079  20.020924  0.148400  1.149251  0.278142
2752  626.489283  1093.295984  20.834240  0.103124  1.636911  0.154261
2753  415.869111  2031.997258  19.737179  0.168379  1.363227  0.075514
2754  1518.127570  431.729170  20.751688  0.126556  1.401929  0.174222
2755  7.895067  1598.229944  20.704858  0.321689  1.957882  0.183005
2756  422.827734  925.250938  20.046938  0.120194  2.058287  0.191686
2758  1036.375466  1091.436103  20.196075  0.197212  2.156846  0.077058
2759  1533.495922  1952.680221  19.826161  0.091696  1.283185  0.095503
2760  1423.965226  1879.832332  17.418256  0.077696  -0.314802  0.096955
2761  1466.256511  187.890556  20.221123  0.127057  1.860416  0.086131
2762  1380.244610  360.479541  18.486282  0.051907  0.264318  0.105336
2763  1872.008695  59.796371  19.948227  0.205625  1.721447  0.154552
2765  1952.196754  99.296909  19.793615  0.171537  1.287260  0.126263
2766  280.516920  833.642159  20.103903  0.117121  1.507950  0.168682
2767  615.059297  1874.831272  20.230257  0.098955  1.281755  0.087033
2770  99.413219  1766.181062  19.982421  0.100514  1.108155  0.143749
2771  1004.921240  768.389370  20.254691  0.097692  1.553887  0.170995
2772  439.709767  682.389939  19.524803  0.077604  1.182817  0.086414
2774  43.326300  251.839133  20.044749  0.131377  1.348493  0.217397
2775  1758.332673  1742.817408  19.964860  0.180954  2.002152  0.150812
2777  1151.817368  1977.149735  20.245115  0.186013  1.722285  0.088250
2779  998.192837  186.880510  18.562773  0.110151  0.495745  0.071939
2780  779.750517  1211.750597  20.528765  0.116114  1.572954  0.163672
2782  1361.732949  1263.563368  20.183654  0.201848  1.422437  0.196169
2784  964.006826  1409.956491  19.463956  0.096560  1.153929  0.143429
2786  1724.263765  1111.900392  19.767195  0.164585  1.480885  0.155203
2787  631.826945  583.636038  20.048329  0.228924  1.136870  0.088113
2788  433.697278  990.873788  19.158872  0.097118  0.855504  0.121025
2789  1959.361911  69.614245  20.311478  0.159342  1.452197  0.214501
2790  835.317595  72.299623  20.143944  0.141535  1.844880  0.184762
2791  1876.435532  1822.378702  20.040342  0.108812  1.765691  0.123208
2793  499.680603  529.950362  20.349766  0.273249  1.684526  0.184837
2795  885.336855  1603.115821  19.892403  0.119725  1.167162  0.136363
2796  565.161241  267.711599  20.872004  0.253059  1.641881  0.143297
2798  1463.204219  1209.384499  20.422731  0.186724  1.495008  0.107595
2799  1620.009567  1359.118949  19.841021  0.110067  1.347125  0.156604
2800  2035.934073  900.157783  20.313993  0.256882  1.293476  0.145076
2801  1076.873680  279.794888  20.414970  0.247211  2.634705  0.195636
2802  1108.698092  1799.633656  20.081631  0.119598  1.384041  0.142707
2803  1585.409944  640.493337  19.212819  0.063803  0.626817  0.064981
2804  1642.079018  668.731847  20.083201  0.239081  1.477198  0.084798
2805  1071.897381  1489.701577  19.871237  0.159386  1.196800  0.076745
2806  1601.200431  1783.548704  20.062508  0.147354  1.150363  0.077772
2807  554.825768  795.446242  20.350383  0.091176  1.092259  0.091704
2808  923.203424  949.689824  19.470452  0.128289  1.086692  0.158777
2809  810.796506  733.733454  19.975674  0.089907  1.122251  0.133114
2810  1872.033615  1496.523571  20.234513  0.152822  1.228695  0.084199
2811  1260.332556  1599.802808  18.095332  0.046145  0.172145  0.044867
2812  1102.502923  1230.921169  20.922181  0.140785  1.681822  0.114598
2813  1464.548500  1248.921402  20.496950  0.186579  1.613914  0.296236
2814  1743.606104  1867.263515  17.446838  0.040545  -0.315678  0.041442
2815  51.260166  1682.268392  20.895496  0.239726  1.765222  0.162828
2816  749.468376  1567.966100  20.304800  0.112275  1.522326  0.138382
2817  1473.919316  489.257608  17.992432  0.053107  0.052693  0.064590
2818  1698.793795  610.946348  20.111658  0.158973  1.981788  0.097493
2819  162.206237  48.651415  19.025201  0.071924  0.749992  0.058266
2820  767.697846  1170.971713  20.022672  0.153017  1.378573  0.076031
2821  925.917456  1996.160531  19.819925  0.120935  1.228429  0.122409
2822  1544.687617  1903.592812  19.413917  0.170125  0.981133  0.077844
2824  959.212020  1710.110624  19.984160  0.140941  1.256094  0.112204
2825  1460.372913  516.431475  19.241788  0.083772  0.611555  0.084092
2826  1766.398818  1829.805165  19.975285  0.143906  1.276543  0.204831
2827  1254.023681  427.883965  19.952281  0.190880  1.033079  0.109448
2828  66.086233  1114.312794  20.535583  0.091912  1.175434  0.159827
2829  1288.285486  1882.826606  19.175414  0.102865  0.559603  0.098182
2830  2.356075  500.762689  19.237062  0.186974  1.007873  0.159875
2832  1778.750960  1520.787560  19.940106  0.193647  1.825914  0.259864
2833  1812.283194  1665.662790  20.080137  0.167840  1.031716  0.120828
2834  861.948551  2045.933709  18.832926  0.113268  0.465578  0.155583
2835  793.692450  1009.166603  19.547346  0.141938  0.931436  0.079235
2836  1180.682007  198.502293  20.049745  0.219202  1.140557  0.161539
2838  1783.970670  890.164595  19.689268  0.147195  1.293122  0.149004
2839  446.044043  1099.778027  20.057586  0.209761  1.314539  0.111766
2841  1886.930812  1548.967879  20.655393  0.145764  0.979273  0.208687
2842  66.563680  1868.994564  20.295248  0.179543  1.432695  0.109956
2843  136.010334  237.460793  19.912613  0.150580  1.711180  0.148251
2844  1628.278042  165.939085  19.756446  0.190612  1.081952  0.068921
2845  249.590428  499.080462  18.211756  0.120213  0.570792  0.128144
2846  409.848161  1917.845738  19.598803  0.122328  1.469189  0.150991
2847  1211.246205  1722.050527  20.070908  0.163114  1.545893  0.195284
2848  1655.651549  363.455156  18.836235  0.075462  0.710591  0.076156
2849  2015.880713  535.671349  19.577692  0.154054  1.042662  0.146215
2850  1482.710372  1531.270494  20.164025  0.093316  1.303100  0.090959
2851  217.799756  131.119362  19.979970  0.076366  1.271321  0.183793
2852  1203.453486  574.275758  20.085556  0.156237  1.683769  0.087484
2853  1118.324924  1089.659580  20.144224  0.208282  1.305908  0.120329
2854  797.833657  1660.533113  20.234869  0.161897  1.209254  0.160419
2856  1051.372717  1159.677374  20.604396  0.183441  1.281783  0.281627
2861  1528.757154  697.725748  18.698718  0.117397  0.712626  0.146585
2862  1541.145857  1599.495746  20.146492  0.090216  1.476027  0.175296
2863  846.171641  1382.445260  20.489285  0.134913  1.148324  0.170299
2864  246.744428  1618.972292  18.916337  0.087082  0.658667  0.102879
2865  1018.628468  756.844822  20.946132  0.169016  1.686353  0.122502
2866  447.213987  1020.850737  20.063545  0.147932  1.426491  0.096276
2867  699.611873  1365.672071  19.627115  0.113141  1.189205  0.120004
2868  562.768494  1533.532882  20.088935  0.102956  1.324222  0.082338
2870  1787.883617  1291.324799  19.685922  0.127139  1.278034  0.127100
2872  1018.346925  343.279812  19.831417  0.081612  0.972249  0.167839
2875  1732.546904  1671.532432  18.489540  0.056365  0.373981  0.093468
2876  2006.562721  1004.856619  20.077800  0.163922  1.179037  0.145102
2877  227.893491  72.789909  19.170993  0.171120  0.745655  0.115393
2878  709.488728  1980.008164  18.573951  0.106215  0.325230  0.115878
2879  1701.774738  2047.891991  19.770827  0.135096  1.349091  0.134931
2882  1045.421483  1586.198889  19.982390  0.116070  1.394196  0.091190
2883  1223.366188  1049.680865  19.949345  0.103653  1.189995  0.118183
2885  237.320246  1968.049676  20.187642  0.204146  1.236885  0.149998
2886  923.179381  49.141965  20.172490  0.153865  1.427687  0.133904
2887  213.200220  892.151944  20.138140  0.247269  2.404243  0.085507
2888  650.182654  1784.069343  20.056460  0.097920  2.192105  0.090883
2890  1496.269912  570.639627  18.442898  0.123290  0.469395  0.087730
2894  1604.277662  521.645900  20.207905  0.117535  2.312993  0.096886
2897  1064.728511  1771.127600  20.079793  0.086642  1.797674  0.207363
2898  717.466208  563.709804  20.253367  0.081144  1.146369  0.238663
2900  744.512207  674.141472  19.876753  0.078912  1.236653  0.090949
2901  1584.641149  390.544521  20.217500  0.265984  1.308231  0.260598
2903  880.284258  391.869150  20.227673  0.159452  2.580787  0.157203
2904  831.242563  1995.787811  20.369890  0.100574  1.455012  0.115825
2906  1572.753726  1176.933099  19.913892  0.091046  1.862228  0.124282
2907  1485.001591  1347.345101  20.182461  0.091320  1.188805  0.080833
2909  1055.798021  323.174152  19.747751  0.098475  1.273724  0.115695
2910  1572.667827  404.824693  19.735861  0.177917  1.411954  0.247331
2911  359.934704  181.670599  19.902890  0.081832  1.381223  0.107075
2912  1757.717792  190.712213  19.927819  0.077651  1.587968  0.096895
2914  373.014737  983.596280  19.809185  0.103995  2.052934  0.241351
2916  350.867746  228.825259  19.281902  0.116592  0.818533  0.073502
2919  1119.720140  1713.773739  19.452658  0.097202  1.384619  0.135188
2920  480.234021  822.850507  19.472899  0.114998  1.314922  0.128797
2922  1076.507215  90.137706  20.178670  0.173708  2.390078  0.136194
2928  1175.597048  885.859639  19.765854  0.070756  1.117023  0.073292
2929  915.770367  108.637890  20.467297  0.164978  1.445334  0.121169
2930  416.560795  1754.070431  20.035563  0.082481  1.428968  0.130023
2932  10.584772  277.847239  20.684288  0.149787  1.681570  0.141126
2933  1416.853481  559.126953  19.969048  0.148327  1.193620  0.086111
2936  1768.203997  1416.440635  19.868766  0.134354  1.928984  0.177055
2937  1906.177333  862.883579  20.281365  0.161268  1.373950  0.219711
2938  1986.716984  312.500919  20.624773  0.189682  1.382455  0.135032
2939  1689.691266  479.681661  20.091566  0.191479  1.168097  0.091165
2940  503.893388  1771.490772  20.006979  0.108449  1.456607  0.098300
2941  1113.674298  470.110785  18.336712  0.174059  0.551432  0.111383
2943  1718.698960  28.631898  18.020811  0.056578  -0.043352  0.093313
2946  631.295571  814.690962  19.515967  0.153756  0.759957  0.220436
2947  1916.190458  1872.302320  20.682735  0.121732  1.057323  0.098637
2948  1782.221468  493.837883  20.222921  0.179111  0.977183  0.191866
2957  1367.061688  1846.371302  20.281149  0.110388  0.803457  0.143546
2960  1629.243017  1276.982274  20.165358  0.218305  1.348869  0.135482
2971  1130.342292  1064.539639  19.601577  0.106498  0.638927  0.140941
2972  1686.944291  1462.624656  18.426920  0.108669  0.034499  0.075939
2979  777.363591  1795.375720  20.488794  0.221902  1.302519  0.260950
2980  1361.633342  443.882476  20.390848  0.142670  1.003769  0.099575
2981  570.785449  2021.126333  20.154076  0.136329  1.373840  0.133651
2985  1411.425488  1982.902432  20.562658  0.145448  1.280553  0.139238
2986  1554.668856  491.442642  20.722860  0.194448  1.279907  0.123769
2987  1455.598245  1021.571187  20.909241  0.201762  1.397374  0.171755
2988  882.811977  725.388342  19.278103  0.075414  0.564862  0.080061
2991  424.742155  1578.293463  20.919129  0.181842  1.464162  0.150456
2996  1199.384692  1185.008124  19.973997  0.119528  1.055131  0.100342
2997  1427.099738  858.068358  20.530358  0.103269  2.707880  0.108480
2998  1027.243517  1855.057283  19.641630  0.104746  0.432582  0.151910
21004  321.163619  1026.425973  20.600418  0.171883  1.563541  0.185099
21005  271.128585  7.360698  20.455386  0.343517  1.937621  0.182395
21010  189.198291  889.715133  20.803840  0.109622  1.060518  0.108431
21012  1802.807493  239.767570  19.938068  0.095175  0.805995  0.121245
21013  856.438085  1434.688664  19.001458  0.090189  0.288829  0.171784
21015  1901.605347  1993.526942  20.820202  0.149590  0.994752  0.290366
21020  1037.279002  804.261798  18.784235  0.066451  0.123172  0.060138
21022  888.900801  1957.118904  19.557862  0.070419  0.430540  0.164544
21024  465.096051  657.337214  20.474753  0.214836  1.340709  0.218555
21025  921.055192  1293.693063  20.617925  0.105154  1.403409  0.123374
21027  891.999371  654.847582  20.249771  0.085124  1.231996  0.198763
21028  178.756933  302.810490  20.325701  0.103611  1.337684  0.205277
21029  2024.889353  778.202035  17.826345  0.061372  -0.461940  0.094433
21030  1904.584161  444.802895  19.510803  0.149257  0.979062  0.103693
21031  199.786572  1840.242536  20.640029  0.140939  0.921455  0.247935
21036  468.529873  1688.098635  20.057931  0.165004  0.718412  0.218581
21038  275.315619  765.229596  18.915130  0.113460  0.185630  0.101096
21041  1288.506253  469.401183  19.235565  0.102563  0.621812  0.101397
21047  1292.883963  100.601417  20.519623  0.126950  1.122716  0.124922
21048  1424.873719  1344.892040  20.526979  0.205720  1.505781  0.149755
21050  962.127509  198.486220  19.347118  0.103208  0.804456  0.069604
21053  392.711781  194.916294  20.882160  0.130866  1.168169  0.131754
21055  932.386016  362.164502  20.768178  0.124771  1.126680  0.198144
21059  723.895074  1980.288624  18.551029  0.075372  0.156079  0.118046
21061  1810.755748  1676.424945  18.004774  0.056161  -0.487739  0.074778
21065  1510.760733  1039.289317  20.788799  0.111187  1.327230  0.246735
21066  937.140922  1550.225094  20.848809  0.183315  1.398132  0.244941
21074  793.169809  336.782276  20.231897  0.148606  1.089853  0.091634
21076  401.218067  977.661332  20.701541  0.182521  1.294209  0.198294
21079  474.149403  16.166636  21.009993  0.119248  2.657941  0.279428
21080  1490.497072  1914.122686  20.625127  0.147098  2.251466  0.257414
21082  863.475525  1744.492098  20.933435  0.149640  1.824398  0.303259
21083  2031.774554  152.631738  20.077276  0.139429  1.038670  0.139264
21084  1691.632918  2008.577700  19.422351  0.074331  0.439019  0.106047
21087  1865.226163  882.445969  20.102289  0.091495  0.914497  0.111626
21088  1285.126956  270.457759  20.245083  0.148030  2.445096  0.108244
21089  1300.593165  551.960294  19.577879  0.091362  0.837340  0.067910
21090  334.976108  1779.407428  19.819916  0.106457  0.709123  0.082583
21091  978.478674  1360.368918  20.875853  0.136523  1.452350  0.132392
21092  342.842173  169.820642  21.216150  0.139473  1.464809  0.182099
21094  1365.215207  754.350312  20.573263  0.181513  1.588891  0.121428
21097  979.242648  1894.645860  20.745416  0.120070  1.751467  0.201727
21101  99.428370  1678.525321  20.418762  0.122546  1.197969  0.181642
21102  1727.059958  1314.069963  20.914947  0.133400  1.940373  0.132555
21103  1957.661807  1196.113434  19.113696  0.076366  0.386698  0.091014
21104  1181.464722  1777.320023  20.364661  0.217778  1.479987  0.140438
21105  779.233249  1741.248918  19.382490  0.089534  0.538918  0.088432
21106  749.427329  358.427259  21.027682  0.376571  1.415559  0.122482
21111  264.116212  562.479447  20.617420  0.119419  1.504653  0.161090
21112  466.625272  1470.517195  21.053233  0.121268  2.219069  0.257312
21113  453.712412  415.111062  20.734523  0.185043  1.614506  0.214052
21114  1439.167182  1757.033396  20.893128  0.102784  1.761860  0.263657
21116  1880.618468  514.916081  20.758316  0.115772  1.329467  0.232879
21117  1381.317009  801.733656  21.246333  0.160284  1.478439  0.139983
21120  1822.310437  1321.164734  20.830598  0.146189  1.399140  0.293636
21121  965.686529  1192.946023  20.313786  0.150926  1.064400  0.117500
21124  1586.463223  1657.356009  19.470065  0.201404  0.739758  0.085748
21126  100.349008  340.754977  18.128041  0.120042  -0.124654  0.122952
21127  2023.181499  17.130155  20.389800  0.162308  1.606808  0.101179
21128  1633.620534  1698.243761  20.735512  0.116461  1.177383  0.114708
21130  956.658694  1377.670486  20.503455  0.101366  1.243078  0.203446
21131  371.681643  1236.935135  21.125651  0.519574  1.763603  0.144195
21132  1309.459786  642.459854  20.280807  0.111609  1.223003  0.201876
21136  1746.963660  1416.139507  19.367733  0.072887  0.529782  0.105476
21137  110.617542  648.832581  20.683033  0.105423  1.319615  0.154835
21139  1012.663722  289.672228  18.211178  0.048513  -0.175800  0.046140
21141  1402.491364  169.845463  20.555876  0.132048  2.331703  0.107926
21144  1617.648005  1884.368421  20.154434  0.151207  1.478470  0.251448
21145  130.208500  336.498005  20.886441  0.213218  1.298279  0.174163
21146  990.237528  95.199793  20.634516  0.125933  1.490721  0.150049
21148  1687.057242  77.157154  21.077277  0.169710  2.138591  0.249629
21149  1723.482198  1832.062664  19.874197  0.225719  0.908256  0.135427
21152  223.823372  1638.806469  20.518819  0.179927  1.168137  0.171867
21158  2004.537999  575.456476  20.639846  0.193217  1.391442  0.176295
21161  102.690021  998.161851  18.887499  0.057095  0.336159  0.128409
21164  808.880077  1264.561499  20.754004  0.271021  1.790241  0.218169
21166  955.442915  1904.167415  19.120799  0.106825  0.439103  0.125888
21167  126.338326  92.233397  19.923099  0.082012  0.975852  0.093713
21168  1504.136371  1066.028993  20.572166  0.097636  1.131466  0.227236
21169  949.340760  1065.933930  20.432788  0.213426  3.024247  0.202261
21172  1803.700219  526.893551  20.729643  0.149276  1.451663  0.139968
21173  204.522777  1234.414470  20.399466  0.203058  1.518447  0.092579
21175  130.029453  1911.116992  19.862905  0.090819  0.858109  0.129107
21180  1353.463538  593.219080  19.078484  0.129880  0.458195  0.080882
21181  638.513484  1692.053458  20.496985  0.270828  1.451799  0.168261
21184  1370.336043  1924.293119  20.871281  0.148487  1.306927  0.253501
21185  1677.872414  1821.032445  20.598016  0.272639  2.318183  0.184751
21190  1660.388953  1446.538145  20.844842  0.177122  1.389334  0.220582
21193  1030.951646  994.283309  20.752767  0.164050  1.288320  0.130468
21195  1873.900418  448.827859  20.203340  0.160627  1.080655  0.199266
21198  31.085484  976.659600  20.595560  0.098170  0.804041  0.184137
21204  861.914239  1622.500034  19.323072  0.100329  0.463141  0.103260
21205  671.812625  899.995809  20.307967  0.283386  1.497435  0.197379
21209  236.945539  1532.325265  19.704249  0.116000  0.937269  0.199021
21210  962.740020  187.677100  20.288962  0.108375  1.186287  0.145520
21211  1059.548408  724.569672  20.445875  0.282510  2.288557  0.187058
21216  250.890957  457.374108  20.359010  0.172259  1.716745  0.121806
21220  758.987768  1339.020215  20.903766  0.249557  1.560008  0.116613
21221  915.378507  1776.593204  17.856802  0.065653  -0.283267  0.076202
21222  1546.804545  1245.160789  20.833211  0.175728  1.271428  0.130562
21223  485.657099  873.734766  21.214534  0.111963  2.834924  0.204099
21225  1915.374489  1679.450662  18.649327  0.076996  0.131103  0.073683
21239  1354.218899  1999.169147  18.296350  0.092771  0.129045  0.046260
21240  1007.397325  2017.679120  20.610782  0.148187  1.179555  0.143238
21242  747.580967  1349.734564  20.427376  0.121213  1.339668  0.233242
21245  1318.227422  275.710866  18.890885  0.179100  0.299976  0.068434
21246  519.895988  1884.666590  19.600778  0.076812  0.958947  0.079694
21247  666.799022  265.031592  20.989184  0.134708  1.573931  0.189751
21252  136.073619  832.864337  18.816472  0.120235  0.368927  0.085107
21257  740.752766  1875.776958  20.756379  0.130355  1.244323  0.221995
21258  976.752810  1369.147831  19.801107  0.169236  0.670415  0.073201
21262  482.770036  1798.502902  20.111951  0.163420  0.895466  0.126893
21263  402.853948  1248.407993  20.597880  0.134957  1.153711  0.122193
21264  1996.478592  568.136452  20.723542  0.170828  1.112556  0.210495
21267  150.074648  1612.967266  19.642356  0.119353  0.529003  0.109241
21273  239.863394  1766.509419  20.691675  0.462310  2.741883  0.351976
21274  1895.698458  1804.522011  20.489500  0.102404  0.616670  0.240765
21275  1348.060075  483.900249  20.355807  0.139533  0.906148  0.125574
21282  244.656417  27.206816  19.708217  0.149739  0.415242  0.173679
21284  988.913067  889.060077  19.233702  0.160065  0.225068  0.112047
21300  5.303245  1751.437835  21.449547  0.224946  1.395024  0.235542
21305  1350.069985  949.736404  20.185456  0.144635  0.812580  0.103430
21313  730.509974  1710.025800  20.837505  0.246320  1.392460  0.184026
21314  1815.604312  738.169151  19.065092  0.100002  -0.011318  0.056634
21318  847.620013  39.919172  20.125582  0.128430  0.571743  0.127520
21321  569.293159  1422.811509  20.464129  0.108381  0.576992  0.192590
21325  357.012772  738.692154  20.312539  0.133733  0.518118  0.138694
21327  1035.373773  1227.862643  21.406976  0.138228  1.469658  0.149770
21332  1073.213485  1161.664118  20.905244  0.231076  1.362499  0.220410
21335  81.031344  1273.507110  21.143438  0.270570  1.088340  0.342251
21336  1051.989288  1869.870547  19.866163  0.103188  0.460715  0.120656
21345  1856.171212  882.327842  19.052414  0.056963  0.033142  0.064296
21349  516.483303  1786.203509  19.939168  0.128766  0.629291  0.184494
21351  1212.937073  985.810152  20.301518  0.139297  0.861847  0.157151
21353  556.329385  1395.453163  20.046716  0.083828  0.656701  0.130473
21365  1682.722016  367.731297  20.964283  0.177644  0.827720  0.187897
21366  325.681398  1977.631599  21.440019  0.184731  1.029257  0.262112
21367  945.409683  1068.338289  21.033576  0.156771  1.032723  0.133937
21371  1049.624311  1671.655311  20.727290  0.215622  1.732471  0.137256
21382  1459.952229  298.047538  19.053312  0.073099  0.238996  0.126276
21383  1573.874608  761.206502  20.755481  0.098451  0.851902  0.165802
21387  2037.580553  295.478349  20.580960  0.292806  1.387957  0.163437
21388  1242.214890  144.526287  20.603667  0.119051  1.374993  0.277579
21408  1434.866006  407.913373  19.959957  0.142195  0.760846  0.181050
21411  1003.235713  1192.003177  21.362716  0.338934  1.705771  0.190485
21412  1679.381536  1710.173111  21.214469  0.257789  1.087930  0.394286
21413  1567.641928  995.001915  20.162181  0.100709  1.182340  0.265016
21414  1906.501122  933.030216  20.371490  0.186659  0.733121  0.127873
21422  1264.147188  622.030125  20.465897  0.212701  1.002838  0.096118
21425  77.904214  354.369617  19.627832  0.109739  0.482774  0.066979
21428  453.496367  1313.781060  20.096129  0.200170  0.546499  0.159902
21444  707.249525  501.283669  21.179803  0.146165  1.869674  0.115911
21446  88.310884  197.696252  21.526950  0.144607  0.905666  0.219014
21449  1020.639187  243.934869  20.051031  0.153955  0.583192  0.093063
21458  310.151391  1488.231902  20.553180  0.143927  0.570405  0.200198
21462  1933.772127  1386.766146  19.931441  0.125635  0.717914  0.133375
21467  463.930814  1101.792007  20.669271  0.117845  0.976320  0.149030
21470  1003.896979  458.015553  21.142813  0.249097  1.121587  0.150383
21472  1811.791918  411.606367  21.776762  0.227534  1.705504  0.307414
21473  168.164473  969.336701  20.248134  0.137907  0.547742  0.172320
21474  1178.851378  13.041244  20.383987  0.110917  1.155030  0.226248
21477  1172.197104  524.447975  19.168891  0.159363  0.050797  0.100852
21484  40.143538  945.492528  20.659175  0.196023  1.075659  0.194832
21485  1473.996863  149.310573  19.317128  0.120509  0.106095  0.122780
21487  170.634908  1712.163714  18.623514  0.085917  -0.043442  0.105511
21494  1545.092763  1102.622253  18.929729  0.137518  0.315388  0.109235
21500  287.200915  383.647635  20.546078  0.121640  0.892761  0.119538
21508  1451.804955  1533.696203  19.534290  0.138297  0.202560  0.096870
21527  522.416895  1607.224709  20.167144  0.144493  0.544781  0.158142
21529  178.413316  1092.212276  19.911109  0.100936  0.330688  0.112932
21530  288.220468  60.867619  20.881221  0.222849  0.458531  0.249602
21533  961.017047  649.918747  21.064933  0.240393  1.099902  0.197909
21536  1278.250430  1528.446633  19.829435  0.125912  0.714437  0.171089
21547  712.544944  1044.862577  18.792624  0.075275  -0.062734  0.112138
21551  119.038249  1223.606318  19.654292  0.102695  0.515761  0.101244
21553  111.339233  429.802493  20.878495  0.105446  1.187626  0.269584
21562  496.425114  310.319854  19.222147  0.167753  -0.083096  0.126720
21564  142.797979  1292.890829  20.573296  0.134506  0.777893  0.119060
21568  2005.128346  1375.573414  18.234222  0.132585  -0.202828  0.075579
21571  1150.376681  1436.688993  19.751855  0.083221  0.488115  0.119534
21577  1215.080159  514.576275  19.409598  0.140784  0.302287  0.107072
21578  1528.528186  137.772326  21.044278  0.155447  1.701381  0.290566
21579  1444.517091  641.628529  20.336163  0.224578  0.872272  0.158323
21580  352.283660  33.903038  19.425098  0.101423  0.147544  0.101610
21582  1803.128551  288.934259  21.269892  0.140057  1.669549  0.246973
21590  1055.436902  1726.606656  20.647686  0.252226  1.080417  0.112885
21591  760.957930  913.274997  20.223277  0.102408  0.725040  0.095663
21603  323.903000  520.618945  19.502919  0.088698  0.473152  0.129991
21604  113.062004  1229.355138  20.900462  0.179790  1.400664  0.159265
21605  970.183706  672.750936  19.952588  0.123843  0.601620  0.088302
21607  763.664389  1947.091801  20.285666  0.139766  0.826072  0.149731
21608  857.585203  1528.294618  20.359079  0.126992  0.730281  0.115507
21615  1633.565351  1428.419295  20.874040  0.157003  0.523300  0.133662
21622  1524.113657  1596.969644  20.667689  0.094141  0.420951  0.157718
21623  1233.087897  1740.820270  19.997219  0.113471  0.188617  0.126310
21629  1729.199450  1689.159588  20.064595  0.106110  0.137892  0.086547
21647  1730.198321  1419.922349  21.432121  0.295918  1.010816  0.233315
21651  172.911292  2021.180856  20.269533  0.158145  -0.051921  0.170244
21658  590.836808  1240.465726  19.823078  0.122434  0.374117  0.148100
21664  1979.860085  1071.941484  20.006915  0.087030  0.242045  0.123550
21665  791.011665  1647.787472  20.323834  0.165819  0.547869  0.143724
21670  367.361495  1046.358991  20.938691  0.204266  0.542759  0.301251
21672  753.353389  205.142075  20.481640  0.270513  0.882221  0.135505
21677  1424.182228  1216.705553  20.375292  0.095329  0.498413  0.209626
21685  400.826202  305.703115  19.844865  0.163125  0.216374  0.195399
21688  1259.268759  1411.643223  20.395678  0.128259  0.562516  0.163317
21692  1829.087698  132.004325  19.636137  0.072654  0.097026  0.067245
21698  638.790142  1768.271958  21.107523  0.210894  0.879306  0.203323
21703  1541.862332  208.708442  19.613377  0.140542  0.147550  0.116218
21706  382.174449  963.072202  20.354207  0.205970  0.403348  0.161607
21711  315.728589  945.695317  19.854633  0.166557  0.016795  0.078411
21716  509.919741  1412.028298  20.924759  0.159893  0.869437  0.151867
21723  1232.150279  479.515672  20.389443  0.155661  0.692423  0.187503
21727  1770.471316  819.005725  19.731792  0.212234  0.293505  0.180587
21731  1945.646518  1619.615667  19.676901  0.158423  0.112581  0.112409
21748  1763.686878  1610.394561  20.273302  0.146596  0.529221  0.143892
21750  1585.585984  1040.605831  20.681734  0.636198  1.665448  0.190948
21758  1331.577469  464.968044  20.549077  0.200168  0.600827  0.090821
21759  872.760398  13.321464  20.776457  0.166018  0.776085  0.214206
21763  1567.924572  1028.343956  20.638147  0.185667  0.185870  0.345938
21767  333.381208  812.598886  20.798842  0.140688  0.807313  0.172593
21771  384.565226  101.086555  20.275110  0.089380  0.215662  0.115631
21777  2020.462202  1478.954494  21.139970  0.236263  1.240679  0.424743
21792  224.308525  1385.994720  19.918526  0.115170  0.361625  0.143295
21799  505.734831  898.615588  19.059565  0.102264  -0.049722  0.064138
21824  195.332875  1223.338361  20.576092  0.097190  0.371199  0.198001
21826  1843.328279  1511.058044  20.662380  0.190307  0.702705  0.108603
21835  1946.076073  652.050304  21.067505  0.135449  0.653805  0.133440
21838  876.190392  576.952868  20.410962  0.218954  0.309337  0.145576
21852  875.003987  953.055777  19.994476  0.077920  -0.024067  0.112997
21857  405.206193  593.866234  20.963688  0.111690  0.397313  0.226692
21862  446.446773  32.984415  21.311947  0.124361  0.800740  0.167892
21863  715.922836  58.298762  20.597238  0.179333  0.261635  0.224333
21878  566.055493  1599.406620  20.995793  0.108591  0.703946  0.248986
21883  1765.769423  1224.693794  20.664041  0.198577  0.445434  0.133708
21884  1417.305713  725.350373  20.910218  0.198907  0.755630  0.232643
21901  1769.813272  1025.516842  21.262998  0.230013  0.538860  0.190908
21908  1822.639357  58.898864  21.233511  0.180481  0.567985  0.125904
