# id  x  y  V  eV  BV  eBV
15  1079.066726  920.036639  21.023481  0.203879  1.615547  0.162076
17  1195.998536  1086.096548  21.132494  0.130811  1.652474  0.125026
111  1014.775767  1014.547456  20.414091  0.135473  1.200254  0.159724
112  1038.552924  1015.655219  20.602942  0.179899  1.013144  0.254617
113  1105.688351  1085.989990  20.356505  0.099969  1.578672  0.094954
114  1115.300065  1116.206879  20.288006  0.191181  1.476893  0.205855
115  1016.924979  1174.508012  20.005518  0.090733  1.415704  0.082325
116  1042.284134  1038.175089  20.025432  0.081823  1.349376  0.112390
117  957.192479  1219.093811  20.005648  0.180082  1.194685  0.116720
118  1009.757532  974.555996  19.847143  0.097586  0.646724  0.279182
119  978.017690  988.893962  19.637247  0.121953  1.330486  0.088708
120  1050.996695  982.843597  19.540661  0.096115  1.309908  0.173763
121  912.107172  1000.229868  19.421107  0.065056  1.281516  0.083005
122  906.184581  975.127654  19.177463  0.071895  1.390417  0.092913
123  978.408878  1046.912246  18.943507  0.061685  1.283380  0.104047
124  1115.059589  1214.668657  18.867090  0.069773  1.245199  0.082493
125  870.571356  1116.725985  18.683123  0.052594  1.236515  0.054422
126  1121.133978  923.660431  18.689633  0.053413  1.380637  0.117636
127  1140.983521  1113.428582  18.243490  0.064794  1.261678  0.072125
128  1102.395167  1099.747246  17.995057  0.093750  1.313078  0.051503
129  887.795651  830.616740  17.925342  0.051748  1.349297  0.053596
130  1055.350456  869.397361  17.171658  0.082044  2.079434  0.038907
131  975.758377  1004.707881  17.576155  0.053798  1.955497  0.041284
132  912.182067  996.430090  17.310032  0.058712  1.987246  0.047567
20  1653.186155  484.210640  9.233577  0.028171  0.812196  0.019601
21  228.644807  601.516481  9.536550  0.039123  0.658697  0.018794
22  1638.843753  889.306217  10.721290  0.022770  1.267103  0.027515
23  848.786956  300.017776  10.344868  0.028234  0.591430  0.018860
24  1575.279911  170.680463  11.473452  0.021680  1.288655  0.029847
25  154.284482  258.129410  10.375543  0.026058  0.660783  0.018814
26  225.620131  1266.568946  11.121086  0.022196  0.818399  0.017999
27  890.834518  614.192627  10.621332  0.032921  0.771181  0.031245
28  315.390582  600.723566  11.389737  0.021196  1.071639  0.026671
29  1712.851048  366.917583  10.967937  0.024867  0.745045  0.017476
210  763.890890  160.548903  15.479858  0.040288  3.136514  0.027001
211  1257.203333  719.001760  13.217768  0.020418  1.875687  0.022581
212  205.173274  1209.236644  11.795078  0.030841  0.739223  0.021906
213  1236.634874  1581.090043  11.343494  0.058752  0.562915  0.021524
214  552.419513  1380.283204  13.365803  0.050497  1.258123  0.023177
215  866.710798  776.693806  13.995716  0.030277  1.666208  0.056071
216  1890.596509  264.754045  14.886035  0.080166  2.211774  0.025270
217  1627.666497  534.964392  16.517344  0.069286  3.082076  0.069139
218  751.665426  531.943687  13.766335  0.021902  1.237778  0.027654
219  794.799700  1941.864909  14.802780  0.030452  1.825314  0.034965
220  1843.130425  877.171642  17.035634  0.038813  3.134098  0.037336
221  1955.015114  509.330688  13.423337  0.042931  1.005119  0.026411
222  1301.514643  721.784329  13.048436  0.028951  0.885373  0.028475
223  344.573322  699.959223  13.724101  0.038622  0.932618  0.022227
224  1764.101529  890.610494  13.297492  0.028957  0.880866  0.039912
225  1990.206894  1180.184798  13.210610  0.031880  0.718782  0.020299
226  1629.592938  1301.263616  17.254887  0.067872  3.134415  0.084618
227  1046.624568  976.517126  13.181832  0.031132  0.573894  0.033471
228  1654.297528  1921.222042  17.723572  0.074642  3.227343  0.063848
229  1471.017640  240.462067  18.568852  0.088789  3.343962  0.083347
230  1232.993026  247.871834  13.458588  0.028147  0.624975  0.040123
231  645.972814  274.475859  18.966402  0.104586  3.482599  0.072001
232  1591.877698  1927.303654  16.714698  0.051882  2.326307  0.036038
233  1474.510504  1786.885372  14.989475  0.058311  1.500952  0.046111
234  1516.323647  710.374169  15.970618  0.041922  2.086589  0.058665
235  111.360091  853.621242  13.614350  0.032010  0.718609  0.034424
236  1618.939368  1859.821061  13.224437  0.038685  0.329332  0.026102
237  892.585145  462.737239  15.481272  0.043285  1.797617  0.061625
238  1921.709093  659.922737  14.458262  0.021691  0.777828  0.036898
239  1831.667260  10.245207  14.195685  0.022238  1.004344  0.047208
240  1703.503274  1112.722005  14.411703  0.030166  0.713892  0.033330
241  1074.315087  216.298435  16.666371  0.067238  1.945974  0.050393
242  560.889953  1603.364433  18.886734  0.076968  3.239422  0.091262
243  1493.586822  988.964111  14.245937  0.027492  0.780652  0.023081
244  1974.288818  467.490106  15.853237  0.040339  1.571713  0.036892
245  1652.749404  1439.423470  17.768964  0.056400  2.639005  0.102415
246  142.935891  197.671077  14.830068  0.046904  0.952117  0.038716
247  1136.930688  725.729793  15.510490  0.038072  1.485910  0.034461
248  1263.008328  550.877994  14.712717  0.038631  1.265506  0.027987
249  1441.541978  771.302172  14.088620  0.033492  0.966235  0.041476
250  435.882627  1376.744212  16.184924  0.036460  1.694025  0.054788
251  990.162225  1020.425220  14.359739  0.032792  0.595476  0.051288
252  486.352260  205.828492  15.501617  0.045846  0.949934  0.027489
253  1549.721597  703.716960  16.130996  0.038677  1.475938  0.041583
254  576.010452  327.652107  19.863102  0.079942  3.547447  0.144810
255  515.713314  1149.110873  14.995833  0.025918  0.716041  0.036915
256  679.366545  1187.902641  16.129675  0.030893  1.363761  0.055263
257  1946.608080  180.571193  14.628622  0.028706  0.750319  0.025834
258  332.504193  1726.444775  15.822428  0.063974  1.260221  0.044769
259  649.260356  1461.422090  15.203589  0.051510  0.944702  0.033640
260  823.730120  127.513112  18.005533  0.047420  2.586930  0.057148
261  1376.201090  798.203097  14.454891  0.055881  0.455522  0.074442
262  1599.345567  1637.005687  15.242056  0.024077  0.814055  0.027416
263  1222.851529  1170.244268  14.638348  0.032849  0.442088  0.046785
264  331.669955  28.842929  19.397679  0.064444  3.182848  0.066677
265  1566.406382  1025.777372  14.855539  0.055683  0.641298  0.035419
266  1612.099268  642.344763  17.873735  0.101375  2.456647  0.045370
267  1812.128643  1473.651262  18.724373  0.166005  2.772380  0.088524
268  1196.700187  1927.407489  15.376525  0.050224  0.852990  0.055176
269  1743.146157  1410.584800  15.734335  0.064747  1.099869  0.036961
270  168.235779  1614.748537  15.094404  0.055931  0.981042  0.045187
271  240.901349  771.353442  14.731629  0.037323  0.691537  0.035901
272  1124.108678  1267.798687  16.616465  0.035971  1.533973  0.048198
273  1825.948077  201.835372  15.871905  0.038250  1.769673  0.050260
274  944.938370  1781.328261  17.744092  0.104029  2.196497  0.075543
275  87.185404  2042.007574  15.814294  0.038216  0.991531  0.056808
276  1911.202887  768.873718  16.383505  0.039103  1.268668  0.053831
277  493.669887  972.923630  16.519865  0.056478  1.375833  0.068293
278  178.198800  447.853422  17.297464  0.088200  1.843303  0.047262
279  62.096858  1798.740220  15.580865  0.025763  0.750195  0.027092
280  425.181762  246.878806  15.653295  0.068803  1.291530  0.031939
281  1209.466655  1165.368279  17.894844  0.071692  2.259063  0.110289
282  1161.269863  215.560539  14.800843  0.039445  0.405999  0.022741
283  699.122095  1138.892619  15.286359  0.034383  0.524514  0.051306
284  66.452209  1542.504786  15.565936  0.037863  0.865411  0.032704
285  1450.723608  1078.062569  15.612019  0.034155  0.872677  0.028964
286  867.089652  1474.763881  17.400543  0.037498  1.954653  0.068345
287  1586.130906  959.409334  15.518145  0.037228  0.871983  0.034992
288  846.497181  543.920295  14.072948  0.033412  0.002934  0.029644
289  1017.601745  1303.083217  15.642747  0.030331  0.781953  0.036154
290  678.553026  553.588164  15.866273  0.042067  0.802004  0.069056
291  139.346601  820.165583  16.096519  0.053645  1.050710  0.053924
292  1917.331358  273.737823  15.717882  0.038040  0.887643  0.075465
293  364.888404  1753.902969  15.513051  0.035970  0.932070  0.078630
294  1358.028462  2015.535650  17.503635  0.045354  1.792898  0.086998
295  741.105437  1886.552880  16.831285  0.096916  1.614232  0.036784
296  952.289184  810.469513  19.008516  0.107633  2.853528  0.080035
297  316.631166  1637.806761  18.797418  0.071787  2.840597  0.084136
299  997.369089  54.701385  19.755082  0.088470  3.442216  0.156025
2100  1423.705766  393.623722  15.281528  0.055647  0.289854  0.026643
2101  505.704039  6.532225  21.117502  0.323763  4.371932  0.232029
2102  1600.681224  1226.368816  16.041815  0.054857  0.797279  0.036226
2103  850.258635  1137.748093  16.015668  0.037377  1.284927  0.036825
2104  1524.456707  1218.432854  16.749275  0.063256  1.133860  0.035464
2105  126.791656  1613.062867  20.902643  0.107282  3.716845  0.128695
2106  547.115395  627.981523  19.078309  0.081733  2.574470  0.082667
2107  1495.591919  864.364635  17.216522  0.069573  1.668561  0.036069
2108  1291.032932  1600.567160  17.926155  0.057253  1.863672  0.123928
2109  849.931910  1917.873233  16.183211  0.055881  0.930836  0.057156
2110  976.514792  706.340550  16.257448  0.035629  1.183087  0.057996
2112  1213.896729  1315.946218  17.416067  0.064421  1.504073  0.069609
2113  1709.156917  1244.766305  18.407346  0.062297  2.428525  0.089092
2114  161.650918  1655.945487  16.170833  0.049810  0.720186  0.027859
2115  944.635549  1155.333610  14.852519  0.039031  0.031110  0.051815
2116  1557.143538  456.996454  20.490949  0.105635  3.679345  0.097379
2117  1946.069209  1383.156744  17.617622  0.085786  1.674352  0.057073
2118  1527.917076  1931.881796  15.138550  0.031932  0.297637  0.033550
2119  1239.174155  1087.526108  16.706469  0.053696  1.150526  0.058074
2120  1127.834764  420.307998  16.144151  0.035914  0.974144  0.045530
2121  1000.457274  1233.418145  15.997431  0.037917  0.868919  0.051625
2122  459.748962  1919.132524  20.297387  0.128105  3.093456  0.159449
2123  1045.008916  1309.667949  16.177991  0.030419  0.889618  0.064575
2124  1263.348305  591.969683  19.059480  0.063700  2.392213  0.137944
2125  1717.034734  509.384578  17.121840  0.052607  1.441489  0.036833
2126  218.596694  1965.545680  19.382239  0.087980  2.399480  0.087233
2127  262.665549  1374.694881  15.382497  0.051688  0.209292  0.086426
2128  1181.737348  299.710141  17.607244  0.047426  1.523807  0.065674
2129  703.690941  1060.750443  19.052977  0.118358  2.425750  0.087401
2130  523.671097  591.782387  17.776255  0.122290  1.704276  0.074255
2131  1347.609876  468.773596  16.279177  0.083588  0.906034  0.084370
2133  1663.142282  778.542919  18.288231  0.078458  2.190935  0.070474
2134  508.656534  473.215208  18.998094  0.075622  2.507397  0.092923
2135  242.858204  1541.107536  16.418760  0.050868  1.036475  0.086190
2136  571.018852  1817.934810  15.224159  0.042128  0.566002  0.032556
2137  626.598817  952.930096  15.913285  0.030178  0.859080  0.035956
2138  1539.163032  1445.287718  16.867995  0.052866  1.035819  0.065783
2139  1026.260320  1137.547476  18.920888  0.069083  2.202080  0.060683
2141  1548.097122  419.245252  16.372709  0.036637  0.829291  0.036507
2142  1705.261805  942.043133  19.184582  0.131716  2.373335  0.063148
2143  861.796736  1889.998501  18.125088  0.046435  2.072507  0.155967
2144  1015.356846  254.805114  16.069501  0.065884  0.401350  0.078054
2145  957.825973  112.895630  19.514474  0.125910  2.737542  0.069518
2146  1460.508754  290.937401  16.187610  0.069215  0.623000  0.042751
2147  79.982149  2040.632412  17.405248  0.070660  1.306658  0.040594
2148  1160.253685  1431.546358  18.769605  0.053431  1.969130  0.081036
2149  756.368255  1317.223743  16.858400  0.059411  1.072757  0.041790
2150  1567.309491  1833.890905  20.015727  0.082007  2.754038  0.107267
2151  1760.886073  1713.250029  18.678639  0.120278  2.270028  0.057482
2152  1227.290237  1742.560667  17.012027  0.056563  1.917800  0.072546
2153  1783.508935  1536.738264  18.442864  0.047600  1.766948  0.125102
2154  487.393139  919.167948  17.940013  0.041190  1.523082  0.058973
2155  996.780542  162.569495  18.730630  0.062698  1.860021  0.083470
2156  571.028831  1318.835756  17.480865  0.070835  1.459570  0.050573
2157  1264.450372  440.852501  16.963220  0.048414  0.914128  0.038491
2158  803.655475  1721.445484  15.516187  0.036533  0.052604  0.037475
2160  1376.465722  235.538024  16.801829  0.048473  1.683655  0.044439
2161  870.711644  1118.348451  18.491181  0.100816  2.054901  0.118677
2162  1278.049542  939.268073  16.805252  0.048150  1.061115  0.036468
2163  804.991260  784.168590  16.709493  0.041940  1.122200  0.065123
2165  876.558381  1827.135939  16.924744  0.045166  1.918010  0.052078
2166  1521.318328  393.172287  14.567085  0.046777  -0.121156  0.070576
2167  1049.439747  966.745914  17.076957  0.097096  1.213637  0.055096
2168  429.735001  817.928582  16.571113  0.047273  0.961175  0.045761
2169  1233.120757  414.477823  16.093786  0.051652  0.384413  0.052476
2171  1185.371798  1861.924716  18.180749  0.049420  1.733804  0.112006
2172  1655.870571  1746.403837  17.685151  0.044419  1.369670  0.088799
2173  334.736145  1825.528533  19.616387  0.068192  2.709505  0.084389
2174  1369.194338  1889.195565  16.612698  0.089536  0.999000  0.031838
2175  1381.733133  1017.557304  16.369748  0.030708  0.878771  0.069795
2176  1190.538240  71.737455  16.987995  0.054400  1.242497  0.071946
2177  907.025682  1423.185378  16.857402  0.075534  1.054723  0.039212
2178  1775.082951  164.588193  19.737794  0.079806  2.643605  0.127011
2179  325.065693  1440.830996  18.689190  0.055377  1.922715  0.062265
2180  752.180594  1839.482552  18.832989  0.052747  1.945844  0.065299
2181  9.220328  1169.341461  18.368583  0.115469  1.829484  0.083825
2182  99.937490  474.972567  17.994002  0.096704  1.326735  0.054703
2183  260.848104  1631.779568  17.489332  0.060289  1.470378  0.055567
2184  1198.069907  1732.821334  17.049920  0.068010  1.082220  0.041572
2185  1887.354313  1503.682382  18.590179  0.061757  1.925849  0.094343
2186  1304.881630  1915.038991  16.091247  0.032825  0.462651  0.051634
2187  147.823187  1803.961265  20.728965  0.108865  3.161031  0.132596
2188  1882.371288  1723.522372  20.195447  0.104128  2.676712  0.087264
2189  65.907054  1799.525934  16.528532  0.040003  0.927093  0.035292
2190  304.634675  583.529248  19.603853  0.110528  2.396535  0.174067
2191  1930.453916  589.368102  17.723510  0.058905  1.483403  0.062496
2192  1435.840721  781.434370  16.471540  0.071497  0.420651  0.033911
2193  424.269424  583.232797  19.846575  0.075484  2.415038  0.084064
2194  1476.370255  1152.154794  17.179802  0.065124  1.052563  0.047236
2195  857.191067  2006.152167  17.927551  0.055385  1.150777  0.041502
2196  261.901162  1789.709178  17.024177  0.043887  0.647505  0.058092
2197  1154.457993  990.348652  15.737893  0.028854  0.085227  0.036669
2198  1956.579745  1501.321256  19.438390  0.156979  2.014122  0.112990
2199  567.189784  384.475239  20.741856  0.108015  2.642652  0.146843
2200  1923.057045  930.916596  16.521442  0.036218  0.568542  0.031267
2201  82.563486  327.642784  18.388452  0.173258  1.457955  0.073041
2202  587.100885  1517.067031  18.349080  0.067628  1.340037  0.096498
2203  1088.912653  1741.500691  17.583366  0.049872  1.164642  0.061358
2204  1137.450491  593.774532  18.110973  0.049195  1.290969  0.056642
2205  522.212953  814.899608  17.053834  0.061319  0.723339  0.053459
2206  1215.681854  1945.576407  20.246006  0.158615  2.428119  0.129432
2207  1968.645895  282.300040  17.973401  0.123316  1.355972  0.123258
2209  507.513062  948.121208  18.030535  0.043241  1.374965  0.098498
2210  392.263470  1008.695956  20.890745  0.335697  3.119537  0.201006
2213  435.343972  405.376798  16.785302  0.048024  0.809919  0.054775
2214  808.092293  686.276021  20.845655  0.162769  3.098765  0.151347
2215  1363.660321  632.237260  16.540042  0.057474  0.453218  0.041462
2216  824.927716  1413.845851  17.698850  0.057193  1.102814  0.041499
2217  1496.029557  806.672748  20.102160  0.134297  2.697882  0.196814
2218  1661.317656  1821.720022  20.623276  0.145514  2.358481  0.177537
2220  1985.761991  96.037883  17.933578  0.117347  1.172596  0.062539
2225  1572.246575  973.165580  19.178874  0.105481  1.966833  0.111359
2226  1223.599204  1416.157866  16.070300  0.066132  0.241446  0.070563
2227  1568.880988  1468.994501  16.526335  0.094226  0.404897  0.046706
2228  1339.366208  1698.419222  17.877982  0.080831  1.466646  0.073551
2229  484.047091  1385.424618  17.825964  0.058287  1.201299  0.063028
2231  237.958696  1701.435253  18.631422  0.061365  1.787827  0.055280
2232  1079.849966  1309.315789  16.494562  0.056691  0.516415  0.052632
2233  1307.563584  196.185522  19.043263  0.075648  1.789592  0.101761
2234  4.796917  1946.467415  15.735660  0.078009  0.020000  0.048553
2235  1709.423870  827.262722  19.049895  0.085923  2.027761  0.056844
2236  36.480611  702.092338  17.204892  0.120316  1.077745  0.049626
2237  519.129675  1196.632860  17.220404  0.039867  0.948847  0.050041
2238  563.837580  1393.141535  17.655349  0.065230  1.246938  0.045686
2239  992.235205  755.192367  16.119492  0.056897  0.286972  0.065074
2241  294.749025  1626.491839  16.823087  0.070306  0.590053  0.092502
2242  824.981787  1296.797256  18.548362  0.156877  1.592149  0.123151
2244  1326.286962  708.182633  17.475389  0.038747  0.974166  0.052857
2246  1082.832883  546.017476  16.719922  0.032044  0.604825  0.069743
2247  727.744297  1279.034980  18.077130  0.048883  1.522414  0.078560
2248  1389.829288  181.384702  19.427553  0.095991  2.135975  0.103511
2250  1789.226833  931.235437  17.572475  0.038814  1.131502  0.093963
2251  1651.350607  797.217838  18.148017  0.082250  1.538126  0.046744
2252  791.934086  1439.274450  15.989713  0.033099  0.009417  0.047560
2253  1279.125582  866.487121  17.667491  0.059569  0.999967  0.071957
2255  1133.060342  26.259892  16.678053  0.049400  0.498251  0.036891
2256  892.129244  276.362828  17.309314  0.042843  1.069310  0.064473
2257  1434.124421  901.055212  20.616088  0.099922  2.768664  0.158163
2258  895.472456  1345.238935  19.751008  0.080439  2.478610  0.100054
2259  1585.384537  1636.851874  17.289767  0.070957  0.870829  0.073210
2260  165.521906  1314.659714  19.373194  0.090214  2.026121  0.143742
2261  1220.737388  1752.470519  17.287320  0.035540  1.015955  0.086116
2262  1618.173206  945.015577  17.657431  0.039846  1.407611  0.082160
2263  67.484417  1946.686646  15.851825  0.026809  0.090447  0.064814
2264  975.853084  1760.524975  17.297228  0.057854  1.742049  0.061203
2265  808.594790  28.043240  17.569849  0.043786  1.160087  0.112565
2266  1.519243  112.240731  20.767469  0.233815  2.886803  0.128359
2267  1824.472482  552.237013  17.975209  0.081789  0.993049  0.047083
2268  19.083878  1019.648405  17.324732  0.066086  0.552586  0.073015
2269  1892.847363  663.362473  16.268564  0.050163  0.168868  0.035002
2270  514.432737  1959.032366  18.296278  0.059640  0.935202  0.051748
2271  1735.714624  1788.517253  20.705119  0.252325  2.772129  0.232618
2272  374.835786  80.599520  20.531975  0.199686  2.548398  0.253358
2273  1829.310513  1871.676127  18.904886  0.066009  1.832921  0.097604
2274  1864.043923  713.067810  17.755601  0.078890  0.990388  0.090100
2275  792.784954  1023.233340  18.094978  0.129322  1.631227  0.095080
2277  959.418602  1346.866445  19.414003  0.095626  1.714625  0.141631
2278  322.028327  1990.269748  19.514799  0.074757  1.872395  0.078053
2279  8.063179  265.346434  18.430769  0.091748  1.853495  0.133010
2280  675.454584  1380.629533  20.376918  0.123525  2.147134  0.096231
2281  297.605179  1698.416409  17.707859  0.093492  1.428092  0.097967
2282  950.765781  1595.723572  18.436483  0.097261  1.210767  0.063726
2283  265.897499  142.664595  18.485952  0.067222  1.384193  0.053059
2284  1550.111960  376.586765  18.564780  0.073505  1.361399  0.083471
2285  1790.407874  1536.444878  20.375402  0.176627  2.410782  0.170053
2286  171.112160  1072.578766  17.855145  0.050779  0.951842  0.065500
2287  1445.791653  268.480447  18.608921  0.087343  1.441978  0.125177
2288  96.687103  1378.738056  18.478970  0.102460  2.409162  0.065051
2289  24.215268  1723.692581  18.446823  0.119313  1.339761  0.073765
2290  992.916489  556.929535  18.305499  0.049488  0.991268  0.090067
2291  604.173924  1493.660241  17.725810  0.119607  0.979059  0.073308
2292  909.576889  1084.716737  17.569062  0.039922  0.850300  0.066313
2293  566.362556  954.953340  17.961745  0.115422  1.220567  0.072122
2294  946.249063  1814.418470  18.262785  0.111099  1.270156  0.052188
2295  899.801455  1643.879582  18.518706  0.070072  1.250082  0.063597
2296  1673.267663  1624.531761  17.876831  0.123680  1.224203  0.129989
2298  1123.261811  311.218226  17.752405  0.065524  1.239027  0.042755
2299  1131.222700  1458.504898  20.196485  0.204246  2.033076  0.131188
2300  1696.019153  552.489984  17.872134  0.080252  1.130237  0.055758
2301  791.328309  1995.128600  17.923032  0.050670  1.807721  0.110556
2303  989.179077  311.290438  18.663928  0.094994  1.170063  0.093457
2304  44.066820  129.797950  17.474379  0.055224  0.719221  0.073758
2305  431.987741  1732.881281  15.859682  0.028645  -0.104624  0.058934
2306  1684.205558  523.821716  20.466238  0.202446  2.384372  0.152141
2307  201.963567  1690.019461  17.818175  0.062322  1.099476  0.055075
2308  573.403008  1188.907483  18.807993  0.076842  1.439591  0.051224
2309  1680.305309  962.442941  17.952773  0.046883  0.870799  0.071120
2310  817.205882  150.036619  19.146449  0.057491  1.638864  0.057767
2311  726.411562  413.226523  17.217454  0.038304  0.628455  0.062708
2312  1463.164789  173.981965  20.169415  0.155667  2.403436  0.162010
2313  1775.174489  326.544071  17.968889  0.072232  1.526778  0.071685
2314  1868.619162  1271.552672  20.468708  0.234887  2.442620  0.149473
2315  1453.719490  1989.821898  18.311194  0.108814  1.037401  0.053459
2316  1862.860942  752.793055  17.075476  0.058047  0.411420  0.043674
2317  1255.729310  1720.712482  18.422731  0.069820  1.579013  0.050572
2318  1837.099937  979.052235  21.044801  0.159166  2.615814  0.183757
2319  224.171872  1632.215734  19.267127  0.076993  2.045576  0.132516
2320  1648.245995  1268.547590  19.841226  0.134965  2.193328  0.087617
2321  915.525243  923.820017  18.151850  0.046739  1.477795  0.093265
2322  1568.588021  1673.550755  17.891933  0.060749  1.159093  0.074351
2323  21.635909  1411.109765  18.206252  0.104918  1.205055  0.049436
2325  911.823707  1966.202197  18.480206  0.099952  1.125127  0.104720
2326  1241.860717  405.814418  16.012525  0.027733  -0.174317  0.033963
2327  993.354654  256.596387  17.692699  0.084115  0.934537  0.065395
2328  367.449895  566.800297  18.142233  0.066804  1.023271  0.112464
2329  865.398002  401.164296  18.042343  0.046150  1.171167  0.073263
2330  398.162604  967.533073  16.793914  0.063922  0.110361  0.058027
2331  790.590558  732.524421  18.966957  0.072172  1.676485  0.098622
2332  1773.382568  687.994272  18.026808  0.135650  1.225252  0.079350
2333  281.589496  955.763039  20.365647  0.119703  2.263339  0.191475
2335  1808.838919  537.203867  18.102620  0.077475  1.812883  0.093689
2336  1831.680137  901.885348  18.494778  0.078634  1.494232  0.053350
2337  1090.083334  817.433320  19.985872  0.210898  2.152960  0.120885
2338  1232.706113  1155.344326  18.694740  0.110681  1.266283  0.077274
2339  105.140924  1899.768799  16.973240  0.063830  0.562321  0.040500
2340  1857.453022  305.251301  19.806073  0.160565  2.051915  0.099753
2341  232.571148  292.830764  18.236670  0.067087  1.187434  0.131222
2342  1530.727551  1763.351105  17.716496  0.041550  0.877290  0.091785
2343  976.580479  17.367767  17.811812  0.094669  1.254188  0.048896
2344  1000.126498  100.505739  16.090445  0.041173  -0.207873  0.055987
2345  154.242783  458.461954  18.695418  0.088841  1.331252  0.084893
2346  1448.830629  680.858402  18.132159  0.098407  1.007600  0.157481
2348  1467.538283  146.598010  17.173794  0.048920  0.621665  0.073067
2349  584.897711  1835.183381  19.558821  0.129275  1.971228  0.179930
2350  1969.061380  1483.637208  19.269703  0.134109  1.738377  0.117998
2351  1523.171103  175.708438  20.243456  0.080570  2.100353  0.084224
2352  1234.612617  1047.400072  18.121608  0.074011  1.082902  0.130146
2353  938.203629  347.697819  17.854857  0.084586  1.846423  0.047689
2354  2018.659529  601.807041  17.599369  0.047500  0.942719  0.089520
2355  1242.635872  836.288037  18.293126  0.090317  1.533002  0.075518
2356  1486.004939  1828.139195  17.498150  0.077775  0.834515  0.044357
2357  2035.668168  1215.792490  16.135142  0.040610  0.015173  0.042443
2358  347.651478  51.284357  18.550618  0.106714  1.517962  0.079374
2359  556.772025  1031.370700  19.374337  0.087363  2.074649  0.117858
2360  1087.648224  1135.984748  17.738933  0.120055  0.881961  0.068527
2361  544.889763  1938.368786  17.712442  0.052936  0.831287  0.043667
2362  1215.928846  229.142997  17.409367  0.076559  0.734454  0.038206
2363  1747.614088  934.573997  16.855272  0.042853  0.489097  0.087287
2364  697.097371  1474.706948  16.876805  0.034437  0.330240  0.079507
2365  1225.140308  756.932166  17.998183  0.071776  2.180470  0.048548
2366  74.935362  964.143595  18.042783  0.139081  1.033082  0.092966
2368  1594.792967  676.915834  18.783188  0.068823  1.190145  0.127307
2369  1534.899094  369.996481  19.231597  0.108169  1.906147  0.069025
2370  154.983932  1596.692375  18.526302  0.088939  0.944205  0.057506
2371  1936.330177  952.946966  17.524542  0.103719  0.323206  0.071923
2372  877.543911  190.323752  20.768035  0.185844  2.273260  0.100474
2373  1681.070895  476.827673  18.917846  0.071154  1.333214  0.062822
2374  1929.589500  254.900970  19.720507  0.138118  1.805133  0.170643
2375  1105.972351  1831.566324  18.595704  0.156322  1.043045  0.114003
2376  197.495071  1611.023677  18.992969  0.169039  1.030532  0.075146
2378  91.098740  218.987887  21.321129  0.130853  2.626561  0.141883
2379  1929.327356  426.278356  18.840744  0.057954  1.024261  0.055474
2380  77.071893  1484.951864  17.210017  0.077164  -0.027017  0.071978
2381  1995.041003  1764.641584  18.621692  0.140712  1.023283  0.075179
2382  1067.136436  1888.023197  18.707605  0.182217  1.209710  0.103747
2383  152.143137  32.932796  18.300376  0.087811  1.475312  0.073753
2384  1688.767581  198.350477  18.995863  0.073635  1.435033  0.069857
2385  866.095413  1028.230901  19.286604  0.148774  1.382020  0.065168
2386  1220.933958  143.306602  18.271214  0.073038  0.720343  0.044674
2387  1869.171124  414.431809  18.838908  0.111366  2.097549  0.116256
2388  865.938465  460.082229  20.582161  0.107655  2.087066  0.101324
2389  1882.196243  490.567073  20.437861  0.126001  2.279304  0.145485
2391  906.360770  1261.244370  17.122285  0.061573  0.076949  0.070363
2392  388.969087  895.270705  19.047293  0.157802  1.250519  0.061145
2393  1909.034943  133.475773  20.420114  0.177217  2.263588  0.282898
2394  316.254195  1033.887765  19.713961  0.091765  1.584740  0.125708
2395  558.122540  398.567136  20.772869  0.173056  2.170336  0.283899
2396  1642.656390  1950.830267  18.420948  0.062160  1.606327  0.102452
2397  596.809037  324.544650  17.823368  0.066179  0.643038  0.048439
2398  1400.854108  466.129763  20.260451  0.117998  2.042153  0.162049
2399  963.492022  182.245433  18.500466  0.086457  1.036091  0.078579
2401  171.178641  1699.680720  19.611433  0.097028  1.304448  0.146731
2402  1827.175676  1096.710375  18.688681  0.057738  1.366462  0.062995
2403  1489.551085  1359.318965  19.656520  0.099830  1.413461  0.215600
2404  564.598179  1118.946200  19.407298  0.132991  1.528679  0.112314
2405  1063.015727  1728.492753  18.961348  0.114774  2.563700  0.147181
2406  1285.515066  916.139833  18.890779  0.099399  1.139928  0.102001
2407  664.205256  1454.037736  17.343394  0.045209  0.383323  0.053938
2408  1076.997093  2019.786439  18.251061  0.051144  0.759285  0.075562
2409  143.527493  594.353609  17.265500  0.054544  0.344288  0.042983
2411  50.785291  881.951127  18.661123  0.060377  1.108327  0.050351
2412  546.287158  25.398588  18.785661  0.111907  1.014383  0.069240
2413  923.466306  310.020174  18.520481  0.082514  1.472761  0.129803
2414  992.715073  1167.609850  19.185270  0.126789  1.308824  0.117956
2415  1521.772367  1092.272424  18.822675  0.052486  1.299425  0.098393
2416  1169.955949  693.804660  19.066123  0.121036  2.074789  0.096763
2417  481.299860  679.681007  20.801408  0.224229  2.431900  0.159315
2419  436.480078  798.146612  18.855009  0.100938  1.093937  0.054521
2420  151.504053  7.662904  18.773671  0.078344  1.068297  0.088886
2421  1306.009943  1271.326663  18.459899  0.142973  1.001490  0.070374
2422  708.623210  1162.653981  16.849893  0.037152  -0.008039  0.041349
2423  214.495482  1386.632598  18.302001  0.058234  1.033196  0.136064
2424  455.198030  353.276062  19.126081  0.060723  1.195409  0.103948
2425  1479.614419  2003.993747  18.188649  0.061488  0.918414  0.065197
2426  1543.317386  872.359641  19.151650  0.159272  1.444339  0.145908
2427  661.679023  175.380891  18.627549  0.063079  0.965752  0.053737
2428  1038.171314  1342.768204  17.772638  0.050272  0.638401  0.043972
2429  19.557038  1645.260354  19.057369  0.140881  1.263708  0.095423
2430  242.598948  1613.043962  18.774584  0.080907  1.246873  0.080897
2431  1406.542324  435.297764  19.640904  0.112376  1.689026  0.067643
2432  505.829220  397.395074  19.786064  0.116618  1.854053  0.085761
2433  23.935623  1668.846751  20.388866  0.139115  2.509729  0.259465
2434  278.016461  1254.910846  18.875544  0.089064  1.046215  0.062078
2436  676.224457  1052.868608  19.224014  0.198097  1.839602  0.188926
2437  428.573441  1454.100362  18.935795  0.089849  1.255292  0.052128
2439  354.235279  1956.256471  18.224256  0.051272  0.889412  0.084476
2440  1621.837759  1756.679625  18.465481  0.087070  1.108655  0.060232
2441  1676.561619  716.480872  18.458068  0.052894  1.499488  0.085689
2442  1158.445446  950.417227  18.613777  0.060072  1.047567  0.052786
2445  535.919193  1075.468948  16.380912  0.064935  -0.229058  0.058512
2446  728.891679  420.611200  18.882129  0.089867  1.259734  0.053082
2447  1495.934690  723.543678  20.519367  0.087578  2.332215  0.158618
2450  1256.634527  1648.134311  18.539778  0.116626  1.383983  0.112509
2451  1472.493373  1326.288962  19.013564  0.112612  2.399240  0.125933
2452  1211.443513  1674.950112  19.074056  0.140708  1.414698  0.128660
2453  1940.826432  178.415870  19.969590  0.158437  1.793528  0.222315
2454  176.480854  1181.536725  19.095284  0.144696  2.318046  0.061688
2455  1714.056909  506.042589  18.063447  0.052880  0.808596  0.045407
2456  1547.422004  1208.546536  18.904263  0.056006  0.817177  0.202612
2457  702.002199  491.355190  19.368008  0.103467  1.391681  0.083047
2458  1011.105291  707.179924  18.404159  0.110911  0.977076  0.137742
2459  1952.030968  934.002959  17.587225  0.063054  0.384764  0.064744
2460  926.276434  1943.893142  20.028993  0.208697  1.695852  0.085387
2461  317.358620  1236.977371  18.719319  0.072286  1.407762  0.087823
2462  1692.868002  1698.748678  18.762044  0.091148  1.569583  0.053956
2463  1153.389016  229.639455  19.077307  0.084960  1.362068  0.131899
2464  5.457581  990.524856  17.879953  0.089239  0.866232  0.152566
2465  411.333890  1054.068557  17.026089  0.107616  0.066786  0.050988
2466  1272.849846  1798.993324  17.182695  0.062394  0.193529  0.083365
2467  738.080805  499.081357  18.860052  0.119795  1.156363  0.064581
2468  958.258167  1285.642616  19.339241  0.143987  1.620883  0.141782
2469  367.632608  1374.645423  18.964770  0.090744  1.580878  0.119505
2470  935.232453  1140.888475  18.719050  0.111421  1.671312  0.068664
2471  1870.475998  1715.349360  18.814048  0.059299  1.463892  0.139907
2472  310.565136  326.764689  18.901262  0.080847  1.122897  0.080777
2473  1761.647175  782.176517  19.611378  0.102899  1.354190  0.175365
2474  267.172199  1309.287457  18.286937  0.073620  1.186625  0.198422
2475  66.394446  302.181472  18.807995  0.062827  1.284069  0.065034
2476  90.811684  1619.303524  19.982298  0.106801  1.709413  0.096988
2477  353.631166  1634.904056  17.972537  0.115844  0.769338  0.045442
2478  502.668160  857.190656  19.794282  0.148542  1.811038  0.090671
2479  1791.355350  625.541240  20.316010  0.182267  2.131902  0.167499
2480  398.161576  479.163808  18.670652  0.117715  1.135267  0.126325
2481  106.675222  906.784672  20.712464  0.132570  2.440226  0.112418
2482  533.805253  1623.284206  18.628356  0.131201  1.860019  0.052538
2483  1473.047247  816.774119  19.056589  0.082304  1.367506  0.067413
2484  335.732213  1708.072826  18.733409  0.055905  1.402463  0.087031
2485  591.160805  1338.329055  18.318409  0.106596  1.030881  0.092161
2487  466.829775  1836.072882  19.541851  0.144533  1.714815  0.220075
2489  252.574760  205.861588  18.384676  0.160101  1.234809  0.080506
2490  638.297330  907.900469  17.171715  0.106003  0.100814  0.098689
2491  410.128619  1022.586423  19.119414  0.074077  1.280864  0.094632
2492  861.174497  18.644807  19.595237  0.091258  1.590692  0.071116
2493  942.906521  297.091575  19.112009  0.090294  1.373607  0.094525
2494  1346.329627  1464.831265  19.103291  0.105926  1.318622  0.077795
2495  905.314186  713.255388  18.549179  0.113016  1.405996  0.156702
2496  416.892839  1744.451666  19.186797  0.105603  2.230903  0.088807
2497  1065.167490  1206.727172  18.820979  0.069849  1.045464  0.075121
2499  1200.862426  1893.349633  21.018084  0.184740  2.266147  0.105685
2500  1580.126241  839.508340  18.502116  0.105447  0.822523  0.097463
2501  1326.865918  1376.013867  20.438934  0.361377  2.444149  0.104736
2502  1627.953677  117.154744  20.630167  0.191081  2.376901  0.146168
2503  1702.740426  855.982945  18.782607  0.059378  1.444286  0.073684
2504  1657.311619  1951.902608  19.487049  0.075068  1.373563  0.127431
2505  1562.077092  688.895536  19.341871  0.085493  1.646672  0.079419
2506  73.338769  756.636499  20.052853  0.160092  1.872532  0.080760
2507  1750.440733  173.992266  18.667484  0.063227  1.090877  0.159758
2508  1731.358459  862.872992  19.444454  0.085346  1.867039  0.107945
2509  1394.185175  551.723978  18.008840  0.080180  0.638074  0.058670
2511  1649.134841  1970.681039  19.730702  0.174961  1.536239  0.175953
2512  720.958302  1837.229452  20.534195  0.139904  1.940566  0.128726
2513  1380.276604  614.455223  20.148020  0.314588  1.337048  0.218900
2514  812.808673  1458.930616  17.760694  0.051455  0.270085  0.076750
2515  679.205759  1936.718363  19.818853  0.097912  1.400893  0.138549
2516  603.742271  73.467734  19.299294  0.127880  1.304075  0.134441
2519  255.224206  1362.453350  17.488060  0.046224  0.155878  0.037176
2520  1457.230587  591.236484  19.617824  0.131862  1.366184  0.091697
2521  497.106686  843.558246  18.753082  0.136436  1.417309  0.109485
2522  193.547850  1002.940487  18.999279  0.092472  1.103533  0.103204
2523  1972.297042  971.806455  19.388253  0.089133  1.055582  0.072501
2524  1586.197309  852.249236  17.461909  0.043744  0.187886  0.050126
2525  1036.288035  1233.329281  16.717546  0.049646  -0.286880  0.040217
2526  947.516847  1783.801632  19.506064  0.067414  1.429715  0.092915
2527  1931.294461  1746.864662  21.159082  0.231935  1.996231  0.181110
2528  2001.140214  1540.449078  20.345815  0.156917  2.245264  0.312013
2529  1264.533628  518.861286  19.830005  0.102925  1.665178  0.077819
2530  364.161753  581.261209  19.879657  0.136852  1.420867  0.207205
2531  83.291285  1316.851400  19.137989  0.110320  1.065136  0.093332
2532  4.341693  1903.443659  20.425421  0.123741  1.517723  0.185098
2534  1953.644935  1513.669152  17.476876  0.097754  0.076163  0.073667
2535  357.348257  1048.234216  19.475524  0.130728  1.163040  0.100630
2536  706.796275  467.734841  18.817574  0.080961  0.718669  0.079328
2537  1094.123574  531.628803  19.483497  0.066364  1.284567  0.164359
2538  933.890235  1691.776039  19.178375  0.151199  1.614166  0.090139
2539  689.860898  1924.541492  19.316764  0.136000  1.138732  0.157671
2540  952.788604  8.048883  16.860936  0.050102  0.005843  0.060893
2541  726.421144  1849.109365  20.055631  0.088829  1.509013  0.094805
2542  401.694199  1580.878477  19.752211  0.105766  1.318098  0.069748
2544  1141.035009  1431.316627  19.080266  0.082181  1.800184  0.082189
2545  174.342172  1364.714952  17.482451  0.066215  0.111609  0.052938
2548  327.687192  522.825912  18.951747  0.128530  1.015456  0.107694
2549  1849.036255  421.378827  19.181671  0.107984  1.072232  0.081382
2550  100.773101  1748.444137  20.328332  0.083544  1.680620  0.151604
2551  10.719487  1984.352458  20.149400  0.153362  1.575847  0.135533
2552  1674.321186  1548.391489  19.709208  0.131622  1.196163  0.129596
2553  593.625552  870.249148  18.352437  0.126874  0.488031  0.079770
2554  2013.263785  859.756882  19.257221  0.122748  1.659876  0.088959
2555  805.556933  1514.191082  18.985241  0.059569  1.374399  0.055816
2556  2005.931800  535.153807  18.492423  0.169420  0.806496  0.049493
2557  1846.461838  889.072069  18.230048  0.051791  0.610229  0.091652
2558  1673.409419  220.857015  19.498684  0.097646  1.238800  0.092842
2559  1713.843517  1930.980849  19.361500  0.060824  1.338837  0.090199
2560  1466.225666  1574.652925  19.527526  0.068651  1.183257  0.064581
2561  1966.850528  1402.640851  19.538767  0.115714  2.224950  0.144721
2564  1313.393233  1849.389631  19.980748  0.153335  2.197079  0.088069
2565  1186.650055  796.625381  20.356498  0.113787  1.866997  0.083291
2566  1894.462420  682.053507  19.768421  0.152216  1.309102  0.117387
2567  793.704131  1704.235917  18.153450  0.052518  0.494889  0.045188
2568  662.921641  1956.571726  20.373728  0.104303  1.735283  0.104193
2569  1321.472323  2.627615  18.418165  0.050701  0.412219  0.099910
2570  1243.327524  152.399121  18.921124  0.060077  0.893505  0.085699
2571  1750.064456  441.397500  19.319842  0.149957  1.875337  0.094204
2572  2002.270720  1339.734917  17.743903  0.059822  0.200181  0.048043
2573  1941.886666  815.967290  18.050232  0.052411  0.313286  0.063533
2574  1822.702518  1258.473064  19.424250  0.144470  1.125574  0.080221
2575  1611.325507  1100.202868  19.772601  0.089397  1.405284  0.096820
2576  702.049655  1980.042046  19.132451  0.215076  1.803898  0.113870
2579  1431.027475  850.277342  19.212565  0.096535  1.252214  0.177167
2581  1428.916286  1113.502526  18.179831  0.052336  0.469114  0.060902
2582  623.933872  1908.825897  18.743329  0.057514  0.946249  0.078390
2584  1985.126649  1607.161226  17.781485  0.052838  0.287014  0.104417
2585  1805.348166  600.781298  20.577995  0.108049  2.351386  0.352262
2586  407.697188  927.854952  19.351053  0.133706  1.340313  0.145398
2587  912.777203  69.591660  19.453661  0.079837  1.200597  0.145658
2589  1582.361466  242.730312  18.711071  0.056558  0.918842  0.084450
2590  1338.096978  245.230684  18.676177  0.055537  0.588005  0.058680
2591  304.713569  1424.610166  20.523904  0.137151  2.028378  0.403330
2592  947.097231  628.261541  17.279470  0.056461  -0.123230  0.086295
2593  407.282176  1253.920890  19.404896  0.102501  0.967642  0.120690
2594  235.832823  509.787380  20.294955  0.136580  1.741484  0.116641
2595  57.654507  1261.969531  20.280124  0.105368  1.583474  0.133171
2597  1787.281077  429.675642  18.622963  0.066973  0.554144  0.090832
2598  28.618182  199.941661  17.906356  0.069068  0.381665  0.061443
2599  561.333783  1411.398345  19.825339  0.192106  1.508311  0.159398
2600  566.688240  1106.753089  20.199150  0.258295  1.570670  0.120041
2601  1781.991392  2011.651274  19.170117  0.062666  0.854143  0.179257
2602  680.635863  1343.320048  19.088716  0.098825  0.986896  0.103549
2603  1330.180259  798.911952  18.256847  0.057364  0.672155  0.079408
2604  362.421197  1318.280985  19.313220  0.104543  0.902326  0.066822
2605  770.780490  572.888743  19.550475  0.113801  1.950163  0.083180
2606  137.717826  485.346937  17.876952  0.043480  0.429863  0.061565
2608  2010.515334  884.207449  19.379487  0.062331  1.303680  0.147099
2610  1274.094277  128.442650  19.692823  0.097698  1.181290  0.106094
2611  1255.184056  970.589089  19.640695  0.100815  1.403110  0.096125
2612  1525.304317  1212.717608  20.430595  0.164242  1.558205  0.096752
2613  940.088723  1305.573022  19.236339  0.115852  1.208215  0.063008
2614  1930.014785  1299.819011  18.003489  0.052371  0.620772  0.105503
2615  891.168118  1676.756730  20.219608  0.139105  1.700496  0.153495
2616  1867.654129  1332.060591  19.222689  0.062063  1.468339  0.132392
2617  1251.080977  386.417112  18.884265  0.107548  1.044870  0.065587
2618  1061.320817  2007.379368  19.642292  0.096469  1.383776  0.091842
2619  685.352645  1018.606559  20.452937  0.131434  1.741821  0.145490
2620  79.136335  644.270720  19.335088  0.106899  1.050186  0.142032
2621  1463.653412  1509.101295  19.939752  0.164766  1.442424  0.152168
2622  673.942596  1661.445516  16.778332  0.046334  -0.273807  0.045092
2623  769.582964  104.790560  19.290610  0.088663  1.283909  0.078100
2624  141.144127  778.134077  19.390356  0.073538  1.219459  0.124401
2625  491.817475  1030.186042  19.840287  0.102168  1.501789  0.177049
2626  143.146600  982.656363  19.210384  0.101895  1.060300  0.169637
2627  2030.244359  1883.182039  19.987194  0.083506  1.459155  0.100378
2628  1858.929276  1255.831502  19.588999  0.083684  2.196884  0.069903
2629  1998.276218  1805.572250  20.264464  0.149508  1.202501  0.276469
2630  1538.205413  1607.358152  20.834798  0.206646  2.105923  0.188149
2631  1598.600392  1134.325306  18.858679  0.157684  0.732876  0.085294
2632  506.432524  799.200741  18.862033  0.105721  1.499746  0.104315
2633  1039.135265  1990.926487  19.393783  0.147212  1.183894  0.102091
2634  71.810475  496.741009  19.541197  0.100509  2.400860  0.101708
2635  868.094035  357.824588  19.163310  0.090123  0.996949  0.180226
2637  1068.569022  1333.429863  19.000603  0.062281  0.960088  0.073302
2638  1525.763128  940.479760  20.916645  0.236481  2.082414  0.124609
2640  436.576699  484.118793  18.540928  0.060954  0.929792  0.086086
2641  1500.691482  1064.512257  19.231385  0.078295  1.024982  0.133461
2642  284.717546  852.863312  19.620136  0.075988  2.234732  0.151826
2643  1817.186176  1031.542473  19.655453  0.127665  1.533776  0.125027
2644  46.154779  125.703468  19.673836  0.096737  2.056920  0.139497
2645  992.892650  1741.521789  18.107272  0.083594  0.554222  0.066285
2647  78.690229  436.431267  18.949506  0.059855  0.718701  0.097144
2648  415.360455  1732.921570  19.279323  0.060761  1.032864  0.075597
2649  706.286259  1896.133241  21.094673  0.118869  1.659229  0.269867
2650  1344.687038  1855.949806  18.928980  0.066991  0.864632  0.105729
2651  612.647697  315.672937  19.272583  0.078499  0.969123  0.117938
2652  540.833368  1114.960419  16.984663  0.049941  -0.328370  0.111302
2653  420.322721  934.677169  19.017498  0.177056  1.112934  0.109659
2655  434.656098  207.519697  16.551539  0.045308  -0.290320  0.047270
2658  954.623024  1802.993025  19.431028  0.084981  1.035465  0.096788
2659  327.707952  1902.023677  19.066043  0.098299  1.064864  0.133456
2660  693.945652  277.706292  20.506503  0.116722  1.842261  0.162174
2661  55.637753  1629.873350  20.313496  0.094805  1.441729  0.196218
2662  1995.601658  1716.023170  19.815551  0.143530  1.573597  0.103257
2663  1719.997550  322.222075  19.521219  0.117660  1.922378  0.174740
2664  212.904336  1181.009733  20.185997  0.097614  1.633876  0.108098
2666  321.318337  1126.086228  19.234812  0.169539  1.160212  0.067184
2667  281.453484  1209.379201  20.778938  0.127386  1.994227  0.240417
2668  1440.441194  226.228786  19.477476  0.103020  2.120863  0.114619
2669  588.718074  1873.351285  18.750326  0.086878  0.949590  0.112517
2671  1109.029193  29.659898  18.865261  0.104848  0.841879  0.085217
2672  218.781983  680.371274  18.052622  0.046533  0.414039  0.044276
2673  1545.105146  1027.297339  19.975036  0.077651  1.690178  0.190129
2674  373.823731  1725.316236  19.025540  0.058184  1.125354  0.154863
2677  1681.748466  1732.999571  19.170421  0.105106  1.118124  0.062379
2678  1548.428084  768.362811  19.302654  0.105871  1.154787  0.079968
2679  702.660418  871.580692  18.367603  0.068179  0.455478  0.052003
2680  687.122060  883.482531  20.123025  0.093043  1.673759  0.242556
2681  898.305568  1735.366764  19.287717  0.076189  1.463443  0.160245
2682  1097.703932  347.903848  19.617876  0.067490  1.054881  0.120886
2683  133.347980  415.602802  19.355189  0.129653  0.950041  0.176006
2684  1028.978802  707.126155  19.468224  0.185684  1.311531  0.132386
2686  2017.452648  1540.527399  19.734649  0.118681  0.998697  0.118838
2687  596.551301  794.291413  20.019348  0.144659  1.693062  0.274420
2688  676.142437  1382.700073  18.992180  0.066500  1.081231  0.086016
2689  1929.627191  1017.826330  19.010587  0.115192  1.345430  0.064301
2690  220.546518  1135.965924  18.970296  0.084434  1.052764  0.137706
2691  817.428105  933.620145  19.546077  0.197565  1.977940  0.145738
2692  1253.602902  1052.706429  20.200241  0.354931  2.466425  0.330432
2693  1458.278289  7.538667  19.625050  0.153256  1.725654  0.129084
2694  1752.474201  450.740729  19.659079  0.150529  1.262434  0.084351
2695  1854.536219  268.174209  19.928187  0.071263  1.537230  0.114329
2696  618.701621  495.695646  19.274246  0.109071  1.289423  0.063055
2697  1017.405975  1363.529338  19.190186  0.069650  1.107493  0.059270
2698  886.898855  617.373022  19.853946  0.205181  1.242366  0.157439
2699  394.357139  1025.676226  20.338856  0.157425  2.039523  0.118876
2701  671.623376  1052.012228  20.146120  0.135406  2.177123  0.197620
2702  1312.878654  202.339564  20.106265  0.080762  1.446968  0.162831
2704  801.274787  552.000471  20.037221  0.144149  2.113953  0.080694
2706  1439.974858  871.908126  20.884691  0.110652  1.994677  0.190786
2707  271.076236  815.694209  20.455953  0.145608  1.584484  0.140854
2709  231.571017  1955.654182  19.188793  0.135753  0.946343  0.080731
2711  400.877084  646.283623  20.422648  0.150129  1.372921  0.127913
2713  1323.545563  1336.748573  19.699235  0.085227  1.202071  0.118166
2716  1167.320079  647.703109  17.669667  0.053398  -0.092661  0.082533
2719  1443.678756  353.774685  20.059088  0.151703  2.014653  0.101926
2721  771.419166  613.664635  19.560308  0.078927  0.809843  0.091332
2722  1241.421355  701.090673  20.037063  0.125891  1.106219  0.123842
2725  1326.308366  2028.916156  20.216012  0.129215  1.451003  0.159873
2726  647.356433  799.164043  20.420131  0.090948  1.458066  0.112606
2727  145.480405  1411.622365  19.686311  0.156688  1.383119  0.127170
2728  53.148083  1801.729915  20.130280  0.121525  1.443851  0.086802
2729  533.656521  975.061264  18.866575  0.099822  0.526171  0.148099
2730  448.424817  24.937531  18.807579  0.083313  0.352470  0.061731
2731  225.686208  312.397307  19.979681  0.091064  1.527225  0.092201
2733  1001.381316  555.796116  19.996244  0.131825  1.474466  0.203871
2735  1359.047069  1959.121836  19.784246  0.147047  1.233812  0.087342
2736  1328.693967  784.298627  20.188265  0.183247  1.469935  0.091424
2737  1108.235124  616.709022  19.625186  0.126826  1.783345  0.115075
2738  2005.708430  1758.575658  20.244074  0.197971  1.355786  0.109229
2739  1684.796432  1325.000416  20.394667  0.220552  1.830174  0.178654
2740  944.640001  1795.569263  20.021595  0.141731  1.198940  0.133754
2741  125.216673  1410.622515  20.679503  0.204271  1.825192  0.170768
2742  1839.927962  461.909490  20.310544  0.086342  1.468271  0.221956
2743  984.664371  656.606231  20.044620  0.123496  1.160516  0.233169
2744  1707.811977  1834.878584  20.529579  0.100701  1.552879  0.240513
2745  888.444983  1399.177682  20.021902  0.157828  1.205833  0.137172
2746  591.490179  293.464477  20.082866  0.079466  1.427314  0.114793
2748  477.168893  825.744739  20.253041  0.095036  2.025034  0.225260
2749  90.867038  904.173965  20.361522  0.210013  1.380583  0.110784
2750  252.139828  1585.002079  19.974699  0.077213  1.202093  0.126029
2751  1365.547832  1751.671288  21.192460  0.195639  1.771710  0.110239
2753  415.869111  2031.997258  19.918942  0.179544  1.090391  0.128210
2754  1518.127570  431.729170  20.646392  0.134000  1.437646  0.111456
2756  422.827734  925.250938  20.265278  0.182987  2.161284  0.131304
2757  1474.014636  909.251896  20.696909  0.112358  1.616695  0.263276
2758  1036.375466  1091.436103  19.800066  0.091452  2.178280  0.128468
2759  1533.495922  1952.680221  19.609766  0.087341  1.006769  0.092136
2760  1423.965226  1879.832332  17.443590  0.048433  -0.276382  0.048362
2761  1466.256511  187.890556  20.292978  0.209568  1.719785  0.164937
2762  1380.244610  360.479541  18.438176  0.108349  0.472912  0.119032
2763  1872.008695  59.796371  20.021433  0.123748  1.697663  0.143447
2765  1952.196754  99.296909  19.748695  0.131102  0.846440  0.122737
2766  280.516920  833.642159  19.875988  0.121791  1.276724  0.147865
2767  615.059297  1874.831272  20.132743  0.091302  1.484279  0.134697
2770  99.413219  1766.181062  20.143524  0.079969  1.196895  0.079905
2771  1004.921240  768.389370  20.101430  0.093156  1.554680  0.086518
2772  439.709767  682.389939  19.594855  0.177212  0.859666  0.111066
2773  402.171657  572.566551  20.576803  0.111966  2.676097  0.219005
2774  43.326300  251.839133  20.181130  0.088426  1.196854  0.081360
2775  1758.332673  1742.817408  19.988800  0.112003  1.873603  0.110142
2776  1523.676708  1343.834674  21.206504  0.169811  1.769471  0.143193
2777  1151.817368  1977.149735  20.364145  0.226088  1.725513  0.129366
2779  998.192837  186.880510  18.533685  0.121404  0.716243  0.111890
2780  779.750517  1211.750597  20.465292  0.106218  1.568033  0.116791
2782  1361.732949  1263.563368  20.209738  0.206125  1.367583  0.087104
2784  964.006826  1409.956491  19.510445  0.110162  1.183139  0.115025
2785  679.897074  456.090507  20.940613  0.238925  1.613627  0.147706
2786  1724.263765  1111.900392  19.618363  0.113601  1.415180  0.075937
2787  631.826945  583.636038  19.978455  0.076487  1.212938  0.100808
2788  433.697278  990.873788  19.218658  0.161027  0.851468  0.074282
2789  1959.361911  69.614245  20.389102  0.096357  1.486820  0.164277
2790  835.317595  72.299623  20.301647  0.278493  1.440609  0.234216
2791  1876.435532  1822.378702  19.705974  0.114642  1.604111  0.094427
2793  499.680603  529.950362  20.400687  0.105122  1.348363  0.155584
2795  885.336855  1603.115821  19.856519  0.123352  1.106821  0.158374
2796  565.161241  267.711599  20.702524  0.163509  1.406111  0.130808
2798  1463.204219  1209.384499  20.451706  0.126814  1.544566  0.160201
2799  1620.009567  1359.118949  19.991262  0.126040  1.427859  0.087813
2800  2035.934073  900.157783  20.251949  0.108643  1.662610  0.164107
2801  1076.873680  279.794888  20.367173  0.203848  2.078299  0.179929
2802  1108.698092  1799.633656  19.998926  0.143576  1.378492  0.121960
2803  1585.409944  640.493337  19.204007  0.079658  0.565397  0.156288
2804  1642.079018  668.731847  20.252411  0.112410  1.267114  0.136712
2805  1071.897381  1489.701577  20.021753  0.091624  1.016674  0.145551
2806  1601.200431  1783.548704  19.955336  0.119032  1.183250  0.105607
2807  554.825768  795.446242  20.327655  0.125837  1.556802  0.300042
2808  923.203424  949.689824  19.616757  0.155389  1.357345  0.165158
2809  810.796506  733.733454  20.037013  0.124395  1.202260  0.090577
2810  1872.033615  1496.523571  20.385595  0.114460  1.240437  0.126161
2811  1260.332556  1599.802808  18.149724  0.087046  0.131908  0.063246
2812  1102.502923  1230.921169  20.578332  0.164496  1.892233  0.161166
2814  1743.606104  1867.263515  17.442526  0.051468  -0.312554  0.040609
2817  1473.919316  489.257608  18.051409  0.070317  -0.037039  0.062125
2818  1698.793795  610.946348  19.699869  0.152856  2.044205  0.089317
2819  162.206237  48.651415  19.321555  0.093182  0.836695  0.063925
2820  767.697846  1170.971713  19.833963  0.193213  1.110386  0.077466
2821  925.917456  1996.160531  19.789033  0.203634  1.178467  0.076309
2822  1544.687617  1903.592812  19.687956  0.090214  1.009214  0.087685
2823  1698.388168  1717.144553  20.483580  0.171987  1.314538  0.122677
2824  959.212020  1710.110624  20.062038  0.132910  1.315030  0.087473
2825  1460.372913  516.431475  19.328967  0.085228  0.710509  0.065959
2826  1766.398818  1829.805165  19.905891  0.084405  1.148086  0.108802
2827  1254.023681  427.883965  19.623320  0.206053  1.178565  0.200344
2828  66.086233  1114.312794  20.727092  0.124712  1.675529  0.109204
2829  1288.285486  1882.826606  19.177120  0.069381  0.606608  0.064373
2830  2.356075  500.762689  19.424086  0.134217  0.912999  0.113871
2831  460.281372  1872.701940  21.662817  0.267181  2.278246  0.290604
2832  1778.750960  1520.787560  20.119200  0.102204  1.506136  0.084060
2833  1812.283194  1665.662790  19.969772  0.200084  1.212314  0.115140
2834  861.948551  2045.933709  18.839893  0.071643  0.534238  0.057985
2835  793.692450  1009.166603  19.307603  0.143887  0.650790  0.177315
2836  1180.682007  198.502293  19.902254  0.250772  1.064351  0.097415
2838  1783.970670  890.164595  19.980133  0.232292  1.261423  0.098058
2839  446.044043  1099.778027  20.076570  0.145366  1.551631  0.155435
2841  1886.930812  1548.967879  20.315109  0.142776  1.402414  0.093171
2842  66.563680  1868.994564  20.306464  0.247944  1.264917  0.191306
2843  136.010334  237.460793  19.670974  0.094393  1.772904  0.103616
2844  1628.278042  165.939085  19.696870  0.073393  1.086133  0.097067
2845  249.590428  499.080462  18.349156  0.050580  0.508233  0.078356
2846  409.848161  1917.845738  19.795978  0.116652  1.607743  0.078316
2847  1211.246205  1722.050527  20.045716  0.121367  1.332909  0.132996
2848  1655.651549  363.455156  18.903183  0.077333  0.619654  0.135967
2849  2015.880713  535.671349  19.724699  0.091072  1.487966  0.115340
2850  1482.710372  1531.270494  20.112213  0.088444  1.222395  0.139388
2851  217.799756  131.119362  20.110280  0.146249  1.252692  0.242227
2852  1203.453486  574.275758  19.544564  0.139011  1.427835  0.077818
2853  1118.324924  1089.659580  20.020790  0.106241  1.313754  0.161445
2854  797.833657  1660.533113  19.598420  0.204402  1.260361  0.098484
2857  1835.184934  1010.749705  20.644856  0.166041  1.882458  0.155762
2859  82.211043  520.751651  20.782536  0.108917  1.678777  0.152831
2861  1528.757154  697.725748  18.756868  0.053584  0.656785  0.058535
2862  1541.145857  1599.495746  20.149664  0.110207  1.200885  0.149712
2863  846.171641  1382.445260  20.160548  0.352310  1.502844  0.200544
2864  246.744428  1618.972292  18.583418  0.088009  0.632247  0.056155
2865  1018.628468  756.844822  20.954124  0.165770  1.802748  0.236299
2866  447.213987  1020.850737  20.168673  0.086147  1.564916  0.131913
2867  699.611873  1365.672071  19.559868  0.100993  1.199011  0.110481
2868  562.768494  1533.532882  20.076511  0.097518  1.450991  0.078531
2869  647.729804  1868.693431  20.676408  0.165609  1.572114  0.175622
2870  1787.883617  1291.324799  19.493014  0.187293  1.284392  0.068646
2872  1018.346925  343.279812  19.892604  0.126590  1.122207  0.148674
2875  1732.546904  1671.532432  18.210313  0.135331  0.463409  0.089384
2876  2006.562721  1004.856619  19.749179  0.106459  1.040359  0.129889
2877  227.893491  72.789909  19.070373  0.061201  0.455617  0.086747
2878  709.488728  1980.008164  18.375744  0.088989  0.357876  0.062708
2879  1701.774738  2047.891991  19.789445  0.156376  1.240215  0.205499
2881  360.080410  1259.073171  20.831367  0.127365  1.487535  0.132797
2882  1045.421483  1586.198889  20.120482  0.117959  1.232017  0.093353
2883  1223.366188  1049.680865  19.917707  0.136662  1.132482  0.152483
2885  237.320246  1968.049676  20.185880  0.094355  1.604173  0.203035
2887  213.200220  892.151944  20.082487  0.087751  2.445478  0.153665
2888  650.182654  1784.069343  20.371538  0.147697  2.060109  0.103146
2890  1496.269912  570.639627  18.390206  0.078658  0.477388  0.087146
2894  1604.277662  521.645900  20.606363  0.128704  2.669156  0.264641
2897  1064.728511  1771.127600  19.881642  0.170307  1.513173  0.106719
2898  717.466208  563.709804  20.325825  0.125819  1.266561  0.088668
2900  744.512207  674.141472  19.982528  0.092866  0.606802  0.176378
2901  1584.641149  390.544521  20.531145  0.202414  1.398480  0.120805
2903  880.284258  391.869150  20.130173  0.079576  2.468236  0.100389
2904  831.242563  1995.787811  20.179405  0.171784  1.518010  0.093126
2906  1572.753726  1176.933099  19.768924  0.088577  1.821279  0.116286
2907  1485.001591  1347.345101  20.073466  0.095901  1.265939  0.230670
2909  1055.798021  323.174152  19.831022  0.113471  1.030375  0.097104
2910  1572.667827  404.824693  19.775310  0.080721  1.114664  0.071807
2911  359.934704  181.670599  20.051208  0.122027  1.101878  0.121773
2912  1757.717792  190.712213  19.654993  0.167385  1.529686  0.087337
2914  373.014737  983.596280  20.176363  0.158020  1.602272  0.107780
2916  350.867746  228.825259  19.266792  0.093664  0.892083  0.099705
2917  1293.763101  127.597409  20.971596  0.188058  2.174735  0.125466
2919  1119.720140  1713.773739  19.828748  0.160744  1.010766  0.174905
2920  480.234021  822.850507  19.580231  0.125670  1.167220  0.097721
2922  1076.507215  90.137706  20.235040  0.099411  2.679165  0.213455
2925  409.642452  1255.420490  21.115275  0.169310  1.337074  0.156115
2926  1020.357471  1894.880580  20.276855  0.093325  1.574394  0.131057
2928  1175.597048  885.859639  19.804796  0.131807  1.200386  0.101484
2930  416.560795  1754.070431  19.953676  0.085494  1.493006  0.148894
2933  1416.853481  559.126953  20.015307  0.077033  1.240130  0.118452
2936  1768.203997  1416.440635  20.045680  0.140685  1.631219  0.176713
2937  1906.177333  862.883579  20.263775  0.089016  1.268682  0.194600
2938  1986.716984  312.500919  20.065252  0.082287  1.532697  0.106826
2939  1689.691266  479.681661  19.959207  0.126626  1.053738  0.083049
2940  503.893388  1771.490772  19.806828  0.150030  1.629084  0.206315
2941  1113.674298  470.110785  18.452199  0.104753  0.442256  0.064960
2943  1718.698960  28.631898  18.034727  0.114484  0.063982  0.055695
2946  631.295571  814.690962  19.620700  0.083704  0.719391  0.133021
2947  1916.190458  1872.302320  20.088187  0.218470  1.258997  0.156120
2948  1782.221468  493.837883  20.284288  0.156157  1.303459  0.108540
2950  617.646827  237.953986  20.791044  0.251531  1.273258  0.224899
2952  1483.073324  1691.478880  20.684177  0.218812  1.698859  0.141608
2953  161.938505  1563.623770  20.579807  0.206285  1.150029  0.197973
2957  1367.061688  1846.371302  20.281855  0.306232  0.798483  0.159043
2960  1629.243017  1276.982274  20.704425  0.191874  1.150393  0.120695
2966  972.211082  1243.936166  20.512167  0.149320  1.414026  0.182784
2968  998.926610  658.581464  20.413856  0.176631  1.304315  0.150256
2971  1130.342292  1064.539639  19.624422  0.135148  0.681210  0.081428
2972  1686.944291  1462.624656  18.203959  0.198756  -0.092814  0.057007
2973  111.149397  211.466042  20.665913  0.195096  1.604423  0.178909
2974  592.309205  284.538445  20.519665  0.145010  1.243635  0.129064
2978  637.680191  1465.382914  20.960204  0.106396  1.591677  0.109671
2979  777.363591  1795.375720  20.821195  0.162334  1.314445  0.111372
2981  570.785449  2021.126333  20.219486  0.090417  1.220841  0.170898
2985  1411.425488  1982.902432  20.651639  0.278686  1.217079  0.214852
2986  1554.668856  491.442642  20.609075  0.137938  1.364291  0.193645
2988  882.811977  725.388342  19.108865  0.075909  0.498481  0.106331
2991  424.742155  1578.293463  20.723384  0.130254  1.132061  0.195981
2992  73.646070  1905.548203  20.731196  0.189246  1.370273  0.178185
2993  1771.186056  1251.118661  20.498120  0.192144  1.227032  0.234935
2995  334.734783  570.915292  20.752740  0.124055  1.349565  0.149697
2996  1199.384692  1185.008124  19.895301  0.091576  1.193108  0.134176
2998  1027.243517  1855.057283  19.710534  0.113597  0.583419  0.070760
21005  271.128585  7.360698  20.564473  0.095391  1.437175  0.095958
21009  940.283518  1528.064142  20.263721  0.095728  1.258628  0.138453
21010  189.198291  889.715133  21.037494  0.173347  1.298390  0.214851
21012  1802.807493  239.767570  19.886085  0.267654  1.070229  0.098394
21013  856.438085  1434.688664  19.079752  0.098101  0.399786  0.074725
21019  1186.633742  383.621758  20.455819  0.159543  1.160824  0.152203
21020  1037.279002  804.261798  18.936465  0.154983  0.106055  0.088025
21021  1039.672419  389.558673  20.949588  0.220562  1.306028  0.146582
21022  888.900801  1957.118904  19.743014  0.078577  0.486114  0.073349
21024  465.096051  657.337214  20.541846  0.095439  1.586987  0.108573
21025  921.055192  1293.693063  21.044354  0.304842  1.078191  0.260009
21027  891.999371  654.847582  20.176336  0.126516  1.011061  0.121963
21028  178.756933  302.810490  20.247077  0.099959  1.172530  0.101184
21029  2024.889353  778.202035  17.950602  0.105749  -0.366737  0.060931
21030  1904.584161  444.802895  19.569449  0.106316  0.835392  0.143528
21031  199.786572  1840.242536  20.569734  0.147748  1.274066  0.095994
21033  1283.235649  1053.001758  21.234208  0.235195  1.734319  0.234004
21035  1680.795979  1760.676942  21.029420  0.258707  1.623925  0.177667
21036  468.529873  1688.098635  20.106811  0.099467  1.067468  0.240100
21038  275.315619  765.229596  18.984690  0.063930  0.364490  0.068657
21040  1353.204873  1123.155559  21.052248  0.185967  1.613495  0.215695
21041  1288.506253  469.401183  19.467797  0.095219  0.564293  0.073046
21046  242.332176  1438.518195  20.917472  0.311871  1.514369  0.220819
21047  1292.883963  100.601417  20.287369  0.157678  1.406390  0.211139
21048  1424.873719  1344.892040  20.443685  0.128785  1.423740  0.138877
21050  962.127509  198.486220  19.440567  0.088334  0.689484  0.066661
21053  392.711781  194.916294  20.705016  0.204938  1.337596  0.153871
21059  723.895074  1980.288624  18.476990  0.108723  -0.017773  0.171716
21060  483.069803  864.721643  20.973628  0.189089  1.390798  0.221603
21061  1810.755748  1676.424945  17.905265  0.090571  -0.375833  0.055127
21066  937.140922  1550.225094  20.671272  0.126051  1.445263  0.118742
21067  1054.493876  845.913257  20.873858  0.257112  1.865263  0.216237
21071  81.012368  999.310399  20.966911  0.185432  1.104483  0.214414
21072  1368.879745  193.194638  20.777260  0.099728  1.254929  0.206158
21074  793.169809  336.782276  20.012222  0.187254  1.042405  0.211390
21077  2043.814050  639.173501  20.823995  0.246326  1.489369  0.174392
21079  474.149403  16.166636  20.601727  0.229933  2.595189  0.124868
21080  1490.497072  1914.122686  20.744311  0.160272  2.439190  0.119127
21081  1940.792387  636.896871  20.500342  0.177774  2.405605  0.246444
21083  2031.774554  152.631738  20.174567  0.106180  0.935609  0.098910
21084  1691.632918  2008.577700  19.459049  0.134285  0.545437  0.074403
21087  1865.226163  882.445969  20.084571  0.102229  0.765875  0.093530
21088  1285.126956  270.457759  20.520992  0.183372  2.544780  0.107404
21089  1300.593165  551.960294  19.555492  0.074426  0.903464  0.065893
21090  334.976108  1779.407428  19.813140  0.136044  0.796841  0.138460
21091  978.478674  1360.368918  21.041447  0.134443  1.530391  0.126540
21096  1596.974622  904.558289  20.751637  0.209973  1.468458  0.248060
21097  979.242648  1894.645860  20.818346  0.182877  1.765234  0.129366
21101  99.428370  1678.525321  20.447807  0.121716  1.206210  0.106510
21102  1727.059958  1314.069963  20.787464  0.167910  1.650228  0.376232
21103  1957.661807  1196.113434  19.308432  0.166531  0.356357  0.072143
21104  1181.464722  1777.320023  20.206666  0.127962  1.446619  0.099934
21105  779.233249  1741.248918  19.106445  0.121428  0.441455  0.116527
21110  1784.235801  1500.175666  20.693334  0.121871  1.407846  0.279431
21111  264.116212  562.479447  20.677013  0.164695  1.378739  0.119898
21113  453.712412  415.111062  20.642301  0.137178  1.212109  0.236070
21114  1439.167182  1757.033396  20.903802  0.126137  2.096291  0.170714
21115  466.959318  342.409111  20.736872  0.140453  1.724736  0.185279
21116  1880.618468  514.916081  20.665478  0.203855  1.445364  0.177208
21119  1580.292756  602.213706  20.713346  0.130978  1.788132  0.099581
21121  965.686529  1192.946023  20.456353  0.115320  1.401962  0.194443
21124  1586.463223  1657.356009  19.410454  0.130515  1.076118  0.131768
21126  100.349008  340.754977  18.241251  0.066358  0.082242  0.061673
21128  1633.620534  1698.243761  20.953220  0.115961  1.076800  0.115463
21130  956.658694  1377.670486  20.599969  0.128427  1.275559  0.141294
21132  1309.459786  642.459854  20.395548  0.139319  1.099738  0.149959
21134  72.978214  1701.935860  21.235004  0.111528  1.352556  0.117584
21136  1746.963660  1416.139507  19.650129  0.200162  0.548519  0.079951
21139  1012.663722  289.672228  18.180791  0.060382  -0.006116  0.093977
21141  1402.491364  169.845463  20.655047  0.163433  2.463404  0.150734
21142  1370.261937  2034.554566  20.511633  0.143796  1.203364  0.146048
21144  1617.648005  1884.368421  20.296267  0.166479  1.371302  0.135427
21145  130.208500  336.498005  20.511148  0.222720  1.708398  0.196690
21146  990.237528  95.199793  20.521456  0.280620  1.227186  0.190079
21149  1723.482198  1832.062664  19.825392  0.144303  0.733187  0.156200
21150  1634.687091  1092.524732  21.025371  0.139051  1.372276  0.251264
21152  223.823372  1638.806469  20.869288  0.203591  1.130219  0.117756
21153  1110.759081  238.883649  21.377507  0.127654  1.370743  0.185889
21154  1560.374013  874.111911  20.764574  0.134966  1.236684  0.200626
21159  1030.067553  308.900290  20.580767  0.097760  1.304070  0.104951
21160  884.467512  1432.805876  20.848254  0.177633  1.407837  0.172553
21161  102.690021  998.161851  18.816790  0.077937  0.455154  0.103781
21163  1934.860747  74.823564  20.386217  0.174747  1.367239  0.110759
21166  955.442915  1904.167415  18.850776  0.154754  0.332246  0.059311
21167  126.338326  92.233397  19.777355  0.157674  0.929421  0.089187
21168  1504.136371  1066.028993  20.502037  0.138315  1.484906  0.102259
21169  949.340760  1065.933930  20.927574  0.181372  2.996504  0.210172
21172  1803.700219  526.893551  20.528600  0.218373  1.716543  0.134732
21173  204.522777  1234.414470  20.421469  0.137537  1.449578  0.128963
21174  1776.302692  1346.658833  20.603762  0.155648  1.411122  0.124037
21175  130.029453  1911.116992  19.692001  0.069615  0.528898  0.181592
21178  743.876885  1614.172564  20.454287  0.154540  0.994636  0.179698
21180  1353.463538  593.219080  19.056864  0.119983  0.582908  0.106437
21181  638.513484  1692.053458  20.842547  0.132485  1.107726  0.187853
21183  1950.226271  348.168235  20.752614  0.167741  1.463408  0.165569
21184  1370.336043  1924.293119  20.755182  0.198356  1.615831  0.267774
21186  858.817403  1606.390696  21.120648  0.113347  1.584714  0.222346
21187  235.049875  338.252266  20.365212  0.101568  1.117292  0.146764
21189  275.786407  1859.750574  21.051903  0.133389  1.530261  0.183458
21190  1660.388953  1446.538145  20.686912  0.315040  1.285325  0.192784
21193  1030.951646  994.283309  20.536287  0.175305  1.443108  0.115659
21194  1002.540106  148.359448  21.053517  0.114440  1.206942  0.165727
21195  1873.900418  448.827859  20.154053  0.204392  1.150027  0.355905
21197  587.210383  841.053635  20.505668  0.142430  0.716560  0.252845
21199  1661.557508  721.458666  20.887576  0.123649  1.393309  0.168016
21204  861.914239  1622.500034  19.713888  0.159191  0.330081  0.087064
21206  1262.638564  1482.472648  20.436563  0.278428  1.161812  0.152658
21207  429.828984  1434.844805  20.540605  0.150483  1.268229  0.111020
21209  236.945539  1532.325265  19.765305  0.095057  0.901159  0.190043
21210  962.740020  187.677100  20.180975  0.214594  1.305527  0.189197
21216  250.890957  457.374108  20.541985  0.138318  1.785302  0.095410
21218  531.469351  537.237293  20.765939  0.170642  2.095347  0.106686
21220  758.987768  1339.020215  20.871628  0.114086  1.507078  0.139100
21221  915.378507  1776.593204  17.784277  0.052175  -0.251703  0.100427
21222  1546.804545  1245.160789  20.444076  0.128688  1.204824  0.117195
21224  1414.483147  511.198717  21.085247  0.163237  1.618646  0.300860
21225  1915.374489  1679.450662  18.637737  0.086522  0.097517  0.081149
21227  1638.175611  718.105989  20.632169  0.272962  1.663595  0.150458
21229  1488.196090  1794.441567  20.554191  0.168454  1.677862  0.143054
21230  788.351064  434.239760  20.620792  0.111733  1.198185  0.173608
21232  1686.955802  1843.442685  20.677896  0.123663  1.610841  0.192756
21234  611.018392  545.177455  20.606015  0.282935  1.537682  0.133012
21236  438.743371  417.841217  20.445716  0.166588  1.437450  0.288864
21238  209.883623  231.329088  21.923270  0.331843  1.739271  0.141196
21239  1354.218899  1999.169147  18.461556  0.062609  0.146681  0.091290
21240  1007.397325  2017.679120  20.359244  0.139273  1.109624  0.094031
21242  747.580967  1349.734564  20.064059  0.187797  1.088292  0.108901
21245  1318.227422  275.710866  18.825382  0.075537  0.398359  0.077020
21246  519.895988  1884.666590  19.592368  0.136565  1.031805  0.185695
21248  1073.512041  547.035187  20.683744  0.149625  0.538352  0.283788
21252  136.073619  832.864337  18.737713  0.056190  0.383165  0.056765
21253  1454.618558  935.546672  20.792241  0.171639  2.639164  0.161783
21254  972.318221  205.823947  20.603650  0.095842  1.794937  0.214376
21257  740.752766  1875.776958  20.875265  0.102993  1.143454  0.156551
21258  976.752810  1369.147831  19.658895  0.110132  0.750045  0.117265
21259  1855.139490  1336.372024  20.433514  0.130201  1.325451  0.119456
21260  1013.614882  1348.461176  20.634241  0.283850  1.363094  0.108088
21261  1975.596539  1378.710010  20.541447  0.262224  1.114157  0.181243
21262  482.770036  1798.502902  20.483143  0.181145  0.947454  0.225480
21263  402.853948  1248.407993  20.763259  0.136054  1.356151  0.122441
21264  1996.478592  568.136452  20.834141  0.096668  1.212529  0.235684
21266  2023.043869  1738.213703  21.155158  0.291649  2.065736  0.168588
21267  150.074648  1612.967266  19.968590  0.198353  0.599464  0.080193
21274  1895.698458  1804.522011  20.264347  0.162559  0.940763  0.212177
21275  1348.060075  483.900249  20.393334  0.184239  0.785208  0.155900
21279  869.828166  524.002013  20.845504  0.191580  1.422921  0.179411
21280  74.757080  1145.691337  21.129991  0.241885  1.347662  0.239630
21281  1436.292551  1799.185182  20.902986  0.194995  1.442737  0.104995
21282  244.656417  27.206816  19.640238  0.172639  0.645907  0.122564
21284  988.913067  889.060077  19.455573  0.087182  0.230712  0.098672
21285  1056.615837  1555.362543  20.969862  0.198598  0.989281  0.128772
21287  10.282211  946.156699  20.859881  0.132359  1.441771  0.158600
21289  612.815546  627.623833  20.137172  0.290246  1.137245  0.125295
21297  1447.148905  34.027602  21.262685  0.238654  1.622928  0.173370
21305  1350.069985  949.736404  20.423479  0.149937  0.868768  0.133991
21306  1520.954406  273.720622  21.285700  0.147134  1.381407  0.126756
21310  970.380208  1257.318667  20.623596  0.411693  1.993420  0.135904
21314  1815.604312  738.169151  19.054147  0.077346  -0.003843  0.082723
21318  847.620013  39.919172  20.272448  0.113948  0.810792  0.135509
21325  357.012772  738.692154  20.014445  0.268860  0.598831  0.140645
21329  1251.463367  1465.061079  21.121545  0.292255  1.300870  0.163504
21332  1073.213485  1161.664118  21.143908  0.156267  1.249997  0.225522
21335  81.031344  1273.507110  21.153779  0.184086  1.531285  0.151511
21336  1051.989288  1869.870547  19.927468  0.092303  0.557747  0.131827
21343  883.325510  1726.835527  21.457684  0.129690  1.503858  0.244027
21345  1856.171212  882.327842  18.964376  0.142466  0.258882  0.123524
21349  516.483303  1786.203509  19.986726  0.182347  0.378289  0.101307
21353  556.329385  1395.453163  20.077405  0.188803  0.616567  0.088628
21354  1235.067077  1581.737292  21.012270  0.200701  1.338006  0.276427
21355  1659.912551  1899.582311  20.491951  0.224330  0.790533  0.114959
21362  1457.917133  321.730605  20.367923  0.088889  0.961604  0.207576
21382  1459.952229  298.047538  19.052853  0.057031  0.173257  0.063487
21383  1573.874608  761.206502  20.624501  0.129815  0.599852  0.248648
21388  1242.214890  144.526287  20.448388  0.095811  0.972548  0.184746
21400  349.349519  667.025406  21.175534  0.172591  1.295413  0.161214
21408  1434.866006  407.913373  19.964680  0.083838  0.494007  0.154939
21413  1567.641928  995.001915  20.300511  0.148066  0.706608  0.156592
21414  1906.501122  933.030216  20.237323  0.089334  0.693408  0.170973
21421  667.104567  1559.829823  20.287444  0.100674  0.651228  0.170134
21422  1264.147188  622.030125  20.329037  0.185254  0.688757  0.204398
21425  77.904214  354.369617  19.831771  0.092573  0.432682  0.206909
21428  453.496367  1313.781060  19.981666  0.083810  0.578583  0.126577
21434  1508.370260  292.469491  21.318227  0.210112  1.429017  0.262068
21435  764.204268  1466.077573  20.221801  0.366373  1.198839  0.119921
21440  1554.746702  1963.677514  20.646572  0.387750  2.413512  0.122203
21443  2041.842370  887.522290  20.803481  0.171929  1.158324  0.130864
21444  707.249525  501.283669  21.367228  0.140178  1.864519  0.110252
21449  1020.639187  243.934869  19.901601  0.114586  0.530391  0.140549
21455  658.224911  1702.075688  20.893167  0.192615  1.200368  0.113512
21456  969.176967  581.976752  21.077054  0.138441  1.155626  0.117582
21462  1933.772127  1386.766146  20.036232  0.104565  0.352990  0.250030
21464  340.487852  1147.971026  20.768229  0.170682  0.990119  0.102131
21473  168.164473  969.336701  20.112527  0.296167  0.407820  0.215487
21474  1178.851378  13.041244  20.423817  0.102372  0.563787  0.166666
21477  1172.197104  524.447975  19.411288  0.112474  0.326193  0.152074
21485  1473.996863  149.310573  19.180379  0.259170  0.053904  0.148756
21487  170.634908  1712.163714  18.567718  0.178879  0.039807  0.075183
21492  1116.466690  1729.996881  21.075404  0.373124  2.311039  0.270210
21494  1545.092763  1102.622253  18.623353  0.148267  -0.027799  0.061082
21496  1874.046132  124.497993  21.479164  0.185137  2.063385  0.231608
21500  287.200915  383.647635  20.439806  0.163793  0.601429  0.224077
21508  1451.804955  1533.696203  19.582289  0.065448  0.230556  0.160088
21514  93.458269  734.622448  21.032687  0.269155  2.915139  0.343272
21522  1846.164526  63.012945  21.417351  0.145176  1.606026  0.204552
21526  1342.894944  1154.212138  21.534306  0.191075  2.823786  0.170150
21527  522.416895  1607.224709  20.206988  0.132000  0.501233  0.164473
21529  178.413316  1092.212276  19.793781  0.113377  0.688637  0.125215
21532  858.699011  190.008114  20.347247  0.156502  0.368301  0.220557
21535  1611.996846  807.166551  20.573842  0.133583  0.872946  0.171741
21536  1278.250430  1528.446633  19.718489  0.106072  0.337276  0.090266
21538  175.596622  139.849893  21.751871  0.170267  1.798598  0.204891
21547  712.544944  1044.862577  18.774039  0.054342  -0.236881  0.144215
21549  276.069089  466.061030  20.532280  0.180927  0.952058  0.194029
21551  119.038249  1223.606318  19.667126  0.068981  0.441456  0.131434
21552  366.136190  1793.634394  20.978776  0.297819  1.572944  0.159849
21556  492.304299  1239.434256  21.379739  0.253194  1.116810  0.246606
21562  496.425114  310.319854  19.096391  0.087533  0.178364  0.093880
21564  142.797979  1292.890829  20.448977  0.207433  0.642571  0.130190
21568  2005.128346  1375.573414  18.451173  0.054153  -0.205109  0.101532
21571  1150.376681  1436.688993  19.852040  0.071561  0.690387  0.097247
21574  941.604327  1254.057567  21.063929  0.175289  1.282519  0.163460
21577  1215.080159  514.576275  19.374079  0.110499  0.200454  0.187584
21579  1444.517091  641.628529  20.097268  0.113507  0.779814  0.292846
21580  352.283660  33.903038  19.327178  0.142218  0.242454  0.109768
21588  588.286358  1116.609007  20.556978  0.178116  0.945288  0.202093
21590  1055.436902  1726.606656  20.807415  0.108153  1.344970  0.153337
21591  760.957930  913.274997  19.995404  0.197587  0.292601  0.139358
21593  1864.687875  84.878337  21.427670  0.167817  1.678251  0.187376
21595  273.187719  1723.874524  20.464346  0.201050  0.819071  0.115448
21603  323.903000  520.618945  19.361267  0.121152  0.424845  0.077630
21605  970.183706  672.750936  19.713278  0.288870  0.439993  0.106554
21606  943.060001  1145.705603  21.048984  0.352921  1.547482  0.138512
21607  763.664389  1947.091801  20.252755  0.101803  1.032548  0.110017
21608  857.585203  1528.294618  20.228820  0.091178  1.054160  0.193435
21613  1848.858154  969.529855  21.286441  0.211134  1.468559  0.353931
21620  1376.523586  639.578906  20.397009  0.119413  0.661195  0.117531
21623  1233.087897  1740.820270  19.849511  0.103251  0.359235  0.184653
21624  1454.638781  887.571488  20.762676  0.137419  0.548976  0.140078
21625  1776.777648  74.839264  20.667976  0.242247  0.713240  0.149545
21627  944.717907  12.574965  20.924043  0.200481  0.674602  0.145838
21629  1729.199450  1689.159588  19.668581  0.196425  0.135949  0.129007
21637  1187.158484  1718.328885  20.675641  0.146944  0.585831  0.188729
21640  1712.693941  99.812994  20.845160  0.179683  1.306242  0.306416
21651  172.911292  2021.180856  19.840424  0.089733  0.296191  0.129156
21658  590.836808  1240.465726  19.729420  0.067925  0.335910  0.179781
21659  1249.738253  785.762724  20.947771  0.252322  0.579666  0.147148
21664  1979.860085  1071.941484  20.028032  0.091521  0.100839  0.170490
21665  791.011665  1647.787472  20.204512  0.191358  0.428887  0.102775
21671  608.909104  701.873005  20.622638  0.203836  0.786589  0.183832
21672  753.353389  205.142075  20.864991  0.106459  0.909599  0.135014
21677  1424.182228  1216.705553  20.427064  0.220387  0.319072  0.172542
21685  400.826202  305.703115  19.786599  0.269898  -0.005388  0.182721
21686  1973.491079  364.593115  20.526906  0.300196  0.806759  0.095985
21688  1259.268759  1411.643223  20.269619  0.253336  0.743162  0.130213
21692  1829.087698  132.004325  19.456938  0.104878  -0.028891  0.122457
21693  708.801024  1073.421333  21.098753  0.286443  0.898213  0.153071
21703  1541.862332  208.708442  19.599320  0.084313  -0.056212  0.110401
21706  382.174449  963.072202  20.398249  0.106314  0.593459  0.137673
21711  315.728589  945.695317  20.017019  0.090127  0.208541  0.102634
21715  250.275062  2009.327870  20.930361  0.121719  0.615294  0.119927
21716  509.919741  1412.028298  20.797742  0.214253  1.242143  0.108915
21727  1770.471316  819.005725  19.865290  0.149050  0.076601  0.136003
21731  1945.646518  1619.615667  19.625993  0.087050  -0.085677  0.088264
21735  1865.534842  1081.181927  20.524996  0.131750  0.592013  0.108691
21737  822.135243  616.363186  20.583068  0.099752  0.754252  0.173968
21741  1874.643914  757.409977  21.206832  0.189476  1.216807  0.123606
21748  1763.686878  1610.394561  20.465781  0.121750  0.533361  0.310466
21754  1453.803052  1081.017725  20.943058  0.210391  0.573877  0.221414
21755  70.026708  1609.274549  20.699873  0.176461  0.674851  0.114434
21758  1331.577469  464.968044  20.704451  0.193258  0.606154  0.124815
21759  872.760398  13.321464  20.671970  0.236149  0.758089  0.128143
21771  384.565226  101.086555  20.315103  0.136863  0.375660  0.089068
21773  923.428710  896.044763  20.885913  0.180289  0.876336  0.113321
21776  299.567959  244.564411  20.932933  0.132955  0.673316  0.171350
21781  369.783513  838.885312  20.858281  0.173978  1.019907  0.294959
21783  30.884871  481.326755  21.515051  0.187285  1.028206  0.249075
21791  1957.631763  1789.834790  20.700739  0.118553  0.607384  0.121797
21792  224.308525  1385.994720  19.869197  0.093519  0.132004  0.111828
21796  751.920263  1962.121740  20.387499  0.174626  0.702192  0.099766
21799  505.734831  898.615588  19.269386  0.150288  0.029606  0.062531
21812  379.864376  15.066906  20.976755  0.108835  0.337810  0.196428
21821  612.084238  1622.306385  20.515522  0.150357  0.189689  0.102362
21827  581.623183  719.481709  20.817507  0.167978  0.290744  0.177798
21833  1978.392269  580.225431  20.886384  0.267028  0.483757  0.158769
21837  386.686743  46.046035  20.416394  0.167785  0.435757  0.156734
21838  876.190392  576.952868  20.531945  0.113648  0.248074  0.160252
21842  405.676498  1317.037766  21.103945  0.244378  0.141571  0.139048
21852  875.003987  953.055777  19.939853  0.134223  0.027118  0.110264
21866  296.226007  1307.126948  21.208176  0.176231  0.542583  0.281964
21879  1230.521176  146.481060  20.608902  0.192355  -0.001961  0.249376
21887  413.616951  1752.437541  20.532135  0.216297  0.621537  0.240793
21892  513.042554  975.221474  21.225932  0.257064  0.825850  0.231455
21903  103.042888  1479.110808  20.780141  0.278995  0.383024  0.248413
21904  74.316440  1123.893389  20.895202  0.353695  0.410228  0.221134
21918  355.749794  661.814862  20.537196  0.310354  0.958965  0.267456
