# id  x  y  V  eV  BV  eBV
14  1124.001382  968.756388  21.106428  0.293545  1.753304  0.178086
116  984.127447  960.823931  21.994305  0.379748  1.290795  0.235083
123  980.136694  922.779791  21.977887  0.232946  1.328789  0.324114
124  1045.989458  961.313505  22.208250  0.161884  1.752580  0.151744
144  1048.972390  1162.239672  22.009080  0.234107  1.321501  0.406346
145  1136.032236  1056.572826  21.693167  0.235357  1.052944  0.323007
161  1032.525496  856.731443  21.595206  0.222876  1.695735  0.259856
162  995.963720  941.224837  21.229950  0.380139  1.358989  0.237395
164  1086.236303  978.961900  21.919605  0.172777  1.431597  0.155699
170  1116.432548  1073.298903  21.529314  0.149059  1.586272  0.170910
178  1022.101484  976.191918  21.196934  0.215695  1.667495  0.161781
180  924.231311  1143.144448  21.458793  0.235174  1.887298  0.255372
186  1113.298309  1049.745920  21.511442  0.199466  1.494811  0.378197
187  989.965210  1214.858875  21.648172  0.127706  1.660952  0.259471
188  1042.458194  1087.046881  21.469794  0.285428  1.402871  0.377971
189  901.143654  1040.046121  21.043820  0.221238  1.369836  0.290938
190  982.014484  1022.402867  21.399359  0.178967  1.338593  0.146456
195  1082.635387  1138.508370  21.462858  0.250719  1.458738  0.126604
196  1194.201027  1056.790405  21.321497  0.285577  1.541860  0.168702
198  891.646403  1026.261893  21.398194  0.152189  1.562462  0.197785
199  1075.247329  917.220311  21.382167  0.194383  0.950530  0.304624
1105  1122.971341  1151.826944  21.547507  0.270359  1.564914  0.144134
1109  971.026145  980.928532  20.686133  0.282833  1.745627  0.145222
1114  920.544891  1078.362296  21.313745  0.311682  1.026974  0.263523
1118  1028.539720  1001.754440  21.440852  0.136924  1.506187  0.142592
1119  1010.676777  945.746883  21.153280  0.134970  1.479069  0.121990
1120  1032.962130  980.455096  21.355995  0.228704  1.538693  0.133812
1121  973.198336  1017.339515  21.073017  0.238976  1.136631  0.428646
1123  1030.339727  1114.568294  21.300758  0.135999  1.440851  0.164117
1124  1105.651057  949.306245  21.423789  0.179688  1.487567  0.127653
1126  944.934277  1020.298834  21.205593  0.243563  1.394172  0.143852
1128  986.661069  1100.982252  21.264450  0.146032  1.653253  0.134926
1129  972.224205  1116.186563  21.054808  0.249818  1.919995  0.361450
1131  1102.901412  997.351035  21.419405  0.127580  1.559552  0.207521
1136  1194.325197  1141.055037  21.570542  0.246173  1.661737  0.145462
1139  1059.172024  1012.380078  21.400308  0.178220  1.739093  0.159866
1141  1044.628951  1045.586944  21.073461  0.122318  1.952757  0.282844
1142  978.608128  854.619996  21.399719  0.142603  1.372308  0.119121
1144  1062.930207  955.473265  20.956386  0.165337  1.677163  0.292895
1145  1020.999967  1020.298916  21.182679  0.272563  1.659778  0.134496
1146  1002.485965  981.976719  21.097019  0.127113  2.133607  0.410915
1148  1189.481943  913.842319  21.271326  0.144789  1.496777  0.190355
1149  953.424036  1030.606930  21.071338  0.195293  1.423754  0.128417
1150  811.594486  1100.017705  21.425511  0.232817  1.953849  0.298246
1155  1019.538555  878.557512  21.404841  0.126191  1.537545  0.189406
1156  1036.130079  1102.140252  21.185876  0.128557  1.596543  0.272442
1158  1137.730621  1138.569011  21.093692  0.264125  1.921052  0.174184
1161  867.168604  998.943969  21.141161  0.366412  1.751780  0.239012
1162  973.388145  1121.051791  21.013770  0.165132  1.304978  0.208374
1164  975.927685  965.901066  20.826380  0.204848  1.534725  0.189346
1165  990.989885  1044.627087  21.034239  0.126239  1.661048  0.141495
1167  1088.005857  957.437624  21.011827  0.167703  1.633753  0.112286
1168  1015.197082  934.696837  20.896164  0.136388  1.633191  0.251885
1169  841.489265  1075.939041  21.227172  0.192763  1.532969  0.141358
1171  1228.768522  1086.235668  20.999014  0.125358  1.903351  0.215527
1172  1042.099036  1007.774310  21.043453  0.124448  0.743096  0.284793
1173  980.783677  1012.622643  21.135930  0.161573  1.181017  0.161876
1174  1071.888568  1028.359188  21.084245  0.116714  1.404510  0.213402
1175  957.648650  1041.996063  20.924400  0.125162  1.627581  0.116002
1177  946.238177  959.916483  21.289964  0.218846  1.405492  0.169595
1178  1065.351291  986.083901  20.854698  0.211386  1.508101  0.121996
1180  988.023112  998.968443  20.959955  0.136898  1.574237  0.149044
1181  1185.009828  1075.721441  20.737900  0.196462  1.426842  0.258791
1183  1078.498161  1132.614656  20.722144  0.276937  1.614031  0.103699
1184  996.623954  1035.299492  20.950628  0.187521  1.455123  0.206325
1185  1064.181002  972.674765  20.809916  0.117167  1.226725  0.104495
1189  910.117929  1085.201019  20.920508  0.125974  1.715450  0.117172
1190  848.992297  947.288699  20.867777  0.136147  1.193948  0.310758
1191  1101.072364  1103.641068  21.055454  0.138421  1.509276  0.144680
1192  891.035259  1025.213809  21.053753  0.175525  1.618536  0.127693
1193  998.618481  1093.699379  20.751404  0.250476  1.559750  0.185419
1196  963.561861  974.764769  20.825658  0.109057  1.041812  0.197447
1197  906.181366  1045.134234  20.883361  0.182930  1.567967  0.112849
1198  1049.704735  1176.164311  20.808759  0.147618  1.676971  0.223039
1199  960.202240  1050.971791  20.917159  0.114981  1.301049  0.256602
1201  999.240827  962.550641  20.337820  0.298777  1.450264  0.259665
1205  1020.002796  844.077486  20.803442  0.140662  1.440950  0.231347
1206  1001.333105  1043.362775  20.657986  0.330968  1.600432  0.258405
1208  963.935109  1093.583278  20.800651  0.272676  1.427386  0.226088
1209  1033.746555  1074.775101  20.890620  0.119548  1.485116  0.160572
1210  1120.471552  1002.646016  20.789343  0.113703  1.683429  0.128810
1211  867.251466  1031.339315  20.984449  0.206453  1.250357  0.300815
1212  965.816197  1101.814252  20.932602  0.255522  1.612826  0.105818
1213  1076.403098  1065.494589  20.745411  0.142951  1.447947  0.105442
1214  943.188705  1232.696709  21.008224  0.144891  1.483115  0.139696
1215  1049.345126  1070.664827  20.619890  0.222662  1.485567  0.155759
1216  874.073129  1121.015194  21.060906  0.251631  1.599660  0.195625
1218  990.469591  1028.828733  20.995233  0.145828  1.405254  0.182905
1219  1090.520822  1166.108959  20.776764  0.140169  1.565180  0.122838
1220  1059.610051  951.056159  20.523094  0.278816  1.601553  0.120924
1221  937.728983  993.066414  20.689475  0.164033  1.468140  0.110811
1222  990.357094  995.074929  20.341456  0.290213  1.579428  0.148263
1223  1005.096550  956.435743  20.674040  0.391554  1.457782  0.104278
1224  1021.106811  1094.543688  20.759959  0.127792  1.563848  0.214816
1225  1105.953710  1086.139863  20.390370  0.128433  1.354392  0.184750
1226  1077.493207  951.877939  20.443155  0.192943  1.230087  0.167116
1227  993.877340  1140.993454  20.766336  0.133898  1.094546  0.169783
1228  1124.191683  924.863549  20.501643  0.123571  1.649038  0.279646
1229  896.432476  927.842427  20.601219  0.151385  1.806268  0.267654
1230  966.706196  1134.242447  21.084522  0.247463  1.633316  0.197036
1231  919.484826  964.897628  20.649441  0.276683  1.403474  0.201352
1232  965.365166  1117.468918  20.604669  0.156334  1.356314  0.188052
1233  1049.776640  1065.817948  20.707156  0.098616  1.586153  0.215174
1234  996.382085  1008.933437  20.542152  0.175920  1.620739  0.121750
1235  1009.948140  990.104310  20.983236  0.124188  1.771816  0.164868
1237  1082.737172  911.563735  20.362489  0.206918  1.559647  0.177426
1238  1098.594386  1038.683791  20.299152  0.105203  1.603700  0.147184
1239  1131.906191  944.960000  20.619395  0.110611  1.458816  0.187258
1240  1021.348127  1156.621783  20.746748  0.117481  1.620157  0.098897
1241  1025.218888  1084.833669  20.376428  0.260312  1.488869  0.130820
1242  820.847043  1048.995308  21.021582  0.278079  1.558415  0.109950
1243  1070.616842  1168.992399  20.540461  0.149221  1.607719  0.234940
1244  1071.158354  1000.282829  20.740110  0.182812  1.552969  0.210009
1245  1029.413253  1029.892854  20.335703  0.165243  1.433952  0.186204
1246  962.008166  1061.397873  20.389449  0.146344  1.470696  0.099437
1247  1180.778496  1093.105787  20.470620  0.116294  1.560296  0.191859
1248  924.108923  1117.936476  20.457022  0.134177  1.615486  0.122311
1249  1005.428306  1051.114762  20.550234  0.112755  1.427533  0.185048
1250  1060.471091  1168.774799  20.441474  0.099071  1.282013  0.204744
1251  1057.883894  907.490386  20.561618  0.123003  1.255734  0.171957
1252  885.266534  1103.853732  20.617608  0.236061  1.469448  0.118794
1253  1006.294938  1107.050639  20.726513  0.103480  1.335651  0.173985
1254  939.198751  1068.939776  20.378987  0.130614  1.324285  0.126068
1255  1093.168292  1025.911665  20.392438  0.162270  1.466063  0.178200
1256  981.084160  1105.472143  20.363146  0.172860  1.180035  0.146736
1257  1046.429614  1003.222856  20.422797  0.143750  1.400895  0.117611
1258  1093.197844  884.651397  20.401600  0.106964  1.173259  0.137118
1259  880.202301  1027.380040  20.197226  0.279618  1.483155  0.131618
1260  1041.175327  940.507873  20.643957  0.093134  1.272753  0.194933
1261  1209.163366  984.099697  20.585710  0.132974  1.628878  0.201934
1263  1039.914066  970.299310  20.809779  0.152655  1.378232  0.093341
1264  1092.403384  1064.358523  20.524072  0.219931  1.506084  0.181453
1265  1111.830180  1076.112179  20.122296  0.236636  1.915537  0.291708
1266  977.501839  1061.336596  20.524633  0.207937  1.377258  0.163406
1267  1121.101926  1057.977078  20.574401  0.172357  1.544895  0.162208
1268  957.288817  962.022441  20.571818  0.107740  1.531941  0.201649
1269  988.605952  957.959373  20.531281  0.164670  1.434233  0.101828
1270  1009.394647  1122.240061  20.069949  0.230200  1.493310  0.185238
1271  986.006241  1028.780872  20.308335  0.143737  1.198347  0.186021
1272  848.648131  876.336763  20.277951  0.157041  1.633264  0.135225
1273  1186.688655  1034.937119  20.129551  0.212592  1.872978  0.151697
1274  974.277652  922.196214  20.433004  0.118032  1.307357  0.122193
1275  1077.020017  909.177528  20.316535  0.224559  1.259630  0.155337
1276  1201.555763  1014.052065  20.555683  0.228266  1.485114  0.109394
1277  1066.622566  1036.893266  20.340495  0.113873  1.408251  0.092368
1278  939.492250  1054.975734  20.324113  0.100475  1.602307  0.167867
1279  1068.505211  1019.224842  20.368703  0.110970  1.619796  0.112447
1280  896.289772  1045.034414  20.169983  0.115264  1.547688  0.247826
1281  972.115272  935.253156  20.285640  0.153082  1.565211  0.166535
1282  1013.890703  972.912660  20.457639  0.176230  1.346486  0.144009
1283  1056.108196  981.284188  20.114951  0.146476  1.462615  0.153371
1284  869.058929  997.940408  20.252903  0.135316  1.391616  0.107018
1285  1073.606492  993.739817  20.116252  0.105116  1.065558  0.148596
1286  1010.919444  1160.661811  20.224295  0.131412  1.420326  0.180674
1287  1089.221325  1147.870515  20.237603  0.152365  1.487871  0.145763
1288  1033.335194  1203.949445  19.955265  0.173545  1.444202  0.131299
1289  922.935992  1001.414124  20.213904  0.183208  1.452168  0.142063
1290  835.784356  1018.200883  20.054676  0.089492  1.406765  0.090845
1291  1033.134449  1084.405699  19.837907  0.212482  1.332386  0.143412
1292  978.892472  1013.490913  20.106829  0.078860  1.610657  0.129483
1293  1089.323274  995.129610  20.130474  0.096936  1.496124  0.111015
1294  981.900452  929.459937  20.296180  0.223541  1.381228  0.102198
1295  846.996214  1121.506488  20.214233  0.089237  1.440796  0.122399
1296  982.988247  995.259986  19.947210  0.141242  1.611513  0.100494
1297  960.356495  1069.368545  20.097304  0.186025  1.406675  0.097691
1298  1054.318019  1003.645932  20.287286  0.092500  1.358451  0.084492
1299  957.618176  1015.162675  19.928706  0.190312  1.364031  0.108029
1300  1213.112934  1108.308787  19.772026  0.249946  1.262400  0.090487
1301  1102.905774  1089.716183  20.118777  0.244393  1.281959  0.079278
1302  1085.914132  1092.098765  20.042199  0.081507  1.653509  0.214519
1303  1089.549292  974.248673  20.169033  0.093052  1.469017  0.211914
1304  1028.359127  1082.645053  20.032828  0.212569  1.373643  0.238886
1305  1016.815698  946.814382  20.283621  0.181969  1.232514  0.162036
1306  876.651459  1112.565268  19.931684  0.141336  1.643434  0.201195
1307  1210.003579  1001.648865  20.123811  0.215090  1.366449  0.138627
1308  993.830052  1020.883292  19.858385  0.128847  1.537893  0.077460
1309  976.891494  922.082673  20.100265  0.110098  1.478223  0.143111
1310  964.416102  868.695941  20.078060  0.077369  1.474860  0.086396
1311  822.563226  986.231419  20.079664  0.114505  1.505882  0.134222
1312  971.222712  1090.447319  20.013472  0.076498  1.431900  0.113161
1313  1071.977615  936.119480  19.945434  0.090092  1.218710  0.140815
1314  1016.491868  1012.134625  19.991211  0.158471  1.532690  0.081410
1315  937.268818  846.442906  20.207564  0.140335  1.465691  0.111099
1316  1142.684221  930.496184  20.006554  0.076226  1.589867  0.117117
1317  1030.206075  908.829880  20.257474  0.165382  1.586180  0.128539
1318  1034.691871  909.601751  19.737568  0.129818  1.464638  0.143211
1319  948.163338  872.546243  19.929360  0.193424  1.337906  0.087519
1320  1123.890135  1085.159363  20.091020  0.174664  1.386321  0.122171
1321  995.377275  1079.587717  19.896357  0.110195  1.582831  0.114033
1322  1192.234926  1160.925798  19.616371  0.200557  1.493409  0.094940
1323  998.503342  886.792049  19.871843  0.095561  1.161847  0.148406
1324  991.161958  1082.896814  19.736078  0.105323  1.498270  0.088249
1325  1007.613747  950.571438  19.902427  0.115548  1.536430  0.258498
1326  1006.706749  1033.375867  19.725251  0.123776  1.222964  0.162275
1327  974.566584  878.247526  20.011586  0.258624  1.411345  0.096745
1328  970.661376  1087.841219  19.671801  0.101339  1.644059  0.138969
1329  1073.894994  998.269051  19.499207  0.213654  1.481837  0.105474
1330  1057.217290  1197.080289  19.752273  0.110466  1.237354  0.100113
1331  1007.873659  846.194913  19.952850  0.092550  1.764901  0.205786
1332  984.506552  1088.116019  19.747557  0.074173  1.414281  0.068819
1333  1151.691899  911.628759  19.593835  0.118918  1.433665  0.074461
1334  940.516823  1089.504850  19.858594  0.093843  1.429752  0.174683
1335  1060.734157  1107.102392  19.745523  0.159028  1.506766  0.134634
1336  1100.626657  1129.483940  19.696873  0.132641  1.374338  0.161020
1337  1086.513746  916.507341  19.505641  0.126944  1.408019  0.074980
1338  1079.921009  966.524969  19.808071  0.110230  1.388169  0.075248
1339  1029.131121  944.302981  19.633405  0.073083  1.485493  0.100142
1340  934.936289  905.038582  19.754507  0.073921  1.412368  0.158995
1341  1094.835958  1068.513423  19.623376  0.145767  1.507639  0.105317
1342  948.149248  1179.062886  19.597910  0.146541  1.498007  0.088268
1343  1149.050204  975.586959  19.729305  0.132064  1.557773  0.093317
1344  1076.874936  1152.428974  19.550832  0.098962  1.375779  0.107333
1345  1007.362662  896.822170  19.641612  0.084208  1.392732  0.214036
1346  979.055391  894.955397  19.595971  0.112122  1.592519  0.145735
1347  1190.856786  1000.450949  19.669103  0.142990  1.416195  0.168009
1348  980.169236  1069.578936  19.520218  0.071361  1.462470  0.071216
1349  1099.038147  1102.264771  19.781012  0.135030  1.346792  0.095738
1350  986.204590  1089.997373  19.498196  0.081829  1.455193  0.103919
1351  1042.625454  1048.135844  19.648885  0.190496  1.540776  0.148315
1352  1008.102154  1064.683991  19.789152  0.121502  1.512024  0.106156
1353  1078.690816  936.575222  19.564518  0.097749  1.612092  0.112778
1354  966.805811  1007.026074  19.432499  0.127769  1.412697  0.099784
1355  999.450870  1003.870781  19.485218  0.152050  1.211986  0.147237
1356  931.837338  987.117322  19.496306  0.074010  1.272842  0.078950
1357  1054.799278  1132.389888  19.345269  0.066893  1.350695  0.156732
1358  878.152315  1061.326254  19.333045  0.153545  1.684431  0.156489
1359  950.786376  908.481823  19.351575  0.126946  1.201571  0.155151
1360  919.779799  951.389082  19.466395  0.066706  1.684470  0.153075
1361  1001.165107  944.645120  19.488587  0.068983  1.435016  0.103553
1362  941.552189  1015.146824  19.279895  0.135731  1.389529  0.079020
1363  913.542615  887.644344  19.490372  0.076424  1.160508  0.148300
1364  1176.145142  913.201603  19.409831  0.137724  1.264494  0.083413
1365  1085.197578  1072.185836  19.292304  0.151364  1.407549  0.098285
1366  897.098568  954.309161  19.654235  0.186341  1.469981  0.076839
1367  963.114414  1012.289761  19.294356  0.110676  1.434218  0.061209
1368  914.420326  1061.972890  19.366389  0.129940  1.471507  0.107136
1369  950.835220  1006.642299  19.156191  0.096141  1.282729  0.086442
1370  981.334282  1072.283034  19.340900  0.153801  1.456279  0.084409
1371  1130.956882  937.328783  19.326471  0.127709  1.408414  0.137648
1372  1099.592274  869.147505  19.380096  0.079807  1.419987  0.060334
1373  1051.471135  1009.469891  19.217396  0.088298  1.290638  0.159775
1374  1010.956268  1015.272141  19.360141  0.082137  1.398994  0.140510
1375  935.654564  1089.807299  19.244569  0.136968  1.586308  0.156129
1376  983.228170  1031.879004  19.209290  0.077928  1.305194  0.071404
1377  1050.724475  1205.724262  19.245650  0.066319  1.322202  0.097818
1378  1084.465644  1056.786432  19.209998  0.132243  1.335038  0.078543
1379  1135.425311  1105.030513  19.143722  0.081106  1.454285  0.128904
1380  901.409034  1181.906780  19.295717  0.155158  1.329461  0.067623
1381  1122.119823  1157.136241  19.123414  0.105788  1.340796  0.145110
1382  970.530120  950.307369  19.097566  0.131660  1.325483  0.058590
1383  1046.992343  1026.787840  19.244212  0.109726  1.579001  0.197883
1384  1125.135729  1026.407875  18.949649  0.075100  1.317517  0.071415
1385  1046.071153  914.165617  19.044213  0.062839  1.353643  0.137924
1386  1100.721869  901.312287  19.330277  0.134675  1.228986  0.155215
1387  901.091901  997.340242  19.145793  0.105126  1.347742  0.129194
1388  1092.682752  1130.024530  19.034154  0.137444  1.372178  0.118917
1389  1087.467950  1068.562862  19.215638  0.088204  1.162077  0.180766
1390  1004.318597  1013.436682  19.044048  0.057063  1.328455  0.066503
1391  1027.277353  862.577910  18.855552  0.226403  1.345212  0.099820
1392  895.105577  961.227694  18.990625  0.071648  1.416900  0.060807
1393  1137.718292  1208.997970  18.941415  0.111826  1.484340  0.122356
1394  970.053775  1156.063805  18.975888  0.086724  1.271696  0.115669
1395  1003.751485  1037.352612  18.907481  0.056580  1.233790  0.101115
1396  943.934628  902.904955  18.854367  0.055004  1.349698  0.055714
1397  907.428762  1041.929503  18.929033  0.091627  1.475213  0.154905
1398  1075.504087  1065.105940  18.988174  0.055560  1.406852  0.076656
1399  1023.654257  951.180841  18.977167  0.095058  1.404794  0.070540
1400  868.614595  922.653143  18.860282  0.061680  1.396858  0.055408
1401  1129.431163  1096.614830  18.925605  0.090353  1.385566  0.069746
1402  940.466074  1043.316142  18.777908  0.140843  1.321761  0.058344
1403  1058.511974  1058.779423  18.747542  0.078730  1.403409  0.098958
1404  1070.644081  900.835635  18.839740  0.056515  1.414675  0.109739
1405  984.736768  1057.367306  18.944985  0.131697  1.147210  0.087353
1406  1171.957105  948.688916  18.802108  0.090262  1.217709  0.246873
1407  1027.394089  1029.376840  18.681887  0.109906  1.360907  0.081724
1408  859.138437  1037.184410  18.827799  0.103586  1.389612  0.122684
1409  1054.986813  968.397599  18.869778  0.104663  1.541591  0.118577
1410  1141.653811  975.064760  18.746110  0.088233  1.366212  0.055365
1411  887.935775  958.157681  18.784803  0.087275  1.711425  0.135844
1412  795.549532  986.149560  18.789972  0.096567  1.337382  0.119795
1413  1013.657518  1122.121216  18.715444  0.119765  1.436367  0.082025
1414  1053.637386  940.759757  18.781720  0.094066  1.273390  0.075398
1415  1115.095593  1031.269110  18.734511  0.053547  1.174973  0.082155
1416  1035.325174  1038.282752  18.772111  0.063930  1.379129  0.095987
1417  948.480922  898.228163  18.733268  0.051573  1.427733  0.075707
1418  1050.718310  1073.238589  18.789119  0.067740  1.395338  0.082006
1419  1191.609958  986.387251  18.631962  0.065438  1.309361  0.082653
1420  1011.898593  991.074652  18.639397  0.063585  1.418944  0.063864
1421  1045.244191  1185.673564  18.659839  0.064227  1.326353  0.112308
1422  882.004931  913.692713  18.655089  0.111974  1.277272  0.055405
1423  1065.401610  1076.078715  18.669037  0.080639  1.394081  0.089656
1424  1059.477975  857.244221  18.631244  0.066139  1.341720  0.103351
1425  1020.278252  929.398067  18.687236  0.085025  1.459067  0.146407
1426  905.681879  1019.030364  18.632175  0.052072  1.343397  0.091836
1427  1012.966359  1022.100705  18.675826  0.079979  1.355822  0.083592
1428  1130.263798  1059.350364  18.453753  0.058865  1.389949  0.069987
1429  1031.687680  1075.503677  18.477358  0.050860  1.279727  0.100677
1430  1112.825897  1109.150208  18.393318  0.081405  1.249279  0.064033
1431  1054.601114  1153.109955  18.326750  0.075531  0.895948  0.133046
1432  929.970749  1076.665754  18.380983  0.047438  1.415973  0.052355
1433  920.910500  1095.230730  18.394337  0.131877  1.300043  0.090922
1434  991.890514  1027.649044  18.367357  0.051775  1.232430  0.146199
1435  1082.141716  889.944494  18.318786  0.048420  1.322006  0.115702
1436  946.488893  860.876001  18.383695  0.097816  1.372188  0.077390
1437  989.992817  1037.025546  18.255647  0.087207  1.384065  0.086664
1438  998.750740  976.563425  18.175747  0.104079  1.256728  0.076173
1439  962.019246  1007.955968  18.114824  0.098365  1.213180  0.072625
1440  1049.802056  1027.135283  17.989191  0.080081  1.211508  0.080779
1441  1055.836529  847.488143  17.942660  0.102265  1.198106  0.045038
1442  1071.927439  1052.012360  17.997118  0.065562  1.159628  0.056632
1443  1041.974313  1014.423245  18.007748  0.077977  1.298521  0.111251
1444  1063.784980  955.058913  18.072206  0.055284  1.312676  0.057934
1445  1004.958372  1155.538760  18.080870  0.082283  1.229449  0.127679
1446  1070.111969  921.874801  17.987626  0.055597  1.335633  0.101684
1447  882.269880  918.815478  17.957969  0.046934  1.278040  0.082118
1448  970.396324  937.592115  17.955586  0.089304  1.354131  0.042987
1449  1136.508314  1115.157709  17.985689  0.102332  1.297387  0.048415
1450  990.098903  1048.221512  18.136299  0.087823  1.245176  0.042602
1451  1114.260275  1094.833541  18.029494  0.064551  1.153842  0.071656
1452  1097.198858  952.941343  17.871116  0.045370  1.245924  0.092044
1453  1076.264530  1146.192957  17.929600  0.044563  1.221062  0.077669
1454  974.440366  1017.899868  17.918228  0.081882  1.226447  0.059370
1455  1164.023439  1007.874744  17.802841  0.042491  1.347106  0.081775
1456  923.478241  1127.243510  18.025574  0.123603  1.119827  0.099111
1457  985.476076  969.879286  17.874930  0.048844  1.231738  0.061353
1458  1089.772708  895.601910  17.725590  0.052268  1.371190  0.076024
1459  1044.708803  1043.503391  17.815044  0.108549  1.352798  0.068695
1460  1024.394998  942.918349  17.743561  0.086233  1.319353  0.060068
1461  1100.017295  1008.105124  17.723286  0.047534  1.206570  0.081860
1462  1036.356137  953.118126  17.618640  0.048950  1.337478  0.083414
1463  1001.977938  1061.453251  17.760311  0.071898  1.244073  0.047995
1464  1145.394647  1058.576097  17.649645  0.047767  1.318851  0.080517
1465  1056.468603  996.633702  17.661656  0.045177  1.217185  0.050913
1466  1048.723948  989.093478  17.457225  0.075453  1.158019  0.064921
1467  970.176573  922.845327  17.497021  0.038492  1.184869  0.074368
1468  1148.544061  1029.513810  17.350663  0.072083  1.237893  0.051737
1469  928.430346  1118.054830  17.308497  0.063908  1.367958  0.106722
1470  1117.588337  1077.673144  17.277078  0.074495  1.276898  0.106064
1471  1020.033311  1050.758124  17.340827  0.111369  1.147258  0.037405
1472  1046.647194  1063.583089  17.241131  0.052791  1.155225  0.050035
1473  1029.120512  1051.292570  17.303235  0.080200  1.212824  0.057691
1474  1033.912996  1095.617167  17.124542  0.038334  1.208783  0.059714
1475  1173.905961  967.330263  17.064433  0.082062  1.181093  0.047626
1476  921.249014  983.449313  17.151302  0.044633  1.060381  0.053385
1477  1145.233183  1024.045896  17.071151  0.064259  1.226180  0.101798
1478  1166.253732  1177.035428  17.016430  0.061276  1.182367  0.041871
1479  1150.934426  1134.396334  16.996935  0.052945  1.139480  0.052790
1480  1203.404145  958.441984  17.119317  0.052893  1.178424  0.061953
1481  1105.343304  950.292828  17.031448  0.049922  1.158539  0.064543
1482  1035.592008  936.585339  17.044231  0.091181  1.096778  0.049861
1483  978.280468  1072.920351  17.129543  0.069943  1.223475  0.048910
1484  1017.706639  958.097326  16.936098  0.038539  1.063393  0.033814
1485  1089.217720  1062.712422  17.014809  0.063831  1.124405  0.045217
1486  1003.275100  1054.531932  16.931887  0.085560  1.125139  0.035026
1487  1156.179702  1088.401695  16.858699  0.056903  1.162287  0.049286
1488  1102.788301  1051.371622  16.805286  0.065775  1.152064  0.041329
1489  1005.898772  1104.277893  16.836962  0.051069  1.126310  0.061861
1490  855.692677  1127.537869  16.689862  0.091310  1.046451  0.075377
1491  1152.410993  1128.056484  16.647972  0.052151  1.039626  0.068284
1492  1020.432425  958.164480  16.621881  0.031546  1.057757  0.052116
1493  1122.535178  1033.559368  16.607843  0.054168  1.115920  0.047798
1494  991.488348  1060.909056  16.464396  0.070008  1.134678  0.048262
1495  884.771738  1061.072466  16.513478  0.058355  1.131537  0.034726
1496  891.897528  1062.230610  16.374238  0.060993  1.030553  0.065953
1497  1099.668808  1007.214817  16.292067  0.042002  0.963734  0.042549
1498  1134.777139  964.226232  16.357912  0.038218  1.013137  0.034918
1499  1006.003630  1007.259546  16.363479  0.044436  1.016221  0.054533
1500  1030.471045  981.091820  16.314810  0.059817  1.025074  0.037719
1501  933.604864  1021.350359  16.245785  0.035824  0.984580  0.049452
1502  1125.857792  1092.927549  16.246541  0.036907  0.973582  0.055590
1503  885.584097  988.994601  16.190648  0.035684  1.024214  0.073550
1504  1019.939738  1097.813340  16.243008  0.042702  1.003855  0.057554
1505  1069.514998  872.939172  16.195979  0.037793  1.028469  0.029630
1506  1079.480443  1049.120563  16.031375  0.064686  0.954142  0.028874
1507  1161.479352  1091.521536  16.166392  0.035922  0.993320  0.033429
1508  1171.377254  1063.280599  16.064764  0.045436  0.885029  0.040272
1509  1080.647209  1184.398971  16.073938  0.056151  0.928076  0.061401
1510  939.528806  1073.042227  16.013624  0.032943  1.038474  0.047117
1511  1075.944346  897.261588  15.962556  0.035803  0.922049  0.027981
1512  1058.431058  993.394913  15.918949  0.026922  0.959796  0.039942
1513  997.319250  918.052557  15.960971  0.032731  0.841180  0.078537
1514  1045.078241  979.112448  15.693553  0.054414  0.960418  0.054130
1515  982.391951  924.055245  15.784685  0.031019  0.855968  0.041340
1516  989.632655  917.333156  15.757270  0.039665  0.858014  0.033991
1517  986.705859  1018.972058  15.671408  0.032153  0.876264  0.068684
1518  1071.587369  891.613942  15.677682  0.041678  0.912278  0.029517
1519  908.820562  1000.215941  15.637969  0.051807  0.859862  0.065564
1520  1007.087002  989.437706  15.583878  0.028824  0.842297  0.060676
1521  941.548032  1047.290491  15.468417  0.052894  0.814427  0.037275
1522  1130.995978  1009.608192  15.606396  0.062710  0.862887  0.040755
1523  1108.386591  1036.617585  15.399557  0.037856  0.881806  0.027776
1524  1091.869020  1023.301960  15.478498  0.065196  0.846322  0.027938
1525  1151.951176  1106.594406  15.418721  0.081723  0.813541  0.031092
1526  1114.354053  963.324416  15.288338  0.060282  0.840843  0.045380
1527  914.788004  1113.381908  15.366574  0.028764  0.845057  0.026427
1528  1046.203412  1092.188959  15.205640  0.062919  0.793717  0.058920
1529  1144.925000  1177.713377  15.241502  0.025073  0.771652  0.052899
1530  957.478441  851.406520  15.217649  0.041629  0.684937  0.040111
1531  795.296420  995.715195  15.082122  0.053704  0.803596  0.031540
1532  905.675346  1078.599188  15.075347  0.036509  0.845068  0.055031
1533  873.732198  863.705784  15.134558  0.032002  0.783173  0.035194
1534  1023.292764  938.936013  15.048239  0.030977  0.755189  0.063171
1535  1004.753510  1103.643259  15.017664  0.034341  0.786057  0.033068
1536  1039.177748  976.093348  14.948927  0.047780  0.795193  0.023255
1537  1140.876841  990.770504  14.836395  0.053729  0.768175  0.025677
1538  981.360947  1150.677627  14.834649  0.045315  0.769237  0.085017
1539  910.120735  977.968763  14.855928  0.040985  0.805587  0.066371
1540  1101.313208  1106.214912  14.803827  0.055011  0.746971  0.027482
1541  1067.813888  927.408660  14.670203  0.058516  0.755270  0.036061
1542  975.678628  1223.457874  14.643049  0.065596  0.780145  0.034464
1543  990.995067  1021.068165  14.609979  0.028516  0.606461  0.050937
1544  1020.789555  867.986534  14.605279  0.037383  0.685834  0.055761
1545  1056.713585  1141.442028  14.558443  0.039301  0.701327  0.024900
1546  1035.532575  1016.307384  14.470402  0.025031  0.648166  0.025530
1547  1021.746217  1117.982536  14.483566  0.037141  0.648925  0.029050
1548  993.189130  1100.201718  14.425053  0.026692  0.713012  0.040019
1549  1037.359350  977.281925  14.342153  0.036614  0.660985  0.038681
1550  1225.060495  944.566723  14.317511  0.048667  0.561348  0.050237
1551  1055.319142  958.991626  14.246635  0.053958  0.588950  0.032367
1552  1162.545336  989.542769  14.150515  0.043458  0.585154  0.023251
1553  921.347543  1033.327350  14.120107  0.061125  0.626596  0.045199
1554  1095.946445  1064.388055  14.110980  0.022770  0.550802  0.055552
1555  1043.377787  1012.993843  14.095329  0.039230  0.550324  0.034463
1556  954.644009  1089.450209  14.089105  0.031841  0.586966  0.024427
1557  1074.143498  902.911160  14.007737  0.035254  0.606852  0.022917
1558  1176.795873  1047.804477  13.856065  0.030326  0.559437  0.035041
1559  1052.390154  962.528870  13.860149  0.042480  0.510657  0.034846
1560  911.468339  1019.524813  13.771882  0.040334  0.560163  0.021057
1561  1021.096387  997.863363  13.812954  0.029138  0.499406  0.033299
1562  1123.946066  908.982538  13.725886  0.028978  0.557924  0.040839
1563  951.721062  1040.439378  13.716039  0.032426  0.508961  0.020678
1564  912.486441  934.995907  13.643890  0.043820  0.427773  0.037911
1565  1099.358577  1031.778611  13.561804  0.037549  0.445153  0.055246
1566  1003.271721  1079.329976  13.399425  0.040344  0.420979  0.028104
1567  1037.269647  1036.640379  13.480066  0.033632  0.456488  0.020336
1568  1221.252506  1027.888169  13.397929  0.061320  0.412460  0.038216
1569  1072.375214  1095.357768  13.424716  0.039197  0.480587  0.020493
1570  1045.481288  1031.061443  13.204290  0.057543  0.562760  0.068135
1571  1011.758715  996.202721  13.206737  0.035524  0.423352  0.027826
1572  1220.488622  1060.393267  13.147351  0.024718  0.413147  0.019880
1573  960.498094  959.533629  13.129330  0.031813  0.407855  0.022629
1574  1100.870902  1063.041700  13.064098  0.027443  0.338804  0.044023
1575  873.328906  1086.134907  13.053104  0.058230  0.460741  0.045760
1576  1096.551997  1011.753923  12.898679  0.021920  0.384856  0.038330
1577  1028.100833  990.919967  12.859801  0.030047  0.290108  0.055738
1578  1037.202268  1007.409459  12.889053  0.034148  0.340767  0.033495
1579  1209.412731  889.090458  12.719829  0.032673  0.316100  0.046045
1580  1009.971220  1057.843630  12.671718  0.035084  0.322884  0.027501
1581  893.739295  1118.123868  12.755335  0.038689  0.289522  0.019227
1582  1001.230254  976.746537  12.652871  0.035293  0.249910  0.028537
1583  1079.670211  1038.386811  12.577863  0.031240  0.283084  0.030148
1584  1047.621468  982.907085  12.558518  0.028480  0.253883  0.030721
1585  1140.565238  979.922596  12.464451  0.035195  0.259378  0.021331
1586  1043.146220  1119.694930  12.420276  0.023260  0.245403  0.031991
1587  1077.420114  937.582264  12.379801  0.021219  0.243174  0.018368
1588  1032.018227  824.569119  12.317099  0.025969  0.244858  0.032069
1589  1158.781932  1157.378191  12.216373  0.050909  0.272997  0.043895
1590  1152.479007  1174.510612  12.233706  0.024249  0.202002  0.021014
1591  960.806400  1132.864451  12.169935  0.022301  0.195042  0.019075
1592  1067.548324  1138.067292  12.126259  0.035007  0.187991  0.034473
1593  1023.274721  937.737032  12.094260  0.025563  0.152432  0.043641
1594  1114.869412  1048.969093  11.973341  0.019119  0.162314  0.029673
1595  892.819476  1022.977188  11.888518  0.024373  0.153533  0.022096
1596  1061.856174  937.559839  11.932640  0.036667  0.137164  0.023829
1597  1103.125033  819.268669  11.765715  0.024649  0.131224  0.037263
1598  919.528509  950.307738  11.764311  0.031256  0.074309  0.031093
1599  1193.681162  880.423363  11.779620  0.052552  0.207101  0.035088
1600  855.927890  1173.444956  11.645372  0.021374  0.170535  0.034009
1601  956.591944  1079.517532  11.573558  0.032161  0.114275  0.018402
1602  1148.420383  1156.456448  11.546940  0.018348  0.101641  0.022085
1603  1056.490824  1044.259738  11.512589  0.037751  0.100132  0.045322
1604  1018.879795  951.123231  11.396642  0.040711  0.103755  0.022784
1605  1082.837094  1080.001249  11.348742  0.019778  0.134155  0.023904
1606  1062.078956  981.798031  11.292994  0.022263  0.057430  0.035672
1607  1163.620844  990.308659  11.147531  0.024037  0.070531  0.024578
1608  965.176668  1162.345738  11.058741  0.033913  0.051220  0.024953
1609  1026.326221  1115.833139  10.995840  0.022437  0.059320  0.020293
1610  1026.041098  967.994921  10.924847  0.049241  0.081924  0.027974
1611  905.964831  1067.361096  10.869346  0.021711  -0.012627  0.033599
1612  917.980877  948.411822  10.763082  0.019274  0.036566  0.044227
1613  1049.419162  1003.907133  10.606754  0.018262  0.090863  0.030997
1614  1165.362749  1080.357683  10.515660  0.029776  0.042794  0.019820
1615  992.695378  1047.923405  10.392511  0.028246  0.038963  0.024118
1616  986.305597  1033.114501  10.173615  0.025020  0.032530  0.026330
1617  1075.105690  1191.914066  10.143323  0.025463  0.015712  0.019873
1618  1085.632737  1064.263434  9.894007  0.017444  0.007849  0.021161
1619  1014.319575  956.433326  9.826984  0.028229  0.089432  0.045331
1620  1224.492810  1034.656850  9.492807  0.019127  0.039195  0.025595
1621  1060.766147  1120.393585  9.181320  0.017085  -0.046096  0.040791
1622  1031.438991  1038.686290  8.930403  0.036803  0.025557  0.022938
1623  1018.893353  1010.936750  8.460465  0.020847  0.070961  0.030505
1624  1089.314775  1126.375485  7.352194  0.020696  1.075006  0.016778
1625  915.159060  1105.011180  17.417785  0.061250  1.065912  0.077698
20  820.083826  728.542627  7.162724  0.025206  0.210950  0.049743
21  1113.941290  1013.575003  8.819847  0.035726  0.585734  0.035106
22  772.010837  1552.525824  7.941235  0.039954  -0.150844  0.028574
23  706.127125  1726.839967  13.231709  0.021220  2.542964  0.049736
24  373.560124  1175.114109  12.517425  0.033593  2.178592  0.021471
25  1214.576759  261.040713  10.036311  0.031139  0.695338  0.047310
26  459.470859  254.039126  9.725890  0.021947  0.392718  0.017403
27  322.475349  608.872937  9.278475  0.044492  0.145863  0.028306
28  1308.473141  1490.990537  8.768048  0.023931  -0.055669  0.030852
29  555.261605  1150.821820  11.723192  0.026522  1.608800  0.019902
210  71.430789  183.003963  9.364436  0.027559  -0.046230  0.019611
211  170.875762  1407.664337  9.592363  0.029150  0.011179  0.039617
212  142.759062  1132.153501  12.099802  0.021213  0.902780  0.052205
213  1180.151610  1906.238840  10.469347  0.033781  0.043171  0.023828
214  461.869786  84.521236  15.138885  0.048622  2.452641  0.032055
215  2038.320887  471.159928  15.288779  0.071532  2.698800  0.034512
216  895.201576  958.089106  10.810978  0.023209  0.102414  0.026467
217  519.246346  266.302052  10.993949  0.028057  0.060606  0.022896
218  100.797177  1798.566874  11.422286  0.029758  0.145208  0.020800
219  388.018369  785.528553  11.721478  0.023609  0.171917  0.020392
220  286.801599  1435.384795  16.227804  0.096803  2.937215  0.049400
221  165.326922  1523.707046  11.782209  0.032581  0.332183  0.025009
222  2012.561470  353.930037  13.120769  0.023754  0.830753  0.025045
223  1600.617933  538.762212  12.095640  0.029638  0.244151  0.024967
224  1959.103698  1508.187613  16.135738  0.073428  2.364398  0.043196
225  51.208774  893.576830  12.583423  0.022611  0.547934  0.032326
226  639.674587  1613.233692  12.284323  0.024429  0.386734  0.031984
227  1004.132621  106.655214  17.168919  0.039554  3.041073  0.036207
228  1536.654758  1700.846098  12.898505  0.020641  0.523280  0.050170
229  162.004110  452.221311  12.611222  0.022115  0.199088  0.028234
230  799.260821  1943.232532  15.658781  0.027621  1.774279  0.061281
231  1277.979929  496.141356  12.863251  0.038133  0.223583  0.021695
232  1615.083589  986.691803  15.603441  0.039376  1.667838  0.050616
233  621.462959  424.895276  14.530329  0.051868  1.260401  0.032885
234  1252.785702  1904.831452  12.955334  0.030732  0.375972  0.053765
235  364.867986  446.542518  13.029183  0.046878  0.289813  0.047683
236  1254.865767  1537.580009  12.863129  0.026467  0.116207  0.035877
237  1886.085642  1983.182945  15.079263  0.042302  1.562109  0.054288
238  365.678541  747.839835  17.838723  0.125614  2.630332  0.095409
239  790.271444  2028.769778  12.917846  0.034006  -0.105121  0.023199
240  1425.258094  630.150045  13.671396  0.025127  0.446701  0.029110
241  288.015454  1597.625133  13.442515  0.021313  0.274421  0.025132
242  562.347722  1415.859974  19.082309  0.204168  3.619881  0.064580
243  1685.391149  4.103062  16.347416  0.032339  2.025454  0.031700
244  1956.944313  165.794355  13.032051  0.021588  0.084612  0.020207
245  510.119556  422.167249  16.999792  0.062986  2.193236  0.075198
246  1302.811803  1699.821548  15.923527  0.064978  1.644696  0.028251
247  2042.689619  2019.272423  15.778267  0.078939  1.413441  0.028633
248  185.526412  942.231961  12.593368  0.025879  -0.032588  0.040541
249  450.996708  1828.645458  15.008819  0.037304  1.103532  0.036775
250  1721.148746  1582.447796  13.468765  0.024650  0.370382  0.051477
251  1235.220214  1625.745393  20.211126  0.190622  4.191471  0.110842
252  2047.958430  1416.120292  19.470200  0.109894  3.517110  0.081753
253  654.075260  899.834485  19.797373  0.081160  3.562629  0.174861
254  733.525456  872.302549  13.954428  0.036229  0.370746  0.075292
255  378.002023  478.421124  17.073185  0.050393  2.045968  0.038351
256  1045.176446  1433.809388  17.025961  0.074178  1.896157  0.050313
257  1750.203693  338.214217  14.570107  0.030013  0.499051  0.042767
258  1381.706549  1256.234879  12.931191  0.048141  -0.244666  0.039459
259  1915.128642  648.903111  15.023285  0.026698  1.017180  0.037094
260  1980.595550  1279.074141  13.103591  0.022587  -0.379109  0.033994
261  1092.338750  407.200377  14.537928  0.030965  0.846852  0.055274
262  1932.779843  1117.496607  14.892386  0.026167  0.680331  0.057581
263  1814.365596  1965.268193  13.994750  0.024108  0.423746  0.036383
264  1676.059862  1634.441336  17.264110  0.043910  2.346378  0.055184
265  561.282734  697.952946  13.996114  0.035246  0.453095  0.041144
266  447.743733  1432.153967  14.538124  0.037513  0.677260  0.033940
267  1714.809105  1635.377454  19.470154  0.079075  3.373953  0.101961
268  7.025574  1544.398575  13.962904  0.042189  0.442217  0.062350
269  1118.360523  1227.300621  14.410427  0.050696  0.651098  0.021708
270  1509.730274  1197.032407  16.703291  0.051823  1.901936  0.041493
271  1351.609309  133.236670  19.584422  0.067563  3.122837  0.129296
272  384.452465  338.521137  18.802211  0.126473  2.697993  0.066360
273  783.319280  841.570742  14.967516  0.033877  0.565393  0.049394
274  781.877563  1929.295858  14.888365  0.031822  0.444726  0.050196
275  141.168628  1381.571577  14.710670  0.033939  0.854112  0.055821
276  1336.958215  479.480315  13.733586  0.035762  -0.052116  0.038048
277  1565.577961  831.476043  17.566635  0.063394  2.138325  0.059769
278  269.808232  674.939015  18.047614  0.092736  2.155880  0.098092
279  1054.276669  1527.786556  15.179413  0.030227  0.491363  0.033139
280  839.857350  1993.790473  18.275208  0.070274  2.335793  0.062214
281  1117.448620  655.354740  15.114708  0.042596  0.658299  0.028791
282  1717.859478  1638.579869  14.114952  0.033947  0.043003  0.055921
283  208.695111  1181.566126  16.896207  0.053763  1.602376  0.061988
284  413.140376  1250.525334  15.410163  0.037008  0.745982  0.033779
285  360.929138  337.194206  15.267006  0.054726  0.597066  0.056530
286  723.541389  329.521504  14.267957  0.052469  0.207303  0.058118
287  1191.612702  1799.492204  17.019968  0.047347  1.683105  0.058358
288  1817.655965  173.609217  14.898741  0.039519  0.354739  0.031802
289  465.357738  1567.881271  17.731154  0.062903  2.283576  0.088006
290  1848.345503  51.526223  14.761551  0.051435  0.475721  0.040668
291  1084.709603  2019.217402  14.886460  0.033106  0.454846  0.049269
292  192.063881  1953.784806  16.028010  0.036569  1.058771  0.059741
293  485.768552  500.045598  14.984225  0.038094  0.576438  0.029248
294  1375.310048  204.813745  14.709116  0.042068  1.016076  0.047407
295  408.429069  2009.744471  15.150772  0.047073  0.597423  0.043975
296  1439.913871  1555.158647  17.059436  0.040007  1.697885  0.065497
297  454.239361  1266.668032  14.799322  0.038220  0.365042  0.046149
298  257.317438  563.487682  16.744677  0.039627  1.477606  0.045198
299  1670.769467  1808.863064  15.810775  0.032136  1.082489  0.037194
2100  1124.788955  612.519650  18.019646  0.063705  1.656932  0.082367
2101  90.261024  434.007575  17.228311  0.050839  1.523955  0.057046
2102  1079.714952  1106.405409  16.607047  0.034395  1.167196  0.035817
2103  389.874795  1424.536246  20.176865  0.079072  3.162217  0.114521
2104  914.724707  536.949993  20.404227  0.153362  3.197313  0.262946
2105  1465.903472  1382.728318  15.878347  0.060583  1.291034  0.037914
2106  586.455637  1340.914840  17.325713  0.057184  1.306520  0.074987
2107  903.523210  785.239300  15.720998  0.032918  1.102956  0.044379
2108  1026.731814  291.059973  14.094024  0.045474  -0.324248  0.021134
2109  1728.661509  1110.589396  16.250897  0.041230  0.930780  0.044307
2110  1729.515963  1217.469864  18.099348  0.082855  2.052799  0.120808
2111  539.388453  1702.349147  21.093968  0.123100  4.156627  0.180748
2112  305.913055  1950.351819  18.323226  0.091159  2.456124  0.173315
2113  146.742542  1997.486547  19.149048  0.099528  2.702455  0.140556
2114  897.669892  117.030964  15.490525  0.025217  0.380517  0.025331
2115  507.543801  1408.760218  15.641473  0.050164  0.496464  0.096178
2116  767.939888  771.228430  15.440496  0.037791  0.550493  0.032626
2117  198.957091  2007.406921  15.754749  0.050663  0.560594  0.064121
2118  1045.880879  1511.341147  17.102171  0.071085  1.321491  0.038892
2119  1287.105709  450.262687  20.111829  0.085522  2.733075  0.154895
2120  1485.408012  369.969291  19.306191  0.103253  2.631348  0.145610
2121  909.474797  1880.426164  15.791152  0.058702  0.726290  0.069561
2122  107.000723  1306.432312  15.576774  0.064774  1.137535  0.027664
2123  916.415330  1594.896293  18.171242  0.075077  2.207216  0.088184
2124  438.943597  1990.614158  15.581612  0.036122  0.514525  0.036303
2125  1185.158891  990.885885  20.049731  0.089582  3.230007  0.088871
2126  1203.438996  548.973421  20.586406  0.107611  2.971601  0.234960
2127  1026.610725  1937.222682  15.552822  0.070553  0.456885  0.067873
2128  1301.308979  1267.835859  20.728972  0.138270  3.561625  0.112884
2129  1421.907179  1938.643341  15.769666  0.028144  0.541501  0.031007
2130  2045.959049  596.611459  17.906066  0.046700  1.906298  0.062775
2131  841.192817  1091.300067  21.009448  0.180879  3.538832  0.270626
2132  1771.584062  1059.253633  18.417120  0.155878  1.999389  0.089720
2133  349.351436  207.661034  15.920343  0.077197  0.637811  0.049953
2134  1407.535069  1060.461531  15.016369  0.034918  0.356266  0.046648
2135  1416.611414  97.005267  16.650393  0.109662  1.066021  0.037231
2136  973.730574  26.335889  19.588125  0.113047  2.761728  0.127600
2137  993.139144  1305.918667  14.814455  0.045872  0.212037  0.026480
2138  710.918198  1158.424273  16.767628  0.061160  0.869933  0.058768
2139  221.785621  485.032625  16.163778  0.030973  0.902998  0.070466
2140  992.464341  1602.800183  19.339764  0.103624  2.317847  0.149834
2141  161.569944  381.716768  16.881602  0.058037  1.727256  0.042964
2142  1096.866220  1548.871338  16.586139  0.062654  0.620772  0.049769
2143  1518.521205  596.772512  19.125846  0.129656  2.057019  0.088877
2144  1333.597823  524.154780  16.487911  0.071438  1.116949  0.063459
2145  1102.052497  1408.833385  16.677096  0.033240  0.914055  0.044247
2146  1012.680116  291.790111  20.181393  0.095439  2.712049  0.109208
2147  1981.024590  136.107587  15.708534  0.064115  0.163917  0.042854
2148  1173.619301  1119.755882  15.152279  0.049365  -0.022118  0.042907
2149  314.905799  1665.503798  16.559047  0.041799  1.338065  0.045797
2150  1351.559362  1963.809809  16.222287  0.052521  0.586950  0.050587
2151  1035.048187  9.843280  15.977500  0.034264  0.672462  0.085383
2152  1254.020499  129.834458  15.679530  0.045871  0.173140  0.048283
2153  345.455032  1470.633348  16.421954  0.092153  0.615918  0.062421
2154  663.107715  1457.832811  17.227523  0.051448  1.178164  0.037996
2155  1785.189434  1855.939451  16.444322  0.050460  1.348208  0.034054
2156  333.687163  1837.280537  16.168283  0.067638  0.543809  0.039414
2157  1654.329618  1687.574952  14.503092  0.053179  -0.436369  0.024135
2158  1092.543496  1741.360950  16.277922  0.052967  0.607285  0.049953
2159  246.270305  256.867021  18.686985  0.096000  1.835465  0.088215
2160  332.365901  586.901447  16.141954  0.044613  0.437716  0.083375
2161  579.189122  507.388090  16.371709  0.029968  0.707662  0.044499
2162  1308.963918  1916.545251  16.575091  0.057169  0.863512  0.036483
2163  996.873005  1759.078380  16.805055  0.058147  1.157483  0.079477
2164  443.333758  485.511516  16.157439  0.059431  0.739289  0.061142
2165  1479.295825  342.389963  15.562390  0.051493  0.108626  0.025364
2166  293.222342  1241.624900  14.685430  0.030014  -0.399669  0.045263
2167  374.038770  314.167935  16.943206  0.071385  0.937157  0.092574
2168  77.223156  1946.779989  14.259736  0.024366  -0.371926  0.041855
2169  175.016909  420.359941  15.187548  0.051835  -0.135482  0.054752
2170  1605.114799  785.329523  17.273679  0.056658  1.061351  0.040892
2171  1147.034396  378.806452  17.401674  0.064773  1.165952  0.036341
2172  2004.544860  1769.185991  17.712701  0.091078  1.389073  0.047268
2173  1005.244920  1596.568137  19.788861  0.072165  2.800981  0.164814
2174  1990.008777  583.904905  16.898778  0.045350  1.646977  0.057428
2176  1797.515312  1351.249453  18.164612  0.068746  1.623858  0.091163
2177  317.477244  1767.259148  16.733476  0.035747  0.829357  0.063811
2178  579.684828  1365.692484  15.502142  0.048660  0.224584  0.041143
2179  768.789371  539.355304  16.855513  0.091100  1.200681  0.044035
2180  878.861916  1925.341343  16.719283  0.053609  0.778246  0.053843
2181  1290.305082  1458.468550  19.398191  0.072845  2.476977  0.094960
2182  117.703691  1094.258869  16.780543  0.046301  0.802314  0.041773
2183  442.467052  628.159996  16.819621  0.053281  0.825959  0.037692
2184  45.019017  1396.508780  16.927529  0.091958  0.947892  0.075845
2185  1547.573710  448.155879  14.928194  0.024515  -0.098193  0.038497
2186  393.503665  916.089354  16.639416  0.036699  0.593528  0.042030
2187  759.065699  1542.855368  15.804722  0.066704  0.272835  0.039752
2188  1748.039923  26.744523  20.808172  0.126320  3.342040  0.103380
2189  41.470922  1983.660366  16.867076  0.075385  0.829851  0.058635
2190  801.129929  204.097882  17.044592  0.047019  0.983584  0.095908
2191  804.134459  1251.045141  16.570140  0.034015  0.670920  0.064607
2192  416.986897  1269.314461  16.654894  0.056134  0.753528  0.054587
2193  1688.876164  1611.534752  17.376325  0.101546  0.820735  0.058111
2194  606.080466  1423.540522  18.227486  0.090210  1.217338  0.048188
2195  870.520415  229.463902  17.715189  0.061812  1.194311  0.053518
2196  1933.218950  51.284284  19.640721  0.084496  2.109082  0.082280
2197  397.082025  1119.425954  18.549114  0.055737  1.519657  0.060079
2198  17.343556  2006.202044  17.367054  0.107509  0.710540  0.036225
2200  1099.587836  1129.848153  19.257493  0.101196  1.927721  0.101051
2201  214.994280  314.416454  17.815394  0.051623  1.873048  0.049700
2203  1523.032792  23.527997  18.194706  0.097493  1.171592  0.093187
2204  1270.618668  1794.117412  18.507005  0.079447  1.359340  0.048495
2205  1687.796586  287.909956  16.758750  0.043322  0.698800  0.033985
2206  459.744135  848.631230  17.164606  0.088801  1.502858  0.134819
2207  502.134465  1724.627110  19.893609  0.171847  2.522890  0.114305
2208  898.756449  1263.855817  17.652176  0.048798  1.218437  0.082334
2209  137.962773  1897.551829  16.920187  0.040019  0.733646  0.053707
2210  700.158713  1517.399192  18.051125  0.075463  1.110150  0.101205
2211  303.047055  2045.402294  17.211080  0.099317  0.933310  0.061433
2212  577.614661  1551.479193  17.288813  0.039846  0.935232  0.055704
2213  1216.969293  1473.644814  16.471981  0.041461  0.177272  0.054390
2214  650.094714  766.739337  17.054580  0.033516  0.658120  0.046808
2215  1154.944807  1547.630320  17.528330  0.058617  1.459005  0.071501
2216  1808.441088  866.975789  18.578601  0.125160  1.678146  0.082948
2217  1918.621663  290.436786  17.989251  0.042266  1.220060  0.078701
2218  793.365833  164.546758  17.669017  0.113761  1.735787  0.062484
2219  1270.232026  1096.672259  17.666397  0.089003  0.962938  0.057942
2220  1500.825036  358.758455  17.028016  0.073320  0.761244  0.081838
2221  307.133464  94.994305  18.857952  0.081732  1.687995  0.053850
2222  1633.816007  1359.912651  17.660447  0.088730  1.224021  0.074219
2223  1172.604161  1082.070822  18.042556  0.104051  1.348828  0.055380
2224  515.410432  1065.052651  18.428462  0.096477  1.592295  0.068018
2225  1763.579476  1245.934889  18.435039  0.104946  1.259333  0.066012
2226  1657.262465  1823.787273  20.155743  0.181072  2.545580  0.184174
2227  690.593795  1935.775990  17.138610  0.036843  0.761480  0.091807
2228  1894.035051  481.552225  16.378076  0.094825  0.442328  0.058331
2229  245.019009  764.703321  17.599329  0.045056  0.999182  0.044384
2230  1544.437355  1113.259960  20.070730  0.171106  2.523460  0.112571
2231  427.177627  487.660934  14.988277  0.066737  -0.313739  0.031110
2232  122.632254  1429.470565  18.677237  0.125784  1.765004  0.075882
2233  1796.084737  1475.506417  16.920848  0.045050  0.746462  0.052700
2234  651.274263  836.970426  17.282549  0.106294  0.885044  0.044059
2235  301.622621  1356.732976  22.222644  0.299584  3.149589  0.162783
2236  922.891999  1548.395925  16.900586  0.041587  0.815747  0.075888
2237  1768.017737  1849.391163  20.650644  0.125780  2.455067  0.138163
2238  217.112494  160.840038  20.500632  0.092071  2.537168  0.095538
2239  1437.573554  1982.190814  21.057908  0.308696  3.407791  0.159906
2240  1755.296459  52.370831  20.076539  0.231001  2.397321  0.106908
2241  1786.034501  2040.612398  16.002132  0.032734  0.077551  0.031710
2242  141.052355  1499.071228  16.884675  0.040913  0.916310  0.032385
2243  562.185670  134.719049  15.625214  0.027742  -0.261447  0.050479
2244  187.897295  14.340533  17.936505  0.050102  1.160476  0.048491
2245  1874.730313  897.247204  17.709028  0.086826  1.752592  0.081393
2246  1168.562194  1532.538792  18.758747  0.085310  1.738634  0.140471
2247  1042.076090  1181.717976  19.472086  0.115867  1.913779  0.103471
2248  1900.217766  1090.524018  19.686781  0.178681  2.205247  0.096842
2249  909.055747  1909.894643  19.764985  0.239572  2.495731  0.073798
2250  1126.562725  148.637214  19.908528  0.143442  2.318605  0.104172
2251  1144.593976  1525.026430  17.234898  0.107735  0.891599  0.047000
2252  2038.317462  639.209435  16.959478  0.033717  1.136007  0.038195
2253  275.169154  1000.511595  19.477084  0.106230  1.975920  0.103348
2255  1927.259107  1938.317741  18.387083  0.049529  1.105382  0.084176
2256  398.405269  1595.388816  18.550065  0.050711  1.453074  0.068876
2257  1148.562224  310.227538  16.855183  0.077783  0.766902  0.053654
2259  912.490260  731.259302  17.902626  0.079490  2.096778  0.064079
2260  1208.953358  1049.986182  18.318019  0.065771  1.429123  0.053308
2261  1973.382105  1130.973087  18.136584  0.047240  1.191943  0.084253
2263  1310.313083  311.186754  17.892982  0.108901  1.110619  0.060508
2264  1949.434197  476.756223  16.352435  0.044895  0.325755  0.030184
2265  1645.103678  159.311185  17.748361  0.067667  1.251688  0.087139
2266  1164.606657  108.209375  17.584748  0.063793  0.649122  0.042342
2267  445.647419  687.549452  18.359651  0.100870  1.033115  0.072363
2268  1270.594810  1660.884985  18.455656  0.076966  0.948091  0.121618
2269  932.218674  1277.188895  20.413504  0.119154  2.411093  0.168660
2271  1024.565475  1383.552073  19.585922  0.073865  1.384398  0.140671
2272  690.587996  69.995378  18.696580  0.080692  0.891487  0.124942
2273  869.063577  1936.559972  17.550457  0.048532  0.719260  0.046987
2274  743.797804  1311.686103  19.231970  0.068037  1.633905  0.085019
2275  1155.626929  1167.887994  18.095582  0.090638  1.191320  0.058857
2276  1667.613501  297.773209  18.250460  0.056664  1.099953  0.082459
2277  1442.007099  1688.882086  19.230679  0.093001  1.626175  0.108717
2278  1149.567885  1886.634783  18.072290  0.058325  0.990302  0.092391
2279  1100.587173  1228.243848  18.109953  0.079151  1.093526  0.110447
2280  557.497335  145.587121  18.447759  0.125424  1.196673  0.119511
2281  206.099792  339.128280  18.604893  0.048158  1.548420  0.124250
2282  825.369469  898.741951  17.793916  0.099576  0.935115  0.089282
2284  1436.421411  339.375355  19.490307  0.084247  1.914970  0.087826
2285  1970.658695  1204.335105  21.749365  0.467147  3.258089  0.215946
2288  795.576967  1795.686828  19.670317  0.090452  1.566432  0.109987
2289  926.039881  1833.749587  15.623455  0.043038  -0.398998  0.040761
2290  1232.445955  1325.147301  16.991896  0.045584  0.245700  0.120156
2291  1328.131434  1767.332104  17.950029  0.052541  1.507343  0.047307
2292  1467.096918  537.895932  18.092370  0.052868  1.211912  0.078335
2293  1896.092289  1859.691261  17.963366  0.070304  0.956525  0.054847
2294  932.935693  1064.636517  17.766398  0.104615  0.723880  0.078304
2295  1939.393057  1937.012278  20.005286  0.107562  2.202307  0.118699
2296  728.877982  1761.639028  17.628140  0.064785  0.661103  0.082641
2297  35.637270  1133.100022  17.252768  0.035757  0.552325  0.041981
2298  1137.753464  980.550835  17.840662  0.069550  1.578587  0.057027
2299  1518.680799  377.639336  16.500842  0.036903  -0.137446  0.065497
2300  261.071940  1821.251648  18.430993  0.075439  2.102244  0.088221
2301  443.746681  928.771687  19.189855  0.081783  1.508050  0.087322
2302  30.572120  796.570157  17.646122  0.072078  0.987476  0.056737
2303  895.188419  1930.060214  18.403165  0.142446  1.323020  0.075742
2304  675.124306  1923.594806  19.348576  0.062628  1.341360  0.059015
2305  277.816005  878.597692  16.943070  0.055991  0.257394  0.056278
2306  1024.036537  1277.548531  17.801013  0.112477  0.759274  0.041101
2307  1473.274634  1302.109148  21.156712  0.123707  2.300481  0.192246
2309  1495.924799  767.912866  20.327627  0.252151  2.046131  0.106779
2310  1730.415239  32.848977  19.329748  0.074230  1.554205  0.107956
2311  568.773701  2031.013506  20.778084  0.325881  2.927413  0.170310
2312  1199.404032  1110.346599  20.639006  0.211679  2.154984  0.313041
2313  420.025665  1877.311813  19.299440  0.120743  1.627782  0.174420
2314  1947.763927  508.325829  19.536354  0.091461  1.611992  0.080768
2315  388.339317  1388.478293  19.358224  0.086849  1.773450  0.114047
2316  790.506207  400.448204  19.841429  0.085985  1.919798  0.162330
2317  1511.630277  1044.549140  19.698945  0.094280  2.049026  0.215085
2318  1599.073656  773.396786  16.980264  0.077071  0.242580  0.041207
2319  816.778505  548.751692  17.868359  0.050112  1.020774  0.078031
2320  890.783691  517.933916  16.716633  0.031602  0.333239  0.055641
2321  430.994801  23.195657  19.203414  0.077510  1.933132  0.154226
2322  1325.736552  1341.451464  19.997400  0.080818  1.886046  0.078637
2323  1969.542655  264.257113  20.187044  0.082924  2.287754  0.159939
2324  1418.357128  648.101869  18.863558  0.101019  1.615118  0.055623
2325  896.540080  1382.077789  17.478455  0.075727  0.488579  0.076859
2326  928.800758  894.791173  17.294248  0.044728  0.413263  0.044205
2327  1023.675391  1061.918655  17.468154  0.051152  0.634339  0.053030
2328  1918.393839  253.029338  20.413658  0.233888  2.098760  0.224935
2329  192.182898  1450.165174  19.374096  0.083437  1.603180  0.123328
2330  781.826919  1175.432836  18.435721  0.169415  1.232760  0.083635
2331  1068.892357  1643.120718  18.369954  0.081783  0.910426  0.048710
2332  1659.409592  214.482649  19.368264  0.073882  1.562402  0.108006
2333  1084.773401  730.507698  18.486964  0.097033  1.057120  0.100481
2334  16.386396  289.196688  17.908280  0.109942  0.992635  0.062067
2336  996.940604  824.460891  18.332658  0.077365  0.994470  0.121575
2337  1439.468966  514.136718  19.202671  0.061705  1.468261  0.159841
2338  318.433733  55.677995  20.420299  0.160920  2.197946  0.118782
2339  811.829465  1821.299458  18.917759  0.169003  1.468366  0.082501
2340  50.850121  694.345782  18.881378  0.093786  1.349599  0.091503
2341  1613.680961  1826.469569  18.790849  0.103163  1.429184  0.079715
2342  795.813006  341.165829  17.971373  0.064036  0.821928  0.049641
2343  1464.297960  1389.848552  18.599632  0.064189  1.057048  0.073179
2344  1084.092352  211.063931  20.836140  0.128075  2.548992  0.123300
2345  141.263347  69.467779  17.834586  0.084212  0.719769  0.058730
2346  1360.201612  506.877172  19.386776  0.093034  1.753359  0.073001
2347  1641.027653  1773.230518  18.041233  0.076793  1.052138  0.083556
2348  1889.746427  41.981211  20.083366  0.120325  2.121536  0.144150
2349  1447.773528  432.438913  17.849331  0.078961  0.894955  0.047286
2351  12.875151  823.516551  19.803987  0.125917  1.906105  0.122401
2352  1408.939509  1516.386032  17.932744  0.047972  0.829957  0.058847
2353  1168.388212  850.888110  17.670207  0.052254  0.819316  0.110244
2355  1107.082242  1724.301369  16.813333  0.045799  0.144899  0.097260
2356  744.065797  1708.114304  18.222754  0.046983  0.957617  0.156233
2357  1913.628790  1130.644955  20.688810  0.164960  2.696679  0.173969
2358  1111.956089  1383.188755  18.732010  0.145579  1.526444  0.101667
2359  1259.210275  2029.027051  19.327218  0.083903  2.008723  0.109080
2360  1623.053701  639.238025  21.089125  0.237280  2.389029  0.108217
2361  1909.920142  1340.987507  17.732515  0.040179  0.955850  0.040294
2362  1449.308988  1472.142081  17.977887  0.090513  0.836491  0.081360
2363  1459.966229  615.944017  19.322448  0.222794  1.836404  0.092999
2364  706.952697  1109.864888  19.041058  0.151577  1.141178  0.136101
2365  1145.781566  1456.599998  16.608397  0.040574  -0.080892  0.076513
2366  1235.009992  1566.159879  17.523899  0.052272  0.329667  0.081401
2367  713.547339  1682.897532  19.169848  0.115590  1.061524  0.142793
2368  76.691002  1054.536645  19.672227  0.116444  1.339811  0.104330
2369  926.562299  1025.666955  18.015595  0.078960  0.564202  0.051582
2370  938.094472  2036.656570  18.876824  0.195297  0.985604  0.064302
2371  1663.945962  133.664917  20.508931  0.196047  1.469930  0.209150
2372  974.946284  1159.909245  20.025204  0.180836  1.628320  0.102589
2373  1243.881842  1606.043198  19.861266  0.122204  1.393554  0.090290
2374  1089.246958  288.902528  19.569238  0.087332  1.548298  0.083868
2375  1807.625029  783.873509  20.592288  0.168915  2.021779  0.137559
2376  734.581228  1585.913953  19.269272  0.122650  1.322541  0.140623
2377  1841.723604  240.300705  18.654894  0.060975  0.759469  0.051665
2378  520.283467  1651.466061  20.933595  0.190243  1.926988  0.152018
2379  112.344297  630.898816  18.262804  0.129104  0.440602  0.126249
2380  696.584111  821.754173  16.466782  0.070855  -0.380455  0.044514
2381  1690.656240  404.390325  19.813455  0.104982  1.551653  0.188902
2382  907.844631  1746.433532  18.569327  0.089569  0.680517  0.075610
2383  415.193984  1878.563027  17.159448  0.040280  0.111589  0.065376
2384  1532.223455  221.252408  20.845452  0.195561  2.065403  0.127629
2385  471.156759  398.919248  18.663243  0.090418  1.210455  0.061936
2387  1050.734288  204.519913  21.397280  0.265897  2.647159  0.184503
2388  757.614246  1385.994228  19.308916  0.184766  1.556650  0.107393
2389  1065.606233  706.965478  18.547613  0.106601  1.199369  0.163636
2390  781.365845  657.289962  20.097235  0.088211  1.761392  0.276806
2391  822.102997  94.883925  21.142714  0.152071  2.536562  0.262039
2392  916.588977  1314.690310  18.957010  0.055802  1.456772  0.162423
2393  478.954161  303.590377  19.630422  0.126345  2.038210  0.111843
2394  973.927022  910.246464  17.318715  0.113290  0.204897  0.075899
2395  997.630535  1452.451635  19.734972  0.111008  1.487726  0.153408
2396  736.110111  1091.300048  21.178625  0.158754  2.494655  0.262213
2397  150.077740  1033.572978  19.574886  0.179451  1.310985  0.095636
2398  512.315870  1287.180783  18.221994  0.094093  0.542604  0.073772
2399  1090.458128  1095.217714  19.209134  0.120386  1.905126  0.152976
2400  1633.354272  1777.562449  18.547884  0.088043  1.068081  0.071773
2401  1433.828339  90.828790  18.717912  0.075737  0.980363  0.063580
2402  730.182693  1787.131536  18.714830  0.094949  1.424273  0.149326
2403  1074.079897  259.616031  18.586719  0.066279  1.090545  0.107557
2405  567.566706  664.566718  18.944599  0.106606  2.511731  0.120748
2406  2001.152682  1167.234479  18.810419  0.097813  1.111135  0.083912
2407  102.881894  818.058951  18.782766  0.094518  0.775433  0.119847
2408  357.927220  1448.460623  18.832661  0.070605  1.046164  0.109137
2409  18.989980  1276.822347  19.567779  0.146332  1.853746  0.126384
2410  555.126371  1716.084480  19.453683  0.155577  1.190589  0.151221
2411  1937.957459  1911.858999  20.435110  0.173651  1.923599  0.223032
2412  760.548512  922.805970  18.543780  0.106567  0.998483  0.077409
2414  228.262979  1292.752656  19.524518  0.162263  1.155590  0.117874
2415  468.385595  1076.471375  20.211650  0.092557  1.820196  0.147996
2416  1511.859685  1796.224483  16.897547  0.066555  0.021607  0.087160
2417  727.742558  1725.250086  17.714548  0.072673  0.456046  0.075257
2418  1990.508602  1229.562981  21.056311  0.247575  2.000946  0.184493
2419  1180.443377  952.677580  18.928371  0.090960  1.051641  0.068255
2420  305.865276  1438.024732  19.554783  0.122138  1.759337  0.080563
2421  1849.257498  1980.196554  19.095745  0.104338  1.283174  0.082721
2422  1540.590062  1241.189566  19.063341  0.181337  1.304869  0.160269
2423  108.520754  405.678307  18.583537  0.156884  0.954866  0.052395
2424  206.012219  1190.527777  19.064293  0.060860  1.163830  0.069407
2425  1204.749622  859.937770  17.197556  0.056504  0.246274  0.095751
2426  416.218580  575.840397  18.897600  0.196410  1.626450  0.112710
2427  688.053791  902.809822  19.383730  0.075256  1.687042  0.164776
2429  1682.632439  2004.173980  19.493232  0.114793  1.854583  0.113571
2430  981.837377  219.268268  19.185298  0.108000  1.266276  0.078177
2432  373.815289  1994.053321  18.546255  0.051055  1.460733  0.180223
2433  1953.724646  605.344394  21.033379  0.188856  2.058946  0.162785
2434  386.365245  1628.536050  20.214203  0.158422  1.898891  0.153727
2435  2039.365687  855.763879  20.927697  0.104462  2.125283  0.261251
2436  917.046551  21.385990  19.115768  0.182077  1.081758  0.086570
2437  163.188151  1323.101709  18.755903  0.064360  1.016607  0.067579
2438  319.224032  10.111290  19.475947  0.065457  1.638625  0.134021
2439  865.256588  774.468521  16.989622  0.057397  -0.196482  0.062979
2440  809.689732  672.612859  18.627338  0.063058  0.877328  0.074074
2442  1834.463301  11.276182  19.540952  0.084585  1.575403  0.090836
2443  1107.286354  1292.805620  16.848620  0.080324  0.041337  0.039051
2444  5.045486  768.710928  19.226917  0.177967  1.582691  0.108519
2445  856.560236  1849.514535  19.096114  0.116716  1.065656  0.104546
2446  1959.241725  1180.794561  20.375686  0.118538  1.989837  0.087961
2447  920.952791  573.948412  19.912623  0.082642  1.645331  0.106152
2448  467.028137  472.990836  18.717585  0.080907  1.061712  0.060783
2449  1086.189870  947.774496  20.253338  0.262299  1.561974  0.091971
2450  131.902858  475.487494  19.833042  0.124346  1.511240  0.204621
2451  1287.884443  681.483975  19.224529  0.060322  0.979131  0.129108
2452  1648.301641  274.804151  18.740881  0.161937  0.928820  0.048663
2453  1130.186784  49.958261  18.917894  0.097017  1.162728  0.061779
2454  1139.675346  1316.931540  19.132727  0.079109  1.281411  0.078075
2455  1837.303686  1465.364936  18.282709  0.073160  0.553142  0.083654
2456  1998.616832  1941.566334  18.844322  0.108976  0.590454  0.115641
2458  174.639852  1305.313889  20.646345  0.230887  1.572627  0.254445
2460  1247.353378  1098.876245  18.685596  0.061769  1.338012  0.055427
2462  1809.354127  986.610466  19.461233  0.114957  1.295399  0.110266
2463  1545.998509  1984.772335  16.771248  0.040317  -0.080489  0.039511
2464  1592.989172  68.971560  19.223810  0.083033  1.128560  0.067176
2465  656.959261  983.177651  20.077827  0.109294  1.876589  0.155927
2466  1461.108609  1326.121817  18.782201  0.108961  1.019236  0.057026
2467  948.484492  855.289878  19.001111  0.118642  2.380531  0.139002
2468  332.042670  1592.321247  18.756289  0.088575  1.117750  0.073878
2470  846.278342  56.950481  19.849794  0.075946  1.522632  0.156452
2471  901.566201  1746.569969  20.971752  0.166086  1.936108  0.206882
2472  1671.205659  1403.668613  18.438418  0.059776  0.799495  0.127626
2473  842.531301  1803.049739  20.173635  0.126057  1.837226  0.208878
2474  1589.827059  779.204359  19.431563  0.066653  1.272202  0.067781
2475  405.178030  1754.370528  19.691171  0.080339  1.211454  0.217417
2476  389.546673  741.381589  18.912890  0.094674  1.050408  0.061732
2477  1233.248091  340.628974  20.520895  0.232290  2.110473  0.173655
2478  836.379465  880.080316  16.819735  0.037895  -0.373856  0.053583
2479  136.980342  665.864397  19.781861  0.130196  1.619117  0.115617
2480  996.041941  860.984118  18.726062  0.142164  0.764324  0.122528
2481  1679.735872  180.056713  18.788871  0.146052  0.855610  0.090553
2483  211.124613  148.681800  19.506226  0.212535  1.377214  0.075132
2484  73.592685  599.143337  21.458165  0.216201  2.693487  0.224728
2485  1157.501218  388.214222  21.357733  0.337181  2.402172  0.266759
2486  684.411707  1861.897329  18.901149  0.112443  1.147011  0.085437
2487  1539.799349  1886.844583  19.408725  0.064968  1.346304  0.141634
2489  1297.476526  2045.288832  19.946108  0.128428  1.404080  0.096471
2490  409.288531  940.666246  18.802310  0.156353  1.219768  0.073979
2491  890.732821  1646.049996  19.940208  0.095785  1.551420  0.149268
2492  1918.212791  595.537971  18.055120  0.095099  0.399543  0.070039
2493  1793.275683  1887.247722  18.447271  0.092104  0.864492  0.083437
2494  1476.971900  1163.862225  19.433934  0.099707  2.193930  0.091671
2495  969.119960  114.653885  19.123350  0.243927  1.448959  0.103762
2496  664.462121  864.694500  21.014854  0.207148  2.090295  0.156670
2497  1750.737556  1320.790720  19.102633  0.090732  1.605153  0.112024
2498  445.270580  1002.522241  19.848093  0.165917  1.366371  0.147546
2500  69.104495  1820.415854  19.435317  0.067645  1.029033  0.124206
2501  1627.061200  875.408695  19.933504  0.257452  1.438564  0.108067
2502  1017.544247  1784.059877  16.905978  0.037312  -0.282986  0.072136
2503  131.166971  660.901599  19.638798  0.111245  1.072464  0.154366
2504  1549.830746  257.205920  19.842038  0.132280  1.848856  0.175997
2505  68.382846  2001.111407  20.316615  0.141716  1.460937  0.182723
2506  1106.219079  614.518775  19.886948  0.129962  1.161883  0.084352
2508  540.321486  225.855776  20.183783  0.104442  1.454866  0.165266
2509  454.159249  542.595843  19.611458  0.163977  0.904441  0.111298
2510  861.703653  1196.363613  20.813836  0.261514  1.755221  0.149002
2511  1189.361832  1822.574868  19.979120  0.150366  1.388182  0.106025
2512  478.323235  1590.042863  19.401733  0.163636  0.922969  0.083878
2513  1614.640388  965.784795  20.023419  0.077452  1.584224  0.094282
2514  1947.943769  1083.866244  21.383004  0.193239  1.927156  0.253826
2516  423.747064  1013.980062  19.341759  0.087655  0.906348  0.124867
2517  1468.572722  1467.046838  20.795924  0.207823  1.642206  0.113511
2518  105.793016  1932.589056  20.734068  0.123695  1.927021  0.141456
2520  1353.745562  1689.926655  18.809089  0.082823  0.547136  0.073899
2521  918.321367  1626.746387  20.197134  0.173007  1.724892  0.165328
2522  287.647984  434.212080  19.665120  0.088714  1.309116  0.093924
2524  1200.594883  1654.147861  20.869401  0.109289  1.617920  0.209872
2526  1233.629483  69.364546  20.596154  0.113227  2.164844  0.166143
2528  1251.315125  994.857407  19.600340  0.114528  1.274300  0.117758
2529  334.037848  1209.372793  19.964760  0.139533  1.371978  0.129865
2531  1374.184444  941.618325  20.517715  0.119671  1.353353  0.126758
2532  460.470599  83.222338  19.771603  0.150603  1.333554  0.067188
2533  1466.600814  432.965386  19.973509  0.227335  1.120276  0.443600
2536  452.831944  1956.118453  21.805634  0.203293  2.513470  0.176345
2537  1497.287818  1469.057199  19.475766  0.117190  1.276276  0.106973
2538  697.905381  391.755312  17.163169  0.034248  -0.307896  0.071227
2539  1654.347373  714.630796  21.751725  0.153288  1.517178  0.228242
2540  1912.205379  857.697640  21.117202  0.226936  1.852099  0.235499
2541  1700.176024  261.124745  20.039141  0.101620  1.325938  0.216611
2543  1933.329576  1115.827386  19.713946  0.095158  1.621093  0.103204
2544  1237.179214  775.346560  19.846078  0.135713  1.137599  0.149658
2546  446.269893  1778.499156  18.570443  0.061983  0.390127  0.098171
2547  1837.163136  1847.435628  18.748667  0.079516  0.785683  0.107903
2548  1862.758547  1714.981246  19.568978  0.089553  1.303822  0.189208
2549  1637.860636  549.280359  20.560089  0.177893  1.669011  0.165631
2550  1907.093865  1868.973568  19.751478  0.207953  1.157965  0.138520
2551  819.398880  951.960450  20.111735  0.092486  1.179453  0.138072
2552  1342.203151  513.200977  19.554573  0.085837  0.883330  0.062882
2553  1560.090804  608.612835  19.851542  0.179670  1.282888  0.182623
2554  85.517461  1219.962602  18.376960  0.048831  0.418497  0.104364
2557  1780.839961  1223.636414  20.380647  0.098956  1.177268  0.097120
2558  199.287949  1308.001061  19.959296  0.120936  2.089688  0.210242
2559  1489.506465  421.990633  18.953486  0.087565  0.646334  0.095587
2560  527.256581  184.031939  20.891800  0.115190  1.900618  0.160487
2561  2016.916533  555.640254  21.818769  0.150488  2.569106  0.269344
2563  1897.695133  5.302831  20.235287  0.105300  1.399069  0.114943
2564  1741.644185  1183.796000  19.794448  0.233088  2.356893  0.107067
2565  64.604317  105.667138  19.317197  0.115597  1.260764  0.113948
2566  628.915347  883.134867  19.373630  0.116497  1.328863  0.122768
2567  53.712913  312.233757  19.481245  0.191644  1.062362  0.091720
2568  1883.028675  28.227768  20.516798  0.162449  1.626809  0.193032
2569  1664.259439  336.775974  21.083246  0.186952  1.701720  0.184245
2570  1620.718587  1067.646380  20.460696  0.127860  2.090138  0.174243
2571  1674.647559  46.438791  20.302635  0.220019  1.616433  0.219670
2572  1309.209036  1600.471148  19.639280  0.081552  1.484050  0.071769
2573  903.369396  1452.369871  20.187046  0.095622  2.549772  0.089535
2574  1417.917222  1898.158398  20.060309  0.082542  1.480559  0.212312
2576  1653.298315  1259.204265  19.431829  0.108031  0.926892  0.099117
2577  128.108060  1377.373036  19.896812  0.161033  1.286416  0.091617
2578  1781.025329  1395.238122  19.251498  0.152600  1.043914  0.074683
2579  117.219381  981.641646  19.744367  0.160464  1.365414  0.073150
2580  520.456830  551.096506  18.850950  0.183809  0.510767  0.075679
2581  77.791363  1798.345551  20.922592  0.289013  1.819047  0.178694
2582  2007.742306  1412.892748  20.372376  0.142639  1.749250  0.120654
2583  1764.470481  963.324983  20.504621  0.154218  1.541691  0.189710
2584  1072.260895  122.487879  20.080434  0.081671  1.581960  0.134598
2586  1558.562055  551.665206  17.910899  0.088834  0.253070  0.082931
2587  773.973251  1639.754823  19.694372  0.088178  1.027299  0.068777
2588  1520.927023  1258.821828  20.776247  0.161588  1.517280  0.141506
2590  1128.217809  360.777431  19.608757  0.100584  1.046313  0.081194
2591  540.872219  540.715978  21.478195  0.161450  1.978791  0.209382
2593  1013.757526  220.269331  19.826126  0.148861  1.424269  0.087275
2594  29.615117  242.471410  19.464257  0.132430  1.084217  0.084898
2595  2017.208350  1729.176766  19.441692  0.090685  1.022766  0.134282
2596  1962.474563  342.451552  19.588841  0.080995  1.028890  0.201032
2597  58.103559  960.997844  19.232215  0.097864  0.672162  0.156873
2599  502.499192  2030.775410  20.221361  0.168073  1.224953  0.163607
2600  712.945421  165.102718  20.875263  0.303443  2.050877  0.357387
2601  949.024553  1422.978022  21.598934  0.149731  2.236146  0.339011
2602  598.334967  816.112698  20.703809  0.110187  1.795880  0.142761
2604  1369.254629  530.752881  20.945142  0.142093  1.351971  0.236880
2605  1258.630295  1557.196919  20.421369  0.088699  1.404958  0.140154
2606  2047.097024  982.670317  20.333766  0.119351  1.774702  0.236402
2607  223.962072  2007.266916  17.304712  0.059827  -0.032652  0.040152
2608  384.490374  341.302648  20.003927  0.138354  1.465908  0.113861
2609  612.744920  29.524819  18.540105  0.156551  0.408971  0.074849
2610  1368.845158  1454.726717  20.358800  0.158932  1.081654  0.158014
2611  1617.684934  1562.375501  19.728369  0.129863  1.178465  0.078548
2613  1092.534880  629.549519  19.740070  0.177678  1.302977  0.103790
2616  591.044461  1245.347281  20.898651  0.238292  1.739431  0.116189
2617  228.067815  473.001311  19.887028  0.097630  1.448844  0.192569
2619  338.369704  1716.700963  19.347647  0.129852  0.931241  0.069761
2620  1480.219351  459.788773  20.098659  0.207984  1.221710  0.090359
2622  1875.162337  1555.124881  19.382051  0.097827  1.692802  0.145724
2623  1481.557618  111.800263  21.119638  0.185314  2.393854  0.258769
2624  212.047380  1510.010789  18.832719  0.072528  0.800178  0.135967
2625  1746.737892  1782.013135  19.185765  0.172463  0.494099  0.141662
2627  262.571778  1990.579784  19.653037  0.070600  1.144101  0.125560
2628  617.528372  730.044913  20.272373  0.201154  1.655999  0.212244
2629  81.279663  410.653481  20.174211  0.109664  1.527554  0.146634
2630  383.481399  973.104809  20.636356  0.219207  1.680799  0.168302
2631  262.929015  1951.538486  20.080073  0.175328  1.222836  0.082372
2633  590.911386  373.727597  19.407421  0.068231  1.287811  0.087096
2634  201.952049  247.512461  19.458407  0.077371  0.937270  0.158193
2635  553.065369  722.247917  20.072846  0.084199  1.037114  0.183670
2637  884.038895  1868.593372  19.571520  0.149865  2.122877  0.135655
2638  288.006413  1019.939021  21.192729  0.115037  2.323484  0.211539
2639  745.638226  1870.538052  18.846331  0.129819  0.573340  0.073599
2640  358.177094  1136.005908  19.634627  0.095649  1.160805  0.115340
2641  471.567889  644.685034  19.670665  0.083032  1.299118  0.073541
2644  414.720943  1725.004611  19.464606  0.105112  1.097254  0.141786
2645  510.128655  1775.570524  20.425335  0.130323  1.600833  0.280451
2646  1406.625325  1770.281900  20.254883  0.089900  1.092714  0.136135
2647  838.748345  898.743052  20.546929  0.131556  1.380851  0.121128
2649  155.903356  121.753284  20.347114  0.113066  2.359247  0.132980
2650  665.090820  2011.190999  21.030527  0.182180  1.604795  0.157879
2651  841.167093  565.177977  19.672684  0.122151  1.702435  0.159784
2652  1854.435813  62.168441  19.237154  0.120113  1.079393  0.075546
2653  2032.413784  289.905004  19.756079  0.119150  1.291615  0.120351
2655  1807.038984  1182.878836  20.249244  0.196065  1.091388  0.136677
2656  1657.265620  1146.014331  19.517762  0.203322  1.221990  0.099188
2657  1218.111089  931.388948  20.171264  0.118533  2.158345  0.136588
2658  99.605773  510.722011  21.128039  0.201088  1.626738  0.141195
2659  296.375310  42.914180  20.079218  0.216132  1.418251  0.089064
2660  814.423700  42.086699  18.168797  0.076673  0.254726  0.069288
2661  1085.605982  1404.925557  19.914319  0.087876  1.313148  0.078952
2662  1356.491225  511.636259  19.653779  0.155301  1.398826  0.100959
2663  1062.174061  1191.286899  19.556912  0.151455  1.574608  0.158026
2665  202.459743  861.249816  21.085982  0.188687  2.328619  0.251337
2667  204.058183  169.785110  20.375210  0.127876  2.389072  0.157202
2668  1715.015592  1559.138723  19.888222  0.108846  1.206394  0.086103
2669  1445.028788  492.211544  19.337692  0.076519  0.860826  0.080733
2670  204.727770  885.277716  20.344363  0.093850  1.590940  0.128661
2671  1334.274631  507.529263  20.075264  0.206951  1.801803  0.118766
2672  843.524448  1773.779805  20.462254  0.154083  1.505269  0.083739
2673  820.274733  227.064932  20.810622  0.173903  2.747477  0.149277
2674  1281.634635  1277.708044  20.625290  0.152941  1.139941  0.133738
2675  1441.959445  1965.721184  20.578217  0.295325  1.207997  0.161014
2677  1737.968062  1207.060912  20.388004  0.197699  2.161694  0.286639
2678  448.445164  540.299634  21.766532  0.160369  2.234801  0.484681
2681  1612.379637  1274.389216  21.078470  0.138544  1.563187  0.148963
2683  985.936542  746.502316  21.126967  0.183304  2.109469  0.314961
2685  1765.021914  1548.334716  20.443903  0.167390  1.657741  0.214319
2686  233.297214  1904.610819  21.244075  0.147251  1.862041  0.154536
2687  1275.881850  1497.094261  20.349556  0.102949  1.326773  0.094847
2688  418.013602  785.473946  20.313571  0.148590  1.118227  0.215539
2690  1852.944175  1028.404751  21.048174  0.170245  1.352853  0.235746
2691  1085.516043  1817.393080  19.506190  0.134036  0.598576  0.193688
2692  1326.228649  911.526652  20.786954  0.127827  2.305241  0.157658
2695  956.691440  981.125543  20.928161  0.256200  1.683370  0.116213
2696  1775.014714  1815.249363  19.134077  0.102403  0.310320  0.111342
2700  1837.339897  48.945680  19.932655  0.095650  1.084718  0.074777
2703  747.554938  403.479242  20.458345  0.088252  1.547053  0.113762
2704  1176.488581  130.750688  20.492282  0.121662  1.385504  0.103079
2705  1686.175912  1360.238917  20.276258  0.120749  0.881340  0.214903
2706  389.326547  2015.097577  20.630044  0.113605  1.686429  0.203785
2707  249.742383  877.157529  20.787323  0.120963  1.454603  0.090580
2708  1310.115331  399.950949  20.207667  0.255273  1.512959  0.094040
2709  909.180006  1157.483133  20.846894  0.191874  2.233501  0.171689
2712  34.738413  870.056379  19.294499  0.138975  0.373749  0.165387
2713  480.156184  963.432482  19.646701  0.088055  0.833096  0.249680
2714  404.802975  1480.828410  20.891642  0.161691  1.535249  0.158210
2715  534.817920  662.111314  21.392986  0.292779  1.260470  0.156980
2716  1806.075219  639.667413  21.494126  0.251447  1.571155  0.255547
2717  1906.308321  1574.637632  20.823134  0.124267  1.353205  0.243651
2719  1073.812673  1389.874630  21.766646  0.175651  2.032549  0.244117
2720  1170.006637  1131.698014  21.306520  0.305213  1.785878  0.187331
2721  458.078444  1523.238763  20.398381  0.097227  1.213445  0.133583
2722  308.437737  1423.047980  20.032655  0.164780  0.916578  0.080680
2723  118.893642  184.485348  20.399059  0.134557  2.280201  0.151683
2724  1531.580519  2033.574749  21.342905  0.222311  1.714872  0.130398
2726  493.562808  508.160293  20.256304  0.270642  1.650261  0.279899
2727  236.874175  462.277102  20.926607  0.168310  1.416760  0.203059
2728  1280.870852  1950.421034  20.547976  0.165475  1.350299  0.128292
2729  277.008768  515.512233  20.883414  0.184330  2.657558  0.264539
2730  1331.600350  634.955929  21.067417  0.374171  2.214203  0.167977
2731  1260.563132  1952.944344  19.602242  0.079338  0.828520  0.169950
2732  16.428244  389.003568  20.284356  0.167746  1.075968  0.096790
2733  585.922342  746.265779  21.537059  0.219982  1.801994  0.244003
2734  1259.161674  1439.416149  20.456827  0.104924  1.488284  0.136887
2735  65.529274  252.273645  20.769221  0.312214  1.853274  0.148492
2736  813.465558  259.858880  19.439816  0.080919  0.633380  0.196689
2737  473.668158  1331.425551  20.869275  0.260898  1.768549  0.197764
2740  220.937015  313.778928  20.222704  0.130751  1.053886  0.093840
2741  638.731918  125.627720  21.395769  0.174153  1.431464  0.466392
2742  428.987579  161.892145  20.650099  0.180112  1.597187  0.171788
2744  2046.546614  1838.982262  20.563196  0.149273  1.117286  0.148812
2746  1359.071993  1297.322161  19.654967  0.141541  0.809786  0.173777
2747  1284.325674  1465.157967  20.850665  0.256111  1.359649  0.173109
2748  131.039572  1210.933187  20.514022  0.199861  1.658827  0.100968
2749  1056.597362  990.303957  20.462609  0.102964  1.981505  0.119712
2750  1065.310406  1649.161854  20.712498  0.162697  1.434704  0.153488
2752  1960.756275  1172.927689  21.366198  0.164258  1.307033  0.173766
2753  1298.179873  1250.284773  21.207060  0.127141  2.277017  0.171664
2756  1883.770485  1991.032706  18.415182  0.080049  -0.037606  0.076802
2757  921.220856  440.674217  20.575240  0.100708  1.264254  0.164718
2758  1170.761128  1590.307743  21.201005  0.220648  1.602382  0.306441
2759  1583.970496  1498.138170  20.029895  0.199879  1.327718  0.097341
2761  833.540496  2004.583268  21.294808  0.166566  1.706320  0.165460
2762  566.949542  1480.918854  20.570054  0.186134  1.647110  0.139245
2763  392.940234  1652.839699  19.988873  0.123593  0.997940  0.139239
2764  906.964937  1481.971372  20.625291  0.128505  1.479851  0.222182
2765  1411.198709  1053.595206  20.540694  0.143736  1.128742  0.279888
2766  1389.660615  1263.919778  20.310847  0.165727  1.588263  0.227687
2767  1741.919835  392.806041  20.681990  0.111100  1.696346  0.187543
2768  662.794988  1507.780997  21.340874  0.138866  2.241603  0.145085
2769  141.491729  575.445006  20.403983  0.140940  1.308222  0.100343
2771  456.972016  690.552435  19.554329  0.152213  0.709611  0.068111
2773  1195.658565  835.635822  20.785889  0.118511  1.775757  0.110936
2775  613.593463  2025.570477  20.625308  0.098726  1.757297  0.119948
2776  437.453996  106.032488  21.303187  0.209873  1.588869  0.138921
2778  621.387127  779.414426  20.394711  0.191078  1.095101  0.112362
2779  1918.462453  1493.124146  20.492276  0.198452  1.295775  0.249536
2780  1499.607722  1228.106506  20.971437  0.112588  1.536468  0.103303
2781  100.710555  1415.513792  20.602703  0.346244  1.392276  0.144703
2782  1021.237823  173.088466  21.464979  0.352377  2.006253  0.122814
2783  727.955530  1305.507519  20.580748  0.095865  1.586869  0.140140
2785  1573.881532  928.660379  20.347517  0.110548  1.126420  0.151640
2786  1987.838852  438.133936  20.706640  0.149729  1.784840  0.125487
2787  1632.693671  592.428124  20.856171  0.321182  2.216731  0.164336
2788  30.889238  1550.659190  20.037742  0.149261  0.935813  0.114269
2789  536.867563  313.427678  20.895870  0.296378  1.483195  0.098383
2790  1854.789652  1978.527788  20.463408  0.110249  1.040127  0.137355
2791  442.169829  1169.212907  20.818619  0.212266  1.254665  0.104376
2793  1451.793292  1634.371397  21.076243  0.134405  0.892492  0.343978
2794  1182.824533  349.010960  19.307835  0.093034  0.549078  0.152806
2795  1857.548510  633.275966  19.037609  0.165743  0.627400  0.067351
2796  582.629458  1674.680481  20.619991  0.195350  1.445592  0.200219
2798  1760.913973  1233.373546  20.712667  0.167511  1.320202  0.224604
2799  1242.045292  331.357661  21.373298  0.157905  1.245803  0.177218
2800  1280.163152  2036.421217  20.376154  0.126943  2.332826  0.116194
2801  520.778178  1677.321411  19.532593  0.192247  0.824624  0.121847
2803  1806.358356  1844.169782  20.323241  0.100479  1.202765  0.165800
2805  837.496349  1421.875568  20.717638  0.127067  1.104694  0.136730
2806  608.680840  1760.064734  20.867358  0.107714  1.072925  0.181202
2807  863.590237  51.786203  21.128599  0.254073  1.041385  0.209474
2808  1856.882287  1451.375341  19.116279  0.098285  0.374185  0.091520
2809  1415.569620  686.035051  21.291235  0.149789  1.992646  0.201660
2811  196.586881  169.629849  21.075982  0.175051  2.177503  0.133676
2812  992.000154  1507.241526  20.004261  0.098406  1.330972  0.166544
2813  1179.832506  155.995745  20.773661  0.130876  1.419511  0.104770
2814  983.111784  44.660837  20.243404  0.133594  1.347511  0.263529
2815  861.205106  718.767102  19.118358  0.090208  0.697072  0.070709
2816  1033.422827  1735.320200  20.645838  0.284199  1.559055  0.161007
2817  1786.865358  728.200683  20.844855  0.107103  1.358983  0.103936
2818  115.718002  711.304389  20.004697  0.087123  1.009225  0.085297
2819  379.695554  1055.817567  20.399601  0.137197  1.105019  0.156404
2821  228.139042  1411.908017  19.665402  0.125053  0.670050  0.126072
2822  1477.674057  433.375441  21.056459  0.190226  1.672946  0.143325
2824  1711.533581  1842.123923  20.515749  0.214737  1.333094  0.194413
2826  271.271228  650.069486  20.540993  0.088931  2.075180  0.187934
2827  1144.146748  1163.964113  20.402159  0.099914  1.346011  0.277695
2828  1387.179306  1910.768308  20.584664  0.223673  2.017193  0.158919
2829  32.842954  2005.645048  17.704229  0.086369  -0.451702  0.126151
2830  1949.468099  1427.994192  20.597287  0.113048  2.196934  0.245376
2833  818.483329  1290.049136  20.950754  0.158034  1.620810  0.228984
2835  1811.220479  1845.808454  20.374416  0.200192  1.605952  0.103868
2836  450.584749  1667.129810  20.047500  0.075913  0.992803  0.091306
2837  1844.979268  1049.196178  19.891122  0.078635  0.735142  0.089782
2838  1165.511093  543.066198  20.938058  0.217797  1.557394  0.257957
2842  1839.676538  683.083349  21.223648  0.163846  1.471584  0.154301
2844  920.441427  2041.817663  18.441482  0.132428  0.263104  0.077309
2845  322.675555  1541.225400  20.535894  0.180898  1.179215  0.189394
2846  209.364454  1585.679337  20.870954  0.200937  1.194875  0.168195
2847  1175.174141  131.582607  19.018299  0.103217  0.230862  0.058417
2848  885.235636  577.730247  20.895725  0.114202  1.343964  0.116213
2849  1798.584869  152.298398  20.484635  0.155393  1.826481  0.177539
2852  548.933381  779.962378  20.949972  0.215281  1.211926  0.168587
2853  1982.974743  1826.447884  20.769887  0.102242  1.911082  0.152594
2854  684.026830  1558.737940  20.505731  0.122178  1.416456  0.205477
2855  201.652401  1039.219667  20.520066  0.118441  1.214006  0.168338
2856  1907.263727  64.310062  20.544768  0.128693  1.202930  0.171553
2857  1932.445377  1443.687058  20.337574  0.108424  1.628730  0.102805
2859  1646.270719  221.512963  20.726340  0.143921  1.385499  0.157254
2860  1834.464648  893.316103  19.072173  0.075914  0.260495  0.089785
2862  1928.730945  1471.605115  20.655580  0.189412  1.423275  0.179553
2863  1072.570556  1753.251831  20.547288  0.318435  1.514045  0.152073
2864  1996.271808  1734.395189  20.653079  0.164289  1.828677  0.283753
2866  1085.752532  1140.254189  20.233931  0.116422  1.515207  0.150884
2868  1375.432726  595.604084  20.911554  0.211359  2.205239  0.138126
2870  1386.815291  290.811413  21.344168  0.148462  1.048945  0.273172
2873  125.103201  745.583975  20.957133  0.257044  1.092724  0.175201
2874  1037.926489  1873.886493  20.764442  0.158492  1.458158  0.186292
2876  1971.263410  766.220519  20.765288  0.156619  1.513281  0.139961
2877  811.031212  1352.577528  20.770689  0.152518  1.510672  0.261611
2880  1733.676558  1922.715101  21.352782  0.266076  1.847286  0.141220
2883  12.231674  1680.195947  20.459788  0.094356  1.004492  0.142766
2884  1535.196078  1041.194428  20.685154  0.184445  1.168682  0.321768
2885  1009.315630  295.068727  20.384470  0.199651  1.789822  0.137802
2886  336.565741  1498.765169  18.945495  0.056852  0.552726  0.073403
2888  1826.484644  1054.317889  20.237827  0.083035  0.940107  0.136707
2889  181.848179  1807.667660  20.896826  0.145761  1.316890  0.236397
2890  388.566677  1197.501765  20.221077  0.123521  0.953201  0.108524
2892  630.135609  657.462366  21.381541  0.235960  1.362422  0.260134
2894  1428.041613  1043.125959  21.399707  0.126704  2.382846  0.297607
2895  1377.704609  1523.418069  19.696125  0.093599  0.542176  0.141234
2896  241.475153  644.703606  21.128007  0.117779  1.001475  0.190383
2899  673.066249  704.034242  20.399526  0.167828  0.758746  0.185270
2908  1340.821734  27.882416  19.554351  0.121178  0.248732  0.118990
2909  758.863159  627.486622  19.040083  0.114585  0.247509  0.072204
2910  547.729842  824.216367  21.249852  0.256799  1.358754  0.261130
2911  364.072143  804.810328  19.968800  0.148855  0.210380  0.249484
2917  397.376531  661.905278  19.465975  0.202155  0.206526  0.078142
2920  392.399854  1067.706320  21.246886  0.352798  1.998571  0.266254
2921  1639.722651  1229.271188  20.381293  0.086500  0.781128  0.279595
2924  1838.646307  641.830078  20.999291  0.175566  0.740044  0.179807
2926  258.622330  563.336857  20.908536  0.179388  1.606141  0.273972
2932  1780.862559  1432.722701  19.629764  0.098638  0.241255  0.102369
2939  1490.295377  1176.320071  21.064891  0.132791  1.190660  0.157239
2940  1522.761051  1542.542657  21.742612  0.136350  3.217684  0.186161
2942  698.847818  132.544389  19.069581  0.107117  -0.052982  0.138329
2943  1449.969094  1444.522239  22.052920  0.211039  1.526217  0.168146
2944  1527.036593  1439.587427  20.287338  0.200876  0.723920  0.147991
2949  649.901407  1594.216878  21.663846  0.302531  2.206857  0.262018
2951  1294.353427  754.246227  20.949139  0.425895  2.985104  0.148011
2953  835.969834  1378.241489  20.666743  0.114104  0.738807  0.102775
2957  519.974341  1738.974716  19.767280  0.151009  0.274958  0.161767
2959  720.687530  89.463024  21.654203  0.178237  1.601109  0.257386
2961  535.798083  1366.304260  20.396829  0.099551  0.969875  0.165701
2963  1852.517402  1250.593031  21.496354  0.166838  1.331408  0.338245
2965  751.374260  492.399867  21.382158  0.231459  1.421625  0.143111
2966  1978.855874  783.101722  20.039654  0.095697  0.515376  0.093161
2971  1092.412642  1547.941460  20.892822  0.206038  1.408696  0.233039
2972  1703.927686  579.506134  21.522105  0.129056  1.589713  0.273854
2973  1153.966332  1704.754853  21.239371  0.168787  1.518074  0.127442
2975  1455.025455  57.900476  20.997975  0.352793  1.294020  0.195551
2976  674.355762  1408.130855  21.297784  0.224242  1.895610  0.185914
2978  129.599609  136.481731  20.480283  0.198744  0.727353  0.175424
2981  900.126163  2009.422760  19.575404  0.130962  0.509557  0.093803
2983  1763.736188  1800.343681  20.647818  0.189454  0.657051  0.125224
2985  115.450571  170.283318  21.822379  0.340168  1.812300  0.311426
2986  1066.048528  1061.658708  20.010254  0.166062  0.336318  0.091343
2987  831.651308  1667.805695  21.176290  0.372643  1.717740  0.178012
2988  419.650421  272.843811  19.801344  0.217071  0.751941  0.087028
2993  19.165839  2035.319485  20.329867  0.100898  0.329397  0.314356
21002  1976.067963  1068.526699  21.548476  0.143864  1.519175  0.184270
21010  226.078120  843.389394  20.789399  0.193306  0.959544  0.190683
21011  1689.306075  1034.380601  19.866618  0.103357  0.458006  0.162512
21012  1443.502729  1654.776941  20.973317  0.271267  1.938550  0.216006
21013  661.710301  291.243246  21.149025  0.281640  1.400382  0.152892
21015  880.884104  646.612087  20.967645  0.143403  0.721856  0.418897
21018  504.950200  404.943515  21.143708  0.192009  1.907166  0.176063
21021  989.635858  1270.497220  20.494607  0.098981  0.658504  0.182162
21022  920.136874  1465.978562  21.400713  0.281201  1.242827  0.118324
21023  1005.390903  184.462571  20.920153  0.284801  1.242585  0.260716
21024  1423.912558  1831.847247  21.129717  0.263756  2.148355  0.294828
21026  838.502662  661.598291  20.745815  0.325577  1.893864  0.273020
21029  68.721592  1221.464833  20.698263  0.158501  0.979581  0.141918
21030  619.539905  1779.640113  19.667697  0.085773  0.675944  0.074022
21031  182.812798  1893.446656  21.281329  0.217081  2.630758  0.236551
21035  892.839405  687.168974  20.358954  0.110872  0.862627  0.150156
21042  1333.079593  976.498611  20.889609  0.144532  1.491515  0.326685
21044  214.234772  1753.090527  20.110566  0.092322  0.903460  0.169538
21045  484.360497  1543.780453  20.608727  0.189538  0.862867  0.137434
21047  1589.711099  1207.804794  19.176088  0.064299  0.091547  0.139210
21050  87.939627  1547.448762  20.288420  0.260317  0.819759  0.094962
21052  493.381032  1165.783676  21.212940  0.167483  1.520174  0.163190
21056  777.906288  1921.759626  20.599438  0.142541  0.848679  0.110990
21057  2021.438866  1470.464088  19.611606  0.080906  0.244801  0.081367
21058  25.585044  274.274090  21.146362  0.116836  0.988615  0.186772
21062  467.658962  1992.759364  21.467888  0.195156  1.943730  0.123421
21065  1888.575638  572.438797  19.155075  0.075346  0.070109  0.067649
21067  1480.221066  1261.561893  20.780295  0.136627  1.096747  0.172387
21069  427.138530  1670.218082  21.150593  0.170559  1.123463  0.138163
21071  1860.566397  1125.563565  20.729792  0.148001  1.224382  0.146244
21075  985.427595  1264.563052  20.095352  0.076567  0.459148  0.104454
21077  1605.755759  1924.504621  19.787765  0.151632  0.125790  0.108260
21078  1364.554190  1380.828732  21.462972  0.317451  1.793054  0.144827
21080  659.868223  279.499373  19.916052  0.222628  0.468278  0.101595
21083  107.735110  1758.871292  20.718012  0.194212  0.695465  0.158433
21084  1584.251874  190.263740  20.195547  0.079186  0.401152  0.088793
21087  780.079629  1910.531264  20.799123  0.164309  0.927769  0.134848
21089  1479.560006  2004.050611  20.309676  0.148059  0.507842  0.102636
21090  525.015995  985.766862  21.161199  0.185372  1.182731  0.169403
21091  84.952820  356.376347  20.496653  0.128778  0.286255  0.187836
21092  107.012353  1489.663645  20.854994  0.175641  0.894791  0.267629
21093  774.818579  24.491639  20.755913  0.192358  0.644363  0.359098
21096  2033.083879  148.112860  20.521978  0.108132  0.401728  0.106421
21097  954.433348  1257.828552  20.327680  0.237075  0.082114  0.109639
21099  1112.144960  1322.715167  21.106721  0.128716  0.688070  0.280243
21100  1591.531958  1742.103102  21.218901  0.219548  1.657791  0.329888
21101  506.288848  614.575894  20.884951  0.107253  0.652402  0.105128
21104  639.032046  1986.716599  20.765502  0.263173  1.198171  0.186042
21105  641.314590  1467.955302  20.228686  0.120577  0.440798  0.139094
21106  652.891302  1145.004028  19.919035  0.210239  0.392847  0.111260
21107  383.922885  1624.949329  20.033275  0.093081  0.207060  0.132157
21108  344.901902  685.599606  19.503444  0.093195  0.063210  0.081635
21113  222.106561  953.141558  20.244550  0.087498  0.494332  0.146586
21114  1988.921236  181.244411  20.015107  0.082459  0.415128  0.083919
21116  929.301262  848.380595  20.336377  0.316493  0.648196  0.096239
21117  1358.729106  1123.515740  20.726625  0.102707  0.457441  0.100670
21120  2000.359707  1665.178434  19.624531  0.293398  0.199294  0.119043
21121  102.967520  1223.992795  21.413624  0.338179  0.697274  0.197400
21122  1913.176452  334.749132  20.300966  0.120991  0.452737  0.176492
21125  1377.856314  414.761105  21.184512  0.321188  0.895036  0.107436
21126  395.875277  1595.448048  20.147663  0.233917  0.116415  0.163555
21128  1809.808156  471.415964  21.504244  0.122774  1.064105  0.117106
21129  357.705070  701.959054  20.950443  0.101899  0.405499  0.111078
21131  868.278570  541.506250  19.975919  0.147271  0.193401  0.127352
21137  1369.657815  901.339101  20.914025  0.164942  0.967768  0.201632
21138  1192.113931  681.554790  20.548055  0.219776  0.296968  0.106075
21139  1303.215886  1834.264029  19.926211  0.120794  0.143969  0.089021
21140  333.072030  1767.219610  21.298940  0.193061  1.038197  0.215905
21142  1229.129630  1889.260081  20.766125  0.106742  0.514601  0.118206
21146  854.584127  1682.741270  20.923889  0.246123  0.604839  0.175883
21147  516.274987  1375.349883  19.798979  0.228798  0.080254  0.109790
21148  556.699050  1679.925167  20.933640  0.140562  0.460757  0.226685
21154  46.516821  1038.341491  21.691870  0.151099  0.537396  0.136517
21156  1739.760539  1631.943932  21.307672  0.177360  0.925671  0.155294
21159  1348.289254  484.749475  20.947952  0.393598  0.534443  0.116691
21163  754.146585  1322.179232  21.212836  0.179395  0.744861  0.184377
21164  1244.228868  1394.514564  21.094926  0.321724  0.776419  0.316804
21167  1272.797332  1662.298291  21.459853  0.292040  0.280452  0.238184
21173  1614.932599  1896.423548  21.055229  0.146310  0.109470  0.206438
21174  1968.697556  1121.471618  20.973132  0.196700  0.306524  0.201409
21177  18.892471  2038.034218  21.439918  0.312070  0.783926  0.196138
