# id  x  y  V  eV  BV  eBV
145  924.454892  1150.314353  21.600991  0.141342  1.390305  0.195245
162  893.359698  1062.578586  21.511294  0.253781  1.345900  0.118831
164  974.702776  1008.284938  21.044217  0.326622  1.631487  0.248499
177  996.018934  1115.961119  21.062917  0.122806  1.815715  0.308877
178  916.160532  1092.596593  21.282478  0.247411  1.515437  0.215873
183  1206.678856  933.545206  20.877115  0.219205  1.681773  0.187238
190  1213.331927  992.522322  21.140709  0.178274  1.577046  0.159918
192  1050.975334  1004.192133  20.915572  0.168548  1.339438  0.162287
1107  955.248968  946.933924  21.261280  0.138318  1.469847  0.233459
1112  880.321270  1118.335037  21.083167  0.111485  1.275088  0.207286
1117  1125.717668  955.292979  20.984344  0.219403  1.376254  0.295392
1125  1088.476774  1003.354153  21.082168  0.110508  1.226268  0.187512
1127  995.658691  1055.808389  20.997815  0.192203  1.596815  0.302552
1128  1084.418601  970.355814  20.993559  0.215114  0.982106  0.278472
1132  1172.194939  1034.565284  20.763281  0.188033  1.567503  0.143392
1133  1151.238820  953.976709  20.785903  0.287284  1.275747  0.188129
1134  1081.938924  993.933455  20.902167  0.158170  1.283781  0.171326
1137  836.472136  1071.004344  20.738795  0.161221  1.626787  0.166514
1138  1057.440870  923.855770  21.123338  0.119215  1.472235  0.275183
1142  959.843635  1049.764393  20.845975  0.186089  1.435639  0.196357
1150  979.211796  993.721467  20.918128  0.186564  1.421701  0.125916
1151  1049.503396  899.637658  21.163837  0.252872  1.893754  0.361762
1152  1048.098529  1140.419523  21.181722  0.310901  1.407885  0.114093
1155  941.614367  1127.178240  21.098615  0.213511  1.445266  0.334828
1157  1012.179968  959.461130  21.180399  0.258129  1.472144  0.161065
1165  1163.103826  963.747267  20.882283  0.271455  1.416515  0.188378
1169  929.532785  948.857836  20.605441  0.274000  1.417693  0.151457
1170  1022.193766  1104.721777  20.882094  0.107441  1.143861  0.172194
1172  1019.597558  1036.719063  19.998262  0.238878  1.457479  0.136027
1173  962.076959  1066.322432  20.690500  0.201358  1.347256  0.124352
1174  1115.418214  1078.775214  20.594567  0.206874  1.374918  0.159529
1176  1205.315912  974.256845  20.568773  0.183147  1.531106  0.211887
1178  1088.595313  1001.959916  20.781034  0.137657  1.472302  0.128162
1179  1189.543240  1040.600781  20.646862  0.129391  1.659117  0.176379
1180  1159.050752  827.573105  20.771655  0.108459  1.707713  0.184192
1181  919.266324  1005.119590  20.886696  0.160880  1.333663  0.134996
1184  1155.788042  1131.675853  20.652454  0.145152  1.468802  0.114814
1190  976.457994  1134.928957  20.429691  0.247663  1.659480  0.322617
1191  1023.431393  939.537388  20.566736  0.128835  1.480405  0.157364
1192  1084.852347  1137.158267  20.638648  0.237041  1.512206  0.168248
1194  1030.571786  1067.025900  20.795623  0.144359  1.413219  0.183055
1195  947.365786  1147.766333  20.497245  0.196481  1.391774  0.161176
1197  871.937966  942.859981  20.850517  0.134099  1.438991  0.158149
1200  977.124966  907.141202  20.752624  0.098568  1.221903  0.161122
1201  989.941944  1066.093138  20.470882  0.108066  1.311305  0.129354
1202  1140.926198  1061.125980  20.906577  0.100357  1.627437  0.109658
1203  943.532114  945.666929  20.714631  0.115247  1.213610  0.217663
1207  1099.054039  985.840660  20.770200  0.147535  0.806661  0.209710
1208  1083.289580  1033.830748  20.605879  0.110029  1.270705  0.119943
1209  1097.032253  1016.476365  20.640144  0.114661  1.407602  0.107943
1211  1080.504115  886.608282  20.770496  0.129881  1.554915  0.110344
1215  1025.907610  912.345129  20.564522  0.129260  1.502743  0.192562
1218  922.520924  934.010757  20.544951  0.148420  1.402862  0.126710
1219  985.382195  897.923441  20.568688  0.111898  1.196674  0.098104
1220  1039.171215  1000.161444  20.575156  0.121632  1.558404  0.126067
1221  926.058250  1084.551967  20.556557  0.110981  1.606602  0.188241
1222  1047.482532  971.405210  20.603423  0.112851  1.200336  0.155574
1223  996.666327  947.911086  20.732638  0.163622  1.646812  0.167613
1224  1033.337467  1148.954419  20.620457  0.120047  1.454989  0.148849
1225  1125.618831  943.944888  20.545558  0.138734  1.396116  0.127506
1227  897.170473  1127.162532  20.359901  0.131222  1.556428  0.245660
1228  1046.847468  1142.143181  20.466528  0.295213  1.475517  0.117502
1229  1071.352832  987.241984  20.621622  0.158012  1.703516  0.161698
1230  975.234908  1181.494538  20.678776  0.113333  1.409084  0.135626
1231  1050.683884  1132.860211  20.630507  0.159185  1.300709  0.141424
1232  1033.567724  993.973944  20.624144  0.113393  1.419203  0.142845
1233  989.234094  1004.570194  20.101495  0.229541  1.581003  0.121997
1234  1014.348001  1093.054280  20.574822  0.095618  1.443870  0.103911
1235  994.987868  1083.757711  20.770376  0.124345  1.400604  0.130230
1236  870.799831  1060.189676  20.230028  0.249308  1.176066  0.216169
1238  1083.577897  1041.295237  20.569677  0.191663  1.426953  0.107062
1239  993.773179  1039.266365  20.537832  0.105849  1.204006  0.160704
1240  1051.024364  835.752980  20.333900  0.190271  1.284110  0.206424
1241  1136.864788  1041.141494  20.261007  0.133986  1.332802  0.255481
1242  992.533217  1087.835976  20.465476  0.294826  1.481465  0.146968
1243  1000.888013  1054.975611  20.582694  0.148325  1.363890  0.111796
1244  1066.298061  1010.676183  20.307816  0.170204  1.496679  0.157385
1245  1041.937469  901.615227  20.322929  0.155474  1.404375  0.144430
1246  954.019553  1035.373240  20.474547  0.101387  0.978855  0.219977
1247  1013.983969  1075.234038  20.519966  0.121798  1.297183  0.210548
1248  942.588375  1036.288492  20.549991  0.095321  1.456009  0.110511
1249  1093.139190  1218.503107  20.670319  0.143775  1.473453  0.089665
1251  1016.104100  1034.635653  20.310001  0.120882  1.435682  0.193108
1252  960.653906  938.198917  20.236710  0.223722  1.348406  0.132659
1253  1164.327567  1097.340969  20.704105  0.152762  1.512847  0.206701
1254  1132.248330  1094.255268  20.374605  0.116281  1.284060  0.223926
1255  1091.580109  961.464648  20.561253  0.150031  1.426677  0.127590
1256  1166.739251  1062.521569  20.462308  0.207213  1.812657  0.226238
1257  1137.262756  1186.686792  20.389057  0.164871  1.462401  0.095057
1258  1010.918400  939.769508  20.324099  0.120790  1.378565  0.137153
1259  909.494600  899.642491  20.393270  0.100468  1.400544  0.127097
1260  924.058419  952.773652  20.524657  0.117359  1.165936  0.212331
1261  1043.922534  1066.439414  20.358930  0.175029  1.291555  0.179704
1262  1139.796500  1002.186916  20.467096  0.103841  1.343395  0.259515
1263  878.617006  1030.753526  20.443111  0.249051  1.484984  0.136634
1264  1012.417802  975.322624  20.155248  0.168751  1.312294  0.086051
1265  956.429292  1016.549376  20.422959  0.126783  1.213126  0.165456
1266  1017.922130  1006.749798  20.343254  0.088573  1.236544  0.261095
1267  931.688837  941.932216  20.358763  0.172836  1.569493  0.134626
1268  1152.751718  1009.851720  20.274783  0.176078  1.727336  0.205575
1269  1145.037824  934.247711  20.421266  0.182282  1.545969  0.173678
1271  983.340175  1087.237673  20.062986  0.218990  1.664518  0.227703
1272  946.747453  1078.260019  20.258163  0.102631  1.444561  0.177957
1273  1071.820943  1064.341914  20.156342  0.176339  1.257002  0.192541
1274  1002.281656  1077.090652  20.499950  0.124245  1.336255  0.105013
1275  918.821274  1125.920420  20.223188  0.156284  1.302680  0.176335
1276  1029.446369  1001.373409  20.361022  0.083248  1.416575  0.102800
1277  971.956756  1012.126884  20.175094  0.169816  1.323197  0.086529
1278  989.973033  917.822874  20.277460  0.092952  1.475521  0.148922
1279  991.753093  1021.572526  20.279796  0.110047  1.316980  0.161601
1280  1129.062441  992.100577  20.322067  0.104903  1.681133  0.185114
1281  990.876979  860.717199  20.151947  0.171848  1.881411  0.135989
1282  851.677778  883.151278  20.256718  0.134699  1.565005  0.154499
1283  1077.180477  1053.087744  20.571385  0.151284  1.503241  0.114072
1284  972.329943  1097.131418  20.400136  0.172689  1.465957  0.169108
1285  1130.034586  928.798945  20.348648  0.139187  1.240731  0.102035
1286  1140.287980  1017.161093  20.425450  0.142986  1.542757  0.120923
1287  1058.757079  927.761838  20.232391  0.097803  1.202457  0.108632
1288  973.029827  978.084352  20.298445  0.123420  1.321604  0.151141
1289  964.934636  954.766336  20.206453  0.158537  1.161981  0.220588
1290  975.753380  1008.261243  20.187875  0.111595  1.405307  0.131909
1291  1136.156078  1125.088399  20.364792  0.166627  1.432902  0.175560
1292  1153.057382  1176.158925  20.193465  0.099914  1.492072  0.121662
1293  1062.303560  973.582623  20.138926  0.153317  1.224953  0.168787
1294  873.993544  1034.965545  20.373056  0.132095  1.390633  0.101692
1295  945.694761  1097.868472  20.272673  0.136053  1.286413  0.158185
1296  911.121818  1171.213599  20.266647  0.111070  1.307646  0.159568
1297  906.648801  848.596603  20.215805  0.145281  1.302542  0.179175
1298  1143.046840  1079.249162  20.161106  0.133470  1.364289  0.287014
1299  926.602342  996.504576  20.238753  0.104168  1.419808  0.143954
1300  1030.080512  1012.579963  19.974791  0.129054  1.406228  0.101875
1301  1016.069366  1149.537976  20.321077  0.134369  1.297195  0.183658
1302  1074.995630  1177.179382  20.174615  0.088700  1.234130  0.142559
1303  889.678029  894.125158  20.204321  0.089118  1.307173  0.128176
1304  1068.761272  1099.334021  20.326543  0.083089  1.530123  0.232687
1305  927.066972  1102.213693  20.344823  0.117660  1.335212  0.159023
1306  1085.469245  1054.631936  20.286557  0.140988  1.756058  0.191466
1307  934.936965  894.533448  20.208055  0.117139  0.967296  0.222807
1308  1110.223790  956.057948  20.075812  0.169610  1.543502  0.162489
1309  986.872648  1147.335823  20.343112  0.138262  1.368547  0.108672
1310  1089.982648  1194.056110  20.285043  0.244787  1.274444  0.122731
1311  1057.453486  996.143350  20.244221  0.156205  0.832192  0.220732
1312  1071.771955  816.847094  20.172436  0.102087  1.285224  0.088665
1313  1039.949128  1074.242765  20.228897  0.113684  1.284068  0.116012
1315  941.074125  934.824612  20.075362  0.202230  1.291192  0.152367
1316  1040.859136  1090.001367  20.439998  0.142880  1.330294  0.172662
1317  1155.291689  918.281892  20.083247  0.118682  1.183012  0.110341
1318  866.371215  948.182323  20.108881  0.119209  1.402914  0.114023
1319  1025.618452  1121.309491  20.021218  0.146054  1.418632  0.146682
1320  970.260316  1056.057917  20.146770  0.208452  1.287151  0.122548
1321  1091.016745  1126.733087  20.120633  0.122872  1.459207  0.099779
1322  992.025620  1082.785464  20.048944  0.161141  1.460669  0.116236
1323  879.949988  941.235098  20.150157  0.188659  1.292137  0.082349
1324  1105.600492  898.670162  20.011851  0.089997  1.517786  0.142183
1325  965.096428  1039.690506  20.085997  0.137443  1.307178  0.100015
1326  1139.029340  973.775954  20.064957  0.083426  1.259297  0.104753
1327  909.063127  1087.280620  20.014457  0.139991  1.268255  0.150090
1328  1119.815475  1006.035149  19.865466  0.124836  1.199081  0.199256
1329  1047.965573  868.329492  20.005357  0.083999  1.378918  0.286995
1330  1169.657590  1039.554908  20.134898  0.084893  0.756621  0.252168
1331  1032.461681  1074.139341  20.262900  0.087467  1.172413  0.104851
1332  1029.745521  890.748477  20.094281  0.116997  1.343514  0.128855
1333  1153.956925  928.360079  20.058066  0.077745  1.552002  0.106453
1334  1046.924268  1121.751962  19.978880  0.089564  1.307790  0.136502
1335  944.031314  894.620344  20.063232  0.120586  1.535492  0.149599
1336  991.330181  1028.443791  19.929549  0.150120  1.235223  0.180378
1337  1062.458716  1159.840297  20.154931  0.117126  1.384630  0.100366
1338  941.445857  957.595566  20.026381  0.142633  1.108773  0.172108
1339  910.261146  968.471060  20.180290  0.190227  1.232469  0.127255
1340  951.644774  1012.185948  20.228011  0.197822  1.400918  0.166559
1341  1081.339453  842.630042  19.963283  0.150351  1.262148  0.114068
1342  1073.910682  972.215910  20.012690  0.111800  1.275796  0.080568
1343  1003.711017  1046.664479  20.103907  0.148103  1.307818  0.141540
1344  1068.463841  1069.528637  19.850339  0.113785  1.592154  0.136292
1345  1082.286674  1087.612068  20.105167  0.092930  1.458560  0.162344
1346  1115.740119  988.673946  20.079622  0.135696  1.285950  0.140171
1347  1083.735286  1029.719634  19.950793  0.147275  1.250204  0.124611
1348  964.820173  1145.930916  19.978488  0.202988  1.247776  0.102509
1349  1020.827443  943.045222  20.195197  0.110858  1.265581  0.092321
1350  959.229379  1167.817585  19.997094  0.150083  1.291822  0.107246
1351  1053.554872  859.464540  20.046928  0.112097  1.207411  0.093312
1352  967.782195  949.019300  19.855904  0.136746  1.350774  0.103474
1353  1089.649418  1105.321042  19.968661  0.098622  1.342987  0.147907
1354  1133.125059  940.941476  20.040101  0.163228  1.461095  0.140220
1355  885.164769  1042.758820  20.140611  0.114566  1.432129  0.093069
1356  1018.848297  911.403356  19.904871  0.093577  1.242711  0.124424
1357  1097.221571  1013.668659  20.051372  0.113524  1.231557  0.123959
1358  1067.213128  939.872297  19.811386  0.129386  1.357205  0.092001
1359  1084.340204  908.659917  19.846190  0.132009  1.526650  0.181648
1360  1103.255798  991.462584  19.882740  0.093381  1.291761  0.131197
1361  949.934612  1043.694817  19.826397  0.117820  1.362240  0.075896
1362  1060.319212  983.715963  19.962806  0.078049  1.313782  0.089982
1363  1166.762557  950.945444  19.799497  0.123195  1.207354  0.298370
1364  1008.405135  1092.792300  19.951849  0.098102  1.273116  0.083627
1365  1052.442829  1104.834028  19.959817  0.111294  1.364399  0.114836
1366  1107.156398  1062.552986  19.892330  0.205863  1.325462  0.096375
1367  968.690504  1076.068250  19.853507  0.149569  1.495127  0.163014
1368  1146.807030  1080.957071  19.904323  0.088858  1.201121  0.074537
1369  951.324385  1074.968105  19.713522  0.130423  1.153655  0.087165
1370  1008.210371  1107.275878  20.069665  0.146037  1.165331  0.213319
1371  953.014292  976.632074  19.890346  0.086114  1.296489  0.140507
1372  1020.537528  1068.518031  19.813112  0.129108  1.310759  0.091489
1373  1091.136696  944.010813  19.849635  0.171527  1.434244  0.133281
1374  969.764659  1013.750067  19.401900  0.242144  1.362101  0.081389
1375  914.757816  1142.799913  19.831992  0.074645  1.352571  0.086887
1376  1018.814239  909.774479  19.844011  0.096329  1.277237  0.072773
1377  1046.455992  994.080563  20.079016  0.243902  1.394710  0.158592
1378  1001.368822  1190.550385  19.714043  0.116277  1.551071  0.124583
1379  1031.510630  946.688266  19.935668  0.129570  1.106734  0.093914
1380  1076.995994  1137.568338  19.588718  0.116720  1.411293  0.140383
1381  978.742354  1166.558515  19.512431  0.129694  1.432542  0.114441
1382  985.515602  1048.982815  19.807182  0.110163  1.345550  0.075095
1383  1065.425715  1049.327944  19.906802  0.123761  1.241475  0.167630
1384  1064.163471  1017.602703  19.781394  0.101695  1.261265  0.113778
1385  1157.089157  897.351926  19.863000  0.114214  1.267088  0.084058
1386  976.220508  1158.247936  19.718820  0.101117  1.157963  0.098616
1387  1077.658747  990.212669  19.589263  0.149482  1.353643  0.109020
1388  989.673247  907.880632  19.708524  0.079730  1.191548  0.163252
1389  831.955005  1144.748278  19.832536  0.108900  1.146710  0.117420
1390  1021.185147  1034.566062  19.780932  0.134357  1.481257  0.169662
1391  1006.617211  1012.110889  19.703630  0.140194  1.481932  0.118143
1392  1066.650624  934.348841  19.954693  0.173544  1.213883  0.119526
1393  844.533023  894.261453  19.777372  0.095740  1.462678  0.152475
1394  1080.642150  1106.264453  19.515794  0.089228  1.386452  0.085843
1395  914.783887  989.095137  19.562458  0.096616  1.411257  0.112933
1396  964.889518  1025.387889  19.485463  0.169576  1.289014  0.081863
1397  942.033019  1048.082739  19.788334  0.206474  1.266362  0.129184
1398  931.108741  1065.951539  19.439488  0.167004  1.173942  0.104568
1399  1171.900375  997.589443  19.584689  0.095114  1.561345  0.222269
1400  1030.802166  943.143117  19.711083  0.116382  1.296571  0.085900
1401  851.058401  1088.811110  19.646168  0.082857  1.311591  0.094070
1402  932.855173  967.282524  19.524915  0.153335  1.379441  0.087035
1403  1115.229450  1016.379515  19.670978  0.095337  1.257402  0.066697
1404  981.622149  912.941978  19.570891  0.068200  1.161695  0.085036
1405  1024.943903  1043.653919  19.600892  0.114981  1.268201  0.071512
1406  1039.690854  1152.106885  19.593551  0.124383  1.149976  0.244785
1407  1110.939300  964.486533  19.442439  0.112746  1.315329  0.081801
1408  1161.158042  1087.767327  19.592216  0.172467  1.304300  0.097813
1409  977.098629  1020.124754  19.523869  0.103600  1.290315  0.067500
1410  931.511050  1024.285327  19.497368  0.135260  1.277644  0.086571
1411  1039.596605  1001.460859  19.682393  0.097269  1.272613  0.064829
1412  865.283215  955.634668  19.531178  0.154646  1.156493  0.107090
1413  1016.274022  928.489083  19.436024  0.094293  1.689150  0.234699
1414  1042.747576  1063.418245  19.622716  0.122073  1.265513  0.181729
1415  1089.856635  1028.357100  19.816024  0.171960  1.255335  0.092530
1416  931.899085  1011.871068  19.230400  0.149357  1.140375  0.076861
1417  956.051005  1118.074655  19.501530  0.148853  1.275879  0.136400
1418  1159.969116  1082.047263  19.694355  0.124048  1.288172  0.066189
1419  947.473838  923.520143  19.176663  0.185032  1.267403  0.086439
1420  1132.553810  995.313828  19.709024  0.112657  1.221316  0.079257
1421  802.885140  944.608522  19.438499  0.130623  1.423885  0.242181
1422  1082.220769  827.274936  19.473827  0.075442  1.260398  0.115532
1423  1119.069430  1008.653373  19.436250  0.065889  1.386385  0.077873
1424  1110.568243  1009.182044  19.452450  0.090086  1.325470  0.112694
1425  1084.307599  886.737551  19.295278  0.113331  0.920954  0.126219
1426  977.145405  997.639639  19.429726  0.068774  1.238793  0.070615
1427  971.044413  1106.843156  19.566450  0.183297  1.253112  0.091384
1428  1029.056717  958.388470  19.427874  0.079565  1.160924  0.103678
1429  866.625208  1051.555676  19.191914  0.242281  1.501322  0.156546
1430  1028.138803  1007.516017  19.588413  0.134965  1.369431  0.090332
1431  1091.173949  1151.544074  19.208673  0.117261  1.314306  0.083006
1432  1027.597292  1012.537999  19.660496  0.134335  1.301882  0.083645
1433  991.355699  959.326966  19.359619  0.085344  1.223868  0.094294
1434  1040.298926  1038.968893  19.416274  0.063053  1.346583  0.131552
1435  1059.859395  1171.325952  19.427388  0.132291  1.271162  0.069596
1436  1007.294730  1190.823117  19.154867  0.195518  1.390117  0.129561
1437  1140.220088  912.528118  19.594590  0.123566  1.358062  0.147032
1438  1098.051011  1039.264133  19.576722  0.175782  1.167478  0.087077
1439  960.594063  1056.521708  19.497881  0.173246  1.115301  0.124189
1440  1055.096996  1102.817178  19.419007  0.094771  1.277757  0.104672
1441  1102.377841  967.316849  19.252087  0.126687  1.440175  0.117908
1442  992.408351  1141.498163  19.259629  0.109628  1.255028  0.083692
1443  970.261340  1073.937326  19.506428  0.102165  1.222476  0.096978
1444  871.215165  877.560013  19.389749  0.122304  1.348326  0.194038
1445  824.666931  1019.057562  19.375984  0.070460  1.422570  0.170698
1446  967.608893  1125.764608  19.245559  0.102842  1.252272  0.099860
1447  844.493353  874.024694  19.236066  0.103881  1.338075  0.156468
1448  1067.185316  950.617702  19.350891  0.171089  1.315499  0.090656
1449  906.511585  1191.213220  19.316255  0.074195  1.282720  0.130741
1450  916.703928  862.714061  19.372207  0.138078  1.390718  0.106633
1451  1020.076687  1006.920786  19.177773  0.078144  1.088083  0.123658
1452  1000.872428  1085.378519  19.191921  0.118928  1.422579  0.067949
1453  1118.902231  970.690826  19.222291  0.074457  1.669027  0.235394
1454  900.862792  951.048028  19.390375  0.115940  1.261154  0.129877
1455  891.084063  966.998467  19.112583  0.066754  1.244105  0.140963
1456  971.183882  1152.923996  19.251553  0.073224  1.320482  0.138092
1457  911.367700  997.025157  19.256173  0.093033  1.152400  0.092103
1458  896.461005  1002.528481  19.083609  0.125491  1.246101  0.169444
1459  1045.017682  1009.999688  19.245634  0.063387  1.279158  0.059059
1460  1130.861650  1084.604129  19.345131  0.165407  1.298977  0.122176
1461  1010.509312  949.774234  19.134423  0.091456  1.247950  0.075926
1462  1001.763738  948.196782  19.277617  0.132202  1.315810  0.110103
1463  996.845998  991.609385  19.302573  0.080791  1.124020  0.147520
1464  979.917025  1091.477402  19.191142  0.069767  1.404108  0.062458
1465  1042.612388  914.828165  19.198206  0.087239  1.307331  0.060357
1466  886.232412  1192.607130  19.259969  0.155165  1.269850  0.058660
1467  1073.247007  1012.911657  19.364404  0.122081  1.161445  0.150068
1468  1093.118321  1060.728013  19.121180  0.122482  1.235638  0.098306
1469  1042.808300  1125.504922  19.061743  0.077774  1.310636  0.089910
1470  992.415846  1039.025295  19.223864  0.084826  1.275324  0.061750
1471  1125.218734  954.785649  19.124426  0.116965  1.335050  0.075827
1472  1189.471396  1111.746458  19.153149  0.056986  1.282831  0.069225
1473  905.534976  1066.673828  18.904097  0.091001  1.228868  0.079424
1474  1111.585014  1009.344901  18.969681  0.128646  1.340036  0.085579
1475  974.723523  1090.407117  19.310748  0.104829  1.382937  0.134163
1476  923.723018  1149.104620  19.036568  0.093163  1.210028  0.064841
1477  965.056328  986.829210  19.053916  0.073516  1.309259  0.074857
1478  1009.356022  918.017147  19.213418  0.123403  1.106217  0.100280
1479  1019.594506  954.498150  18.935530  0.075069  1.427311  0.106687
1480  910.439977  982.062326  19.130026  0.132042  1.210534  0.068468
1481  1107.170673  1050.185585  19.217107  0.096006  1.233050  0.110479
1482  962.572001  868.508672  19.046621  0.096246  1.327789  0.067735
1483  994.617385  1004.221235  19.147564  0.117689  1.171761  0.064917
1484  1082.517156  996.644536  19.149036  0.124651  1.235183  0.073504
1485  935.402230  1098.208788  19.065624  0.074706  1.302260  0.082925
1486  895.689257  958.975058  19.126301  0.089297  0.997588  0.123294
1487  952.655135  979.179807  19.300941  0.151777  1.131352  0.107093
1488  1043.450696  1060.396913  18.903241  0.090221  1.236997  0.065479
1489  922.002964  986.384978  18.950608  0.059693  1.279937  0.060754
1490  994.825400  1040.306934  19.000315  0.099123  1.268924  0.102777
1491  909.891994  921.849590  18.991708  0.075841  1.221628  0.055571
1492  1107.078902  1066.481705  18.932276  0.075779  1.294225  0.097016
1493  1093.409239  957.097861  19.088822  0.113379  1.246704  0.074297
1494  1114.158817  1109.905551  18.980436  0.083666  1.246700  0.120619
1495  1157.326561  881.868902  18.942119  0.069222  1.257903  0.092726
1496  1113.303654  1202.343711  18.843285  0.101509  1.304461  0.132263
1497  955.050312  939.291668  18.833600  0.077007  1.009689  0.129249
1498  1085.098414  1085.697597  18.873286  0.072730  1.220656  0.077666
1499  1029.382615  1004.000748  18.839691  0.066002  1.131701  0.087351
1500  1006.980014  984.931471  18.781122  0.097794  1.272114  0.077566
1501  987.022336  1087.664886  18.830305  0.154355  1.173864  0.055816
1502  1066.410660  1132.208271  18.805059  0.090153  1.105058  0.101099
1503  1059.733627  1007.667569  18.797939  0.094011  1.257577  0.072872
1504  969.600225  902.713651  18.846089  0.115395  1.258029  0.060718
1505  1200.766177  967.288422  18.591772  0.096865  1.142180  0.120990
1506  1061.706547  891.490222  18.678366  0.114998  1.091343  0.096589
1507  993.484739  852.836946  18.775966  0.111539  1.232882  0.053601
1508  1046.727148  1118.499246  18.731202  0.088411  1.176994  0.074247
1509  960.556790  1106.712576  18.728879  0.090799  1.267584  0.053440
1510  1143.060767  1137.113047  18.542810  0.184848  1.103277  0.064668
1511  1031.602422  916.346143  18.727913  0.114952  1.263122  0.057868
1512  962.518303  939.743867  18.860555  0.101017  1.296172  0.105142
1513  1043.716567  858.313318  18.761901  0.078274  1.107744  0.094420
1514  1071.953777  1153.933517  18.693197  0.056506  1.273598  0.064109
1515  981.904876  1015.524372  18.547861  0.125759  1.156503  0.144209
1516  1025.893294  957.667983  18.601969  0.077755  1.105171  0.133840
1517  1077.947945  1111.636152  18.649946  0.184892  1.358984  0.102539
1518  1036.553216  1096.098038  18.613633  0.060961  1.107435  0.077272
1519  944.715469  927.384166  18.675798  0.080817  1.299163  0.088149
1520  1036.938424  1030.733353  18.640465  0.097790  1.140571  0.122208
1521  817.807524  1052.172534  18.656626  0.128865  1.210452  0.061786
1522  1058.074092  907.256156  18.621366  0.073770  1.288979  0.055511
1523  1057.881006  1080.742298  18.491401  0.114988  1.206484  0.060430
1524  1101.888348  1057.631928  18.555539  0.070674  1.265633  0.083505
1525  970.347028  962.984202  18.736004  0.090944  1.230721  0.048756
1526  1211.609211  1102.376141  18.439644  0.063554  1.217165  0.080827
1527  995.529892  1070.650368  18.457001  0.068705  1.194251  0.051729
1528  924.035031  1068.330148  18.550018  0.051885  1.261584  0.072152
1529  1118.283612  1009.606902  18.478258  0.126030  1.061658  0.108397
1530  1069.717873  1184.559063  18.450926  0.074245  1.224669  0.083688
1531  988.826931  942.003569  18.467371  0.061535  1.096574  0.072855
1532  1058.743173  1193.844654  18.468218  0.080123  1.049082  0.103657
1533  1003.773215  955.542917  18.399364  0.090578  1.196129  0.130814
1534  1003.185910  1065.955635  18.481588  0.076859  1.171730  0.093071
1535  1015.714120  906.943140  18.305602  0.107884  1.108937  0.048790
1536  992.630088  1071.747686  18.306416  0.061432  1.185244  0.060783
1537  1034.251366  1018.572001  18.416595  0.105811  1.160733  0.082985
1538  1077.377782  1115.501281  18.492246  0.096185  1.106195  0.100395
1539  1101.716070  957.735199  18.285592  0.048004  1.135619  0.076515
1540  914.317619  1136.126444  18.292447  0.058114  1.193086  0.070592
1541  955.623465  1107.089121  18.417695  0.061904  1.134282  0.065638
1542  1191.607009  893.607281  18.230400  0.070114  1.054486  0.095963
1543  1024.410767  906.878915  18.345363  0.083993  1.043791  0.047468
1544  947.589693  977.811907  18.311133  0.070309  1.168263  0.065660
1545  1070.165791  1016.420147  18.282948  0.059695  1.295652  0.086460
1546  925.185434  1132.188836  18.209811  0.118260  1.127378  0.077654
1547  865.056461  1051.599032  18.317813  0.095602  1.204157  0.059025
1548  890.069750  1010.821079  18.265233  0.061311  1.142549  0.050961
1549  910.581678  947.691889  17.958791  0.074179  1.077883  0.101751
1550  948.305162  981.364941  18.158416  0.058431  1.178470  0.076103
1551  986.451456  1091.244114  18.355988  0.129213  0.959523  0.073456
1552  1071.276175  1063.299318  18.164194  0.063705  1.092129  0.100417
1553  1163.092357  1068.915671  18.053784  0.056503  0.945996  0.163779
1554  1012.351549  990.766305  18.115955  0.076131  1.092480  0.093946
1555  1128.458097  1088.646287  18.121292  0.074270  1.247133  0.123391
1556  1143.762555  1016.328970  18.071223  0.049739  1.129336  0.052002
1557  1089.598996  1132.236001  18.142241  0.071259  1.090235  0.072207
1558  1116.867584  1000.967373  17.948801  0.090344  1.211786  0.050310
1559  1127.808430  1083.094897  18.035251  0.047626  1.263949  0.063759
1560  1083.672105  963.504046  17.985426  0.060129  1.073171  0.069843
1561  1135.415910  970.579661  17.880868  0.079811  1.073067  0.058722
1562  983.428628  1243.328266  17.950583  0.061923  1.137990  0.096636
1563  993.824133  943.097713  18.005956  0.070480  1.109801  0.059131
1564  966.136545  1130.958029  17.877637  0.074747  1.238433  0.072423
1565  920.717926  1034.341847  17.852984  0.078971  1.185287  0.068868
1566  1048.574710  1048.253788  17.867817  0.047077  1.011819  0.057739
1567  1011.788677  1092.984259  17.891326  0.073109  1.061945  0.119355
1568  1082.595144  1122.858742  17.853564  0.077327  1.165900  0.048940
1569  1080.057795  863.280230  17.902366  0.054633  1.239545  0.062110
1570  797.650862  1016.416051  17.868868  0.047414  1.184738  0.068554
1571  987.704730  1138.044006  17.791539  0.052087  1.313000  0.102590
1572  1116.254372  1094.819860  17.791662  0.078087  1.021575  0.096620
1573  943.125586  1062.324490  17.733621  0.045112  1.089477  0.075006
1574  956.832256  1157.799629  17.860804  0.103585  1.049126  0.044795
1575  1066.981745  1087.895777  17.806532  0.070640  1.116130  0.064923
1576  1082.414449  1091.493478  17.775557  0.060658  1.108210  0.081160
1577  1032.004833  1034.518917  17.862967  0.039956  1.100313  0.051107
1578  900.993147  993.084662  17.685685  0.082104  1.037726  0.122504
1579  914.033766  1005.417882  17.763713  0.058127  1.150155  0.116638
1580  999.530435  1000.345068  17.796825  0.046606  0.961424  0.066381
1581  1006.119752  1018.535260  17.835466  0.092385  1.090186  0.090289
1582  1066.268099  1007.785841  17.824851  0.048144  1.021903  0.103472
1583  1190.001787  983.470551  17.654003  0.055549  1.068491  0.081860
1584  1200.534446  1062.305935  17.631486  0.107608  1.062357  0.063300
1585  961.934828  1027.118592  17.691148  0.068742  1.185734  0.067972
1586  948.748493  1170.349834  17.778908  0.086435  1.193980  0.085368
1587  965.345362  1001.976463  17.687764  0.042721  1.223454  0.082710
1588  1183.649239  958.952182  17.764070  0.130605  1.058498  0.039238
1589  958.285660  952.753787  17.698735  0.094648  1.111162  0.046238
1590  968.249119  1116.098150  17.688171  0.102875  1.087987  0.092273
1591  1182.175212  944.437391  17.749396  0.085434  1.110181  0.060804
1592  1114.599076  1020.679393  17.621408  0.077659  1.060360  0.085173
1593  1005.857485  1028.143636  17.554032  0.047472  1.118122  0.042261
1594  1109.663048  937.850061  17.494145  0.042836  0.926602  0.061510
1595  1183.838208  1028.244337  17.510949  0.044692  1.040214  0.061838
1596  960.198820  1044.761764  17.525754  0.057589  1.112662  0.075606
1597  1118.279864  1073.213133  17.616883  0.100879  1.008525  0.053580
1598  1183.326290  932.294676  17.408636  0.044653  1.047624  0.046412
1599  996.189757  1126.526013  17.354397  0.077759  1.058491  0.038522
1600  1128.855327  1088.839107  17.447795  0.055638  1.070253  0.055325
1601  1101.345034  1063.425966  17.227559  0.082294  1.147483  0.057505
1602  1063.872655  1130.906665  17.342218  0.057160  1.015440  0.059880
1603  1048.554660  1028.731679  17.174778  0.060499  0.983808  0.059230
1604  915.074150  1012.540703  17.154079  0.101191  1.037170  0.054861
1605  1060.955628  1031.320883  17.190465  0.041654  0.977871  0.048112
1606  999.910031  1019.349914  17.098746  0.078726  1.029807  0.036901
1607  900.283412  966.151905  17.058386  0.091667  0.950419  0.052474
1608  966.308618  1093.233725  16.991349  0.054104  0.861608  0.056641
1609  1091.095736  837.527921  16.906193  0.033667  0.988933  0.057175
1610  971.908956  1168.709079  16.848236  0.063318  0.905326  0.034986
1611  1082.452726  992.418447  16.868191  0.056983  1.095447  0.070069
1612  1083.796603  1076.627681  16.885086  0.125590  1.044563  0.093571
1613  934.088704  958.982308  16.947246  0.046524  0.954449  0.034546
1614  1067.781612  1079.593861  16.976570  0.045429  0.902814  0.093490
1615  1055.120507  1154.887557  17.056678  0.062205  0.911791  0.033623
1616  1032.606249  1054.545531  16.871926  0.045880  0.921692  0.058556
1617  940.776264  938.875187  16.878274  0.061711  0.970205  0.034835
1618  974.207672  954.848563  16.833059  0.036489  0.896788  0.050606
1619  942.515364  989.462221  16.863319  0.045477  1.074827  0.113189
1620  1058.235085  1097.475625  16.835112  0.073707  0.933948  0.032304
1621  1173.777039  1032.887419  16.848957  0.035215  0.899905  0.032925
1622  1106.293371  977.216860  16.688605  0.094858  0.960643  0.055506
1623  1034.738422  954.179113  16.776494  0.082072  0.870923  0.039102
1624  1008.051732  1110.006989  16.673183  0.069971  0.930969  0.049528
1625  1105.417728  1163.732992  16.739950  0.058930  0.856876  0.065875
1626  1006.143959  1177.351905  16.782066  0.036216  0.902426  0.046456
1627  1058.447974  1010.594468  16.655947  0.058722  1.015181  0.074145
1628  993.337549  905.007514  16.755704  0.062426  0.822188  0.065105
1629  1147.941478  1180.292792  16.684274  0.049870  0.872534  0.055001
1630  858.671514  1092.182856  16.656066  0.043515  0.808668  0.079146
1631  975.077970  1127.895245  16.622593  0.033571  0.853359  0.044053
1632  973.146460  961.380536  16.614836  0.045120  0.833477  0.061077
1633  1030.372680  934.983414  16.579441  0.079194  0.851135  0.070648
1634  968.279327  929.540977  16.524644  0.099223  0.986946  0.085353
1635  1108.457349  949.716111  16.508184  0.112076  0.877897  0.047115
1636  1013.027348  1056.127754  16.484945  0.058467  0.882870  0.045916
1637  946.843873  1031.824548  16.416560  0.045684  0.823798  0.040581
1638  852.305756  1112.663060  16.359061  0.051465  0.772062  0.041381
1639  1079.543337  952.758784  16.313859  0.044863  0.806787  0.043847
1640  1045.838029  1117.978952  16.270157  0.060085  0.769298  0.079333
1641  1223.004180  1040.679916  16.143355  0.028899  0.709520  0.069765
1642  971.173089  1029.260206  16.186719  0.032507  0.729814  0.053794
1643  1013.942374  1067.540378  16.126366  0.036763  0.667108  0.076692
1644  871.828275  1024.812913  16.125598  0.054423  0.723962  0.031392
1645  1077.290721  869.079429  16.014002  0.044491  0.723016  0.045547
1646  1023.426191  1134.974013  16.025178  0.038599  0.685132  0.034954
1647  892.077261  1018.974597  16.031012  0.045318  0.735852  0.036451
1648  999.777853  910.813430  16.055757  0.054192  0.723339  0.067950
1649  1015.026586  1054.529475  15.983409  0.045427  0.735472  0.030822
1650  1009.015951  909.612564  15.885716  0.039466  0.728512  0.033455
1651  1077.961073  986.965033  15.946017  0.062878  0.725447  0.073826
1652  1088.351437  1190.231880  15.867617  0.034502  0.709281  0.044294
1653  1105.422336  1096.885453  15.874225  0.027197  0.706961  0.056860
1654  1046.660280  998.661325  15.868268  0.027921  0.801281  0.068293
1655  1137.902060  1039.344701  15.782289  0.042370  0.677064  0.026992
1656  1103.636316  1204.344934  16.033573  0.072740  0.679403  0.038149
1657  991.333929  983.392727  15.805944  0.026665  0.646591  0.039758
1658  1060.215091  1177.306563  15.830245  0.039469  0.676365  0.029760
1659  937.054106  944.166277  15.746634  0.029210  0.652639  0.031516
1660  1044.873380  1021.115924  15.664019  0.050202  0.732864  0.034090
1661  991.477883  1104.058368  15.674587  0.036332  0.637010  0.050967
1662  1034.902139  849.969418  15.584835  0.032616  0.614732  0.037154
1663  992.629473  970.024100  15.600673  0.064442  0.645675  0.064489
1664  1154.340147  957.630689  15.464180  0.058639  0.601493  0.056178
1665  1149.665239  962.722877  15.490955  0.038513  0.591468  0.029784
1666  1076.490813  916.950118  15.463574  0.050366  0.624810  0.031244
1667  963.392492  1036.759368  15.476133  0.030734  0.502392  0.045323
1668  1065.744220  1009.231995  15.386506  0.046842  0.635239  0.025252
1669  1070.508134  982.819738  15.379714  0.027282  0.775361  0.071029
1670  877.345956  1115.465073  15.410215  0.037548  0.578640  0.030639
1671  944.708895  1156.592435  15.408286  0.042494  0.714311  0.049278
1672  1035.943199  1032.065208  15.287393  0.043194  0.598476  0.032453
1673  877.097595  1098.675098  15.279050  0.032846  0.616492  0.029841
1674  1073.376174  1207.867290  15.311300  0.044979  0.590365  0.045169
1675  1043.340370  1100.753060  15.261484  0.050208  0.556862  0.036140
1676  957.386895  1089.575997  15.213222  0.035181  0.645638  0.031658
1677  973.606072  945.763922  15.116373  0.033926  0.626475  0.053158
1678  992.599675  1019.716813  15.219490  0.035079  0.558466  0.076177
1679  1061.434778  1035.781673  15.078132  0.037945  0.546717  0.057191
1680  1156.842619  1025.001902  15.066723  0.076967  0.517842  0.063648
1681  1086.013932  1104.657797  15.123934  0.064085  0.570293  0.031717
1682  979.891364  1020.614083  15.033569  0.037873  0.668812  0.043247
1683  1071.527526  904.513188  14.976159  0.035206  0.496278  0.030161
1684  1004.236308  960.808530  14.946022  0.031773  0.560152  0.041602
1685  975.166075  1104.652227  14.827660  0.032990  0.546379  0.055238
1686  1078.415401  878.088786  14.881043  0.030422  0.535377  0.023106
1687  986.009252  1092.535009  14.853798  0.059427  0.513110  0.034896
1688  913.745531  1121.326735  14.765686  0.045872  0.512304  0.041969
1689  1097.134203  1022.424310  14.584013  0.049020  0.388843  0.066513
1690  937.582756  915.077345  14.655618  0.045180  0.524708  0.047325
1691  1057.492767  1114.477343  14.595320  0.052242  0.487610  0.057590
1692  1056.322949  936.906691  14.552169  0.062311  0.463467  0.036210
1693  1043.735020  954.368205  14.515336  0.065513  0.425484  0.033621
1694  967.855227  1004.134011  14.564383  0.025491  0.493978  0.037660
1695  1068.115354  1112.745636  14.448722  0.041278  0.507593  0.031902
1696  968.685056  1005.063107  14.510061  0.028492  0.372553  0.046622
1697  1137.009152  1029.326582  14.382374  0.044775  0.509795  0.034416
1698  1029.138248  1134.827520  14.320989  0.068324  0.469208  0.022202
1699  1148.246958  1056.253542  14.340821  0.021673  0.448327  0.049521
1700  976.343101  909.450445  14.333395  0.066573  0.440666  0.034169
1701  969.559081  1154.524406  14.253531  0.041068  0.392953  0.022151
1702  1023.453819  1012.538511  14.179823  0.037524  0.635664  0.072752
1703  935.555195  928.678195  14.120672  0.050460  0.436403  0.031930
1704  1032.665518  1203.097682  14.121123  0.022784  0.435744  0.055742
1705  1082.429850  1226.779546  14.058574  0.057643  0.483977  0.042220
1706  964.900536  989.036380  14.056519  0.023522  0.409866  0.023809
1707  1140.510679  951.281254  13.940913  0.029640  0.360883  0.042797
1708  1024.802304  1025.804882  13.934690  0.033811  0.395411  0.023408
1709  999.724995  1032.675062  13.912713  0.050381  0.375567  0.046245
1710  1113.606001  919.854674  13.816726  0.036634  0.397401  0.037765
1711  1183.541125  1078.652641  13.813552  0.034660  0.370900  0.022086
1712  961.693512  969.796628  13.737040  0.050670  0.364165  0.057849
1713  886.307656  1141.041009  13.732972  0.028194  0.418755  0.025547
1714  934.337475  1091.710915  13.656552  0.024157  0.365110  0.035521
1715  1012.509491  1088.259666  13.587793  0.023719  0.321370  0.022879
1716  1138.289684  1104.195052  13.576557  0.022802  0.318714  0.025969
1717  1059.507139  1030.954926  13.500413  0.036824  0.280275  0.040761
1718  1007.663104  1036.287652  13.476818  0.039459  0.323347  0.023343
1719  995.319214  984.401510  13.476063  0.051276  0.349320  0.029602
1720  1167.602668  1068.655104  13.365480  0.024001  0.316065  0.025852
1721  1035.326956  956.193505  13.345200  0.023234  0.361469  0.038714
1722  938.216120  1117.265940  13.307425  0.023135  0.349658  0.044314
1723  1047.268454  1018.765066  13.268208  0.024412  0.281205  0.022909
1724  978.802811  929.142579  13.190520  0.027423  0.261299  0.022992
1725  1045.279867  1057.272402  13.165832  0.041576  0.262109  0.021142
1726  1074.918523  1035.582321  13.086591  0.024352  0.255252  0.021011
1727  1025.076634  952.224051  13.090449  0.043760  0.250899  0.047546
1728  1181.630382  1039.942697  12.994997  0.025024  0.200915  0.022499
1729  932.405903  1125.817528  12.975161  0.022196  0.218517  0.055531
1730  1126.354821  1098.555044  12.915238  0.028853  0.235461  0.022724
1731  1118.038671  906.518405  12.875295  0.048076  0.221070  0.020843
1732  1054.023803  877.414605  12.828137  0.032413  0.322559  0.045861
1733  1000.055910  1049.410826  12.756505  0.033596  0.197644  0.055550
1734  1135.064637  971.916964  12.748560  0.020073  0.224149  0.027611
1735  1093.809377  968.824156  12.676008  0.024778  0.229083  0.029612
1736  957.649551  1066.925322  12.618229  0.033280  0.155299  0.042867
1737  1030.544159  991.896535  12.501395  0.039095  0.230131  0.033414
1738  1031.413965  844.734484  12.522353  0.024602  0.274338  0.047995
1739  1005.059523  1056.323092  12.446229  0.027276  0.169283  0.024154
1740  1102.084260  1080.669389  12.412692  0.027434  0.219240  0.035158
1741  991.821005  997.651886  12.327931  0.023965  0.165892  0.033149
1742  1010.848891  1155.493396  12.193511  0.039428  0.181021  0.031473
1743  1023.121428  976.074486  12.157887  0.053443  0.194382  0.019977
1744  1100.895068  1118.286828  12.038019  0.044557  0.153579  0.040727
1745  921.849201  1013.510431  12.016096  0.052062  0.168219  0.020816
1746  1083.440742  989.012562  11.887415  0.017619  0.162191  0.019058
1747  1127.857050  1201.244078  11.741551  0.022290  0.201395  0.030890
1748  1188.721746  934.910689  11.536703  0.046967  0.231104  0.035696
1749  984.676270  1123.761070  11.483463  0.020038  0.257239  0.037863
1750  865.587323  941.356155  11.450429  0.023770  0.219730  0.022900
1751  1183.805174  1111.085015  11.283515  0.042725  0.849770  0.041716
1752  996.667761  1104.120033  11.104119  0.027364  0.783213  0.025685
1753  1103.991235  1044.106527  10.953900  0.021732  0.772737  0.037695
1754  1164.488765  1105.857044  10.668258  0.018094  0.792609  0.018942
1755  989.116539  1059.235983  10.535997  0.030038  0.801145  0.026462
1756  1155.057009  953.462886  10.371108  0.032324  0.813969  0.036576
1757  1175.297311  998.730260  7.562509  0.033295  1.539638  0.021864
20  820.083826  728.542627  7.224583  0.025089  0.134474  0.021833
21  1113.941290  1013.575003  8.780229  0.017296  0.600202  0.031809
22  772.010837  1552.525824  7.959002  0.016976  -0.163026  0.028960
23  706.127125  1726.839967  13.222301  0.040703  2.563473  0.058969
24  373.560124  1175.114109  12.593354  0.024087  2.209868  0.037277
25  1214.576759  261.040713  10.023074  0.035377  0.696318  0.024212
26  459.470859  254.039126  9.690715  0.042620  0.440913  0.038965
27  322.475349  608.872937  9.307318  0.024580  0.177786  0.022293
28  1308.473141  1490.990537  8.731228  0.021243  -0.125224  0.026238
29  555.261605  1150.821820  11.795206  0.018838  1.642032  0.044128
210  71.430789  183.003963  9.370352  0.024331  -0.035980  0.025769
211  170.875762  1407.664337  9.669674  0.049870  0.018600  0.021410
212  142.759062  1132.153501  12.112252  0.019745  0.982725  0.025710
213  1180.151610  1906.238840  10.438822  0.033421  -0.050378  0.042901
214  461.869786  84.521236  15.146932  0.031905  2.438494  0.050243
215  2038.320887  471.159928  15.405895  0.035708  2.694130  0.035998
216  895.201576  958.089106  10.834442  0.035736  0.031359  0.042441
217  519.246346  266.302052  10.963536  0.022802  -0.050605  0.043490
218  100.797177  1798.566874  11.367054  0.017036  0.139946  0.034156
219  388.018369  785.528553  11.748950  0.034704  0.140847  0.035289
220  286.801599  1435.384795  16.275739  0.029679  2.948572  0.034653
221  165.326922  1523.707046  11.844979  0.023508  0.333564  0.019285
222  2012.561470  353.930037  13.125889  0.026760  0.894762  0.024940
223  1600.617933  538.762212  12.123301  0.032363  0.220389  0.049090
224  1959.103698  1508.187613  16.329811  0.069772  2.282681  0.058107
225  51.208774  893.576830  12.577935  0.028870  0.549417  0.029789
226  639.674587  1613.233692  12.244352  0.026499  0.371730  0.021003
227  1004.132621  106.655214  17.210718  0.064546  3.078074  0.036962
228  1536.654758  1700.846098  12.825912  0.039736  0.590304  0.037707
229  162.004110  452.221311  12.549458  0.019750  0.188272  0.045932
230  799.260821  1943.232532  15.620923  0.050509  1.702582  0.050191
231  1277.979929  496.141356  12.878039  0.032572  0.320230  0.035746
232  1615.083589  986.691803  15.508589  0.049301  1.776867  0.040467
233  621.462959  424.895276  14.532681  0.026032  1.304643  0.037639
234  1252.785702  1904.831452  12.957540  0.025773  0.336961  0.020022
235  364.867986  446.542518  13.056181  0.025180  0.302964  0.031314
236  1254.865767  1537.580009  12.739281  0.052200  0.083257  0.018980
237  1886.085642  1983.182945  15.188333  0.057776  1.509838  0.050320
238  365.678541  747.839835  18.041988  0.072803  2.755327  0.058778
239  790.271444  2028.769778  12.900375  0.024144  -0.170497  0.043402
240  1425.258094  630.150045  13.643543  0.041502  0.433412  0.021665
241  288.015454  1597.625133  13.448251  0.036321  0.275847  0.037874
242  562.347722  1415.859974  19.172209  0.132777  3.498040  0.095092
243  1685.391149  4.103062  16.305264  0.038942  1.939459  0.064119
244  1956.944313  165.794355  13.013358  0.023357  0.108330  0.037288
245  510.119556  422.167249  16.910654  0.094127  2.097026  0.065644
246  1302.811803  1699.821548  15.886680  0.043492  1.631362  0.064408
247  2042.689619  2019.272423  15.493241  0.057342  1.411311  0.030332
248  185.526412  942.231961  12.613569  0.020289  -0.093992  0.025590
249  450.996708  1828.645458  15.113472  0.075925  1.233434  0.041946
250  1721.148746  1582.447796  13.433141  0.034533  0.280826  0.033280
251  1235.220214  1625.745393  20.471871  0.172023  3.712173  0.163376
252  2047.958430  1416.120292  19.341292  0.069050  3.301534  0.093696
253  654.075260  899.834485  19.942689  0.106113  3.479617  0.075111
254  733.525456  872.302549  13.967203  0.025148  0.302110  0.038952
255  378.002023  478.421124  16.983169  0.048019  1.945782  0.060594
256  1045.176446  1433.809388  17.068604  0.044796  1.899360  0.034955
257  1750.203693  338.214217  14.612636  0.037418  0.462708  0.044574
258  1381.706549  1256.234879  13.008274  0.022415  -0.216899  0.020726
259  1915.128642  648.903111  15.092840  0.054703  1.025259  0.041673
260  1980.595550  1279.074141  13.118569  0.039458  -0.341489  0.030821
261  1092.338750  407.200377  14.479376  0.047472  0.765726  0.063537
262  1932.779843  1117.496607  14.864085  0.032134  0.644975  0.029006
263  1814.365596  1965.268193  14.018606  0.047257  0.526483  0.040331
264  1676.059862  1634.441336  17.183362  0.066500  2.297369  0.066829
265  561.282734  697.952946  13.990407  0.042031  0.453979  0.023488
266  447.743733  1432.153967  14.585679  0.057594  0.691356  0.024107
267  1714.809105  1635.377454  19.553838  0.161263  3.413637  0.067959
268  7.025574  1544.398575  13.982890  0.021002  0.406159  0.027189
269  1118.360523  1227.300621  14.403716  0.031827  0.706380  0.029000
270  1509.730274  1197.032407  16.814274  0.042624  1.894756  0.070599
271  1351.609309  133.236670  19.869164  0.216221  3.372646  0.145337
272  384.452465  338.521137  18.917883  0.100577  2.556321  0.099279
273  783.319280  841.570742  14.935549  0.046323  0.564461  0.027683
274  781.877563  1929.295858  14.830497  0.043784  0.495461  0.023940
275  141.168628  1381.571577  14.710766  0.040815  0.751799  0.067771
276  1336.958215  479.480315  13.769432  0.022399  -0.072801  0.041281
277  1565.577961  831.476043  17.679222  0.046652  2.097232  0.132714
278  269.808232  674.939015  18.089448  0.054141  2.141031  0.085116
279  1054.276669  1527.786556  15.253852  0.044587  0.524006  0.031801
280  839.857350  1993.790473  18.193235  0.091827  2.301591  0.066936
281  1117.448620  655.354740  15.214757  0.033698  0.638630  0.036256
282  1717.859478  1638.579869  14.143302  0.021694  0.066863  0.030451
283  208.695111  1181.566126  16.782363  0.110001  1.655302  0.087723
284  413.140376  1250.525334  15.475034  0.058844  0.689547  0.029475
285  360.929138  337.194206  15.241386  0.028947  0.611660  0.024927
286  723.541389  329.521504  14.242703  0.028312  0.250404  0.044715
287  1191.612702  1799.492204  17.092051  0.127258  1.830558  0.085499
288  1817.655965  173.609217  14.947048  0.034947  0.358424  0.023236
289  465.357738  1567.881271  17.763016  0.058210  2.231884  0.074436
290  1848.345503  51.526223  14.733644  0.031965  0.517194  0.032186
291  1084.709603  2019.217402  14.914485  0.042069  0.391372  0.048201
292  192.063881  1953.784806  16.044452  0.044975  1.140684  0.033628
293  485.768552  500.045598  15.088601  0.030000  0.564474  0.079386
294  1375.310048  204.813745  14.752349  0.025985  0.979392  0.039352
295  408.429069  2009.744471  15.192877  0.072624  0.594023  0.037751
296  1439.913871  1555.158647  16.996274  0.056263  1.653103  0.050853
297  454.239361  1266.668032  14.813965  0.049490  0.396419  0.038503
298  257.317438  563.487682  16.894944  0.062515  1.494267  0.038844
299  1670.769467  1808.863064  15.726205  0.093396  1.034623  0.039744
2100  1124.788955  612.519650  17.839586  0.102734  1.824021  0.079715
2101  90.261024  434.007575  17.258913  0.090769  1.500190  0.071381
2102  1079.714952  1106.405409  16.618210  0.043875  1.011879  0.103017
2103  389.874795  1424.536246  20.121249  0.104222  3.141047  0.078847
2104  914.724707  536.949993  20.573678  0.097257  3.223547  0.190110
2105  1465.903472  1382.728318  15.871858  0.029427  1.322880  0.078601
2106  586.455637  1340.914840  17.363379  0.078492  1.306289  0.039135
2107  903.523210  785.239300  15.758101  0.057677  1.143802  0.036546
2108  1026.731814  291.059973  14.039592  0.025157  -0.242936  0.064673
2109  1728.661509  1110.589396  16.338605  0.045329  0.951549  0.055592
2110  1729.515963  1217.469864  18.341911  0.051831  1.958313  0.072344
2112  305.913055  1950.351819  18.199383  0.095566  2.226966  0.073557
2113  146.742542  1997.486547  18.788607  0.099780  2.506692  0.061424
2114  897.669892  117.030964  15.497050  0.041973  0.361526  0.041298
2115  507.543801  1408.760218  15.666458  0.067504  0.625553  0.086866
2116  767.939888  771.228430  15.480842  0.051438  0.641945  0.051434
2117  198.957091  2007.406921  15.948415  0.095740  0.544185  0.027262
2118  1045.880879  1511.341147  16.859390  0.093952  1.233149  0.075819
2119  1287.105709  450.262687  19.998333  0.120729  3.133934  0.136695
2120  1485.408012  369.969291  19.434120  0.086503  3.019066  0.091892
2121  909.474797  1880.426164  15.807370  0.032623  0.635381  0.040001
2122  107.000723  1306.432312  15.609502  0.042446  1.139420  0.052303
2123  916.415330  1594.896293  18.113214  0.092312  2.020959  0.058287
2124  438.943597  1990.614158  15.647245  0.045191  0.516202  0.026379
2125  1185.158891  990.885885  20.587023  0.280853  3.221889  0.182820
2126  1203.438996  548.973421  20.281967  0.184685  3.275762  0.155237
2127  1026.610725  1937.222682  15.506853  0.087404  0.468063  0.029720
2128  1301.308979  1267.835859  20.803946  0.185953  3.513027  0.190924
2129  1421.907179  1938.643341  15.891041  0.073683  0.675949  0.092252
2130  2045.959049  596.611459  17.813303  0.058793  1.976708  0.104864
2131  841.192817  1091.300067  21.123170  0.121642  3.590918  0.149579
2132  1771.584062  1059.253633  18.289444  0.070855  1.886057  0.070709
2133  349.351436  207.661034  15.982464  0.052732  0.684945  0.068788
2134  1407.535069  1060.461531  15.020714  0.024128  0.336335  0.032346
2135  1416.611414  97.005267  16.673135  0.047713  1.100774  0.033421
2136  973.730574  26.335889  19.860789  0.151157  2.793930  0.128319
2137  993.139144  1305.918667  14.742069  0.044687  0.197957  0.025119
2138  710.918198  1158.424273  16.879694  0.057749  0.974970  0.056214
2139  221.785621  485.032625  16.147381  0.050352  0.943378  0.030105
2140  992.464341  1602.800183  19.369293  0.082550  2.425463  0.077117
2141  161.569944  381.716768  16.769490  0.069245  1.693663  0.062497
2142  1096.866220  1548.871338  16.451164  0.058326  0.609998  0.081466
2143  1518.521205  596.772512  19.015669  0.076439  2.132984  0.078080
2144  1333.597823  524.154780  16.450768  0.078783  1.175707  0.046617
2145  1102.052497  1408.833385  16.590088  0.053093  0.862828  0.054855
2146  1012.680116  291.790111  20.047235  0.137446  2.808344  0.144322
2147  1981.024590  136.107587  15.693568  0.033781  0.149231  0.027633
2148  1173.619301  1119.755882  15.136560  0.039992  -0.093130  0.028952
2149  314.905799  1665.503798  16.536804  0.045285  1.334542  0.046075
2150  1351.559362  1963.809809  16.292215  0.057778  0.601068  0.076139
2151  1035.048187  9.843280  15.989576  0.049232  0.586068  0.074930
2152  1254.020499  129.834458  15.619715  0.051975  0.213043  0.042317
2153  345.455032  1470.633348  16.271572  0.040150  0.695555  0.060780
2154  663.107715  1457.832811  17.175650  0.047597  1.073922  0.075723
2155  1785.189434  1855.939451  16.249695  0.075229  1.306078  0.034609
2156  333.687163  1837.280537  16.111650  0.073636  0.566835  0.067798
2157  1654.329618  1687.574952  14.608080  0.036256  -0.433976  0.042225
2158  1092.543496  1741.360950  16.199179  0.047297  0.661377  0.042353
2159  246.270305  256.867021  18.510355  0.115347  2.107731  0.138331
2160  332.365901  586.901447  15.947530  0.062120  0.266603  0.040440
2161  579.189122  507.388090  16.447475  0.069361  0.725880  0.056803
2162  1308.963918  1916.545251  16.652303  0.072178  0.721608  0.075978
2163  996.873005  1759.078380  16.816570  0.057929  1.000689  0.044593
2164  443.333758  485.511516  16.230605  0.028460  0.819608  0.044812
2165  1479.295825  342.389963  15.619081  0.044453  0.151769  0.044125
2166  293.222342  1241.624900  14.626599  0.024441  -0.379999  0.046848
2167  374.038770  314.167935  16.907527  0.100922  0.759271  0.063599
2168  77.223156  1946.779989  14.207228  0.069421  -0.436615  0.031617
2169  175.016909  420.359941  15.059726  0.056629  -0.117390  0.050198
2170  1605.114799  785.329523  17.269918  0.053323  1.058332  0.107812
2171  1147.034396  378.806452  17.344061  0.062101  1.100167  0.086087
2172  2004.544860  1769.185991  17.540081  0.042426  1.369296  0.047967
2173  1005.244920  1596.568137  19.810206  0.140255  2.822542  0.095496
2174  1990.008777  583.904905  16.963984  0.033232  1.640908  0.073321
2176  1797.515312  1351.249453  18.052958  0.104749  1.543449  0.073639
2177  317.477244  1767.259148  16.823245  0.041719  0.792550  0.033483
2178  579.684828  1365.692484  15.467467  0.038568  0.213453  0.067772
2179  768.789371  539.355304  16.903172  0.126533  1.083532  0.039487
2180  878.861916  1925.341343  16.748630  0.099558  0.832309  0.055092
2181  1290.305082  1458.468550  19.267608  0.113179  2.372907  0.157968
2182  117.703691  1094.258869  16.775233  0.040546  0.727605  0.067716
2183  442.467052  628.159996  16.872715  0.096259  0.885823  0.037959
2184  45.019017  1396.508780  16.851258  0.071985  0.958241  0.094896
2185  1547.573710  448.155879  14.908889  0.028458  -0.225764  0.077150
2186  393.503665  916.089354  16.682446  0.057538  0.558839  0.033939
2187  759.065699  1542.855368  15.828632  0.064895  0.331190  0.073427
2188  1748.039923  26.744523  20.420852  0.177172  3.568579  0.252044
2189  41.470922  1983.660366  16.833762  0.061455  0.842436  0.039187
2190  801.129929  204.097882  17.107375  0.046367  0.945280  0.034203
2191  804.134459  1251.045141  16.535240  0.064946  0.616891  0.038009
2192  416.986897  1269.314461  16.762195  0.059885  0.712346  0.069267
2193  1688.876164  1611.534752  17.411179  0.094508  0.878206  0.062690
2194  606.080466  1423.540522  18.237554  0.062119  1.163796  0.093912
2195  870.520415  229.463902  17.788877  0.102701  1.263764  0.095567
2196  1933.218950  51.284284  19.513390  0.155469  2.121676  0.076474
2197  397.082025  1119.425954  18.589693  0.053049  1.561346  0.059562
2198  17.343556  2006.202044  17.198909  0.055370  0.759140  0.046204
2200  1099.587836  1129.848153  19.167716  0.080843  2.293593  0.215044
2201  214.994280  314.416454  18.005580  0.110617  1.771614  0.081060
2203  1523.032792  23.527997  18.282808  0.083203  1.203774  0.087342
2204  1270.618668  1794.117412  18.595592  0.105270  1.178685  0.092941
2205  1687.796586  287.909956  16.815927  0.064456  0.700026  0.043068
2206  459.744135  848.631230  17.002750  0.052361  1.401292  0.036348
2207  502.134465  1724.627110  20.300213  0.279052  2.645797  0.128050
2208  898.756449  1263.855817  17.501739  0.064001  1.075801  0.038567
2209  137.962773  1897.551829  16.860768  0.035525  0.762006  0.090911
2210  700.158713  1517.399192  18.093465  0.088058  1.184797  0.099247
2211  303.047055  2045.402294  17.255627  0.065510  0.912539  0.089627
2212  577.614661  1551.479193  17.215612  0.076099  0.790947  0.050559
2213  1216.969293  1473.644814  16.352254  0.042066  0.293858  0.057087
2214  650.094714  766.739337  17.081555  0.037224  0.648460  0.067230
2215  1154.944807  1547.630320  17.412503  0.048302  1.435886  0.101821
2216  1808.441088  866.975789  18.331550  0.060801  1.604918  0.069978
2217  1918.621663  290.436786  18.025396  0.044473  1.323336  0.094069
2218  793.365833  164.546758  17.802015  0.124538  1.671800  0.073253
2219  1270.232026  1096.672259  17.631774  0.072763  0.976981  0.039263
2220  1500.825036  358.758455  16.861303  0.074410  0.794125  0.051335
2221  307.133464  94.994305  18.895905  0.077514  1.490704  0.125376
2222  1633.816007  1359.912651  17.650376  0.054990  1.296811  0.079726
2223  1172.604161  1082.070822  18.095054  0.043196  1.299221  0.062211
2224  515.410432  1065.052651  18.493154  0.100376  1.559666  0.078643
2225  1763.579476  1245.934889  18.335290  0.049735  1.327016  0.070428
2226  1657.262465  1823.787273  20.439025  0.123424  2.393461  0.219427
2227  690.593795  1935.775990  17.128315  0.062165  0.826680  0.048389
2228  1894.035051  481.552225  16.490348  0.076530  0.523090  0.071493
2229  245.019009  764.703321  17.740101  0.092014  1.132167  0.060361
2230  1544.437355  1113.259960  20.096226  0.096788  2.424862  0.215462
2231  427.177627  487.660934  15.045031  0.046916  -0.345790  0.023980
2232  122.632254  1429.470565  18.768314  0.058386  1.815903  0.133212
2233  1796.084737  1475.506417  16.963216  0.073147  0.733397  0.042835
2234  651.274263  836.970426  17.554926  0.053152  0.968982  0.040500
2236  922.891999  1548.395925  16.894255  0.102777  0.841834  0.036468
2237  1768.017737  1849.391163  20.996767  0.231006  2.818907  0.129270
2238  217.112494  160.840038  20.483127  0.186361  2.288215  0.180248
2240  1755.296459  52.370831  20.303491  0.136299  2.129374  0.247565
2241  1786.034501  2040.612398  15.965927  0.031595  0.034336  0.040487
2242  141.052355  1499.071228  16.806363  0.053380  0.952188  0.033067
2243  562.185670  134.719049  15.657883  0.035040  -0.242489  0.066278
2244  187.897295  14.340533  17.952746  0.081780  1.119576  0.070478
2245  1874.730313  897.247204  17.696007  0.070721  1.702697  0.073588
2246  1168.562194  1532.538792  18.922145  0.088648  1.717286  0.052247
2247  1042.076090  1181.717976  19.500242  0.110995  1.744835  0.083055
2248  1900.217766  1090.524018  19.916855  0.094318  2.450836  0.149644
2249  909.055747  1909.894643  19.873920  0.124237  2.362753  0.119744
2250  1126.562725  148.637214  19.966014  0.133148  2.306304  0.101627
2251  1144.593976  1525.026430  17.343999  0.060778  0.957742  0.121695
2252  2038.317462  639.209435  16.967979  0.039225  1.035941  0.040031
2253  275.169154  1000.511595  19.692750  0.136363  2.031756  0.071267
2255  1927.259107  1938.317741  18.291729  0.136323  1.322252  0.061363
2256  398.405269  1595.388816  18.671928  0.110982  1.392677  0.174476
2257  1148.562224  310.227538  16.828164  0.066430  0.899118  0.037290
2259  912.490260  731.259302  17.840106  0.081941  2.075596  0.052046
2260  1208.953358  1049.986182  18.255611  0.049843  1.384246  0.049447
2261  1973.382105  1130.973087  18.173149  0.045005  1.222452  0.069449
2263  1310.313083  311.186754  17.703190  0.042387  1.245543  0.118301
2264  1949.434197  476.756223  16.509411  0.050681  0.334916  0.039721
2265  1645.103678  159.311185  17.734997  0.077851  1.335951  0.086262
2266  1164.606657  108.209375  17.682470  0.059879  0.634118  0.125088
2267  445.647419  687.549452  18.456265  0.098368  1.234568  0.097675
2268  1270.594810  1660.884985  18.484979  0.081373  1.046155  0.083342
2269  932.218674  1277.188895  20.073083  0.162194  2.620306  0.162082
2271  1024.565475  1383.552073  20.069302  0.181444  1.765956  0.102592
2272  690.587996  69.995378  18.765098  0.057812  1.358529  0.088396
2273  869.063577  1936.559972  17.524841  0.049867  0.594451  0.055533
2274  743.797804  1311.686103  19.089800  0.093917  1.724261  0.064918
2275  1155.626929  1167.887994  18.311013  0.115880  1.133413  0.048404
2276  1667.613501  297.773209  18.622498  0.086403  0.955132  0.098286
2277  1442.007099  1688.882086  19.316785  0.075269  1.760472  0.097181
2278  1149.567885  1886.634783  18.100709  0.063551  1.134402  0.058050
2279  1100.587173  1228.243848  18.141529  0.046844  0.894765  0.077446
2280  557.497335  145.587121  18.337611  0.088470  1.138780  0.059967
2281  206.099792  339.128280  18.551613  0.076162  1.549200  0.056652
2282  825.369469  898.741951  17.767911  0.159976  1.161637  0.058518
2284  1436.421411  339.375355  19.533847  0.132360  1.889731  0.105126
2288  795.576967  1795.686828  19.626175  0.128301  1.657635  0.128625
2289  926.039881  1833.749587  15.735668  0.072870  -0.456139  0.029238
2290  1232.445955  1325.147301  16.995071  0.047497  0.292544  0.037044
2291  1328.131434  1767.332104  17.953826  0.077919  1.487270  0.067897
2292  1467.096918  537.895932  18.208470  0.096110  1.136462  0.103772
2293  1896.092289  1859.691261  17.950601  0.067495  0.913574  0.065479
2294  932.935693  1064.636517  17.825809  0.066354  0.761622  0.060152
2295  1939.393057  1937.012278  19.878189  0.119416  2.101037  0.142096
2296  728.877982  1761.639028  17.627273  0.089705  0.791668  0.114392
2297  35.637270  1133.100022  17.254444  0.054745  0.380476  0.080546
2298  1137.753464  980.550835  17.931330  0.051082  1.515504  0.041872
2299  1518.680799  377.639336  16.473193  0.038000  -0.037104  0.080807
2300  261.071940  1821.251648  18.452394  0.106004  1.920556  0.098430
2301  443.746681  928.771687  19.223579  0.078977  1.558187  0.103820
2302  30.572120  796.570157  17.644469  0.071860  0.956993  0.067432
2303  895.188419  1930.060214  18.251195  0.095466  1.390982  0.099084
2304  675.124306  1923.594806  19.081290  0.075906  1.604709  0.091361
2305  277.816005  878.597692  17.035944  0.040863  0.207886  0.037604
2306  1024.036537  1277.548531  17.822442  0.068504  0.895876  0.107685
2309  1495.924799  767.912866  20.100286  0.156625  2.012279  0.115103
2310  1730.415239  32.848977  19.334883  0.176488  1.666291  0.108141
2313  420.025665  1877.311813  19.488353  0.083584  1.675562  0.130201
2314  1947.763927  508.325829  19.604698  0.117270  1.754059  0.064191
2315  388.339317  1388.478293  19.510965  0.105864  1.602935  0.070624
2316  790.506207  400.448204  19.773570  0.107043  2.028356  0.198374
2317  1511.630277  1044.549140  19.679975  0.158102  1.651041  0.219473
2318  1599.073656  773.396786  16.954357  0.060034  0.252621  0.078452
2319  816.778505  548.751692  17.889012  0.067579  0.899549  0.084637
2320  890.783691  517.933916  16.780298  0.054734  0.302736  0.080588
2321  430.994801  23.195657  19.230376  0.159571  1.656353  0.073983
2322  1325.736552  1341.451464  19.974863  0.090545  1.923200  0.092959
2323  1969.542655  264.257113  20.266910  0.178314  2.063890  0.093724
2324  1418.357128  648.101869  18.848472  0.067990  1.642649  0.080436
2325  896.540080  1382.077789  17.439361  0.064303  0.620233  0.066879
2326  928.800758  894.791173  17.267812  0.077808  0.338066  0.048242
2327  1023.675391  1061.918655  17.426915  0.069852  0.640491  0.038013
2328  1918.393839  253.029338  20.482723  0.107607  2.478653  0.098593
2329  192.182898  1450.165174  19.466772  0.096994  1.737707  0.128343
2330  781.826919  1175.432836  18.308088  0.186254  0.883435  0.173908
2331  1068.892357  1643.120718  18.243092  0.089823  0.988112  0.056274
2332  1659.409592  214.482649  19.413161  0.114961  1.419965  0.088518
2333  1084.773401  730.507698  18.315196  0.088445  1.124699  0.065012
2334  16.386396  289.196688  17.722234  0.092912  1.006935  0.046393
2336  996.940604  824.460891  18.369903  0.066518  0.914924  0.083342
2337  1439.468966  514.136718  18.864812  0.115882  1.534753  0.067682
2339  811.829465  1821.299458  19.135364  0.111866  1.490597  0.121618
2340  50.850121  694.345782  18.862760  0.094611  1.334111  0.168455
2341  1613.680961  1826.469569  18.779525  0.121770  1.276585  0.095343
2342  795.813006  341.165829  17.917794  0.062024  0.802716  0.042821
2343  1464.297960  1389.848552  18.498327  0.047957  1.137799  0.167082
2344  1084.092352  211.063931  20.755580  0.171945  2.543852  0.106104
2345  141.263347  69.467779  17.680549  0.038682  0.648842  0.057345
2346  1360.201612  506.877172  19.357965  0.112431  1.752690  0.072394
2347  1641.027653  1773.230518  18.146490  0.051398  1.124775  0.075784
2348  1889.746427  41.981211  20.089591  0.182408  1.914033  0.156832
2349  1447.773528  432.438913  17.796687  0.042166  0.831428  0.079194
2351  12.875151  823.516551  19.717483  0.073804  1.622846  0.162416
2352  1408.939509  1516.386032  17.968976  0.053234  0.875053  0.043259
2353  1168.388212  850.888110  17.694828  0.046883  0.876718  0.082766
2355  1107.082242  1724.301369  16.768166  0.060670  0.212287  0.040810
2356  744.065797  1708.114304  18.158656  0.106068  0.917213  0.071761
2358  1111.956089  1383.188755  18.744093  0.080573  1.491232  0.108366
2359  1259.210275  2029.027051  19.236036  0.103513  2.008811  0.101830
2361  1909.920142  1340.987507  17.781047  0.040395  0.907837  0.052120
2362  1449.308988  1472.142081  18.085449  0.097786  0.925673  0.042039
2363  1459.966229  615.944017  19.419036  0.122412  1.878731  0.085138
2364  706.952697  1109.864888  19.194595  0.097187  1.245278  0.095406
2365  1145.781566  1456.599998  16.615417  0.051242  -0.187341  0.035876
2366  1235.009992  1566.159879  17.553112  0.068018  0.418144  0.051378
2367  713.547339  1682.897532  18.976044  0.078487  1.191586  0.079019
2368  76.691002  1054.536645  19.807349  0.108549  1.310249  0.076455
2369  926.562299  1025.666955  18.126226  0.089782  0.522736  0.048279
2370  938.094472  2036.656570  18.702329  0.087696  1.054361  0.098101
2371  1663.945962  133.664917  20.400234  0.109015  1.801291  0.200403
2372  974.946284  1159.909245  20.085327  0.091258  1.869973  0.174417
2373  1243.881842  1606.043198  19.763245  0.101729  1.606478  0.120140
2374  1089.246958  288.902528  19.194848  0.126613  1.377147  0.110129
2375  1807.625029  783.873509  20.465244  0.159546  1.863611  0.105548
2376  734.581228  1585.913953  19.186013  0.091699  1.052257  0.119672
2377  1841.723604  240.300705  18.567319  0.151878  0.884344  0.132171
2379  112.344297  630.898816  18.011704  0.056305  0.356835  0.082320
2380  696.584111  821.754173  16.468826  0.073949  -0.487335  0.042173
2381  1690.656240  404.390325  19.797361  0.205297  1.537661  0.073895
2382  907.844631  1746.433532  18.545854  0.059655  0.682221  0.073162
2383  415.193984  1878.563027  17.136879  0.057449  -0.072787  0.061852
2384  1532.223455  221.252408  20.455004  0.182649  1.956622  0.112782
2385  471.156759  398.919248  18.505326  0.080867  1.044424  0.077714
2387  1050.734288  204.519913  20.915363  0.273488  2.731889  0.189714
2388  757.614246  1385.994228  19.281674  0.158477  1.544098  0.098912
2389  1065.606233  706.965478  18.493895  0.098059  1.197597  0.103622
2390  781.365845  657.289962  20.309061  0.089982  1.674160  0.228812
2392  916.588977  1314.690310  19.176722  0.084397  1.800013  0.137214
2393  478.954161  303.590377  19.788115  0.092108  1.830144  0.235236
2394  973.927022  910.246464  17.594734  0.099644  0.073967  0.052193
2395  997.630535  1452.451635  19.698211  0.069422  1.502310  0.121294
2397  150.077740  1033.572978  19.614401  0.220015  1.331175  0.115296
2398  512.315870  1287.180783  18.177799  0.083283  0.625312  0.099578
2399  1090.458128  1095.217714  19.377390  0.211282  1.707073  0.160080
2400  1633.354272  1777.562449  18.484552  0.107784  0.930066  0.138570
2401  1433.828339  90.828790  18.676043  0.119841  1.124867  0.134531
2402  730.182693  1787.131536  18.865084  0.091558  1.120351  0.065225
2403  1074.079897  259.616031  18.458790  0.049977  1.068721  0.100792
2405  567.566706  664.566718  18.890626  0.126018  2.413818  0.109843
2406  2001.152682  1167.234479  18.779647  0.091945  0.875436  0.130762
2407  102.881894  818.058951  18.687284  0.123995  0.918216  0.057429
2408  357.927220  1448.460623  18.844455  0.145371  1.124074  0.064889
2409  18.989980  1276.822347  19.220795  0.076454  1.526222  0.066871
2410  555.126371  1716.084480  19.529010  0.087390  1.269665  0.128507
2411  1937.957459  1911.858999  20.581102  0.089920  1.963406  0.174361
2412  760.548512  922.805970  18.531631  0.056660  0.876287  0.080671
2413  1563.982023  333.700852  20.845222  0.200350  2.222040  0.121426
2414  228.262979  1292.752656  19.723297  0.126918  0.984555  0.192330
2415  468.385595  1076.471375  20.118743  0.134562  1.764010  0.185455
2416  1511.859685  1796.224483  16.923045  0.036148  0.019979  0.037809
2417  727.742558  1725.250086  17.787884  0.076867  0.697003  0.132710
2418  1990.508602  1229.562981  21.187511  0.172345  2.085230  0.124786
2419  1180.443377  952.677580  19.002862  0.113447  0.947283  0.094343
2420  305.865276  1438.024732  19.540234  0.153438  1.847095  0.086314
2421  1849.257498  1980.196554  19.033931  0.157232  1.065996  0.086532
2422  1540.590062  1241.189566  19.077638  0.143513  1.396502  0.083723
2423  108.520754  405.678307  18.651383  0.051511  1.009028  0.078968
2424  206.012219  1190.527777  18.998524  0.083447  1.283290  0.103285
2425  1204.749622  859.937770  17.284517  0.047396  0.103457  0.039321
2426  416.218580  575.840397  18.978071  0.081505  1.273714  0.118510
2427  688.053791  902.809822  19.322268  0.167274  1.509964  0.119253
2429  1682.632439  2004.173980  19.441601  0.064232  1.687743  0.090445
2430  981.837377  219.268268  19.098208  0.167396  1.193996  0.127939
2432  373.815289  1994.053321  18.535855  0.049661  1.278825  0.110041
2434  386.365245  1628.536050  20.163613  0.178666  2.200814  0.188589
2435  2039.365687  855.763879  20.734165  0.140481  1.766902  0.129810
2436  917.046551  21.385990  18.877025  0.161482  0.994891  0.109906
2437  163.188151  1323.101709  18.845087  0.120453  1.147138  0.070934
2438  319.224032  10.111290  19.563193  0.065077  1.461340  0.163426
2439  865.256588  774.468521  16.895149  0.064924  -0.181051  0.082007
2440  809.689732  672.612859  18.781847  0.063354  0.964831  0.050737
2442  1834.463301  11.276182  19.842008  0.071317  1.555154  0.109535
2443  1107.286354  1292.805620  16.930565  0.075102  0.013181  0.032251
2444  5.045486  768.710928  19.054436  0.170640  1.614368  0.085221
2445  856.560236  1849.514535  18.871618  0.077757  0.938959  0.089550
2446  1959.241725  1180.794561  20.285442  0.220686  1.785254  0.157731
2447  920.952791  573.948412  19.700431  0.110545  1.672661  0.097535
2448  467.028137  472.990836  18.711244  0.060086  0.847920  0.119972
2449  1086.189870  947.774496  20.102978  0.149099  1.690716  0.075558
2450  131.902858  475.487494  19.885767  0.090996  1.378726  0.077119
2451  1287.884443  681.483975  19.150223  0.071034  1.200810  0.095434
2452  1648.301641  274.804151  18.415749  0.095761  0.784469  0.057382
2453  1130.186784  49.958261  18.674090  0.109469  1.060051  0.088951
2454  1139.675346  1316.931540  19.033553  0.073059  1.201518  0.075340
2455  1837.303686  1465.364936  18.321621  0.052407  0.559145  0.060246
2456  1998.616832  1941.566334  18.666006  0.088919  0.848060  0.084578
2458  174.639852  1305.313889  20.341214  0.233220  1.536619  0.154917
2460  1247.353378  1098.876245  18.751502  0.141884  1.420411  0.100615
2462  1809.354127  986.610466  19.443587  0.150845  1.142614  0.114718
2463  1545.998509  1984.772335  16.715752  0.055421  -0.146151  0.038652
2464  1592.989172  68.971560  19.305846  0.061723  0.965804  0.114120
2465  656.959261  983.177651  19.774356  0.149054  1.717142  0.124451
2466  1461.108609  1326.121817  18.828262  0.078336  1.239759  0.134824
2467  948.484492  855.289878  18.856114  0.063688  2.118542  0.082932
2468  332.042670  1592.321247  18.854303  0.059457  1.065645  0.153129
2470  846.278342  56.950481  19.829315  0.139954  1.771423  0.223141
2471  901.566201  1746.569969  20.630246  0.198429  2.074988  0.170780
2472  1671.205659  1403.668613  18.483169  0.067151  0.868992  0.049288
2473  842.531301  1803.049739  20.347082  0.155431  1.572141  0.105999
2474  1589.827059  779.204359  19.346752  0.107580  1.301668  0.149574
2475  405.178030  1754.370528  19.255192  0.177703  1.167448  0.077124
2476  389.546673  741.381589  18.800043  0.102811  0.968309  0.098526
2477  1233.248091  340.628974  19.857904  0.185515  1.609064  0.133132
2478  836.379465  880.080316  16.749398  0.067618  -0.410449  0.059014
2479  136.980342  665.864397  19.927422  0.102642  1.694596  0.231517
2480  996.041941  860.984118  19.061040  0.088616  0.998083  0.069282
2481  1679.735872  180.056713  18.564958  0.049734  0.932849  0.055010
2483  211.124613  148.681800  19.186810  0.099144  1.340988  0.074368
2486  684.411707  1861.897329  18.796049  0.098578  0.931150  0.147146
2487  1539.799349  1886.844583  19.553238  0.099783  1.507567  0.100695
2489  1297.476526  2045.288832  20.041437  0.109058  1.741362  0.087282
2490  409.288531  940.666246  18.651114  0.106820  1.018478  0.059886
2491  890.732821  1646.049996  20.117195  0.125964  1.357458  0.125472
2492  1918.212791  595.537971  18.085291  0.057452  0.432067  0.042200
2493  1793.275683  1887.247722  18.516153  0.082853  0.907644  0.070460
2494  1476.971900  1163.862225  19.544811  0.067263  1.994175  0.084701
2495  969.119960  114.653885  19.310339  0.096432  1.242181  0.077479
2497  1750.737556  1320.790720  19.225858  0.076150  1.546691  0.097557
2498  445.270580  1002.522241  19.478696  0.111463  1.301656  0.093910
2500  69.104495  1820.415854  19.344639  0.101138  0.722046  0.216331
2501  1627.061200  875.408695  20.475985  0.163735  1.574214  0.131251
2502  1017.544247  1784.059877  17.020358  0.064616  -0.423322  0.063308
2503  131.166971  660.901599  19.736050  0.119741  1.127676  0.102661
2504  1549.830746  257.205920  19.664053  0.083512  2.130054  0.117719
2505  68.382846  2001.111407  20.366545  0.088106  1.574328  0.111927
2506  1106.219079  614.518775  20.197180  0.242007  1.424525  0.177443
2507  1345.730883  1210.849897  20.790527  0.271231  1.602321  0.313679
2508  540.321486  225.855776  20.233636  0.152617  1.525957  0.174362
2509  454.159249  542.595843  19.663582  0.158649  1.107148  0.065746
2511  1189.361832  1822.574868  20.264735  0.141590  1.213717  0.103729
2512  478.323235  1590.042863  19.464631  0.105766  0.935178  0.121156
2513  1614.640388  965.784795  20.154844  0.154760  1.212158  0.136852
2515  1970.686049  225.560431  21.114936  0.194126  2.042577  0.191974
2516  423.747064  1013.980062  19.206597  0.098144  0.976269  0.096256
2517  1468.572722  1467.046838  20.777470  0.109230  2.076396  0.246755
2518  105.793016  1932.589056  20.826245  0.125120  1.571074  0.164907
2519  1699.129660  75.282622  20.591205  0.157475  1.333769  0.100416
2520  1353.745562  1689.926655  18.568142  0.108682  0.526268  0.061271
2521  918.321367  1626.746387  20.216208  0.140409  1.459232  0.133787
2522  287.647984  434.212080  19.574037  0.132976  1.451093  0.115869
2526  1233.629483  69.364546  20.484434  0.107612  2.498000  0.104247
2528  1251.315125  994.857407  19.659574  0.069503  1.455681  0.112732
2529  334.037848  1209.372793  19.973000  0.098628  1.464284  0.095093
2531  1374.184444  941.618325  20.263491  0.132051  1.360578  0.137905
2532  460.470599  83.222338  19.386440  0.117019  1.100093  0.098486
2533  1466.600814  432.965386  20.879909  0.196567  1.578449  0.110181
2537  1497.287818  1469.057199  19.449513  0.098246  1.589439  0.079137
2538  697.905381  391.755312  17.207377  0.079615  -0.419274  0.089432
2541  1700.176024  261.124745  20.094490  0.098370  1.409111  0.199624
2543  1933.329576  1115.827386  19.460767  0.077233  1.548126  0.076937
2544  1237.179214  775.346560  19.623374  0.183993  0.905977  0.133294
2546  446.269893  1778.499156  18.599127  0.062167  0.417638  0.046739
2547  1837.163136  1847.435628  18.885581  0.109859  0.597224  0.080962
2548  1862.758547  1714.981246  19.554844  0.070248  1.120522  0.196192
2550  1907.093865  1868.973568  19.804106  0.095730  1.263419  0.129194
2551  819.398880  951.960450  20.215973  0.094464  1.255936  0.114179
2552  1342.203151  513.200977  19.470487  0.071693  0.833359  0.119040
2553  1560.090804  608.612835  19.865254  0.159314  1.107953  0.226871
2554  85.517461  1219.962602  18.382755  0.105624  0.358265  0.059000
2556  1217.550009  247.601700  21.050233  0.115183  1.835931  0.160536
2557  1780.839961  1223.636414  20.184190  0.124716  1.310280  0.083409
2558  199.287949  1308.001061  19.731261  0.173547  2.310501  0.119503
2559  1489.506465  421.990633  18.841451  0.129806  0.649690  0.145169
2563  1897.695133  5.302831  20.494001  0.190006  1.305319  0.087347
2564  1741.644185  1183.796000  20.015485  0.102686  1.988448  0.178476
2565  64.604317  105.667138  19.489029  0.101572  1.143967  0.100159
2566  628.915347  883.134867  19.107961  0.071070  1.086783  0.081525
2567  53.712913  312.233757  19.729384  0.118547  1.055994  0.176175
2568  1883.028675  28.227768  20.257892  0.107466  1.715132  0.122739
2570  1620.718587  1067.646380  20.147489  0.122086  2.186083  0.170546
2571  1674.647559  46.438791  20.616719  0.138269  1.651187  0.103192
2572  1309.209036  1600.471148  19.780870  0.077894  1.611960  0.082162
2573  903.369396  1452.369871  20.153042  0.079842  2.454631  0.121549
2574  1417.917222  1898.158398  20.258812  0.127554  1.267898  0.106305
2576  1653.298315  1259.204265  19.196044  0.111279  1.028002  0.139032
2577  128.108060  1377.373036  19.659098  0.106081  1.378143  0.069617
2578  1781.025329  1395.238122  19.087030  0.084690  0.855218  0.076901
2579  117.219381  981.641646  19.770046  0.074506  1.244717  0.108033
2580  520.456830  551.096506  18.512748  0.136341  0.403655  0.059935
2584  1072.260895  122.487879  19.911907  0.153379  1.410927  0.188641
2586  1558.562055  551.665206  17.738151  0.059991  0.096185  0.110036
2587  773.973251  1639.754823  19.675712  0.078372  1.097850  0.126952
2590  1128.217809  360.777431  19.249312  0.175631  1.046261  0.084617
2593  1013.757526  220.269331  19.742038  0.093122  1.459465  0.073301
2594  29.615117  242.471410  19.588651  0.146253  1.244656  0.148020
2595  2017.208350  1729.176766  19.876341  0.142359  1.124950  0.075097
2596  1962.474563  342.451552  19.755109  0.074072  0.901082  0.113140
2597  58.103559  960.997844  19.319982  0.093114  0.838869  0.113870
2598  2003.399645  1960.822160  20.775339  0.304672  2.226620  0.149495
2599  502.499192  2030.775410  20.419178  0.275960  1.221617  0.115906
2600  712.945421  165.102718  20.398290  0.192699  2.056988  0.142392
2602  598.334967  816.112698  20.847943  0.121922  1.930274  0.246888
2605  1258.630295  1557.196919  20.065620  0.273897  1.418149  0.161908
2606  2047.097024  982.670317  20.618445  0.108510  1.588117  0.091006
2607  223.962072  2007.266916  17.181662  0.082887  -0.043947  0.044377
2608  384.490374  341.302648  20.055601  0.155171  1.237925  0.162163
2609  612.744920  29.524819  18.678230  0.081476  0.537656  0.076099
2610  1368.845158  1454.726717  20.109327  0.148804  1.102249  0.150508
2611  1617.684934  1562.375501  19.599202  0.095378  1.033161  0.217855
2613  1092.534880  629.549519  19.783358  0.085616  1.509369  0.163634
2617  228.067815  473.001311  20.282965  0.238323  1.273641  0.122975
2619  338.369704  1716.700963  19.479091  0.072833  0.852353  0.073885
2620  1480.219351  459.788773  19.883981  0.184522  1.138399  0.137017
2622  1875.162337  1555.124881  19.359732  0.185117  1.556059  0.077120
2623  1481.557618  111.800263  21.166588  0.123917  1.811656  0.304325
2624  212.047380  1510.010789  18.887877  0.054306  0.913737  0.100135
2625  1746.737892  1782.013135  19.165308  0.094486  1.111838  0.132748
2627  262.571778  1990.579784  19.677348  0.088101  0.951862  0.143212
2629  81.279663  410.653481  20.288191  0.080543  1.485735  0.124030
2630  383.481399  973.104809  20.802465  0.105679  1.306822  0.167077
2631  262.929015  1951.538486  20.178101  0.120287  1.412560  0.167233
2633  590.911386  373.727597  19.401111  0.102335  1.151652  0.122700
2634  201.952049  247.512461  19.641292  0.135645  1.001268  0.094223
2637  884.038895  1868.593372  19.675275  0.123616  2.078895  0.113398
2639  745.638226  1870.538052  18.942255  0.085382  0.665618  0.056426
2640  358.177094  1136.005908  19.720231  0.099938  0.920593  0.102118
2641  471.567889  644.685034  19.557111  0.123637  1.282050  0.087246
2644  414.720943  1725.004611  19.600207  0.186348  1.423015  0.272524
2646  1406.625325  1770.281900  19.927621  0.186281  1.212257  0.200258
2649  155.903356  121.753284  20.257074  0.179972  2.198147  0.255871
2650  665.090820  2011.190999  20.792650  0.193747  1.639379  0.112204
2651  841.167093  565.177977  19.763235  0.095384  1.364498  0.151552
2652  1854.435813  62.168441  19.214037  0.180406  1.098068  0.140348
2653  2032.413784  289.905004  19.729060  0.154465  1.117577  0.104584
2655  1807.038984  1182.878836  20.359339  0.117254  1.367350  0.157615
2656  1657.265620  1146.014331  19.927751  0.106351  1.009811  0.169102
2657  1218.111089  931.388948  20.171020  0.159239  2.300309  0.166832
2659  296.375310  42.914180  20.381908  0.160235  1.496886  0.084795
2660  814.423700  42.086699  18.109721  0.058011  0.285180  0.053471
2661  1085.605982  1404.925557  19.940594  0.094427  1.368882  0.107037
2662  1356.491225  511.636259  19.778295  0.165797  1.233196  0.215158
2663  1062.174061  1191.286899  19.770851  0.199016  1.415743  0.108181
2667  204.058183  169.785110  20.265886  0.161908  2.440146  0.122833
2668  1715.015592  1559.138723  19.700194  0.073748  1.454905  0.126449
2669  1445.028788  492.211544  19.391707  0.074611  0.924075  0.177243
2670  204.727770  885.277716  20.693784  0.237140  1.733967  0.168899
2671  1334.274631  507.529263  20.560813  0.114632  1.884532  0.146922
2672  843.524448  1773.779805  20.011550  0.112013  1.181832  0.101759
2673  820.274733  227.064932  20.615556  0.162763  2.803204  0.168055
2674  1281.634635  1277.708044  20.479667  0.205436  1.421063  0.116784
2677  1737.968062  1207.060912  20.365515  0.214510  2.676973  0.252795
2681  1612.379637  1274.389216  20.624431  0.196115  1.243118  0.232809
2682  1636.442672  1050.230474  20.831139  0.314588  0.919694  0.257102
2685  1765.021914  1548.334716  20.800478  0.158478  1.337750  0.154417
2687  1275.881850  1497.094261  20.548926  0.136932  1.272348  0.110849
2689  926.560698  400.007783  21.413809  0.126485  1.760437  0.190956
2690  1852.944175  1028.404751  21.030359  0.233724  1.448095  0.110813
2691  1085.516043  1817.393080  19.560875  0.159139  0.685932  0.089013
2696  1775.014714  1815.249363  18.980148  0.062169  0.331079  0.097030
2700  1837.339897  48.945680  20.016141  0.081129  0.834812  0.175097
2702  209.706970  1967.838040  20.892240  0.147691  1.084994  0.238239
2703  747.554938  403.479242  20.570258  0.107195  1.184661  0.167819
2704  1176.488581  130.750688  20.392361  0.097358  1.274308  0.178923
2705  1686.175912  1360.238917  20.175183  0.103424  0.899386  0.090479
2706  389.326547  2015.097577  20.682352  0.103777  1.645540  0.157791
2708  1310.115331  399.950949  20.312143  0.087818  1.950024  0.106588
2709  909.180006  1157.483133  20.905333  0.108491  1.912207  0.136804
2712  34.738413  870.056379  19.173883  0.131958  0.503884  0.107090
2713  480.156184  963.432482  19.733185  0.164833  1.063650  0.197003
2717  1906.308321  1574.637632  20.850788  0.120943  1.408027  0.270658
2721  458.078444  1523.238763  20.289493  0.169168  1.429379  0.115497
2722  308.437737  1423.047980  19.955046  0.135645  0.774192  0.088253
2723  118.893642  184.485348  20.335660  0.151774  2.017365  0.108440
2727  236.874175  462.277102  20.994117  0.108831  1.548949  0.151842
2728  1280.870852  1950.421034  20.529606  0.119843  1.478543  0.194197
2730  1331.600350  634.955929  20.663994  0.138910  2.084013  0.210321
2731  1260.563132  1952.944344  19.712116  0.113370  0.837328  0.169824
2732  16.428244  389.003568  20.499264  0.169249  1.388862  0.130231
2733  585.922342  746.265779  21.259776  0.148216  1.729010  0.210921
2734  1259.161674  1439.416149  20.362193  0.117681  1.445418  0.129223
2735  65.529274  252.273645  20.750102  0.281796  1.785221  0.259292
2736  813.465558  259.858880  19.256915  0.112775  0.534284  0.132942
2737  473.668158  1331.425551  20.769030  0.203827  1.970758  0.127808
2740  220.937015  313.778928  19.936478  0.188746  1.154116  0.173110
2744  2046.546614  1838.982262  20.386737  0.254606  0.963852  0.148826
2746  1359.071993  1297.322161  19.617393  0.133233  0.670734  0.073826
2747  1284.325674  1465.157967  20.324515  0.201595  1.053140  0.191452
2748  131.039572  1210.933187  20.603127  0.109163  1.720562  0.158525
2749  1056.597362  990.303957  20.583917  0.132924  2.001812  0.100530
2750  1065.310406  1649.161854  20.710151  0.100989  1.722539  0.197416
2753  1298.179873  1250.284773  20.918616  0.216390  2.290216  0.113569
2754  1631.027270  1294.290981  20.757842  0.205641  1.099373  0.391052
2756  1883.770485  1991.032706  18.454644  0.106150  -0.102547  0.086642
2757  921.220856  440.674217  20.408849  0.133194  1.343234  0.102331
2759  1583.970496  1498.138170  20.142481  0.135659  1.089485  0.112525
2760  1796.023880  1412.727577  20.850230  0.180033  2.214150  0.251703
2762  566.949542  1480.918854  20.546251  0.123640  1.106521  0.179928
2763  392.940234  1652.839699  19.891487  0.136725  1.153139  0.105067
2764  906.964937  1481.971372  20.881793  0.118657  1.457246  0.214084
2765  1411.198709  1053.595206  20.413050  0.108942  1.585936  0.216309
2767  1741.919835  392.806041  20.728608  0.165421  1.371187  0.163917
2771  456.972016  690.552435  19.719898  0.077738  0.743982  0.082879
2773  1195.658565  835.635822  20.782728  0.139390  1.945125  0.254175
2775  613.593463  2025.570477  20.182257  0.101327  1.701264  0.139132
2778  621.387127  779.414426  20.262290  0.085323  1.072372  0.193714
2779  1918.462453  1493.124146  20.398483  0.177630  1.388722  0.268292
2781  100.710555  1415.513792  20.660110  0.162482  0.929693  0.310783
2783  727.955530  1305.507519  20.447168  0.137421  1.338713  0.141076
2785  1573.881532  928.660379  20.537882  0.135057  1.299645  0.194947
2788  30.889238  1550.659190  20.074035  0.148948  0.887024  0.144859
2789  536.867563  313.427678  20.735119  0.153063  1.445547  0.134649
2790  1854.789652  1978.527788  20.296968  0.168049  1.083042  0.101188
2794  1182.824533  349.010960  19.518437  0.094677  0.610979  0.071173
2795  1857.548510  633.275966  19.317720  0.151988  0.484704  0.066285
2796  582.629458  1674.680481  20.917373  0.184452  1.350902  0.183754
2801  520.778178  1677.321411  19.743994  0.111867  0.875266  0.084044
2803  1806.358356  1844.169782  20.552291  0.145105  1.291805  0.286194
2805  837.496349  1421.875568  20.401048  0.093144  1.353529  0.189358
2807  863.590237  51.786203  20.790523  0.111306  1.217796  0.161806
2808  1856.882287  1451.375341  19.355904  0.083862  0.322141  0.072020
2810  1200.918870  1671.829666  21.314164  0.131012  1.619476  0.250014
2812  992.000154  1507.241526  20.186656  0.185143  1.242662  0.149431
2814  983.111784  44.660837  20.206019  0.147896  1.843991  0.136230
2815  861.205106  718.767102  19.251585  0.144235  0.789739  0.090691
2818  115.718002  711.304389  20.020386  0.116367  1.140437  0.112322
2819  379.695554  1055.817567  20.528418  0.168884  1.016251  0.087869
2821  228.139042  1411.908017  19.595632  0.114219  1.009983  0.233810
2826  271.271228  650.069486  20.480674  0.212416  2.056615  0.182284
2827  1144.146748  1163.964113  20.584497  0.120312  1.351364  0.092381
2829  32.842954  2005.645048  17.686546  0.066730  -0.360217  0.048196
2835  1811.220479  1845.808454  20.627093  0.108301  1.228100  0.270153
2836  450.584749  1667.129810  19.930185  0.094334  1.051456  0.085382
2837  1844.979268  1049.196178  19.794877  0.072780  0.670308  0.171606
2844  920.441427  2041.817663  18.520118  0.072046  0.130697  0.065022
2845  322.675555  1541.225400  20.400723  0.161797  1.277721  0.112080
2846  209.364454  1585.679337  20.562655  0.149111  1.459806  0.185251
2847  1175.174141  131.582607  18.751388  0.056088  0.227208  0.104079
2848  885.235636  577.730247  20.715183  0.113959  1.597633  0.135422
2849  1798.584869  152.298398  20.758526  0.136463  1.538404  0.095642
2853  1982.974743  1826.447884  20.885095  0.120888  2.221723  0.253288
2854  684.026830  1558.737940  20.469276  0.144817  1.858254  0.090258
2855  201.652401  1039.219667  20.597653  0.178752  1.376712  0.166147
2857  1932.445377  1443.687058  20.077529  0.190089  1.784939  0.170046
2860  1834.464648  893.316103  19.169260  0.070906  0.374373  0.111468
2861  1023.408765  1605.488448  20.390656  0.187646  1.760412  0.268302
2863  1072.570556  1753.251831  20.856674  0.127866  1.435315  0.178516
2864  1996.271808  1734.395189  20.702260  0.186127  1.661645  0.142139
2866  1085.752532  1140.254189  20.177044  0.145857  1.576227  0.111941
2867  1408.222059  1033.253412  20.756328  0.127545  1.344445  0.140585
2874  1037.926489  1873.886493  20.813922  0.279623  1.957166  0.177125
2877  811.031212  1352.577528  20.718575  0.172707  1.271647  0.112762
2883  12.231674  1680.195947  20.547927  0.087904  1.155109  0.113815
2884  1535.196078  1041.194428  20.616514  0.269251  1.451225  0.235691
2886  336.565741  1498.765169  19.135576  0.112532  0.318716  0.072942
2888  1826.484644  1054.317889  19.997075  0.290009  1.104448  0.195001
2895  1377.704609  1523.418069  19.773376  0.094132  0.526478  0.086662
2896  241.475153  644.703606  21.227087  0.229590  1.067472  0.174095
2899  673.066249  704.034242  20.337667  0.096071  0.657819  0.099587
2901  2039.171620  1709.515623  20.584516  0.281237  0.756736  0.105146
2904  1021.322411  212.987371  21.107297  0.362708  2.501872  0.298403
2908  1340.821734  27.882416  19.770570  0.126449  0.363679  0.063874
2909  758.863159  627.486622  19.129723  0.078914  0.237707  0.082129
2911  364.072143  804.810328  19.912073  0.163718  0.810670  0.265321
2912  1202.312845  885.673841  21.058909  0.110222  1.130129  0.136343
2915  858.806524  1402.895726  21.391378  0.124183  1.639685  0.293493
2917  397.376531  661.905278  19.573496  0.134971  0.038092  0.078490
2921  1639.722651  1229.271188  20.373508  0.130035  1.023399  0.253874
2932  1780.862559  1432.722701  19.569318  0.074786  0.218169  0.106759
2942  698.847818  132.544389  19.337038  0.137210  0.027198  0.068403
2953  835.969834  1378.241489  20.892750  0.125355  0.862766  0.153946
2957  519.974341  1738.974716  20.306929  0.215706  0.651557  0.109761
2965  751.374260  492.399867  21.355497  0.248815  1.574113  0.180965
2966  1978.855874  783.101722  19.970253  0.085799  0.637350  0.128867
2968  223.768818  1171.092156  20.999436  0.127292  1.239988  0.138656
2971  1092.412642  1547.941460  21.232529  0.244632  1.363391  0.138472
2978  129.599609  136.481731  20.235856  0.103237  0.951489  0.225595
2981  900.126163  2009.422760  19.716583  0.149327  0.519898  0.153796
2983  1763.736188  1800.343681  20.354303  0.093597  0.696818  0.159290
2986  1066.048528  1061.658708  19.908269  0.104172  0.317721  0.194842
2988  419.650421  272.843811  20.239622  0.128134  0.749990  0.119284
2993  19.165839  2035.319485  20.292389  0.115107  0.537688  0.165916
21007  1726.325308  1919.716726  21.196902  0.190575  2.155433  0.314860
21010  226.078120  843.389394  20.918536  0.110169  1.092177  0.112672
21011  1689.306075  1034.380601  19.865544  0.103538  0.492485  0.123490
21021  989.635858  1270.497220  20.492503  0.103737  0.550177  0.125826
21029  68.721592  1221.464833  20.568276  0.127206  0.814602  0.169842
21030  619.539905  1779.640113  19.779219  0.120940  0.517877  0.085809
21035  892.839405  687.168974  20.370027  0.135965  0.756784  0.169155
21044  214.234772  1753.090527  20.363808  0.228183  0.456157  0.091205
21045  484.360497  1543.780453  20.092156  0.092734  0.941340  0.115219
21047  1589.711099  1207.804794  19.102241  0.072307  0.053316  0.085630
21051  1218.292511  1787.668111  20.899691  0.277286  1.283691  0.129560
21057  2021.438866  1470.464088  19.687289  0.113307  0.162550  0.120112
21058  25.585044  274.274090  20.754680  0.188965  0.668878  0.175695
21065  1888.575638  572.438797  18.982406  0.128639  0.055488  0.081898
21067  1480.221066  1261.561893  20.682437  0.174149  1.291946  0.119009
21069  427.138530  1670.218082  20.907124  0.358813  0.966439  0.145534
21071  1860.566397  1125.563565  20.615248  0.295953  1.093746  0.123317
21075  985.427595  1264.563052  19.778810  0.151323  0.518780  0.087033
21076  890.168653  5.941071  21.385693  0.249718  1.206739  0.159871
21077  1605.755759  1924.504621  19.636153  0.157253  0.591795  0.130787
21080  659.868223  279.499373  20.005466  0.203016  0.418641  0.150449
21081  631.019852  82.618602  20.955913  0.159710  1.375599  0.191951
21083  107.735110  1758.871292  20.433170  0.253573  0.082876  0.157817
21084  1584.251874  190.263740  20.184590  0.127049  0.297657  0.091914
21089  1479.560006  2004.050611  20.085825  0.189889  0.355610  0.125932
21097  954.433348  1257.828552  19.965869  0.133332  0.060050  0.076505
21101  506.288848  614.575894  20.370349  0.259878  0.654427  0.144146
21105  641.314590  1467.955302  20.416337  0.174604  0.367995  0.212922
21106  652.891302  1145.004028  20.152821  0.128192  0.066419  0.110385
21107  383.922885  1624.949329  19.973421  0.116209  0.198293  0.229600
21108  344.901902  685.599606  20.016133  0.173581  0.152078  0.096003
21112  1216.526514  2006.509382  20.839465  0.316730  1.079038  0.247464
21113  222.106561  953.141558  20.501594  0.144391  0.128916  0.168673
21114  1988.921236  181.244411  20.022479  0.128799  0.269857  0.097526
21116  929.301262  848.380595  20.389213  0.248976  0.528715  0.137309
21117  1358.729106  1123.515740  20.710276  0.104011  0.839814  0.133825
21120  2000.359707  1665.178434  20.140221  0.119956  0.201108  0.079725
21122  1913.176452  334.749132  20.728040  0.119634  0.482572  0.088132
21126  395.875277  1595.448048  20.284301  0.126541  0.294944  0.191176
21131  868.278570  541.506250  19.841592  0.097988  0.236711  0.093556
21134  1998.467470  1724.345721  20.441641  0.158716  0.425668  0.133538
21138  1192.113931  681.554790  20.484545  0.130081  0.268606  0.110662
21139  1303.215886  1834.264029  19.919394  0.122683  0.318490  0.103288
21142  1229.129630  1889.260081  20.532475  0.136984  0.872298  0.302680
21143  1829.420698  763.421379  20.851652  0.294367  0.637434  0.125075
21147  516.274987  1375.349883  19.983120  0.107498  0.285498  0.090565
21148  556.699050  1679.925167  20.322148  0.262850  0.643447  0.170216
21155  1863.750054  815.643848  21.800096  0.271890  0.487217  0.401924
21174  1968.697556  1121.471618  21.027588  0.179024  -0.117472  0.221357
