# id  x  y  V  eV  BV  eBV
150  1094.119137  1084.193526  21.511655  0.208480  1.310654  0.270513
157  942.976614  1074.862858  20.988921  0.382382  1.539339  0.280129
167  1065.103094  1139.587338  21.327618  0.269803  1.687466  0.243885
1113  1095.269949  977.671209  21.097410  0.305291  1.178604  0.245625
1116  920.491356  1072.509153  21.093862  0.224072  1.608687  0.133950
1119  1123.107901  1068.090819  21.204305  0.156368  1.500889  0.239428
1122  968.179589  975.920947  21.029371  0.173772  1.508291  0.117916
1126  1075.970191  987.118531  21.087378  0.193578  1.434742  0.149069
1128  1024.038031  1233.208197  21.071800  0.226966  1.413779  0.182011
1133  889.808384  1133.971292  21.250622  0.171762  1.600710  0.111855
1137  1097.203057  1058.277212  21.260326  0.244969  1.293158  0.138557
1139  1018.034401  834.141245  21.256403  0.189048  1.256237  0.348193
1142  1117.487063  1066.816655  21.324718  0.148592  1.405427  0.158463
1149  1034.598523  1198.536806  20.845101  0.268656  1.099591  0.210818
1152  829.702328  1007.616000  21.103984  0.116303  1.667946  0.176760
1154  992.509133  1169.967780  21.174066  0.113446  1.357996  0.115361
1159  926.066115  907.698422  20.889055  0.146694  1.670056  0.239110
1164  1049.783337  848.366203  20.784764  0.303934  1.316928  0.294885
1165  912.095724  923.646218  20.750171  0.200771  1.040256  0.181571
1168  1098.394583  1029.634888  20.973877  0.111893  1.877675  0.183164
1172  1036.538552  998.346813  20.950922  0.157040  1.709341  0.206914
1174  1064.029819  1060.916511  20.877104  0.188088  1.457847  0.159217
1175  1119.514747  956.365578  20.968077  0.136213  1.345169  0.320926
1176  1043.437998  1015.549665  20.860212  0.129543  1.448022  0.190854
1177  914.244465  949.512888  20.837704  0.120005  1.571689  0.103968
1179  944.429937  970.584474  21.029096  0.198551  1.525220  0.177592
1182  1140.538081  1060.868485  20.714756  0.144886  1.387819  0.182890
1187  991.388221  1066.712310  20.797805  0.124825  1.404510  0.136636
1188  1093.777572  979.790295  20.882920  0.113992  1.623974  0.142570
1190  911.130685  1021.769851  20.846535  0.141523  1.273314  0.253623
1195  939.098952  954.058056  20.939589  0.230584  1.245054  0.281354
1197  936.726979  1087.464448  20.731830  0.156826  1.355600  0.161557
1198  928.059556  972.717629  20.613260  0.197218  1.574250  0.100356
1200  1157.850132  1100.378358  20.806404  0.228448  1.130710  0.115706
1201  978.196951  1041.867981  20.144210  0.204398  1.359120  0.203390
1204  1004.932608  1049.984532  20.499129  0.225193  1.508868  0.110047
1205  888.896573  1041.066066  20.797923  0.128311  1.543582  0.118977
1207  1181.937091  1127.078810  20.674073  0.162599  1.373335  0.111740
1208  977.583043  1047.981281  20.722479  0.117735  1.722111  0.143661
1209  955.913318  1054.964101  20.855629  0.137096  1.425443  0.188563
1210  1020.543918  1099.729388  20.500151  0.149253  1.557895  0.143197
1211  954.864620  947.109908  20.692554  0.163384  1.509875  0.122364
1212  952.988385  951.674757  20.652390  0.094680  1.498455  0.096371
1214  1046.367498  1095.617761  20.895803  0.191158  0.992746  0.179407
1217  1083.451412  894.249452  20.668953  0.093617  1.303752  0.185943
1219  924.952023  1017.808671  20.506635  0.180198  0.970428  0.239160
1221  947.547484  926.647071  20.563511  0.170023  1.523228  0.221498
1222  1130.288742  1100.770099  20.789142  0.174205  1.557608  0.128327
1225  1147.545129  1105.693860  20.780104  0.135019  1.218324  0.239981
1227  1019.401912  1059.646321  20.656795  0.195465  1.251272  0.188928
1228  1149.111665  935.582454  20.601689  0.119710  1.319596  0.167201
1229  1055.460966  1194.323476  20.543005  0.163303  1.670487  0.163602
1231  928.157798  1032.002212  20.429671  0.113962  1.573972  0.115239
1233  944.405729  1041.768428  20.441169  0.143299  1.244446  0.173566
1234  951.995126  966.889595  20.170911  0.327880  1.118990  0.190953
1235  1129.716879  1055.469568  20.565501  0.102253  1.328054  0.183085
1236  982.621532  1103.678177  20.683912  0.107884  1.349120  0.132988
1241  1197.245993  968.109711  20.555572  0.255068  1.401387  0.136860
1242  984.329380  978.065715  20.572753  0.114639  1.566164  0.092062
1243  1111.715430  1100.743127  20.475625  0.098689  1.411311  0.152895
1244  881.286779  988.376556  20.351531  0.205531  1.294660  0.133061
1245  1198.658417  931.303711  20.303993  0.177767  1.573733  0.102539
1248  901.974241  1091.251016  20.268069  0.197525  1.448948  0.177257
1249  1059.095388  981.181809  20.224716  0.179184  1.391023  0.092268
1250  1090.207396  1026.681139  20.347854  0.191407  1.289418  0.147316
1251  946.602168  1031.407616  20.133208  0.147176  1.616692  0.167600
1252  1129.278935  986.793226  20.266103  0.096227  1.351461  0.124805
1254  861.338419  900.165059  20.256332  0.100057  1.374604  0.141141
1255  995.904799  972.829921  20.488019  0.149502  1.396288  0.191713
1256  1068.828078  1086.305300  20.518157  0.128885  1.161155  0.208294
1257  804.499722  1040.077435  20.340396  0.094431  1.443316  0.151061
1258  959.952732  1054.215516  20.275938  0.157123  1.608106  0.098888
1259  1019.982582  967.129170  20.074417  0.130939  1.577194  0.330402
1260  1090.452193  930.657157  20.298071  0.098751  1.543710  0.117811
1261  1171.733893  1136.470938  20.294251  0.138205  1.519702  0.181259
1262  1037.991363  940.870431  20.589161  0.153885  1.299155  0.085986
1263  921.757286  1047.043318  19.906418  0.165485  1.407974  0.167387
1264  1002.596106  918.529393  20.153563  0.099680  1.147500  0.168610
1265  965.759672  1114.134835  20.120024  0.280301  1.589300  0.083842
1266  1066.863759  989.981737  19.930958  0.198912  1.254714  0.173907
1267  1133.895537  940.306842  20.279522  0.103035  1.395444  0.126539
1268  954.922373  1018.113802  20.233517  0.109532  1.434204  0.127565
1269  1082.330235  1031.680307  20.069319  0.087299  1.307496  0.164847
1270  1106.441830  919.075082  20.395663  0.166537  1.254736  0.095786
1271  1068.156396  1021.542728  20.279058  0.084760  1.566214  0.152353
1272  909.275914  1113.050460  20.042627  0.111461  1.191949  0.141170
1273  1111.307796  1073.290117  20.091150  0.148968  1.704600  0.126201
1274  997.423268  971.921756  20.047185  0.101074  1.402475  0.104508
1275  1036.357960  1026.295931  19.888529  0.185069  1.620112  0.102909
1276  1072.345190  1093.717770  20.125229  0.100361  1.412659  0.095220
1277  1111.219937  1148.249395  19.793001  0.140250  1.271187  0.154166
1278  1125.406331  925.740872  20.186985  0.099072  1.357141  0.133097
1279  912.689275  1069.495501  20.042306  0.191955  1.314770  0.093876
1280  1096.475668  980.197949  19.985381  0.193872  1.447759  0.104580
1281  1142.104330  1116.287058  20.141900  0.144452  1.363895  0.146742
1282  1233.048924  1100.176159  20.097385  0.089866  1.375048  0.125805
1283  925.945651  1028.191232  20.107325  0.125046  1.309334  0.100093
1284  962.120745  1023.124972  20.010485  0.228306  1.362885  0.085712
1285  980.724593  1150.108303  19.989365  0.131227  1.458002  0.132528
1286  975.484723  1168.151081  20.079264  0.107343  1.162287  0.108510
1287  1131.219640  959.449805  19.859957  0.124115  1.216005  0.236727
1288  906.756465  1052.385710  19.775253  0.159957  1.472672  0.119546
1289  1183.088497  956.533166  19.910668  0.083166  1.463845  0.093392
1290  920.169943  931.241677  20.031331  0.142683  1.505197  0.110953
1291  1080.143852  990.418719  19.829472  0.215356  1.508803  0.101744
1292  1023.692718  1020.121989  19.952734  0.124549  1.156383  0.144311
1293  1121.315533  1029.541396  19.821879  0.123981  1.422234  0.150983
1294  1101.888061  1118.826742  19.974678  0.081455  1.417266  0.096063
1295  955.080356  1140.316692  19.912965  0.076792  1.283869  0.094843
1296  1084.576399  950.047744  19.858601  0.091010  1.162442  0.182331
1297  1091.025019  988.371231  20.148041  0.109479  1.555144  0.104209
1298  1117.169193  968.402575  19.728687  0.228408  1.326913  0.076363
1299  1190.756762  939.152159  19.922847  0.232016  1.412203  0.078083
1300  1054.176788  1167.075246  19.803416  0.104223  1.599052  0.167318
1301  995.112100  898.738237  19.972789  0.169046  1.445440  0.110165
1302  932.852265  952.623206  19.740801  0.115676  1.509373  0.096686
1303  1043.424748  1154.824499  19.901885  0.123670  1.402636  0.075456
1304  1078.893629  910.063391  19.800840  0.095932  1.290348  0.109566
1305  1090.880369  971.095286  19.721248  0.103166  1.423200  0.080759
1306  1005.569249  1164.084961  19.696533  0.085148  1.241613  0.096150
1307  1107.181384  1153.970258  19.845242  0.135728  1.467290  0.090417
1308  1075.859476  1115.623731  19.676317  0.079976  1.315350  0.100362
1309  1049.362022  1049.414984  19.752592  0.127120  1.433656  0.154173
1310  896.141455  1175.847916  19.882404  0.199391  1.502308  0.085067
1311  1049.280102  1012.986921  19.912264  0.098417  1.310363  0.109798
1312  1025.793720  881.287967  19.694055  0.134013  1.151502  0.133600
1313  1142.405284  1072.078459  19.628513  0.119252  1.390271  0.111231
1314  917.075333  1049.825690  19.658340  0.099089  1.497696  0.080050
1315  856.128410  1110.695956  19.701664  0.091508  1.534790  0.085289
1316  1013.826601  936.323482  19.642387  0.097551  1.441295  0.131215
1317  1002.403553  1024.623882  19.602891  0.126648  1.386928  0.123120
1318  983.643791  976.582185  19.848988  0.104952  1.322527  0.082076
1319  1014.034534  819.148923  19.537543  0.071400  1.386608  0.179465
1320  1122.915471  1101.109862  19.572320  0.093461  1.362950  0.100655
1321  924.508529  885.421015  19.584591  0.087176  1.412621  0.133596
1322  971.181445  1089.909473  19.562635  0.090076  1.339836  0.072038
1323  1033.862431  1007.265751  19.521512  0.190665  1.354915  0.155729
1324  952.441180  1116.218941  19.550950  0.081367  1.468015  0.099037
1325  854.071337  973.451264  19.684636  0.172816  1.310988  0.094261
1326  975.542456  998.951035  19.413048  0.082493  1.138253  0.160174
1327  1071.122473  913.865175  19.606904  0.069940  1.356172  0.143742
1328  988.318740  1017.180283  19.512210  0.099564  1.416397  0.095279
1329  992.926700  1008.379884  19.358368  0.194306  1.379966  0.147009
1330  1026.878321  911.319122  19.315604  0.132986  1.334494  0.100802
1331  983.264768  1027.093258  19.524309  0.120919  1.471776  0.079088
1332  1006.801613  1129.309245  19.424787  0.094840  1.368927  0.086183
1333  893.104251  1130.464584  19.268128  0.113493  1.390648  0.090501
1334  1007.681946  1008.134431  19.432242  0.064210  1.424605  0.095274
1335  978.656788  1036.693545  19.304595  0.143014  0.989288  0.202245
1336  969.817395  882.818273  19.506974  0.200489  1.382565  0.150536
1337  1008.913326  979.965133  19.429025  0.070470  1.708316  0.140679
1338  990.082048  968.575877  19.518629  0.151170  1.192532  0.119883
1339  1156.694426  981.180436  19.315598  0.148567  1.474185  0.078645
1340  885.503775  1157.512909  19.462911  0.106719  1.491493  0.112530
1341  1030.041948  836.422226  19.259908  0.102818  1.309317  0.125149
1342  960.420352  1069.918167  19.314274  0.149083  1.424227  0.073379
1343  969.407160  999.567524  19.287403  0.093390  1.384373  0.073883
1344  1049.004585  1011.266028  19.299420  0.069268  1.267373  0.088596
1345  1022.450934  1082.398536  19.402195  0.065186  1.501507  0.076196
1346  1024.641864  895.557243  19.504812  0.219519  1.077467  0.148696
1347  990.562693  964.257178  19.105006  0.069232  1.434220  0.077044
1348  1126.556324  969.277481  19.400885  0.162681  1.392037  0.066568
1349  938.246205  1064.188518  19.108706  0.154729  1.364181  0.089817
1350  1092.578570  1113.721242  19.258900  0.062099  1.366129  0.125921
1351  1115.466158  1075.217367  19.141955  0.108634  1.197270  0.107141
1352  1074.233897  1057.625477  19.289611  0.106629  1.369966  0.137099
1353  1109.254717  935.548457  19.101110  0.066690  1.325031  0.078635
1354  1044.844380  1122.724516  19.097495  0.113031  1.312441  0.137012
1355  886.362030  1100.288266  19.070389  0.093306  1.335459  0.106113
1356  1088.317850  936.789443  19.149058  0.083096  1.495432  0.079541
1357  1075.203953  1018.704077  18.980406  0.093025  1.240697  0.144582
1358  1012.964557  1095.898030  18.927547  0.090460  1.421140  0.059739
1359  1118.909583  1077.076521  19.034379  0.056160  1.259173  0.111949
1360  952.821268  1127.196795  19.142071  0.090619  1.383224  0.083097
1361  796.982989  1025.984717  18.975371  0.119720  1.314722  0.071211
1362  946.570322  1036.954153  19.021301  0.077160  1.392193  0.138091
1363  982.228111  1020.963656  19.063803  0.058688  1.440350  0.067829
1364  976.745042  1027.151565  18.939833  0.137917  1.460333  0.088324
1365  1044.184822  961.114214  19.083118  0.126916  1.349560  0.126406
1366  865.481093  945.179668  18.902888  0.119640  1.278057  0.070831
1367  1010.577265  1059.495526  19.072841  0.074208  1.363740  0.088784
1368  1146.555372  966.051963  19.074446  0.152703  1.545266  0.118465
1369  1011.911885  1175.331799  18.920091  0.081553  1.425820  0.072050
1370  1003.962163  953.263411  18.845580  0.089300  1.386563  0.071563
1371  935.071375  930.571674  19.036312  0.056345  1.378554  0.073216
1372  1008.075059  1064.935260  18.908321  0.063927  1.515522  0.069465
1373  983.111455  1002.197791  18.972551  0.063625  1.334777  0.114874
1374  1089.070612  993.354977  18.968921  0.068811  1.221313  0.156433
1375  1080.780575  1071.053599  18.919291  0.084790  1.456789  0.077266
1376  1014.238126  1114.834760  18.923657  0.075966  1.426902  0.083501
1377  913.974948  1066.619843  18.895597  0.060918  1.389206  0.136433
1378  1095.646044  994.533949  18.744927  0.087372  1.482238  0.108390
1379  881.606840  953.912443  18.559954  0.173725  1.428983  0.064665
1380  984.095519  1035.764593  18.880364  0.066344  1.502011  0.153732
1381  1036.493681  1062.066504  18.869059  0.062974  1.272309  0.130572
1382  1075.567780  891.670077  18.994163  0.101752  1.266652  0.095237
1383  1009.429340  1101.746258  18.814116  0.088685  1.465074  0.064919
1384  1062.453084  1068.677345  18.894656  0.060571  1.387652  0.084055
1385  932.402156  1161.727754  18.714194  0.080037  1.396401  0.129328
1386  1120.247644  1023.162593  18.690245  0.096513  1.414285  0.119563
1387  1024.002109  1098.109338  18.615894  0.068790  1.361890  0.078178
1388  1014.505021  1054.396047  18.710846  0.082270  1.219455  0.066433
1389  1078.381732  958.608876  18.606181  0.080549  1.426961  0.063555
1390  1123.699220  1078.436147  18.401653  0.089296  1.400150  0.061274
1391  997.274808  1027.169198  18.580860  0.055159  1.330835  0.084533
1392  1062.483149  927.799501  18.504559  0.128197  1.408294  0.096346
1393  1123.405926  934.076744  18.542933  0.056279  1.265697  0.073102
1394  1219.937239  1067.660165  18.418704  0.051539  1.464732  0.119779
1395  925.278740  880.077701  18.362121  0.066029  1.548233  0.139467
1396  1114.573066  1214.107566  18.411562  0.135284  1.366230  0.047784
1397  1032.622387  875.880489  18.425562  0.046994  1.399582  0.107252
1398  1061.994885  1030.617068  18.239173  0.046930  1.347931  0.122219
1399  1071.439237  989.358060  18.229487  0.054960  1.423555  0.055810
1400  1079.480996  1133.258383  18.242038  0.050590  1.318192  0.066857
1401  1077.666181  995.478221  18.229104  0.094342  1.245630  0.064736
1402  1111.314043  1088.892600  18.208230  0.063555  1.317604  0.097873
1403  1047.827292  1029.394637  18.285470  0.088825  1.247048  0.053533
1404  1081.122591  949.562880  18.266660  0.078666  1.283322  0.088765
1405  965.191741  995.106406  18.218744  0.063728  1.370479  0.045002
1406  1079.027405  1074.362614  18.159534  0.050081  1.200136  0.080051
1407  1143.011697  981.001503  18.158933  0.052063  1.399019  0.128090
1408  1113.360957  1007.444275  18.236071  0.089343  1.525019  0.101488
1409  999.123415  912.757289  18.273670  0.087413  1.326718  0.053406
1410  1050.904617  1006.850560  18.113725  0.083516  1.339191  0.056775
1411  1060.704768  1067.905393  18.077294  0.093468  1.408139  0.058889
1412  912.752497  1168.479519  18.041481  0.049662  1.399653  0.076664
1413  966.041825  1031.574733  18.088786  0.059070  1.375662  0.058242
1414  1067.627479  996.988232  18.020301  0.081777  1.323386  0.117760
1415  1061.853348  1007.059886  18.005384  0.050072  1.270073  0.087392
1416  943.184241  1024.119767  17.995038  0.080904  1.315523  0.065306
1417  939.561288  916.992758  17.907991  0.048572  1.284926  0.053741
1418  878.505411  1182.818488  17.923286  0.075959  1.369806  0.085199
1419  1038.728376  833.115034  17.947187  0.050492  1.237222  0.059346
1420  846.299771  981.931684  17.621504  0.179508  1.280173  0.083969
1421  1055.543992  1149.136916  17.883622  0.048660  1.335584  0.078610
1422  896.605143  1042.225623  17.841020  0.061935  1.312038  0.077495
1423  953.108582  1018.254397  17.841932  0.047102  1.285143  0.084449
1424  984.703980  1017.824236  17.820391  0.066010  1.198640  0.114434
1425  886.421996  1027.219722  17.749771  0.079695  1.208912  0.045027
1426  1038.124319  1054.222008  17.969025  0.098023  1.269175  0.041847
1427  1117.003899  1078.160364  17.648519  0.047887  1.151407  0.086149
1428  910.770196  1013.793772  17.801059  0.072889  1.318501  0.045158
1429  954.951516  1018.548593  17.566094  0.048010  1.224284  0.039125
1430  900.491489  1011.721380  17.495126  0.054152  1.401939  0.070062
1431  1078.371942  933.752054  17.423252  0.043822  1.229488  0.050035
1432  952.015258  1127.190057  17.377504  0.061974  1.276960  0.060840
1433  1092.977111  1057.040876  17.397153  0.069339  1.250445  0.063512
1434  1062.747382  1080.807629  17.320172  0.049257  1.270155  0.043371
1435  987.121746  1003.239096  17.315833  0.078091  1.227502  0.037727
1436  856.394486  992.386826  17.329064  0.038584  1.237460  0.067146
1437  1000.497951  933.792809  17.324804  0.089686  1.195013  0.039854
1438  1035.112919  912.018678  17.293340  0.051941  1.204247  0.035769
1439  1088.464855  1036.055798  17.268652  0.046378  1.184277  0.049608
1440  870.614262  1149.838848  17.217276  0.085397  1.161174  0.038184
1441  981.059318  1024.430572  17.192042  0.045625  1.244301  0.050932
1442  1073.131786  1025.528873  17.062869  0.095124  1.167841  0.052378
1443  1017.755935  903.022367  17.105228  0.055188  1.241897  0.043336
1444  1028.630753  956.272988  17.239928  0.116789  1.255831  0.056232
1445  943.774945  1143.093473  17.140917  0.034788  1.232509  0.045809
1446  977.738813  1051.569193  17.087007  0.077407  1.186329  0.046049
1447  1054.842716  1072.696852  17.068965  0.036965  1.241859  0.041871
1448  877.235999  1020.221317  17.091015  0.034274  1.153317  0.045527
1449  999.911506  1047.737324  16.896905  0.079026  1.223995  0.069064
1450  1029.580042  1053.077012  16.966537  0.033563  1.288860  0.048257
1451  1081.900954  916.540088  16.854248  0.039966  1.224951  0.041716
1452  1056.282358  1089.715200  16.794894  0.103856  1.227183  0.061969
1453  1079.942390  1049.235313  16.672682  0.072141  1.119143  0.104150
1454  1084.469084  1080.690934  16.700006  0.053022  1.133161  0.059483
1455  1068.838339  1031.856169  16.622222  0.103099  1.083761  0.049251
1456  856.900895  1079.009649  16.573392  0.078456  1.055085  0.046199
1457  1056.598999  995.216404  16.567748  0.069392  1.086718  0.087628
1458  1033.342095  890.116506  16.467306  0.059292  1.090744  0.041612
1459  1104.769741  965.846405  16.574653  0.058951  1.163162  0.056085
1460  1181.536932  955.819950  16.464592  0.044632  1.058762  0.079532
1461  970.464317  978.341560  16.445793  0.038053  1.147499  0.053856
1462  1030.588948  967.508931  16.490162  0.041457  1.050502  0.066411
1463  1050.426307  932.585554  16.426224  0.051316  1.054220  0.052892
1464  1076.615639  1009.328210  16.417066  0.033520  1.074214  0.053873
1465  935.051489  960.661135  16.348565  0.056269  1.070243  0.062457
1466  1071.819837  1045.990523  16.254048  0.070797  1.095914  0.066595
1467  1058.159555  1085.109821  16.264734  0.036747  1.132404  0.075867
1468  800.699433  994.391962  16.239055  0.079138  1.062950  0.063636
1469  940.717199  947.859476  16.196837  0.054326  1.016263  0.030804
1470  1038.874829  991.599596  16.151084  0.030313  1.017613  0.038432
1471  917.220700  1102.560440  16.147747  0.063402  1.041562  0.046803
1472  1217.209876  1134.127186  16.042321  0.066225  1.022763  0.055898
1473  947.356488  1022.120120  15.974788  0.042573  0.946021  0.051752
1474  1025.601004  914.086892  15.790600  0.047543  0.911131  0.047755
1475  918.738289  971.554079  15.864851  0.073092  0.966646  0.031028
1476  1090.869944  1006.598963  15.842119  0.035271  0.937995  0.028397
1477  960.735355  948.503572  15.752734  0.028018  0.967685  0.058998
1478  895.897498  1166.814679  15.790529  0.047104  0.980327  0.035847
1479  1072.844349  963.130102  15.724152  0.076901  0.851061  0.060592
1480  855.851315  1044.666655  15.729779  0.057971  0.964824  0.062217
1481  1039.155814  915.679396  15.630552  0.032757  0.891722  0.070199
1482  953.488200  1110.889267  15.615824  0.047258  0.923759  0.048248
1483  1004.304445  1135.345684  15.624213  0.026273  0.915594  0.039188
1484  910.010757  1022.089421  15.640809  0.027071  0.927316  0.078153
1485  977.993196  1066.445128  15.505032  0.074490  0.958223  0.063499
1486  1106.691850  1223.381094  15.486734  0.047407  0.852894  0.036451
1487  851.128914  1020.122563  15.395967  0.054504  0.852661  0.026522
1488  983.170109  1146.697708  15.319414  0.047848  0.833008  0.024417
1489  1170.474230  1007.081533  15.317506  0.034421  0.933307  0.075564
1490  915.102351  1027.664896  15.242643  0.031575  0.819740  0.026718
1491  992.266076  1032.730931  15.226988  0.036983  0.975101  0.065459
1492  932.156723  951.920824  15.236987  0.027636  0.852759  0.063484
1493  998.128128  1076.532224  15.132808  0.073975  0.872284  0.030478
1494  979.947889  1001.742316  15.101433  0.032825  0.864535  0.035991
1495  1177.218089  1176.320614  15.117834  0.027432  0.746724  0.062684
1496  1165.691597  871.790285  15.140585  0.034507  0.830162  0.032020
1497  1023.619912  995.104911  15.031125  0.034150  0.792539  0.028530
1498  1046.920909  986.249196  15.028161  0.085022  0.833107  0.024795
1499  1078.480507  1042.640937  14.886208  0.028585  0.733878  0.067993
1500  1138.774344  834.999112  14.854397  0.035457  0.811872  0.024478
1501  1006.002790  911.049912  14.825964  0.033500  0.757422  0.039392
1502  949.879296  956.783964  14.804569  0.044556  0.732389  0.023290
1503  1094.881833  1115.412480  14.695246  0.032294  0.714324  0.033241
1504  1053.984502  1003.380285  14.713506  0.030696  0.763739  0.033988
1505  1071.042540  971.338056  14.656988  0.041132  0.822003  0.041370
1506  948.616172  1161.527276  14.721597  0.042566  0.682168  0.043798
1507  1061.135544  1028.937380  14.469707  0.029786  0.680562  0.044611
1508  996.666327  1134.259569  14.525671  0.027720  0.715500  0.027438
1509  1110.791455  1072.827392  14.379530  0.032761  0.679259  0.072051
1510  1026.900111  1066.282291  14.429712  0.060946  0.701177  0.034674
1511  801.644933  993.502720  14.290140  0.031347  0.675598  0.023526
1512  935.595090  1053.439037  14.298680  0.022941  0.682543  0.032466
1513  1031.878820  1016.955392  14.233333  0.046288  0.658591  0.024182
1514  1003.460669  919.615570  14.196738  0.029688  0.588556  0.049755
1515  1029.283901  1198.026752  14.133769  0.027637  0.743363  0.054822
1516  995.929559  1021.085368  14.096216  0.023801  0.694944  0.035787
1517  1099.247043  1002.811167  14.003316  0.035093  0.675816  0.051919
1518  919.130010  932.657091  13.931188  0.052358  0.575393  0.070527
1519  960.113377  899.010601  13.886983  0.029306  0.649064  0.023752
1520  958.857974  1147.928535  13.853154  0.040545  0.611824  0.034081
1521  1079.068017  1026.279834  13.889663  0.040899  0.644879  0.036421
1522  1054.034493  862.602998  13.788314  0.040277  0.644161  0.051219
1523  1046.382858  1093.226701  13.752806  0.042951  0.634417  0.027885
1524  1105.803366  942.655345  13.733964  0.046090  0.558251  0.053227
1525  862.068388  1004.155085  13.653544  0.031397  0.530460  0.033698
1526  1054.148547  1218.699653  13.571869  0.032107  0.606883  0.032363
1527  997.385974  858.508124  13.488122  0.037030  0.525209  0.045174
1528  1182.479340  896.140698  13.453285  0.020965  0.469207  0.025964
1529  1088.040468  1022.405325  13.451029  0.037034  0.550944  0.038189
1530  1181.879112  910.643466  13.371120  0.052352  0.531219  0.030480
1531  999.389082  1040.179384  13.287891  0.029140  0.480688  0.028855
1532  1010.163384  934.604943  13.217328  0.033004  0.462192  0.048683
1533  1054.936248  1087.920804  13.229903  0.020620  0.460850  0.061342
1534  1066.490143  1081.158287  13.126376  0.024949  0.421285  0.043438
1535  1010.827510  1028.110111  13.036750  0.019232  0.600960  0.070335
1536  894.486753  925.359882  12.930096  0.045804  0.357193  0.037873
1537  1038.862602  964.515000  12.832437  0.048508  0.392289  0.037397
1538  1022.268129  1021.203784  12.874851  0.018843  0.323848  0.046286
1539  1075.001917  948.483994  12.859990  0.035369  0.364321  0.021973
1540  989.995520  1033.533235  12.713977  0.025952  0.358514  0.039174
1541  1091.412562  985.618698  12.713551  0.034222  0.379906  0.033807
1542  1016.251310  1005.034803  12.589328  0.057043  0.282707  0.027359
1543  1085.190799  1058.079539  12.641316  0.052877  0.321490  0.023756
1544  956.851364  883.031306  12.518352  0.029458  0.344999  0.032623
1545  1144.504586  947.199324  12.452496  0.018675  0.308314  0.020047
1546  1137.075671  1042.686996  12.388841  0.025796  0.250523  0.027499
1547  1043.567780  1109.817160  12.342579  0.026768  0.264061  0.023898
1548  1114.718249  1083.335537  12.296112  0.029695  0.241241  0.051002
1549  1067.860296  1003.376271  12.229069  0.024905  0.230999  0.018770
1550  1079.539671  1087.490785  12.195840  0.027482  0.210661  0.017693
1551  1006.603387  1150.544056  12.166896  0.026191  0.197053  0.028897
1552  922.794598  1023.943537  12.076046  0.018897  0.220147  0.031671
1553  943.974339  1036.870738  12.041850  0.017776  0.154005  0.030170
1554  1042.944328  922.285261  11.983620  0.024515  0.182240  0.026053
1555  984.202342  1070.643937  11.896624  0.020695  0.202774  0.024869
1556  986.077327  1083.838730  11.812416  0.038952  0.130254  0.043056
1557  1001.823355  965.575721  11.840645  0.021626  0.130609  0.026528
1558  1017.193800  891.805696  11.770506  0.018613  0.119820  0.024510
1559  930.073477  1000.035369  11.685628  0.035837  0.122686  0.020496
1560  834.414756  1002.143293  11.657135  0.020416  0.149790  0.023657
1561  1040.753377  989.109514  11.589472  0.044544  0.071977  0.029163
1562  895.817298  947.587543  11.557114  0.017347  0.070938  0.034016
1563  1083.841536  974.620815  11.551923  0.017753  0.088518  0.050993
1564  984.839393  1036.396052  11.453678  0.026377  0.077014  0.022070
1565  1066.938737  1144.619254  11.432597  0.021050  0.094990  0.030959
1566  1028.217180  913.994875  11.316697  0.041176  0.108516  0.029603
1567  1067.009516  877.180826  11.252657  0.038944  0.106806  0.040358
1568  1072.820859  1138.463867  11.226168  0.037593  0.013538  0.049119
1569  948.181422  1079.015588  11.035461  0.022486  0.074013  0.019230
1570  1023.665111  957.850808  10.974482  0.026999  0.065659  0.016825
1571  1011.601326  1180.370473  10.944647  0.022142  0.065609  0.025740
1572  1108.540723  1108.572754  10.865661  0.018273  0.064782  0.029921
1573  957.096305  1026.796278  10.723905  0.031237  0.023037  0.021106
1574  991.904051  954.026168  10.706139  0.040697  0.031049  0.022758
1575  1097.013412  1026.426388  10.543577  0.026648  -0.005201  0.018918
1576  1174.182298  947.314442  10.410677  0.039998  0.011469  0.016903
1577  986.645074  906.275758  10.344608  0.025698  0.033246  0.034980
1578  999.515914  1089.952461  10.317542  0.025171  0.010589  0.018171
1579  967.844639  995.889152  10.150042  0.019529  0.036171  0.038727
1580  1101.712650  1164.171223  10.099556  0.030494  -0.009829  0.027786
1581  1072.619151  1011.039949  9.867534  0.017213  -0.032974  0.016843
1582  1058.562580  891.400827  9.744900  0.033933  -0.004656  0.026370
1583  1012.509225  993.918280  9.702687  0.050421  -0.016397  0.018553
1584  1143.989985  896.922829  9.610245  0.032019  -0.022868  0.019869
1585  1115.641856  1060.786012  9.314161  0.020868  -0.015103  0.017017
1586  840.501658  1124.690063  9.227318  0.028197  -0.024428  0.019380
1587  1200.918098  1102.910505  8.913284  0.034123  -0.007782  0.035610
1588  1078.779392  1079.898870  8.727669  0.018794  -0.048816  0.027659
1589  944.168284  907.038536  8.305077  0.033663  -0.056698  0.044038
1590  1052.296643  1068.044964  8.014811  0.020935  -0.068548  0.026646
1591  1233.243873  922.887537  7.196933  0.023513  -0.117450  0.019058
1592  952.803779  971.869839  6.169193  0.021510  -0.104696  0.015827
1593  964.843418  1100.855276  5.997625  0.016227  -0.087003  0.019958
20  820.083826  728.542627  7.165397  0.018863  0.152632  0.032624
21  1113.941290  1013.575003  8.783196  0.027765  0.565457  0.029513
22  772.010837  1552.525824  7.952056  0.022959  -0.149311  0.058627
23  706.127125  1726.839967  13.249135  0.042138  2.584252  0.021668
24  373.560124  1175.114109  12.542510  0.023057  2.025132  0.036672
25  1214.576759  261.040713  10.064891  0.020546  0.650642  0.036836
26  459.470859  254.039126  9.753719  0.021782  0.391202  0.018598
27  322.475349  608.872937  9.277696  0.016883  0.190411  0.021314
28  1308.473141  1490.990537  8.785758  0.029094  -0.070748  0.027053
29  555.261605  1150.821820  11.801700  0.038289  1.587355  0.018725
210  71.430789  183.003963  9.350160  0.030973  -0.086360  0.053093
211  170.875762  1407.664337  9.584777  0.028972  -0.090558  0.034529
212  142.759062  1132.153501  12.088567  0.028282  0.957800  0.032976
213  1180.151610  1906.238840  10.382129  0.023509  0.033197  0.032789
214  461.869786  84.521236  15.089592  0.066892  2.369191  0.042892
215  2038.320887  471.159928  15.290792  0.062087  2.732101  0.046418
216  895.201576  958.089106  10.768690  0.043725  -0.002306  0.031093
217  519.246346  266.302052  10.979761  0.021046  0.049724  0.017001
218  100.797177  1798.566874  11.444197  0.034371  0.144947  0.038252
219  388.018369  785.528553  11.755553  0.047567  0.218866  0.040742
220  286.801599  1435.384795  16.468425  0.083018  2.888007  0.039962
221  165.326922  1523.707046  11.831753  0.021930  0.297673  0.031250
222  2012.561470  353.930037  13.116654  0.062899  0.808372  0.057986
223  1600.617933  538.762212  12.118341  0.036773  0.235878  0.023026
224  1959.103698  1508.187613  16.225380  0.033466  2.355782  0.052301
225  51.208774  893.576830  12.611950  0.044719  0.530405  0.036053
226  639.674587  1613.233692  12.272343  0.026536  0.391022  0.035145
227  1004.132621  106.655214  17.224002  0.043087  3.121579  0.038229
228  1536.654758  1700.846098  12.821560  0.055506  0.581595  0.020952
229  162.004110  452.221311  12.609878  0.047384  0.194995  0.027199
230  799.260821  1943.232532  15.629183  0.041754  1.739808  0.034345
231  1277.979929  496.141356  12.909589  0.047237  0.277200  0.023838
232  1615.083589  986.691803  15.634776  0.045835  1.740947  0.050240
233  621.462959  424.895276  14.557128  0.042903  1.367373  0.032799
234  1252.785702  1904.831452  12.925069  0.019120  0.293736  0.072851
235  364.867986  446.542518  13.111071  0.030671  0.225647  0.025165
236  1254.865767  1537.580009  12.865399  0.026412  0.130902  0.021926
237  1886.085642  1983.182945  15.161819  0.040815  1.513297  0.046279
238  365.678541  747.839835  17.871586  0.053666  2.740340  0.089476
239  790.271444  2028.769778  12.927687  0.040996  -0.069538  0.033858
240  1425.258094  630.150045  13.697122  0.027361  0.312885  0.039387
241  288.015454  1597.625133  13.413653  0.030270  0.305604  0.020971
242  562.347722  1415.859974  19.207710  0.086341  3.447492  0.061234
243  1685.391149  4.103062  16.342837  0.061281  1.952816  0.042925
244  1956.944313  165.794355  12.960441  0.047239  0.112193  0.024481
245  510.119556  422.167249  16.895022  0.040798  1.893633  0.118158
246  1302.811803  1699.821548  15.943724  0.039713  1.546665  0.067938
247  2042.689619  2019.272423  15.504843  0.052947  1.412542  0.055334
248  185.526412  942.231961  12.655422  0.022819  -0.071243  0.042969
249  450.996708  1828.645458  14.980670  0.036862  1.174334  0.047530
250  1721.148746  1582.447796  13.425420  0.035000  0.310804  0.029413
252  2047.958430  1416.120292  19.413344  0.078331  3.466111  0.080732
253  654.075260  899.834485  19.783793  0.078371  3.454975  0.148489
254  733.525456  872.302549  13.928421  0.029927  0.291134  0.021220
255  378.002023  478.421124  16.906355  0.103612  2.059468  0.066136
256  1045.176446  1433.809388  17.016451  0.034751  1.987422  0.064164
257  1750.203693  338.214217  14.662270  0.032758  0.520594  0.026022
258  1381.706549  1256.234879  12.946509  0.033736  -0.159922  0.036996
259  1915.128642  648.903111  15.041468  0.024241  1.063836  0.055633
260  1980.595550  1279.074141  13.123990  0.021614  -0.379583  0.029847
261  1092.338750  407.200377  14.569211  0.033780  0.863004  0.063711
262  1932.779843  1117.496607  14.770465  0.045802  0.584726  0.039367
263  1814.365596  1965.268193  14.008350  0.040841  0.345552  0.056385
264  1676.059862  1634.441336  17.269262  0.058260  2.273318  0.045191
265  561.282734  697.952946  14.008816  0.025891  0.450156  0.021409
266  447.743733  1432.153967  14.545639  0.059556  0.619638  0.056624
267  1714.809105  1635.377454  19.676560  0.139830  3.339235  0.086684
268  7.025574  1544.398575  13.998456  0.035867  0.366206  0.035331
269  1118.360523  1227.300621  14.344957  0.070821  0.684707  0.033210
270  1509.730274  1197.032407  16.738585  0.052379  1.880443  0.058849
271  1351.609309  133.236670  19.777860  0.109564  3.305785  0.168832
272  384.452465  338.521137  18.585743  0.094126  2.764213  0.091603
273  783.319280  841.570742  14.958956  0.035783  0.545921  0.049828
274  781.877563  1929.295858  14.826497  0.044476  0.559454  0.041620
275  141.168628  1381.571577  14.762871  0.053880  0.872628  0.023095
276  1336.958215  479.480315  13.631866  0.054689  -0.137389  0.036138
277  1565.577961  831.476043  17.710637  0.060460  2.082821  0.092687
278  269.808232  674.939015  18.130369  0.062872  2.099591  0.049831
279  1054.276669  1527.786556  15.161412  0.042438  0.477801  0.077330
280  839.857350  1993.790473  18.425030  0.051441  2.424250  0.063837
281  1117.448620  655.354740  15.193143  0.037515  0.694188  0.038119
282  1717.859478  1638.579869  14.133332  0.051952  0.070138  0.054685
283  208.695111  1181.566126  16.782329  0.067664  1.666202  0.070564
284  413.140376  1250.525334  15.501980  0.081665  0.596986  0.081860
285  360.929138  337.194206  15.268239  0.055418  0.669118  0.046701
286  723.541389  329.521504  14.346229  0.037292  0.221947  0.024559
287  1191.612702  1799.492204  17.025638  0.064120  1.692028  0.080601
288  1817.655965  173.609217  14.878307  0.050340  0.425730  0.034384
289  465.357738  1567.881271  17.709369  0.078587  2.107468  0.096635
290  1848.345503  51.526223  14.702104  0.035455  0.409546  0.063842
291  1084.709603  2019.217402  14.901563  0.029927  0.480150  0.045012
292  192.063881  1953.784806  15.978929  0.060652  1.129845  0.044838
293  485.768552  500.045598  15.062778  0.029362  0.567851  0.037391
294  1375.310048  204.813745  14.754402  0.062948  1.005222  0.030507
295  408.429069  2009.744471  15.225001  0.058221  0.634864  0.024300
296  1439.913871  1555.158647  17.063254  0.074513  1.666412  0.036572
297  454.239361  1266.668032  14.831276  0.031570  0.353395  0.045652
298  257.317438  563.487682  16.880969  0.032212  1.542051  0.059034
299  1670.769467  1808.863064  15.802080  0.029484  1.061522  0.048486
2100  1124.788955  612.519650  17.828909  0.083117  1.813846  0.096162
2101  90.261024  434.007575  17.290315  0.046633  1.368240  0.047459
2102  1079.714952  1106.405409  16.626258  0.037120  1.176624  0.035789
2103  389.874795  1424.536246  20.094700  0.103402  3.346660  0.084972
2105  1465.903472  1382.728318  15.946789  0.057611  1.241459  0.035146
2106  586.455637  1340.914840  17.125013  0.143282  1.375138  0.044596
2107  903.523210  785.239300  15.739619  0.046500  1.216891  0.025779
2108  1026.731814  291.059973  14.025753  0.046651  -0.316438  0.025327
2109  1728.661509  1110.589396  16.303997  0.032349  1.017334  0.082247
2110  1729.515963  1217.469864  18.264639  0.065562  1.992560  0.048406
2112  305.913055  1950.351819  18.335361  0.085424  2.169984  0.058617
2113  146.742542  1997.486547  18.991689  0.057504  2.542089  0.092440
2114  897.669892  117.030964  15.512234  0.042447  0.214455  0.048189
2115  507.543801  1408.760218  15.651988  0.035637  0.506007  0.025758
2116  767.939888  771.228430  15.446257  0.076824  0.589615  0.024774
2117  198.957091  2007.406921  15.685150  0.064315  0.652655  0.095994
2118  1045.880879  1511.341147  16.903609  0.053469  1.302378  0.127630
2119  1287.105709  450.262687  19.967758  0.090897  3.132632  0.077197
2120  1485.408012  369.969291  19.729642  0.125586  2.937052  0.154403
2121  909.474797  1880.426164  15.689046  0.060114  0.679989  0.042329
2122  107.000723  1306.432312  15.663073  0.034094  1.120776  0.053140
2123  916.415330  1594.896293  18.186273  0.048836  2.053030  0.053496
2124  438.943597  1990.614158  15.688756  0.069315  0.502158  0.085812
2125  1185.158891  990.885885  19.853335  0.240680  3.055920  0.137529
2127  1026.610725  1937.222682  15.536053  0.035883  0.503731  0.060085
2129  1421.907179  1938.643341  15.822728  0.043826  0.545435  0.026319
2130  2045.959049  596.611459  17.682999  0.130722  1.894019  0.041943
2132  1771.584062  1059.253633  18.290257  0.051678  1.991164  0.056996
2133  349.351436  207.661034  15.863089  0.029508  0.704755  0.037489
2134  1407.535069  1060.461531  14.995362  0.024562  0.251744  0.103494
2135  1416.611414  97.005267  16.718200  0.062499  1.051687  0.084747
2136  973.730574  26.335889  19.780550  0.174035  2.914559  0.099627
2137  993.139144  1305.918667  14.769914  0.030219  0.217143  0.035266
2138  710.918198  1158.424273  16.900812  0.089389  0.876069  0.039489
2139  221.785621  485.032625  16.131764  0.036893  0.933142  0.031543
2140  992.464341  1602.800183  19.469985  0.095803  2.345945  0.086361
2141  161.569944  381.716768  16.784302  0.032358  1.748249  0.071716
2142  1096.866220  1548.871338  16.604182  0.081532  0.586944  0.059578
2143  1518.521205  596.772512  19.243773  0.105427  2.236902  0.071444
2144  1333.597823  524.154780  16.436459  0.033974  1.093751  0.051079
2145  1102.052497  1408.833385  16.741568  0.061240  0.752934  0.086516
2146  1012.680116  291.790111  19.989450  0.166509  2.667658  0.120329
2147  1981.024590  136.107587  15.722232  0.031846  0.057598  0.034487
2148  1173.619301  1119.755882  15.122105  0.042731  -0.073056  0.032935
2149  314.905799  1665.503798  16.454256  0.043193  1.339341  0.038312
2150  1351.559362  1963.809809  16.312347  0.062850  0.533798  0.031513
2151  1035.048187  9.843280  16.004127  0.032390  0.671940  0.054269
2152  1254.020499  129.834458  15.631080  0.042383  0.198139  0.027479
2153  345.455032  1470.633348  16.279991  0.034929  0.635554  0.040031
2154  663.107715  1457.832811  17.145535  0.040782  1.144893  0.041815
2155  1785.189434  1855.939451  16.361538  0.045413  1.240664  0.044169
2156  333.687163  1837.280537  15.923579  0.097787  0.573900  0.050043
2157  1654.329618  1687.574952  14.554793  0.050556  -0.514804  0.045412
2158  1092.543496  1741.360950  16.267279  0.059256  0.661409  0.030227
2159  246.270305  256.867021  18.572796  0.055514  1.754680  0.065647
2160  332.365901  586.901447  15.999347  0.049839  0.389750  0.049876
2161  579.189122  507.388090  16.322996  0.045085  0.661765  0.047652
2162  1308.963918  1916.545251  16.684686  0.050785  0.832891  0.057323
2163  996.873005  1759.078380  16.866376  0.070222  0.992659  0.037324
2164  443.333758  485.511516  16.171495  0.066369  0.884960  0.065912
2165  1479.295825  342.389963  15.626020  0.060411  0.143144  0.054159
2166  293.222342  1241.624900  14.656462  0.028273  -0.391744  0.071758
2167  374.038770  314.167935  16.766275  0.048629  0.835184  0.039532
2168  77.223156  1946.779989  14.264786  0.036255  -0.363253  0.039477
2169  175.016909  420.359941  15.121945  0.052357  -0.081113  0.044232
2170  1605.114799  785.329523  17.284611  0.087110  1.001555  0.045183
2171  1147.034396  378.806452  17.434434  0.063689  1.209528  0.095651
2172  2004.544860  1769.185991  17.477793  0.044061  1.373937  0.049748
2173  1005.244920  1596.568137  19.766134  0.114205  2.814318  0.099028
2174  1990.008777  583.904905  16.972531  0.061354  1.715943  0.048531
2176  1797.515312  1351.249453  18.268323  0.069510  1.557924  0.096769
2177  317.477244  1767.259148  16.828254  0.044132  0.918350  0.071427
2178  579.684828  1365.692484  15.597744  0.060997  0.269497  0.030405
2179  768.789371  539.355304  17.042550  0.052495  1.199113  0.060561
2180  878.861916  1925.341343  16.674941  0.055510  0.839695  0.093264
2181  1290.305082  1458.468550  19.418302  0.092987  2.251590  0.118305
2182  117.703691  1094.258869  16.829218  0.034834  0.689112  0.068797
2183  442.467052  628.159996  16.846379  0.070613  0.846063  0.037217
2184  45.019017  1396.508780  16.792273  0.109789  0.946628  0.101240
2185  1547.573710  448.155879  14.902032  0.035209  -0.150726  0.028183
2186  393.503665  916.089354  16.582266  0.039338  0.452285  0.091651
2187  759.065699  1542.855368  15.788121  0.059786  0.381536  0.049534
2189  41.470922  1983.660366  16.858096  0.058948  0.862123  0.075582
2190  801.129929  204.097882  17.116362  0.043724  0.823537  0.048914
2191  804.134459  1251.045141  16.581214  0.034332  0.669575  0.046837
2192  416.986897  1269.314461  16.621356  0.040256  0.753943  0.030999
2193  1688.876164  1611.534752  17.373150  0.053826  0.965150  0.081343
2194  606.080466  1423.540522  18.190420  0.064831  1.197860  0.080200
2195  870.520415  229.463902  17.708493  0.065157  1.313916  0.051952
2196  1933.218950  51.284284  19.563440  0.099141  2.228285  0.153483
2197  397.082025  1119.425954  18.516342  0.062960  1.367545  0.108946
2198  17.343556  2006.202044  17.229291  0.046349  0.749758  0.062141
2200  1099.587836  1129.848153  19.361121  0.142712  2.055064  0.105062
2201  214.994280  314.416454  17.785997  0.064166  1.862070  0.047680
2203  1523.032792  23.527997  18.251922  0.069215  1.212180  0.091612
2204  1270.618668  1794.117412  18.246258  0.052989  1.364967  0.087901
2205  1687.796586  287.909956  16.757344  0.065346  0.647585  0.042785
2206  459.744135  848.631230  17.079977  0.075692  1.423821  0.061170
2207  502.134465  1724.627110  20.263172  0.111657  2.414512  0.140313
2208  898.756449  1263.855817  17.396343  0.095962  1.036873  0.052143
2209  137.962773  1897.551829  16.865814  0.041633  0.636865  0.090592
2210  700.158713  1517.399192  17.916222  0.060702  1.193828  0.055678
2211  303.047055  2045.402294  17.294354  0.056873  0.935373  0.038710
2212  577.614661  1551.479193  17.441215  0.073760  0.954161  0.066038
2213  1216.969293  1473.644814  16.436143  0.051720  0.330494  0.075045
2214  650.094714  766.739337  17.000759  0.044835  0.695679  0.069140
2215  1154.944807  1547.630320  17.515998  0.076303  1.469133  0.063361
2216  1808.441088  866.975789  18.338251  0.082708  1.570196  0.126412
2217  1918.621663  290.436786  18.013144  0.052450  1.353973  0.065165
2218  793.365833  164.546758  17.784480  0.094162  1.698302  0.046332
2219  1270.232026  1096.672259  17.661558  0.039502  0.967341  0.055018
2220  1500.825036  358.758455  16.977147  0.079903  0.692125  0.042263
2221  307.133464  94.994305  18.974474  0.075901  1.745997  0.071229
2222  1633.816007  1359.912651  17.655096  0.050036  1.305372  0.044424
2223  1172.604161  1082.070822  18.082473  0.046180  1.428535  0.067078
2224  515.410432  1065.052651  18.451898  0.098218  1.632860  0.065872
2225  1763.579476  1245.934889  18.479174  0.154612  1.384423  0.087210
2226  1657.262465  1823.787273  20.353302  0.089069  3.019659  0.258999
2227  690.593795  1935.775990  17.095577  0.039474  0.905760  0.052912
2228  1894.035051  481.552225  16.495158  0.071587  0.454786  0.039877
2229  245.019009  764.703321  17.566357  0.038564  1.007581  0.039708
2230  1544.437355  1113.259960  20.101602  0.109562  2.687928  0.219343
2231  427.177627  487.660934  15.064951  0.028803  -0.328446  0.041516
2232  122.632254  1429.470565  18.819118  0.080076  1.568487  0.118846
2233  1796.084737  1475.506417  17.021419  0.061073  0.664832  0.096539
2234  651.274263  836.970426  17.428936  0.055571  0.848621  0.064396
2236  922.891999  1548.395925  16.922129  0.032731  0.853604  0.040575
2238  217.112494  160.840038  20.243328  0.134055  2.404702  0.104919
2240  1755.296459  52.370831  20.308411  0.162278  2.276941  0.234036
2241  1786.034501  2040.612398  15.983459  0.043430  0.205116  0.052886
2242  141.052355  1499.071228  16.806317  0.040048  1.051422  0.063214
2243  562.185670  134.719049  15.658238  0.055680  -0.288458  0.095961
2244  187.897295  14.340533  17.929949  0.058039  1.052928  0.122573
2245  1874.730313  897.247204  17.661617  0.077049  1.693912  0.072481
2246  1168.562194  1532.538792  18.802819  0.089461  2.066586  0.181751
2247  1042.076090  1181.717976  19.560623  0.170811  1.958954  0.094981
2248  1900.217766  1090.524018  19.813879  0.133322  2.096557  0.167182
2249  909.055747  1909.894643  19.767341  0.132175  2.550908  0.138638
2250  1126.562725  148.637214  19.800932  0.106535  2.366886  0.141517
2251  1144.593976  1525.026430  17.417851  0.039990  0.900614  0.038365
2252  2038.317462  639.209435  17.011871  0.042351  1.103445  0.044376
2253  275.169154  1000.511595  19.762316  0.151973  1.924331  0.072062
2255  1927.259107  1938.317741  18.456638  0.048456  1.304004  0.111557
2256  398.405269  1595.388816  18.569864  0.052671  1.367522  0.080125
2257  1148.562224  310.227538  16.783360  0.076112  0.999508  0.055457
2259  912.490260  731.259302  17.853309  0.069671  2.194580  0.087085
2260  1208.953358  1049.986182  18.343766  0.058684  1.465352  0.090677
2261  1973.382105  1130.973087  18.187930  0.072624  1.145643  0.049332
2263  1310.313083  311.186754  17.572043  0.051555  1.023532  0.071206
2264  1949.434197  476.756223  16.447101  0.032817  0.247927  0.049655
2265  1645.103678  159.311185  17.810507  0.041686  1.267364  0.074570
2266  1164.606657  108.209375  17.680293  0.098508  0.577238  0.053129
2267  445.647419  687.549452  18.489611  0.123938  1.106936  0.123601
2268  1270.594810  1660.884985  18.452054  0.052413  1.014135  0.101796
2269  932.218674  1277.188895  20.110332  0.203575  2.372277  0.119623
2271  1024.565475  1383.552073  19.578370  0.070491  1.764433  0.101873
2272  690.587996  69.995378  18.788954  0.108487  1.179186  0.092360
2273  869.063577  1936.559972  17.585029  0.079154  0.756677  0.060523
2274  743.797804  1311.686103  19.287581  0.137747  1.697900  0.100743
2275  1155.626929  1167.887994  18.272894  0.052993  1.213596  0.077597
2276  1667.613501  297.773209  18.353824  0.105938  1.105201  0.057555
2277  1442.007099  1688.882086  19.437165  0.113791  1.767717  0.097097
2278  1149.567885  1886.634783  18.086208  0.043930  1.102676  0.112206
2279  1100.587173  1228.243848  18.139370  0.098238  1.130117  0.077209
2280  557.497335  145.587121  18.378054  0.061189  1.190467  0.064308
2281  206.099792  339.128280  18.620215  0.052081  1.521321  0.055332
2282  825.369469  898.741951  17.764841  0.047454  1.189309  0.054733
2284  1436.421411  339.375355  19.592492  0.159548  2.037897  0.152351
2288  795.576967  1795.686828  19.522950  0.077145  1.582589  0.098313
2289  926.039881  1833.749587  15.622184  0.030008  -0.507523  0.033636
2290  1232.445955  1325.147301  17.010826  0.059642  0.353913  0.033940
2291  1328.131434  1767.332104  17.908066  0.062958  1.228640  0.092925
2292  1467.096918  537.895932  18.065916  0.058142  1.104931  0.054907
2293  1896.092289  1859.691261  17.933748  0.058976  1.013555  0.079760
2294  932.935693  1064.636517  17.810154  0.041583  0.847046  0.095801
2295  1939.393057  1937.012278  20.138486  0.105589  2.065163  0.094830
2296  728.877982  1761.639028  17.549426  0.075861  0.597959  0.079097
2297  35.637270  1133.100022  17.203755  0.048004  0.533542  0.061655
2298  1137.753464  980.550835  17.839455  0.063330  1.488171  0.085076
2299  1518.680799  377.639336  16.422055  0.062663  -0.073799  0.030263
2300  261.071940  1821.251648  18.553721  0.060153  1.950054  0.107240
2301  443.746681  928.771687  19.172942  0.152760  1.358869  0.098096
2302  30.572120  796.570157  17.803904  0.050604  0.870482  0.067070
2303  895.188419  1930.060214  17.945373  0.207213  1.226468  0.073598
2304  675.124306  1923.594806  19.239401  0.108204  1.306401  0.083001
2305  277.816005  878.597692  16.997263  0.071403  0.114624  0.081291
2306  1024.036537  1277.548531  17.960580  0.067085  0.876982  0.084443
2309  1495.924799  767.912866  20.597733  0.223770  1.976839  0.159856
2310  1730.415239  32.848977  19.250878  0.154000  1.721916  0.116119
2312  1199.404032  1110.346599  20.498620  0.276664  2.441424  0.127886
2313  420.025665  1877.311813  19.661762  0.187017  1.716749  0.073278
2314  1947.763927  508.325829  19.501890  0.142103  1.608238  0.187983
2315  388.339317  1388.478293  19.318547  0.065791  1.700997  0.077915
2316  790.506207  400.448204  19.713058  0.136759  1.965001  0.092176
2317  1511.630277  1044.549140  19.733316  0.079347  1.759118  0.073983
2318  1599.073656  773.396786  16.851230  0.090612  0.352143  0.063768
2319  816.778505  548.751692  17.714606  0.064313  0.887148  0.056429
2320  890.783691  517.933916  16.689254  0.056417  0.254122  0.037953
2321  430.994801  23.195657  19.109977  0.078544  1.865033  0.157741
2322  1325.736552  1341.451464  19.718402  0.130430  1.886905  0.163111
2323  1969.542655  264.257113  20.246633  0.248617  1.952198  0.109701
2324  1418.357128  648.101869  18.862515  0.109862  1.674928  0.128745
2325  896.540080  1382.077789  17.451600  0.051451  0.655780  0.109913
2326  928.800758  894.791173  17.307753  0.052800  0.319495  0.059911
2327  1023.675391  1061.918655  17.201946  0.153490  0.540064  0.113311
2329  192.182898  1450.165174  19.260867  0.074792  1.810557  0.143761
2330  781.826919  1175.432836  18.608647  0.049122  1.108728  0.105841
2331  1068.892357  1643.120718  18.327702  0.106534  0.894010  0.052271
2332  1659.409592  214.482649  19.452815  0.071318  1.519685  0.064184
2333  1084.773401  730.507698  18.255962  0.077218  1.125653  0.070262
2334  16.386396  289.196688  17.869506  0.101730  1.007919  0.064373
2336  996.940604  824.460891  18.306494  0.051468  0.938504  0.067115
2337  1439.468966  514.136718  19.285795  0.100078  1.519095  0.071877
2339  811.829465  1821.299458  19.122125  0.066440  1.329920  0.136508
2340  50.850121  694.345782  18.842972  0.081488  1.297724  0.137168
2341  1613.680961  1826.469569  18.640870  0.074008  1.405689  0.063749
2342  795.813006  341.165829  17.875164  0.053869  0.872629  0.056328
2343  1464.297960  1389.848552  18.345921  0.114265  1.009686  0.052275
2345  141.263347  69.467779  17.712308  0.056335  0.658780  0.038697
2346  1360.201612  506.877172  19.498261  0.109558  1.817864  0.126886
2347  1641.027653  1773.230518  18.119758  0.049468  0.989283  0.045359
2348  1889.746427  41.981211  20.238547  0.133073  2.044181  0.171325
2349  1447.773528  432.438913  17.767155  0.093172  0.744058  0.062853
2351  12.875151  823.516551  19.501510  0.116473  2.096098  0.145568
2352  1408.939509  1516.386032  18.005538  0.128094  0.906792  0.049118
2353  1168.388212  850.888110  17.656666  0.048945  0.974225  0.065656
2355  1107.082242  1724.301369  16.583384  0.096214  0.241998  0.079351
2356  744.065797  1708.114304  18.265200  0.053008  0.703651  0.110275
2357  1913.628790  1130.644955  20.371894  0.246545  2.629316  0.148179
2358  1111.956089  1383.188755  18.751742  0.091843  1.455730  0.056241
2359  1259.210275  2029.027051  19.255727  0.102675  1.785242  0.075070
2361  1909.920142  1340.987507  17.697101  0.124190  0.907437  0.053085
2362  1449.308988  1472.142081  17.978024  0.051875  0.850338  0.060107
2363  1459.966229  615.944017  19.252697  0.066655  2.036288  0.079997
2364  706.952697  1109.864888  19.322509  0.139501  1.267871  0.081048
2365  1145.781566  1456.599998  16.572037  0.061137  -0.153941  0.048545
2366  1235.009992  1566.159879  17.546384  0.063749  0.395178  0.041880
2367  713.547339  1682.897532  19.106699  0.163883  1.103638  0.121387
2368  76.691002  1054.536645  19.717278  0.069068  1.396064  0.069832
2369  926.562299  1025.666955  18.076829  0.065850  0.554119  0.047785
2370  938.094472  2036.656570  18.504530  0.124485  0.823622  0.128812
2371  1663.945962  133.664917  20.391778  0.093249  2.016655  0.249617
2372  974.946284  1159.909245  20.201150  0.087046  1.720316  0.082027
2373  1243.881842  1606.043198  19.671328  0.124660  1.388624  0.196241
2374  1089.246958  288.902528  19.342787  0.161943  1.581395  0.204950
2376  734.581228  1585.913953  19.403738  0.083121  1.238004  0.106136
2377  1841.723604  240.300705  18.437287  0.086573  0.756888  0.075686
2379  112.344297  630.898816  17.978847  0.071263  0.508620  0.053205
2380  696.584111  821.754173  16.446012  0.055149  -0.384075  0.054947
2381  1690.656240  404.390325  20.302112  0.169527  1.524877  0.105462
2382  907.844631  1746.433532  18.602464  0.062954  0.814993  0.103454
2383  415.193984  1878.563027  17.258981  0.109321  0.105545  0.039683
2384  1532.223455  221.252408  20.496607  0.153850  2.023215  0.105259
2385  471.156759  398.919248  18.786550  0.059376  1.223508  0.122297
2386  1951.138248  1733.205967  20.316245  0.168043  1.688306  0.298290
2388  757.614246  1385.994228  19.415791  0.098624  1.427577  0.106331
2389  1065.606233  706.965478  18.462015  0.053670  1.215357  0.055814
2390  781.365845  657.289962  20.328257  0.123939  1.986213  0.090073
2392  916.588977  1314.690310  18.943539  0.129041  1.521557  0.069988
2393  478.954161  303.590377  19.497978  0.156459  1.623868  0.103791
2394  973.927022  910.246464  17.538177  0.112282  0.237827  0.097785
2395  997.630535  1452.451635  19.805172  0.121730  1.530014  0.151614
2396  736.110111  1091.300048  20.487609  0.314531  2.602110  0.145819
2397  150.077740  1033.572978  19.321548  0.112967  1.389784  0.103391
2398  512.315870  1287.180783  18.148174  0.066203  0.589096  0.071787
2399  1090.458128  1095.217714  19.239002  0.084423  1.586193  0.074204
2400  1633.354272  1777.562449  18.319881  0.128420  1.057299  0.096226
2401  1433.828339  90.828790  18.887753  0.094394  0.991187  0.149905
2402  730.182693  1787.131536  18.931805  0.079736  1.144575  0.089267
2403  1074.079897  259.616031  18.509779  0.090754  1.116874  0.062003
2405  567.566706  664.566718  19.187326  0.080164  2.365812  0.114993
2406  2001.152682  1167.234479  18.891201  0.090652  1.101394  0.061675
2407  102.881894  818.058951  18.619625  0.088729  0.963746  0.100825
2408  357.927220  1448.460623  18.698083  0.062957  0.890753  0.084124
2409  18.989980  1276.822347  19.414791  0.087680  1.460043  0.122856
2410  555.126371  1716.084480  19.324103  0.084505  1.206731  0.064940
2411  1937.957459  1911.858999  20.580127  0.140606  1.926187  0.116076
2412  760.548512  922.805970  18.482466  0.060350  0.905042  0.056869
2413  1563.982023  333.700852  20.596070  0.095033  1.974744  0.188185
2414  228.262979  1292.752656  19.597250  0.170230  1.090254  0.077107
2415  468.385595  1076.471375  20.442840  0.127756  1.671159  0.363629
2416  1511.859685  1796.224483  16.731254  0.091938  0.104562  0.067371
2417  727.742558  1725.250086  17.917548  0.071536  0.548476  0.071340
2419  1180.443377  952.677580  18.829959  0.080234  1.103652  0.125082
2420  305.865276  1438.024732  19.390571  0.086442  1.897537  0.198202
2421  1849.257498  1980.196554  19.128815  0.106716  1.230155  0.087820
2422  1540.590062  1241.189566  19.189905  0.094047  1.313837  0.151284
2423  108.520754  405.678307  18.642200  0.093657  1.033430  0.067321
2424  206.012219  1190.527777  19.069221  0.074202  1.218675  0.073826
2425  1204.749622  859.937770  17.286735  0.059730  0.177203  0.056369
2426  416.218580  575.840397  19.334768  0.195088  1.737551  0.104384
2427  688.053791  902.809822  19.474517  0.088665  1.500143  0.091728
2429  1682.632439  2004.173980  19.442229  0.184864  1.644235  0.172464
2430  981.837377  219.268268  19.153002  0.104366  1.188694  0.087131
2432  373.815289  1994.053321  18.531322  0.056055  1.093714  0.073541
2434  386.365245  1628.536050  20.192139  0.145617  1.819788  0.324449
2436  917.046551  21.385990  19.000580  0.125033  1.093273  0.073701
2437  163.188151  1323.101709  18.637245  0.096525  0.964102  0.076862
2438  319.224032  10.111290  19.706228  0.192134  1.535541  0.080993
2439  865.256588  774.468521  17.014783  0.033514  -0.195637  0.054093
2440  809.689732  672.612859  18.573572  0.108969  1.124816  0.078552
2442  1834.463301  11.276182  19.633482  0.121822  1.589122  0.118489
2443  1107.286354  1292.805620  16.849279  0.037918  -0.019093  0.062887
2444  5.045486  768.710928  19.062611  0.093088  1.484213  0.106200
2445  856.560236  1849.514535  19.000702  0.095458  0.961960  0.060221
2446  1959.241725  1180.794561  20.307192  0.115460  1.866421  0.283093
2447  920.952791  573.948412  19.892654  0.077291  1.870967  0.146210
2448  467.028137  472.990836  18.683141  0.054317  1.031581  0.113396
2449  1086.189870  947.774496  19.711137  0.164950  2.221367  0.181961
2450  131.902858  475.487494  19.842438  0.082957  1.409038  0.102028
2451  1287.884443  681.483975  19.124118  0.066253  1.104335  0.111199
2452  1648.301641  274.804151  18.313984  0.066448  0.795005  0.082519
2453  1130.186784  49.958261  18.748939  0.128295  1.180492  0.085555
2454  1139.675346  1316.931540  19.068610  0.093902  1.260571  0.058238
2455  1837.303686  1465.364936  18.470941  0.115782  0.597225  0.063811
2456  1998.616832  1941.566334  18.804383  0.114189  0.856410  0.133259
2458  174.639852  1305.313889  20.305771  0.142272  1.577343  0.152396
2460  1247.353378  1098.876245  18.653621  0.062073  1.408208  0.108165
2462  1809.354127  986.610466  19.776811  0.131063  1.166579  0.089257
2463  1545.998509  1984.772335  16.723121  0.049500  -0.130146  0.038736
2464  1592.989172  68.971560  19.413388  0.114241  1.231400  0.086432
2465  656.959261  983.177651  20.158610  0.165508  1.682200  0.230814
2466  1461.108609  1326.121817  18.627449  0.095535  1.129219  0.093713
2467  948.484492  855.289878  18.725438  0.150089  2.224795  0.061088
2468  332.042670  1592.321247  18.903622  0.102357  0.975571  0.109856
2470  846.278342  56.950481  19.858828  0.191933  1.700351  0.125080
2471  901.566201  1746.569969  20.634856  0.176010  2.074975  0.229840
2472  1671.205659  1403.668613  18.338572  0.126651  0.495955  0.116985
2473  842.531301  1803.049739  20.502581  0.154939  1.685942  0.103740
2474  1589.827059  779.204359  19.489653  0.131386  1.528090  0.064551
2475  405.178030  1754.370528  19.670255  0.095546  1.344824  0.089122
2476  389.546673  741.381589  18.842441  0.094138  0.956172  0.089301
2477  1233.248091  340.628974  20.553878  0.279584  1.825401  0.137546
2478  836.379465  880.080316  16.721249  0.054130  -0.372462  0.038289
2479  136.980342  665.864397  19.913611  0.108863  1.490595  0.110298
2480  996.041941  860.984118  18.901334  0.095530  0.941939  0.098573
2481  1679.735872  180.056713  18.625980  0.085222  1.021465  0.115730
2483  211.124613  148.681800  19.270042  0.099100  1.281876  0.103951
2486  684.411707  1861.897329  18.931147  0.092346  0.967713  0.077190
2487  1539.799349  1886.844583  19.459482  0.086673  1.258664  0.082662
2489  1297.476526  2045.288832  19.873951  0.129679  1.533015  0.098693
2490  409.288531  940.666246  18.631868  0.054639  1.324873  0.098496
2491  890.732821  1646.049996  19.861999  0.077284  1.346944  0.162306
2492  1918.212791  595.537971  18.065866  0.048369  0.473155  0.053883
2493  1793.275683  1887.247722  18.507317  0.079512  0.985527  0.076074
2494  1476.971900  1163.862225  19.733025  0.106898  2.115951  0.102955
2495  969.119960  114.653885  19.469289  0.117532  1.232800  0.091508
2497  1750.737556  1320.790720  19.153189  0.100106  1.416950  0.089046
2498  445.270580  1002.522241  19.706386  0.112022  1.224885  0.098106
2500  69.104495  1820.415854  19.448336  0.129123  0.985313  0.144605
2501  1627.061200  875.408695  20.237658  0.112037  0.970064  0.278824
2502  1017.544247  1784.059877  17.036386  0.057975  -0.413437  0.037831
2503  131.166971  660.901599  19.881916  0.154705  1.331587  0.116060
2504  1549.830746  257.205920  19.551093  0.083152  2.021537  0.091962
2505  68.382846  2001.111407  20.159603  0.172725  1.633972  0.193351
2506  1106.219079  614.518775  19.772400  0.188896  1.150397  0.117924
2508  540.321486  225.855776  20.258479  0.143492  1.639413  0.095202
2509  454.159249  542.595843  19.581868  0.107735  1.200800  0.165770
2511  1189.361832  1822.574868  19.717251  0.227630  1.309342  0.098918
2512  478.323235  1590.042863  19.369842  0.070967  0.961093  0.068079
2513  1614.640388  965.784795  19.941705  0.113344  1.460922  0.175964
2516  423.747064  1013.980062  19.487073  0.209728  1.211447  0.079568
2518  105.793016  1932.589056  20.647565  0.115331  1.677702  0.097369
2520  1353.745562  1689.926655  18.820586  0.057876  0.603033  0.115428
2521  918.321367  1626.746387  20.169774  0.126769  1.938651  0.238886
2522  287.647984  434.212080  19.451619  0.087619  1.375191  0.081482
2528  1251.315125  994.857407  19.610270  0.206764  1.343872  0.095592
2529  334.037848  1209.372793  19.964556  0.197957  1.170054  0.079271
2531  1374.184444  941.618325  20.416528  0.213107  1.471648  0.099179
2532  460.470599  83.222338  19.398773  0.188789  1.186461  0.124242
2533  1466.600814  432.965386  20.280360  0.293701  1.548347  0.101099
2537  1497.287818  1469.057199  19.809117  0.107855  1.419265  0.089637
2538  697.905381  391.755312  17.133457  0.075767  -0.404397  0.049957
2541  1700.176024  261.124745  20.162990  0.141073  1.110374  0.119430
2543  1933.329576  1115.827386  19.429734  0.143429  1.474488  0.081679
2544  1237.179214  775.346560  19.693593  0.074075  1.194697  0.090328
2546  446.269893  1778.499156  18.410306  0.053292  0.463526  0.049520
2547  1837.163136  1847.435628  18.683330  0.174130  0.922128  0.136556
2548  1862.758547  1714.981246  19.555576  0.069358  1.268942  0.109964
2550  1907.093865  1868.973568  19.898586  0.186378  1.230333  0.129062
2551  819.398880  951.960450  20.011477  0.165030  1.022688  0.180024
2552  1342.203151  513.200977  19.464049  0.075119  0.586968  0.136278
2553  1560.090804  608.612835  20.004877  0.113754  1.370394  0.155761
2554  85.517461  1219.962602  18.385277  0.069875  0.502248  0.093399
2555  1893.316106  1050.230418  20.962579  0.155359  1.957674  0.198137
2557  1780.839961  1223.636414  19.794950  0.121647  1.167994  0.082444
2558  199.287949  1308.001061  19.929038  0.125274  2.023608  0.125155
2559  1489.506465  421.990633  18.686684  0.095197  0.475420  0.116597
2563  1897.695133  5.302831  20.175840  0.123438  1.272630  0.113793
2564  1741.644185  1183.796000  19.918679  0.077019  2.085544  0.147859
2565  64.604317  105.667138  19.353648  0.098588  1.089968  0.175156
2566  628.915347  883.134867  19.410888  0.097097  1.007806  0.071287
2567  53.712913  312.233757  19.935115  0.101851  1.182314  0.152392
2568  1883.028675  28.227768  20.512946  0.303473  1.836586  0.200022
2570  1620.718587  1067.646380  20.084802  0.114977  2.042287  0.215403
2571  1674.647559  46.438791  20.283335  0.159273  1.592173  0.224819
2572  1309.209036  1600.471148  19.718517  0.075971  1.305392  0.105153
2573  903.369396  1452.369871  20.293283  0.117248  2.507428  0.085432
2574  1417.917222  1898.158398  20.031455  0.098157  1.410783  0.114254
2576  1653.298315  1259.204265  19.298799  0.062885  0.938578  0.139035
2577  128.108060  1377.373036  19.931003  0.138406  1.280978  0.090110
2578  1781.025329  1395.238122  19.210185  0.058151  0.796565  0.099490
2579  117.219381  981.641646  19.884847  0.095469  1.466585  0.175160
2580  520.456830  551.096506  18.546764  0.059862  0.574661  0.058052
2581  77.791363  1798.345551  20.887202  0.140027  1.490326  0.149982
2582  2007.742306  1412.892748  20.240736  0.172816  1.568604  0.161243
2583  1764.470481  963.324983  20.516322  0.105256  1.549514  0.160788
2584  1072.260895  122.487879  19.941014  0.100062  1.233887  0.139554
2586  1558.562055  551.665206  17.806582  0.051249  0.199890  0.090033
2587  773.973251  1639.754823  19.548614  0.071226  0.965353  0.099950
2588  1520.927023  1258.821828  20.905849  0.164045  1.873025  0.442395
2590  1128.217809  360.777431  19.475424  0.074259  1.245541  0.162797
2593  1013.757526  220.269331  19.883582  0.230751  1.262010  0.145758
2594  29.615117  242.471410  19.440404  0.142783  1.063767  0.103398
2595  2017.208350  1729.176766  19.535846  0.067419  1.149205  0.110402
2596  1962.474563  342.451552  19.546512  0.164638  0.912058  0.138983
2597  58.103559  960.997844  19.182832  0.111005  0.775988  0.154740
2599  502.499192  2030.775410  20.183977  0.132516  1.153343  0.105388
2602  598.334967  816.112698  20.888343  0.218545  1.632898  0.197547
2603  13.282186  473.811643  20.803051  0.110599  1.678802  0.108580
2604  1369.254629  530.752881  20.814707  0.173184  1.611490  0.136214
2605  1258.630295  1557.196919  19.936541  0.170635  1.591509  0.168436
2606  2047.097024  982.670317  20.608091  0.103310  1.395588  0.200655
2607  223.962072  2007.266916  17.371403  0.036019  0.022802  0.039316
2608  384.490374  341.302648  20.051015  0.143374  1.226323  0.091528
2609  612.744920  29.524819  18.816341  0.064129  0.340902  0.094917
2610  1368.845158  1454.726717  20.259153  0.122783  1.423296  0.107405
2611  1617.684934  1562.375501  19.551606  0.215960  1.569141  0.180484
2613  1092.534880  629.549519  19.861014  0.100983  1.376430  0.151319
2617  228.067815  473.001311  20.025605  0.087398  1.307086  0.083743
2619  338.369704  1716.700963  19.299245  0.062380  0.871931  0.105649
2620  1480.219351  459.788773  20.035753  0.137288  1.088404  0.237665
2622  1875.162337  1555.124881  19.312313  0.116402  1.222648  0.193826
2623  1481.557618  111.800263  20.872007  0.458004  2.120105  0.181202
2624  212.047380  1510.010789  18.879423  0.086602  0.839574  0.110932
2625  1746.737892  1782.013135  19.250333  0.104017  0.988744  0.141905
2627  262.571778  1990.579784  19.596863  0.068321  1.158556  0.126703
2628  617.528372  730.044913  20.826088  0.134948  2.062747  0.181314
2629  81.279663  410.653481  20.020938  0.138396  1.488818  0.189571
2631  262.929015  1951.538486  20.042955  0.125490  1.311735  0.194951
2633  590.911386  373.727597  19.530298  0.069702  1.181646  0.071240
2634  201.952049  247.512461  19.330441  0.126530  1.112718  0.064234
2635  553.065369  722.247917  20.458310  0.228740  0.953759  0.155179
2637  884.038895  1868.593372  19.876841  0.149971  1.886146  0.214868
2639  745.638226  1870.538052  18.917704  0.055257  0.600988  0.069773
2640  358.177094  1136.005908  19.384873  0.150230  1.158204  0.084889
2641  471.567889  644.685034  19.526819  0.081935  1.083600  0.204423
2644  414.720943  1725.004611  19.844657  0.185545  1.285513  0.085399
2645  510.128655  1775.570524  20.345327  0.100841  1.357770  0.232482
2646  1406.625325  1770.281900  19.911739  0.147556  1.463264  0.112618
2647  838.748345  898.743052  20.226458  0.203715  1.253938  0.120378
2649  155.903356  121.753284  20.370908  0.159997  2.057045  0.199569
2651  841.167093  565.177977  19.858194  0.114819  1.191208  0.133872
2652  1854.435813  62.168441  19.307657  0.065579  1.143346  0.102405
2653  2032.413784  289.905004  19.690925  0.079838  1.130696  0.121966
2655  1807.038984  1182.878836  20.628369  0.109637  1.408200  0.143153
2656  1657.265620  1146.014331  19.676003  0.103599  1.282889  0.107800
2657  1218.111089  931.388948  19.931887  0.102202  2.327799  0.209975
2659  296.375310  42.914180  20.328320  0.133563  1.955680  0.248813
2660  814.423700  42.086699  18.098682  0.065502  0.266107  0.053414
2661  1085.605982  1404.925557  20.170022  0.117064  1.210612  0.119576
2662  1356.491225  511.636259  19.685670  0.122603  1.307212  0.089914
2663  1062.174061  1191.286899  19.813051  0.204041  1.325497  0.077272
2668  1715.015592  1559.138723  19.666534  0.150961  1.119845  0.120672
2669  1445.028788  492.211544  19.456353  0.071966  0.826618  0.091365
2672  843.524448  1773.779805  19.872544  0.225782  1.280173  0.160665
2674  1281.634635  1277.708044  20.160537  0.253721  1.342317  0.141921
2676  2001.825120  20.888049  21.498253  0.138383  1.898632  0.264293
2677  1737.968062  1207.060912  20.698552  0.133824  2.840116  0.149626
2681  1612.379637  1274.389216  20.854598  0.231322  1.243408  0.160514
2683  985.936542  746.502316  20.868894  0.248132  1.761529  0.202246
2685  1765.021914  1548.334716  20.578282  0.126542  1.548145  0.143349
2687  1275.881850  1497.094261  20.461946  0.163572  1.356486  0.115856
2691  1085.516043  1817.393080  19.454356  0.077713  0.772422  0.126629
2692  1326.228649  911.526652  20.892992  0.304346  2.479061  0.114917
2696  1775.014714  1815.249363  18.911480  0.110539  0.378368  0.069330
2700  1837.339897  48.945680  20.027740  0.135174  0.965235  0.089194
2702  209.706970  1967.838040  20.797344  0.128652  1.497523  0.119422
2703  747.554938  403.479242  20.436267  0.118583  1.533929  0.118994
2705  1686.175912  1360.238917  20.058661  0.115795  1.129754  0.175416
2707  249.742383  877.157529  20.410593  0.155237  1.453064  0.138107
2708  1310.115331  399.950949  20.125337  0.165848  1.615943  0.219423
2712  34.738413  870.056379  19.091386  0.143436  0.542190  0.165274
2713  480.156184  963.432482  19.654345  0.115796  0.783159  0.075758
2714  404.802975  1480.828410  20.983946  0.180241  1.411332  0.293508
2717  1906.308321  1574.637632  20.922722  0.168331  1.474148  0.203434
2721  458.078444  1523.238763  20.422368  0.112881  0.828131  0.205253
2722  308.437737  1423.047980  19.915163  0.084378  0.799191  0.074625
2723  118.893642  184.485348  20.563754  0.118751  2.069208  0.090593
2726  493.562808  508.160293  20.776772  0.129490  1.775288  0.112419
2728  1280.870852  1950.421034  20.652794  0.119860  1.289363  0.149390
2730  1331.600350  634.955929  20.916667  0.134936  2.253262  0.196968
2731  1260.563132  1952.944344  19.714909  0.105256  0.933799  0.113949
2732  16.428244  389.003568  20.330446  0.092933  1.265226  0.145473
2736  813.465558  259.858880  19.515215  0.185645  0.863275  0.097392
2738  773.949845  1595.158982  21.743698  0.133403  1.933807  0.150714
2740  220.937015  313.778928  20.262339  0.146947  1.070600  0.105903
2746  1359.071993  1297.322161  19.677087  0.092357  0.643186  0.070593
2747  1284.325674  1465.157967  20.623204  0.104569  1.440140  0.121964
2749  1056.597362  990.303957  20.442363  0.206267  1.712242  0.167141
2750  1065.310406  1649.161854  20.295458  0.215255  1.378288  0.189586
2751  1195.455238  276.355811  21.042174  0.227948  1.919240  0.235374
2756  1883.770485  1991.032706  18.475719  0.080709  -0.112983  0.085646
2759  1583.970496  1498.138170  20.269238  0.217610  1.356799  0.105925
2762  566.949542  1480.918854  20.494376  0.135484  1.210752  0.234895
2763  392.940234  1652.839699  20.181481  0.174799  0.984855  0.083428
2764  906.964937  1481.971372  20.794936  0.177929  1.338898  0.106205
2765  1411.198709  1053.595206  20.608500  0.224267  1.232952  0.087965
2766  1389.660615  1263.919778  20.326861  0.158843  1.376956  0.202724
2769  141.491729  575.445006  20.637391  0.179383  1.139796  0.204421
2771  456.972016  690.552435  19.814788  0.137518  1.007427  0.153855
2773  1195.658565  835.635822  20.419515  0.350199  1.600868  0.152624
2775  613.593463  2025.570477  20.656165  0.142481  1.607334  0.105480
2778  621.387127  779.414426  20.083695  0.140843  1.237888  0.150709
2779  1918.462453  1493.124146  20.595155  0.177055  1.318000  0.102391
2781  100.710555  1415.513792  20.634329  0.115453  1.138088  0.128763
2783  727.955530  1305.507519  20.525339  0.192344  1.224741  0.162988
2785  1573.881532  928.660379  20.340710  0.098037  1.219496  0.173776
2788  30.889238  1550.659190  19.889362  0.232196  0.665762  0.142872
2790  1854.789652  1978.527788  20.351817  0.137878  0.901410  0.182857
2791  442.169829  1169.212907  21.100959  0.207063  1.395202  0.108939
2794  1182.824533  349.010960  19.475655  0.061598  0.706246  0.103433
2795  1857.548510  633.275966  19.080999  0.120075  0.799376  0.106827
2796  582.629458  1674.680481  20.626178  0.129003  1.124703  0.166612
2800  1280.163152  2036.421217  20.508866  0.118675  2.263958  0.139507
2801  520.778178  1677.321411  19.830227  0.126205  0.973891  0.187545
2803  1806.358356  1844.169782  20.291079  0.111315  1.749802  0.100469
2805  837.496349  1421.875568  20.425406  0.152259  1.213084  0.108225
2806  608.680840  1760.064734  20.629220  0.146552  1.209283  0.175479
2808  1856.882287  1451.375341  19.226366  0.079548  0.538146  0.092600
2812  992.000154  1507.241526  20.367095  0.127005  1.366093  0.174561
2813  1179.832506  155.995745  20.907177  0.252979  1.556073  0.350111
2814  983.111784  44.660837  20.499696  0.196827  1.893799  0.128730
2815  861.205106  718.767102  19.368653  0.145920  0.668969  0.082926
2818  115.718002  711.304389  19.852683  0.251776  1.066844  0.142477
2819  379.695554  1055.817567  20.358855  0.132167  0.910598  0.261776
2821  228.139042  1411.908017  19.728654  0.130473  0.734770  0.111145
2826  271.271228  650.069486  20.449641  0.122021  1.996555  0.128709
2829  32.842954  2005.645048  17.699022  0.046387  -0.327648  0.048306
2835  1811.220479  1845.808454  20.550212  0.102305  1.254007  0.234719
2836  450.584749  1667.129810  19.896989  0.093968  1.129719  0.164486
2837  1844.979268  1049.196178  19.709033  0.187825  0.442344  0.205082
2844  920.441427  2041.817663  18.449928  0.097896  0.357968  0.077170
2846  209.364454  1585.679337  20.087417  0.176220  0.995144  0.217612
2847  1175.174141  131.582607  18.623802  0.104324  0.071746  0.107312
2854  684.026830  1558.737940  20.564612  0.253046  1.762228  0.092804
2855  201.652401  1039.219667  19.881291  0.229605  1.260665  0.220764
2856  1907.263727  64.310062  20.481289  0.128257  1.517714  0.152340
2859  1646.270719  221.512963  20.331201  0.197110  1.937695  0.145989
2860  1834.464648  893.316103  19.056534  0.071206  0.353663  0.082462
2861  1023.408765  1605.488448  20.988741  0.299766  1.637780  0.143409
2862  1928.730945  1471.605115  20.558595  0.145484  1.377561  0.150920
2864  1996.271808  1734.395189  20.760579  0.249136  1.496981  0.206980
2866  1085.752532  1140.254189  20.420236  0.141529  1.397241  0.151270
2877  811.031212  1352.577528  20.407370  0.158459  1.274405  0.169856
2879  1365.027737  2000.306985  20.814849  0.295284  1.913645  0.258159
2881  1073.644285  1847.040559  20.876290  0.162247  1.266668  0.141104
2883  12.231674  1680.195947  20.494166  0.144062  1.277996  0.127742
2884  1535.196078  1041.194428  20.646087  0.146796  1.456164  0.113252
2885  1009.315630  295.068727  20.413761  0.154108  1.857290  0.179944
2886  336.565741  1498.765169  19.070124  0.077276  0.512730  0.091732
2887  178.828679  1953.722898  21.143898  0.136674  1.381433  0.143663
2888  1826.484644  1054.317889  20.517206  0.236957  1.011666  0.110318
2889  181.848179  1807.667660  20.693819  0.169297  1.125826  0.094619
2890  388.566677  1197.501765  20.456023  0.179796  1.279417  0.152660
2895  1377.704609  1523.418069  19.723251  0.098660  0.525465  0.106566
2896  241.475153  644.703606  21.264595  0.225722  1.661688  0.199299
2899  673.066249  704.034242  20.401667  0.260887  0.763738  0.101480
2908  1340.821734  27.882416  19.638696  0.096107  0.440351  0.153940
2909  758.863159  627.486622  19.199895  0.087487  0.142916  0.062671
2910  547.729842  824.216367  21.132103  0.291028  1.497880  0.194172
2911  364.072143  804.810328  20.039739  0.171281  0.338109  0.227005
2917  397.376531  661.905278  19.334359  0.151151  0.023161  0.152950
2921  1639.722651  1229.271188  20.320335  0.153315  0.507869  0.157816
2932  1780.862559  1432.722701  19.559006  0.095400  0.293457  0.083840
2939  1490.295377  1176.320071  20.358767  0.244458  1.222811  0.133631
2942  698.847818  132.544389  19.240025  0.101563  0.064164  0.075367
2944  1527.036593  1439.587427  20.244395  0.169256  0.963595  0.083904
2953  835.969834  1378.241489  20.728643  0.172700  0.909571  0.122924
2957  519.974341  1738.974716  19.955619  0.100941  0.619374  0.113701
2961  535.798083  1366.304260  20.520721  0.096944  0.309254  0.304930
2966  1978.855874  783.101722  19.663332  0.193045  0.627366  0.188009
2978  129.599609  136.481731  20.028361  0.192724  0.834706  0.123354
2981  900.126163  2009.422760  19.599683  0.082186  0.601728  0.097756
2983  1763.736188  1800.343681  20.011886  0.256699  0.448562  0.142367
2986  1066.048528  1061.658708  20.243257  0.110268  0.269064  0.084089
2988  419.650421  272.843811  20.161222  0.104747  0.450490  0.080681
21001  1911.467398  259.734654  21.302279  0.169800  1.523900  0.167205
21011  1689.306075  1034.380601  19.851172  0.177437  0.237680  0.180359
21021  989.635858  1270.497220  20.261769  0.119861  0.943227  0.164092
21023  1005.390903  184.462571  21.296867  0.188788  1.615009  0.290580
21030  619.539905  1779.640113  19.763546  0.098974  0.714559  0.089549
21033  1198.108851  874.485021  21.469632  0.149227  2.125667  0.428752
21035  892.839405  687.168974  20.239335  0.321150  0.876054  0.156621
21044  214.234772  1753.090527  20.072157  0.246006  0.864426  0.122887
21045  484.360497  1543.780453  20.226852  0.139437  0.990962  0.190448
21047  1589.711099  1207.804794  19.202015  0.146478  -0.000700  0.101316
21050  87.939627  1547.448762  20.545120  0.163628  1.066265  0.274623
21057  2021.438866  1470.464088  19.742411  0.126012  0.410350  0.123275
21065  1888.575638  572.438797  19.113304  0.077264  0.061933  0.058450
21075  985.427595  1264.563052  19.923669  0.112695  0.480121  0.141734
21077  1605.755759  1924.504621  19.615261  0.113429  0.393403  0.070337
21080  659.868223  279.499373  19.803837  0.131448  0.311034  0.089580
21081  631.019852  82.618602  20.708785  0.178509  0.838601  0.158472
21084  1584.251874  190.263740  19.961381  0.145074  0.385090  0.147177
21089  1479.560006  2004.050611  20.397806  0.134838  0.538839  0.139218
21097  954.433348  1257.828552  19.570914  0.197981  0.094043  0.079463
21102  459.788799  2015.193126  21.673442  0.153254  1.084800  0.179514
21105  641.314590  1467.955302  20.239553  0.170939  0.243217  0.117372
21106  652.891302  1145.004028  20.296065  0.093578  0.234693  0.229707
21107  383.922885  1624.949329  19.918603  0.133011  0.151860  0.106787
21108  344.901902  685.599606  19.403823  0.118089  0.003176  0.130183
21113  222.106561  953.141558  20.374087  0.106607  0.574711  0.122608
21114  1988.921236  181.244411  20.059457  0.126793  0.331450  0.090186
21116  929.301262  848.380595  20.380393  0.102200  0.587962  0.174218
21119  1315.366494  2035.174570  20.461711  0.173194  0.419276  0.198043
21120  2000.359707  1665.178434  19.891068  0.083349  0.127772  0.073305
21122  1913.176452  334.749132  20.247059  0.175809  0.459294  0.095959
21124  2003.461401  1920.497282  21.061244  0.265125  1.594997  0.302144
21126  395.875277  1595.448048  20.282016  0.190106  0.214998  0.121272
21131  868.278570  541.506250  20.187914  0.129892  -0.072811  0.132447
21134  1998.467470  1724.345721  20.677699  0.112068  0.522432  0.122602
21138  1192.113931  681.554790  20.516977  0.125394  0.564694  0.105804
21139  1303.215886  1834.264029  19.988140  0.190638  0.121403  0.098423
21142  1229.129630  1889.260081  20.875956  0.189285  0.767775  0.143501
21146  854.584127  1682.741270  20.834559  0.179240  0.833906  0.145593
21147  516.274987  1375.349883  20.125629  0.091011  0.274888  0.162296
21163  754.146585  1322.179232  21.140931  0.280753  0.515144  0.160961
21165  706.921773  992.822030  20.512383  0.183313  0.248523  0.126447
