# id  x  y  V  eV  BV  eBV
124  1081.209958  1103.945789  21.220024  0.174740  1.615815  0.245744
134  1062.441533  1079.196631  21.090469  0.201951  1.734397  0.316615
141  1078.200361  972.903240  21.083906  0.316272  1.582120  0.200234
143  1031.647252  973.566996  21.080506  0.300730  1.834563  0.221691
145  992.220529  1055.417446  21.080970  0.277288  1.526788  0.223205
147  1131.746120  1148.654408  20.991512  0.167249  1.484443  0.119760
149  1043.823944  1133.969347  20.934038  0.186390  1.471666  0.111057
152  890.918707  961.888031  20.995398  0.178546  1.337125  0.239113
154  1038.342124  835.572326  20.773216  0.246887  1.539014  0.154367
156  1008.740086  1080.719606  20.714256  0.111473  1.329852  0.155410
157  987.617915  1100.388741  20.876013  0.158517  1.075419  0.154193
158  952.072335  1032.604733  20.880729  0.197137  1.543935  0.134945
159  974.392074  1173.181911  20.826128  0.210145  1.373383  0.198656
161  1025.473761  956.024054  20.768689  0.191808  1.671156  0.407552
162  1066.421740  1056.370893  20.362140  0.173163  1.304101  0.184838
165  1073.759887  1023.781130  20.575480  0.150286  1.511174  0.133890
166  852.757033  1124.187443  20.891098  0.185449  1.600155  0.090119
167  1117.051085  1125.343703  20.443403  0.107361  1.480548  0.127710
168  1047.201690  1052.869878  20.474628  0.261558  1.544235  0.134139
169  1076.077302  1028.390646  20.389036  0.086003  1.588529  0.163397
170  1054.957691  1065.062359  20.398437  0.257327  1.387950  0.130537
171  1017.525043  930.480189  20.418520  0.146163  1.599886  0.207856
172  1051.255542  1160.045691  20.380377  0.112113  1.510474  0.095342
173  934.624031  1080.306995  20.300443  0.146231  1.672538  0.096403
174  930.552730  1110.709494  20.259494  0.128371  1.581768  0.120941
175  1014.539141  1002.646897  20.235147  0.169138  1.428418  0.148297
176  1123.208172  939.397775  20.027225  0.163795  1.272957  0.120430
177  1019.918950  929.562194  19.767776  0.233530  1.598630  0.186478
178  1111.879291  989.457633  20.058937  0.087324  1.482608  0.190755
179  921.584886  946.869780  20.097730  0.083583  1.355363  0.094116
180  1037.120225  1085.078221  20.080492  0.083002  1.321433  0.232138
181  1106.445230  1084.803297  19.924893  0.080762  1.267163  0.172497
182  1047.361577  830.183465  19.728733  0.147272  1.349465  0.128044
183  944.466637  823.668265  19.979207  0.120975  1.421809  0.112307
184  847.365386  1048.968008  19.915305  0.106427  1.328082  0.107290
185  1160.476631  1000.528015  19.778574  0.092771  1.402823  0.073293
186  974.722785  1129.341112  19.763016  0.125401  1.410631  0.172653
187  905.148559  1098.837873  20.011842  0.092103  1.457310  0.144505
188  1048.678072  936.841912  19.685065  0.103395  1.891498  0.132712
189  875.334758  1039.834255  19.784885  0.076579  1.359757  0.086998
190  969.318031  939.581379  19.727914  0.077374  1.444655  0.118328
191  1051.300127  1089.865769  19.483697  0.118530  1.368810  0.072874
192  1130.232381  897.462129  19.444249  0.142662  1.434561  0.093786
193  1012.335084  934.323855  19.312638  0.072725  1.372205  0.085601
194  995.684065  1086.669394  19.700435  0.147421  1.299222  0.094442
195  1048.887050  930.397880  19.403190  0.138992  1.394973  0.065222
196  996.392346  917.032182  19.230401  0.134259  1.473489  0.148760
197  997.074862  910.613238  19.351754  0.079102  1.361708  0.075850
198  960.348242  1031.455805  19.285332  0.077076  1.381944  0.082968
199  1016.058020  1044.504576  19.208433  0.071261  1.379863  0.085839
1100  1119.613993  936.763474  19.253527  0.074320  1.462704  0.071751
1101  1119.468278  960.653005  19.085113  0.092452  1.392058  0.065936
1102  963.233198  1146.899722  18.922202  0.080135  1.364348  0.076829
1103  1000.883528  980.641546  18.879082  0.097086  1.171013  0.143783
1104  1060.055511  959.347773  19.186618  0.110331  1.142134  0.099170
1105  914.999357  985.004196  18.824252  0.104637  1.280120  0.101004
1106  943.930040  1078.798193  18.806766  0.110683  1.592113  0.079292
1107  964.906455  1104.950948  18.854267  0.069119  1.275717  0.074358
1108  965.788529  901.144289  18.790035  0.057292  1.455302  0.065931
1109  968.595497  1125.261926  18.623511  0.080304  1.420754  0.102961
1110  1064.352379  895.901082  18.586446  0.076314  1.247440  0.104079
1111  885.111685  924.539269  18.382200  0.119072  1.430523  0.052254
1112  892.192563  959.366431  18.435519  0.057514  1.356797  0.094727
1113  832.534221  1078.725571  18.510650  0.083247  1.457503  0.108282
1114  1020.364329  1057.024246  18.251545  0.064071  1.347783  0.064370
1115  1005.997855  1151.653745  17.911371  0.096610  1.346542  0.075692
1116  1204.779807  1122.671268  18.004091  0.116983  1.183865  0.065631
1117  1057.457398  996.434412  17.918900  0.098333  1.202668  0.076716
1118  1159.653683  1119.590953  17.912027  0.051012  1.345336  0.119552
1119  997.023437  1022.686392  17.679426  0.078548  1.158883  0.075721
1120  1020.035482  1074.682348  17.765622  0.041057  1.233882  0.056272
1121  1111.196570  1111.904440  17.540971  0.061241  1.315358  0.085739
1122  993.627505  1140.921754  17.407291  0.066627  1.189222  0.082395
1123  857.905582  1047.203185  17.079883  0.055656  1.145180  0.047782
1124  1025.088942  962.417295  17.100173  0.054830  1.212375  0.056061
1125  1094.726840  999.429304  17.135033  0.072351  1.157842  0.038851
1126  1052.193997  1096.221635  16.931252  0.062566  1.129087  0.103590
1127  1069.310157  1093.883187  16.777106  0.047471  1.101451  0.049815
1128  1003.107267  1037.723976  16.696365  0.055586  1.139633  0.087588
1129  1034.673050  910.140621  16.328480  0.035322  0.994795  0.032306
1130  1011.418296  988.497736  16.323246  0.034741  1.027497  0.030476
1131  961.075732  1048.528118  16.230054  0.049606  0.978349  0.031813
1132  941.201101  961.415291  16.078949  0.035642  1.081457  0.098559
1133  981.082726  1046.436147  16.085968  0.053956  1.004883  0.049059
1134  963.848581  1049.243566  15.779335  0.042958  0.917010  0.034051
1135  1134.410097  1117.757399  15.737832  0.069722  0.854049  0.044146
1136  1006.331884  1083.830579  15.540434  0.037236  0.922526  0.032479
1137  899.474227  1082.894766  15.363526  0.045992  0.851442  0.032286
1138  1088.649196  1021.261906  15.255532  0.024484  0.822022  0.054438
1139  907.566776  894.452265  15.089906  0.026636  0.734222  0.033298
1140  1151.210619  984.480952  15.016030  0.023656  0.826178  0.038213
1141  1184.628552  967.314412  14.816348  0.077073  0.717011  0.024161
1142  996.036936  852.978115  14.539553  0.036069  0.650684  0.033563
1143  1095.708979  911.459942  14.376982  0.033506  0.661867  0.059611
1144  1057.997578  966.031217  14.155606  0.051072  0.575763  0.032301
1145  1058.898473  1006.666568  13.988709  0.047182  0.622329  0.033415
1146  955.119616  999.483986  13.681195  0.034956  0.569505  0.062892
1147  1046.379930  857.919365  13.508198  0.022085  0.497844  0.045149
1148  1034.462822  1121.459016  13.327477  0.035693  0.508117  0.037114
1149  981.805834  1138.017956  13.078841  0.020988  0.420080  0.036188
1150  1069.430395  851.532308  12.876421  0.027186  0.356139  0.030020
1151  952.054620  999.224361  12.591076  0.049340  0.311012  0.033479
1152  1213.897523  942.495949  12.473956  0.039513  0.236337  0.032177
1153  1120.547799  1008.649585  12.291788  0.027686  0.226917  0.017988
1154  1017.146675  1017.806950  12.100314  0.030966  0.164373  0.032776
1155  873.001452  945.686282  11.856349  0.025883  0.133935  0.039579
1156  909.174723  1054.831309  11.896032  0.030305  0.133805  0.028048
1157  909.230920  936.616980  11.614692  0.027302  0.029818  0.030143
1158  1058.270740  978.960671  11.411702  0.026837  0.114021  0.037530
1159  956.848497  1146.647900  11.118958  0.030598  0.037831  0.042088
1160  1112.846766  992.184812  10.614595  0.017492  0.068102  0.038701
1161  1167.345828  1181.813719  10.363403  0.044871  0.048010  0.057568
1162  1071.987589  1033.823703  10.074269  0.026401  0.006984  0.018364
1163  897.063936  950.521487  9.050932  0.017464  -0.043694  0.029253
1164  1083.830682  1155.341148  8.789744  0.016095  -0.051840  0.028943
1165  1173.976105  1076.324782  11.231394  0.021909  0.039551  0.018406
20  279.481874  1111.716501  7.161828  0.033016  -0.031950  0.048114
21  56.555798  1113.067391  7.492008  0.022330  -0.029033  0.022071
22  195.593772  1509.953530  7.968875  0.022315  -0.068997  0.025627
23  714.680943  8.198946  8.834921  0.028524  0.147094  0.042802
24  1535.068393  560.764194  8.376634  0.027801  -0.111096  0.029637
25  1394.637737  1225.451612  8.865205  0.037704  0.155318  0.019235
26  832.916162  103.297520  10.311473  0.025069  0.614036  0.029071
27  585.058765  492.062737  9.085611  0.033239  -0.025887  0.038823
28  878.907629  1004.454327  14.518239  0.026101  3.035538  0.030622
29  667.438303  1097.072433  9.681279  0.029171  0.313607  0.043859
210  1418.536596  374.967705  9.085012  0.025419  -0.224387  0.032793
211  1327.528946  1605.685223  11.265593  0.022924  0.908793  0.028686
212  610.962373  96.565551  12.327276  0.018044  1.255488  0.035062
213  1638.690879  883.825403  10.652965  0.017472  0.230528  0.024109
214  1477.669847  463.795796  10.722351  0.051639  0.049014  0.020488
215  602.147166  1808.547675  11.170523  0.045509  0.411807  0.019882
216  621.058409  1306.295074  16.346913  0.057691  3.160045  0.068875
217  681.028689  1177.740649  11.038945  0.019051  0.171162  0.023956
218  1107.930717  1102.782253  12.880520  0.033967  0.874263  0.045987
219  410.558980  681.469705  12.085153  0.019393  0.447763  0.033590
220  224.446383  1843.453593  14.992624  0.042995  2.189833  0.028682
221  952.764623  1239.237573  12.854746  0.034136  1.008444  0.037346
222  974.198860  1230.346041  12.163917  0.037858  0.283187  0.031659
223  1132.328006  1018.312644  11.534357  0.039991  -0.153992  0.035650
224  208.554852  1135.111292  13.939015  0.027274  1.100543  0.029830
225  1320.418233  881.321945  12.218476  0.040193  0.196036  0.023892
226  1580.453373  124.850316  12.642842  0.046461  0.361643  0.052893
227  1652.676353  1347.367151  11.766917  0.027362  0.146630  0.017611
228  338.090337  1593.018783  13.832967  0.025045  1.211340  0.027964
229  267.312315  538.211300  12.691879  0.028122  0.588887  0.020685
230  699.482615  1264.549366  15.411413  0.060498  1.596287  0.040242
231  1935.978216  469.850857  12.919452  0.038375  0.368090  0.052330
232  334.896100  1415.708825  14.518946  0.025332  1.153120  0.046026
233  1076.952486  868.533650  12.597885  0.022228  0.210391  0.048580
234  1670.740072  1377.694879  12.766695  0.028735  0.441261  0.037220
235  175.295290  410.935926  15.030862  0.023672  1.611080  0.030646
236  377.102250  590.434128  11.973075  0.031690  -0.202355  0.037057
237  1926.527611  1427.345881  14.730520  0.034914  1.250799  0.031764
238  214.143044  477.661338  17.848708  0.111584  2.885196  0.069874
239  425.945871  319.517553  13.714923  0.023792  0.485409  0.021108
240  442.839926  1488.186750  15.431580  0.033046  1.448224  0.026249
241  267.877181  1451.509271  13.345480  0.051180  0.400542  0.038484
242  1794.419635  38.568215  16.455893  0.049760  2.005381  0.038547
243  989.153161  1266.460078  17.639416  0.044578  2.594081  0.063264
244  1360.930343  550.809201  17.607272  0.058996  2.473841  0.078976
245  974.308390  226.723675  13.213796  0.036187  0.299737  0.020110
246  1835.174450  1158.749273  15.138485  0.050451  1.238261  0.030319
247  530.165416  1671.071571  18.717499  0.067090  3.570138  0.129017
248  1533.814405  1017.868602  13.450683  0.038467  0.399071  0.028422
249  1518.188473  1267.108683  13.093924  0.023605  0.110959  0.035460
250  605.970528  1610.431229  14.060655  0.054237  0.635864  0.021203
251  737.582015  1927.253622  12.651125  0.046117  -0.113544  0.044302
252  424.940112  102.318789  13.361531  0.046708  -0.096772  0.034717
253  1502.756653  1337.163528  17.589817  0.079653  2.331599  0.112117
254  1646.465633  746.298697  13.838185  0.034131  0.402446  0.039851
255  348.407188  408.795822  16.056703  0.037555  1.570257  0.045741
256  1620.581267  1654.709151  14.540298  0.028986  0.770639  0.025218
257  1039.277113  52.796147  16.789315  0.060286  1.960795  0.035924
258  647.467115  1152.568646  14.056527  0.038701  0.593358  0.026651
259  274.677052  1199.276455  17.088800  0.060348  2.015373  0.038313
260  97.454252  759.562567  15.433764  0.032114  1.012023  0.049843
261  700.006425  1635.397367  18.116190  0.063159  2.715280  0.070864
262  583.417439  1008.661411  16.540754  0.030811  1.823483  0.044717
263  1847.520267  1397.198282  19.625472  0.107342  3.538562  0.080843
264  289.726603  1145.494971  19.679913  0.085198  3.332704  0.079336
265  1790.340895  1336.377464  14.651987  0.026329  0.539475  0.033868
266  1566.954043  64.307837  20.789748  0.313459  4.041519  0.178328
267  1715.365875  852.390814  14.479737  0.031727  0.672001  0.038383
268  1265.812187  1194.329439  17.713031  0.103512  2.365384  0.093526
269  428.667766  1230.003429  14.415659  0.030404  0.537460  0.021729
270  1536.965725  1635.002502  15.264992  0.066149  1.132334  0.096713
271  377.550763  1897.008765  14.857459  0.044508  0.864322  0.032751
272  949.742118  1790.029813  14.518652  0.032337  0.399466  0.052339
273  1097.992161  331.984685  15.364448  0.028968  0.703170  0.070201
274  594.385676  2043.327011  18.340417  0.098283  2.261112  0.098511
275  596.804966  281.248289  15.226653  0.024931  0.588967  0.046861
276  1136.898651  547.883695  14.735425  0.051042  0.508910  0.039933
277  1513.313435  1359.303122  16.585069  0.044937  1.609299  0.052702
278  1292.880907  303.548654  18.435382  0.061220  2.280705  0.144893
279  1003.531762  1077.053940  19.087363  0.146996  3.234862  0.102519
280  1215.877413  1525.442452  14.642464  0.029503  0.315784  0.057036
281  120.369609  1443.284434  15.832792  0.047992  1.041564  0.034901
282  807.253455  801.590122  15.315827  0.073471  0.817138  0.037710
283  773.541012  730.246540  14.907873  0.032513  0.645199  0.025505
284  1405.209300  363.194417  19.014087  0.084992  2.488353  0.132005
285  913.135015  1371.935569  16.408819  0.034676  1.288578  0.073139
286  1130.753887  733.075305  14.639409  0.036535  0.192492  0.049308
287  608.654005  785.234428  14.940533  0.061917  0.602736  0.067130
288  48.135058  1787.135865  20.811737  0.169257  4.074819  0.141723
289  1276.651091  569.917085  15.366934  0.080312  0.668036  0.029557
290  1262.388935  801.794224  14.883937  0.036218  0.724228  0.032203
292  1800.218293  723.518525  15.035515  0.049814  0.312429  0.079178
293  1296.807969  967.055689  15.877959  0.030945  0.872550  0.048399
294  485.311739  711.222754  14.641433  0.034893  0.231898  0.032651
295  396.563817  1881.176164  18.967992  0.119125  2.726528  0.080792
296  411.463789  1492.117975  15.165579  0.043324  0.422923  0.043264
297  1988.838684  1410.084891  16.334214  0.062805  1.389751  0.065483
298  636.432374  637.093289  13.673227  0.035298  -0.307518  0.020723
299  1264.302305  1374.965928  14.259467  0.030050  0.168532  0.037235
2100  1929.837264  1977.922011  15.627974  0.053260  0.816579  0.078680
2101  173.760343  507.495910  15.539105  0.054609  0.986325  0.056616
2102  1069.775365  1360.840062  13.865424  0.025216  -0.523955  0.041136
2103  402.497905  304.846715  18.304197  0.073396  2.174678  0.101036
2104  720.297317  1538.388539  15.809118  0.047822  0.752615  0.099266
2105  855.326004  1159.053082  15.758598  0.026503  0.792529  0.035969
2106  648.558443  857.684493  15.622218  0.059463  0.986660  0.034913
2107  1909.100843  368.553256  18.056586  0.044808  1.836616  0.059665
2108  1978.423111  1872.662185  15.979379  0.050442  1.238940  0.041816
2109  1217.952573  860.225955  16.019345  0.030390  0.700612  0.028110
2110  1694.413667  1252.778581  15.347052  0.029049  0.588722  0.026209
2111  660.975722  377.200093  18.449990  0.128059  1.910553  0.114950
2112  523.892972  352.217284  17.495055  0.066909  1.488068  0.044259
2113  200.183169  689.671309  16.827518  0.047866  1.269361  0.061920
2114  335.599632  1934.111336  16.273876  0.040070  0.881964  0.030876
2115  762.990157  324.350723  20.520301  0.231026  3.817450  0.204400
2116  1219.108038  1767.362842  16.873513  0.041634  1.145239  0.032688
2117  1333.867288  1239.083396  15.010758  0.043572  0.206305  0.028265
2118  424.311247  1992.629891  17.200554  0.054258  1.401564  0.071218
2119  1763.989937  1469.876427  19.990565  0.134377  3.169098  0.090455
2120  393.229516  1945.460300  15.226604  0.027273  0.336965  0.050333
2121  1107.973467  1114.521894  17.239576  0.086852  1.469671  0.094252
2122  1696.424555  941.935287  20.618908  0.123110  2.950895  0.155698
2123  293.634356  1605.491527  15.440682  0.036620  1.256227  0.038787
2124  1945.225795  1919.905869  15.729855  0.049193  0.688935  0.056039
2125  981.628375  118.943763  15.853326  0.031127  1.141499  0.063010
2126  1771.559474  1040.574153  18.011067  0.076688  1.848013  0.047572
2127  462.364970  1523.763124  15.451586  0.037152  0.526196  0.048729
2128  6.374667  1497.341584  15.337370  0.070443  0.506529  0.042370
2129  1624.236986  1983.451109  15.851733  0.027747  0.589621  0.034189
2130  1912.447481  1194.535941  18.703181  0.068926  2.232412  0.091327
2131  44.607151  1238.698580  20.655885  0.246954  3.386797  0.110742
2132  1049.845899  580.772591  15.450978  0.041166  0.549456  0.053575
2133  20.379030  17.085828  19.128783  0.111978  2.619800  0.097443
2134  1281.592400  427.791858  14.471055  0.067444  -0.145557  0.042807
2135  1174.953546  134.010618  14.802513  0.040715  0.247077  0.035317
2136  1639.042802  106.092256  14.920956  0.048571  0.131834  0.061804
2137  1769.116876  44.815475  17.413437  0.061114  1.409955  0.098603
2138  833.686944  1159.387701  16.572479  0.045288  0.919256  0.062654
2139  714.006091  434.156775  16.685050  0.043066  0.722680  0.043454
2140  693.574077  1744.430717  16.362537  0.059986  1.005872  0.030578
2141  1800.057761  1764.837732  16.472501  0.034424  0.829650  0.043323
2142  1961.150126  942.672878  18.981730  0.055930  2.230156  0.071975
2143  1451.255672  1037.764884  20.194443  0.085990  2.624885  0.102472
2144  640.702422  195.707028  20.314170  0.160575  3.284452  0.175489
2145  1712.196644  907.789357  17.998030  0.048670  1.633592  0.056799
2146  1890.879294  591.174311  18.315869  0.093354  1.725325  0.046037
2147  1073.246035  1206.148285  17.687123  0.089202  1.210781  0.087065
2148  149.937871  1035.171634  17.755591  0.066213  1.542138  0.049266
2149  1859.054938  2003.266404  20.328018  0.094536  2.791368  0.128946
2150  1978.012197  720.680285  15.584759  0.039578  0.328706  0.026590
2151  158.454710  134.860929  18.239011  0.130116  1.754624  0.046991
2152  1737.026710  583.573087  16.537438  0.094071  0.774040  0.065258
2153  1775.987977  127.356779  18.889425  0.075902  2.076890  0.104013
2154  1517.337402  1065.299815  20.356307  0.136208  2.585036  0.125034
2155  122.577044  1550.045256  17.478064  0.072396  1.162396  0.113762
2156  677.778579  528.204112  16.361239  0.071284  1.476048  0.051724
2157  1567.483798  374.422649  17.598786  0.085214  1.175320  0.054258
2158  216.451825  1375.041186  20.343827  0.096325  2.861043  0.100667
2159  108.335826  1942.314592  19.145997  0.114872  2.392730  0.129447
2160  1097.857343  94.444945  15.800728  0.041656  0.121767  0.051016
2161  187.344534  719.487425  19.472922  0.082482  2.224768  0.108424
2162  1508.218956  1181.299510  16.116127  0.032403  1.000472  0.028111
2163  1157.250811  1782.773635  16.551003  0.037041  0.697776  0.043093
2164  425.144166  993.459397  18.832841  0.120681  2.149746  0.085572
2165  503.778267  844.119604  19.906357  0.147734  2.735724  0.166787
2166  1072.299856  23.382039  17.384362  0.061451  1.322542  0.117834
2167  1322.873205  791.989086  20.357469  0.140838  2.589208  0.170753
2168  1942.545087  967.535494  16.828891  0.089279  0.754814  0.049559
2169  589.930337  234.498878  16.892180  0.065562  0.828744  0.064920
2170  176.640788  905.467002  19.872147  0.143524  2.633419  0.121834
2171  1022.814889  1719.833508  16.454417  0.035791  0.696863  0.046900
2172  1175.520494  1024.962667  19.732178  0.090069  2.950310  0.179455
2173  2007.190136  2034.463146  16.794302  0.090002  0.665877  0.054074
2174  61.456479  501.931863  16.048575  0.050911  0.618486  0.048690
2175  1078.910858  1226.006051  16.032734  0.081946  0.544780  0.061311
2176  289.249613  192.169825  20.700396  0.191149  3.132028  0.088842
2177  846.761072  523.387654  17.625277  0.079473  1.331527  0.048344
2178  194.461869  781.853589  16.733020  0.098985  0.978517  0.068330
2179  198.026730  9.650622  15.437318  0.055572  0.071098  0.033822
2180  1073.184875  1947.675760  17.567918  0.069024  1.272837  0.058256
2181  639.571805  1999.509745  20.091388  0.082153  2.753473  0.165056
2182  262.178133  825.606513  16.121133  0.057710  0.693704  0.048866
2184  1043.501835  1783.203290  16.344340  0.050317  0.918277  0.078086
2185  1649.134145  883.399660  16.660701  0.046980  0.731874  0.044208
2186  383.686223  826.270817  16.663043  0.061116  0.829034  0.033889
2187  2012.326126  459.570537  18.075000  0.056879  1.650191  0.085306
2188  989.342330  4.129446  15.675942  0.046427  0.294350  0.057007
2189  1559.255756  1702.661683  17.053847  0.073524  0.983869  0.061660
2190  118.413222  434.365266  17.248693  0.054056  1.111812  0.081676
2191  2022.007480  675.907450  16.194111  0.077152  0.605672  0.064112
2192  969.673429  465.534493  16.173420  0.045233  0.696817  0.062580
2193  1092.667121  57.714856  16.362886  0.062313  0.610400  0.080920
2194  1297.227266  211.006880  19.602724  0.135578  2.173687  0.212988
2195  1814.976117  575.494832  17.258481  0.042989  1.636552  0.094736
2196  735.820792  1971.376273  18.597820  0.051498  1.822276  0.089411
2197  955.866986  303.033315  17.136525  0.040092  0.765840  0.043758
2198  1941.883836  397.650949  17.137829  0.090062  0.959495  0.053910
2199  297.670338  133.911839  16.570352  0.064864  0.356884  0.037521
2200  550.081985  1846.245788  19.427071  0.102123  2.193247  0.063883
2201  27.163248  7.731579  18.094804  0.074684  1.358126  0.047210
2203  629.091713  1281.496035  17.730654  0.047142  1.549179  0.131088
2204  1593.064439  419.354309  17.063810  0.066799  1.048103  0.125964
2206  1518.066950  615.532669  16.523994  0.047711  0.575040  0.036216
2207  795.526664  1478.402748  18.556167  0.143312  1.579336  0.090578
2208  1680.109819  312.665150  17.204246  0.061081  0.783791  0.068598
2209  278.165555  9.197301  18.178375  0.044939  1.329668  0.077161
2211  494.419006  560.563289  17.642087  0.067292  0.936489  0.069545
2212  59.235368  972.680286  19.175521  0.106232  1.621471  0.073591
2213  529.217689  2045.107311  17.295206  0.096747  1.614991  0.074936
2214  657.704927  460.163560  16.956283  0.038131  0.815742  0.070540
2215  525.314372  160.482010  20.605152  0.131545  2.733647  0.245963
2216  1524.425371  16.094145  17.324664  0.099286  0.876214  0.083779
2217  239.043453  1388.465649  16.984002  0.041295  0.860151  0.065113
2218  1386.288078  1779.711648  17.167419  0.035606  0.717457  0.065001
2219  308.043086  264.775372  20.923695  0.117436  2.976977  0.150339
2220  1099.967053  273.614033  17.717220  0.098167  0.887290  0.055452
2221  2004.327846  1205.734768  16.350680  0.060733  0.277132  0.029719
2222  572.441436  125.920200  18.587958  0.134683  1.384838  0.052470
2223  1018.945164  1349.284970  19.476779  0.084664  2.256875  0.141631
2224  854.979713  1129.434093  15.896378  0.047507  0.127975  0.046847
2225  580.662512  1278.104794  18.210611  0.063005  1.439396  0.104899
2226  1932.998169  1979.213533  19.254594  0.059608  2.081516  0.065905
2227  541.978278  1511.832956  17.784832  0.070813  1.137184  0.140361
2228  1957.259050  1300.649268  16.924080  0.049870  0.554631  0.043861
2229  606.170863  1584.624679  19.853120  0.156163  2.191886  0.137019
2230  1611.371231  1662.355773  16.206681  0.064231  0.210913  0.038797
2231  1696.157107  677.484363  16.942715  0.057228  0.743225  0.033652
2232  609.607713  441.663862  16.894922  0.063318  0.662796  0.100823
2233  81.318705  914.748160  17.321241  0.080147  0.941260  0.052842
2234  1011.230366  1219.570059  15.350018  0.032930  -0.117138  0.045600
2235  906.947206  1681.189609  16.432494  0.043068  0.394825  0.049118
2236  1021.410324  1585.896184  17.931828  0.086244  1.213745  0.064212
2237  509.551674  1278.967808  16.923699  0.046150  1.135233  0.035595
2238  1518.530154  608.719429  17.497018  0.083086  1.816437  0.063172
2239  1627.054605  1006.477302  15.920930  0.052043  -0.014798  0.035485
2240  1493.950312  195.640399  18.662509  0.061472  1.553055  0.054294
2242  245.910336  962.627093  17.220046  0.079033  0.896344  0.050698
2243  207.756381  984.183638  17.649069  0.074000  1.002526  0.110962
2244  1579.671083  957.905723  19.533700  0.111643  1.866376  0.200852
2245  1928.650865  1288.600064  19.547236  0.134227  2.193151  0.097328
2246  1485.645597  812.962762  19.815159  0.096142  2.031243  0.110360
2247  578.240303  1102.457006  16.883242  0.059634  0.617958  0.072599
2248  835.626732  688.531039  16.372216  0.041525  0.401051  0.058326
2249  1914.890497  835.725961  17.066793  0.090650  0.555162  0.047443
2250  662.934278  477.735943  18.742065  0.132579  1.544989  0.056175
2251  397.535380  1975.655630  18.610262  0.055429  1.803842  0.102832
2252  830.620370  1530.370621  18.835265  0.137661  1.965662  0.128536
2253  1626.520154  1670.750256  18.061241  0.050874  1.099837  0.072289
2254  1649.289449  616.529233  17.129944  0.042314  1.152290  0.074543
2255  1589.635549  701.375152  16.145358  0.068974  0.104264  0.057820
2257  36.951349  352.850120  18.677128  0.053607  1.523516  0.073902
2258  367.993228  1192.317405  19.587256  0.085015  2.328520  0.140725
2259  1870.871194  1926.206864  18.304724  0.097302  1.581579  0.062185
2260  915.951643  12.419498  14.836592  0.052943  -0.462417  0.038115
2261  551.231586  863.230506  16.773275  0.045692  0.760122  0.057513
2262  739.179755  975.278620  18.396454  0.115737  1.366403  0.062606
2263  257.535883  918.978037  16.245362  0.037060  -0.315148  0.044122
2264  1921.862438  1199.647780  18.049516  0.070101  0.688730  0.054801
2265  853.318995  174.863119  17.164863  0.085051  0.524549  0.049608
2266  1141.312528  37.772553  17.261619  0.046735  0.592296  0.066831
2267  1333.254144  64.276232  19.043511  0.101495  1.647795  0.135280
2268  682.041777  1724.446077  18.114449  0.105072  0.898788  0.057971
2269  1256.258598  2.549826  19.273442  0.076601  1.703785  0.118928
2270  1167.097608  1589.163205  18.528596  0.061907  1.597872  0.050265
2272  1157.487749  81.860872  19.906785  0.172942  1.944476  0.106652
2273  1616.545976  1471.116288  17.475143  0.082145  0.638943  0.050518
2274  1749.321108  1514.058400  18.755097  0.114649  1.926543  0.062152
2275  716.861994  1603.978790  18.106176  0.079854  1.035860  0.061484
2277  6.066808  678.753304  17.907382  0.068546  1.101399  0.056828
2278  899.283311  76.347603  19.832032  0.161017  1.855214  0.083406
2279  479.910424  449.693755  16.986886  0.045443  0.341523  0.038560
2280  1256.851060  2041.537687  18.173808  0.093651  1.151264  0.061269
2281  814.120946  2035.127138  19.085158  0.066407  1.589755  0.071604
2282  268.988796  148.662407  18.680743  0.087338  1.031453  0.127490
2283  1679.654850  238.384514  18.322374  0.117971  1.039927  0.074367
2284  893.280814  249.190377  19.950092  0.103663  2.082945  0.120446
2285  6.641002  900.336693  19.647990  0.109599  1.637139  0.085964
2288  102.963655  1083.177340  19.774852  0.155746  2.001499  0.118858
2289  1670.582760  1510.052814  17.044066  0.079154  0.366853  0.078446
2290  1370.179637  509.781478  17.490448  0.068340  0.531829  0.073206
2291  2003.192814  1621.011406  17.575230  0.085978  0.630262  0.085243
2292  950.235081  561.564656  18.327662  0.058142  0.909461  0.100247
2293  353.402248  1404.897532  17.510405  0.088190  0.577896  0.055603
2294  722.836352  637.198042  19.212192  0.109092  1.661557  0.130936
2295  1204.936163  1245.823824  20.187225  0.240426  2.295944  0.102007
2297  1742.732627  851.644801  18.322548  0.053525  1.843931  0.051893
2298  590.492558  141.275306  17.582213  0.044382  0.681433  0.068306
2300  1463.098282  73.259866  18.872860  0.121120  1.295020  0.086171
2301  796.469754  551.113016  17.773247  0.046235  0.884948  0.076620
2302  388.484054  397.786553  17.989230  0.101953  0.970494  0.057917
2303  630.328235  538.567019  16.919172  0.038512  0.516853  0.069369
2304  1684.934717  1493.545023  18.124637  0.057457  0.989601  0.052613
2305  180.971668  1217.764724  19.635187  0.127864  1.738654  0.080042
2306  513.448201  713.846354  18.471911  0.057923  1.161357  0.097487
2307  1840.818033  120.552602  18.054197  0.065259  0.880420  0.059472
2308  1133.244106  221.027417  20.029053  0.123604  1.980023  0.198128
2309  742.760535  522.139988  18.136272  0.063980  0.762442  0.161139
2310  1676.165314  56.328021  18.072051  0.101273  0.852563  0.075114
2311  1949.553074  1798.140159  17.810947  0.058053  0.860587  0.041207
2312  2016.969094  542.495826  18.051917  0.061327  0.989591  0.044807
2313  1100.953172  1966.142642  17.700526  0.091039  0.521655  0.069883
2314  1642.092314  775.966955  19.258896  0.144952  1.447689  0.075349
2315  145.355472  1438.390113  18.822730  0.118512  1.181541  0.083113
2316  953.473018  740.732246  17.863280  0.055000  0.861783  0.106417
2317  410.109004  214.421557  18.227463  0.115672  1.051155  0.054682
2318  1986.416339  1133.580068  17.493740  0.112555  0.661728  0.045753
2319  772.594746  1317.809003  19.847272  0.199414  2.036882  0.108231
2320  1440.741772  1932.470973  17.716543  0.040144  0.912824  0.090473
2321  1928.042426  1000.680908  18.369475  0.057131  1.500570  0.105928
2323  330.565545  42.438952  17.936670  0.049300  1.525607  0.066985
2324  194.837148  1980.515637  20.441314  0.104530  2.461998  0.170839
2325  461.919138  1036.001633  19.258275  0.116727  1.501140  0.082072
2326  1048.620003  848.206606  17.864436  0.080082  0.641829  0.077905
2327  35.848504  1785.830870  16.552266  0.047705  -0.007203  0.061422
2328  1561.008606  1281.596286  18.218127  0.065586  0.895167  0.131655
2329  1409.989776  506.616778  18.361942  0.048471  1.871427  0.069208
2330  1963.554682  953.706391  17.825174  0.131716  0.865589  0.106629
2332  870.424372  497.037137  19.048694  0.113105  1.708250  0.143460
2333  229.053736  1077.024534  18.484942  0.056250  1.092353  0.050352
2334  1255.209937  801.634678  19.131768  0.080023  1.363368  0.089485
2335  2012.698995  209.456998  18.031150  0.063971  1.044107  0.136072
2336  463.674919  1600.304441  20.177558  0.173782  2.243034  0.088609
2337  1936.795156  996.732043  19.574915  0.159768  1.561293  0.178472
2338  1530.802203  1843.748706  20.073245  0.137840  1.612472  0.141598
2339  1001.347704  38.892176  16.545613  0.030555  0.011309  0.066431
2340  1302.843117  1528.240100  18.391287  0.136822  1.762635  0.085982
2341  1897.409718  124.437457  18.614958  0.112621  1.209982  0.075123
2343  1617.635224  1988.082812  17.725208  0.059888  0.656973  0.054673
2344  186.151520  1015.712565  18.956718  0.081954  1.591263  0.101765
2345  617.745406  664.120703  17.486673  0.073743  0.793940  0.112693
2346  252.633491  1502.992233  19.041773  0.073806  1.494500  0.068997
2347  582.944305  1111.201093  18.069313  0.136840  1.077636  0.094552
2348  1993.117807  1934.721938  18.516595  0.086804  1.551188  0.123968
2349  783.754555  76.881104  18.594148  0.110407  1.376077  0.102368
2350  796.238397  1596.856856  17.694311  0.081253  0.851709  0.061380
2351  327.677904  1168.250964  19.213195  0.157167  1.456053  0.061964
2352  1997.650405  610.960889  18.119227  0.065036  1.885949  0.064573
2353  234.037157  550.137156  18.487368  0.048925  1.110335  0.102226
2354  1910.009121  1300.578999  20.804361  0.132338  2.652159  0.163163
2355  1532.557388  254.986775  19.178853  0.102341  1.545464  0.077607
2356  94.487724  639.253594  17.944150  0.093517  0.821847  0.106583
2357  1205.503949  1682.348495  18.374814  0.055273  1.649552  0.096138
2358  1934.453781  549.410846  18.045621  0.067253  1.382636  0.057280
2359  938.611194  1357.714159  18.250243  0.045900  0.969849  0.063101
2360  923.248207  1859.050444  17.721104  0.067032  0.632623  0.072566
2361  186.004072  153.381819  18.531765  0.101724  1.238148  0.128752
2362  156.049061  1577.974638  18.330668  0.050709  0.975659  0.048376
2363  1279.962371  1558.153435  16.335500  0.038860  -0.208251  0.031776
2364  7.840095  862.082806  18.029566  0.064446  0.708483  0.087314
2365  1486.588475  1269.962474  19.942124  0.082215  1.924009  0.089475
2366  2029.698927  1435.999937  17.039668  0.068587  0.350458  0.088216
2368  1814.597432  1707.312351  18.517581  0.057640  1.002695  0.091537
2369  1166.307177  345.877427  18.714823  0.060055  1.025326  0.104919
2370  1543.109753  430.600496  19.045081  0.072522  1.060480  0.078621
2372  373.017262  1596.115355  19.503505  0.085476  1.458674  0.095124
2373  1533.983351  1477.758811  20.576031  0.184933  1.779762  0.148229
2374  1757.677364  1456.377054  19.617257  0.116058  1.145419  0.119999
2375  1840.709845  434.173202  20.170524  0.114126  1.917571  0.219242
2377  1476.411188  1465.272825  19.708284  0.070445  1.479792  0.075664
2378  950.930473  1709.868405  19.072054  0.092481  1.209479  0.069231
2379  1360.021973  893.404552  18.769346  0.078810  0.870179  0.050463
2380  107.847069  135.794653  18.686198  0.064766  1.436062  0.052628
2381  1564.618177  2005.055345  18.786157  0.099404  1.983697  0.073330
2382  833.558485  948.668993  19.380673  0.069158  1.148525  0.145370
2383  1733.831105  1753.139918  18.582081  0.085737  1.257376  0.092748
2384  1931.990217  564.682999  18.516913  0.156924  1.061637  0.073934
2385  1559.533159  553.967389  18.650023  0.092883  1.739104  0.062180
2386  1318.726217  1673.305437  20.598361  0.121517  1.660966  0.115156
2387  772.438704  2040.969481  19.887620  0.088647  1.410740  0.133243
2388  1486.950521  97.268257  19.116256  0.121136  1.647942  0.139125
2389  832.407236  1062.910354  18.603867  0.058992  0.796817  0.072166
2390  1177.489841  677.295415  18.583039  0.107115  0.974967  0.051522
2391  968.713650  1746.648623  19.861765  0.106460  1.493036  0.134756
2392  36.899419  39.522802  18.057349  0.057453  0.478750  0.085808
2393  978.845935  1356.440163  17.966530  0.045254  0.504295  0.056820
2394  369.793434  553.430247  20.497169  0.106991  2.349806  0.118587
2395  1638.304247  1584.459180  18.992355  0.095404  1.107672  0.098992
2396  368.468519  1971.901189  18.739859  0.067766  0.920888  0.049810
2397  255.118177  391.598845  18.998505  0.087541  1.909281  0.086491
2398  579.657556  200.879735  19.629739  0.142100  1.343973  0.101333
2399  1361.649316  1233.816207  18.884180  0.117410  0.869834  0.058654
2401  651.419756  1863.290004  19.370746  0.113842  1.610788  0.196520
2402  223.071115  1568.272486  19.799775  0.088723  1.212013  0.226645
2403  1372.741549  609.174899  18.913546  0.088237  1.284079  0.097919
2404  237.341983  1624.149439  19.652376  0.143457  1.280008  0.071228
2405  1189.314143  512.224145  18.686456  0.172371  0.991139  0.099537
2406  1579.958003  1003.333244  19.040538  0.059386  2.184708  0.082184
2408  2046.776402  343.616321  19.189567  0.088888  1.325127  0.109631
2409  980.154426  1868.285743  18.965650  0.085262  1.312232  0.080491
2411  1664.597276  1097.625768  19.011538  0.057336  1.367225  0.123482
2412  1705.116781  1496.463382  18.764250  0.102145  1.012195  0.068377
2413  1592.067507  923.037703  18.409645  0.047602  0.547929  0.119898
2415  1378.758248  1699.905019  19.214660  0.079183  1.223789  0.100806
2416  1615.433188  176.065369  18.254089  0.080181  0.601806  0.047783
2417  716.840835  1001.922368  19.071058  0.112546  1.114832  0.067401
2418  198.896106  410.268072  19.219084  0.182777  1.089755  0.061936
2419  933.204953  1975.054570  18.592298  0.073488  0.631631  0.082681
2420  1286.936254  1595.728508  20.315759  0.206112  1.733993  0.110036
2421  18.850190  1277.835986  19.327802  0.111298  0.990366  0.104125
2422  296.992276  622.680256  18.606283  0.063801  1.273812  0.060494
2423  188.860518  1105.222231  18.232829  0.066495  0.822083  0.176851
2424  433.733513  1014.751339  19.684334  0.096933  1.354424  0.101438
2425  1249.394996  0.462774  16.915833  0.034962  -0.274706  0.061684
2426  25.942627  1881.942571  20.040677  0.101524  1.714203  0.111656
2428  1553.293073  1066.774652  19.913832  0.138944  1.741699  0.129943
2429  1520.442619  1362.224973  16.832464  0.080542  -0.045571  0.039743
2430  1121.734142  212.439776  16.326846  0.046082  -0.474139  0.035907
2432  292.910798  836.858407  20.150732  0.111033  1.250630  0.273309
2433  696.396024  925.843719  19.247776  0.246948  1.406495  0.079396
2434  1524.392562  1830.369507  18.950770  0.154099  1.338889  0.130213
2435  1992.400890  1802.176036  18.727010  0.186953  1.007327  0.059346
2436  1800.513395  1535.852491  18.961919  0.120005  0.766297  0.165014
2437  1144.171679  12.196567  17.781285  0.068487  0.320362  0.054974
2438  328.421665  703.524006  21.337585  0.214826  2.284268  0.129255
2439  852.020428  245.067141  20.337365  0.087019  1.950680  0.116184
2440  1271.688189  1758.151809  18.826307  0.064141  1.027411  0.110279
2441  396.044226  320.236841  19.539424  0.114170  1.267916  0.087825
2443  1732.791997  1896.857357  19.891559  0.075646  1.380185  0.185872
2444  1898.972800  1562.067283  20.594622  0.091252  2.139010  0.114984
2445  1121.749868  145.481090  17.999008  0.122765  0.536866  0.060300
2446  1496.343571  1137.226161  18.812516  0.082893  0.921546  0.070787
2447  708.227791  1991.086092  18.477866  0.060546  1.050552  0.071362
2448  796.573334  182.035957  20.194555  0.084613  2.023005  0.097073
2449  1434.137486  321.535017  18.786451  0.066949  1.422248  0.111919
2450  723.874767  970.193283  19.969142  0.077604  1.541406  0.142781
2451  1694.088254  1251.553273  20.436076  0.084628  2.087991  0.137102
2452  414.389171  500.408958  18.704939  0.095732  1.603537  0.104997
2453  1926.972720  108.008336  20.118985  0.164025  1.332259  0.187401
2455  1239.796148  1659.468333  18.464551  0.088328  0.812090  0.110826
2456  1573.202773  22.134594  20.109084  0.173349  1.479036  0.157202
2457  1221.044806  184.901731  18.966904  0.093315  2.045130  0.061264
2458  53.442456  770.160920  17.844982  0.128026  0.346053  0.108772
2459  1731.099743  1898.481127  21.116226  0.321056  3.022151  0.292689
2460  571.311615  233.439955  18.757041  0.092142  1.207705  0.088888
2461  1938.585263  1361.891591  18.275800  0.096817  0.709051  0.047655
2462  494.552323  788.548714  19.431625  0.068899  1.315989  0.093694
2463  1119.247972  1471.932973  18.949771  0.068480  1.187789  0.135425
2464  1759.011427  1160.924212  19.530709  0.094463  1.239935  0.142803
2465  1159.526352  553.780747  18.331724  0.054731  0.628806  0.087001
2466  706.963832  793.679746  19.368861  0.064134  2.272384  0.137628
2467  665.827851  1371.663970  17.633738  0.072125  0.473685  0.072532
2468  1506.632973  730.426521  18.798082  0.131396  1.042756  0.068827
2469  476.550854  66.813642  17.814531  0.084998  0.569090  0.043103
2470  652.579241  1453.440214  18.353802  0.083260  0.826645  0.059423
2471  264.682917  1682.476693  19.397482  0.063245  1.264039  0.142227
2472  780.114655  1193.472539  20.200385  0.092479  1.725848  0.176622
2473  420.625911  1704.552944  17.849173  0.061219  0.653622  0.112255
2474  1870.462495  1404.994263  20.491272  0.152628  1.443220  0.168665
2475  1428.515735  1367.860886  19.948270  0.095813  1.883865  0.171287
2476  1611.733109  370.060995  18.878676  0.146012  1.400356  0.150365
2477  437.638094  351.400594  20.271983  0.211955  1.865859  0.125294
2478  273.198447  68.941517  19.062671  0.125787  1.693262  0.111600
2480  1525.775388  1650.548669  19.168726  0.116716  1.340624  0.092654
2481  104.202539  381.050503  18.723416  0.050000  0.897679  0.084913
2482  1947.363898  1259.251861  16.855838  0.062428  -0.108237  0.043420
2484  679.195560  1192.403974  18.867494  0.052402  1.019674  0.107855
2487  1002.731869  1088.244122  20.002975  0.133950  1.774964  0.113954
2488  1087.107914  1474.665000  17.335809  0.049521  0.125640  0.037895
2489  38.157755  82.424489  18.765612  0.058895  1.130589  0.050814
2492  1383.513410  1882.911213  17.654538  0.068892  0.148111  0.041315
2493  0.691242  1979.632840  18.816814  0.064887  1.151054  0.089659
2494  288.425674  180.006721  20.505836  0.173881  1.327241  0.145410
2495  1322.733599  29.903498  20.414744  0.111859  1.850913  0.189143
2496  598.411156  73.226007  18.611213  0.098913  1.840686  0.121833
2497  1841.672669  1090.821355  18.701811  0.158305  1.360434  0.114671
2498  1331.306825  778.185083  20.844073  0.170571  2.252654  0.153924
2499  105.926248  1201.602254  18.789672  0.075932  1.146404  0.104085
2500  122.172939  1552.658368  17.579877  0.045170  0.609604  0.076880
2501  1356.569189  852.259098  20.456302  0.104004  2.008301  0.163878
2502  827.959629  349.481007  17.352113  0.086233  0.212380  0.117348
2504  1350.897664  77.476307  20.139152  0.119528  1.905089  0.127208
2506  971.874216  117.582264  20.189102  0.356129  1.209663  0.114284
2507  677.679397  815.507689  20.165705  0.126057  1.441094  0.135770
2508  585.416576  1971.614518  20.400634  0.128741  1.641580  0.324985
2509  1395.406345  193.033484  21.283723  0.129554  2.277354  0.222413
2510  1448.828461  1459.564253  21.444759  0.143920  1.958387  0.200811
2511  1913.116645  1298.930515  19.924810  0.105717  2.334602  0.086577
2512  1643.871633  1446.685781  20.537475  0.106352  1.493916  0.150639
2513  300.681370  1242.443123  19.425269  0.098336  1.238283  0.073856
2514  1749.957590  1345.875000  20.784276  0.244194  1.511715  0.101494
2515  1533.322633  1615.187344  19.019656  0.147975  0.819429  0.085454
2517  638.768435  1201.319080  20.692734  0.111011  1.775104  0.183072
2519  579.224025  939.984818  19.931566  0.169123  1.554767  0.106384
2521  1354.897473  1095.595794  20.717494  0.263448  1.886277  0.097898
2522  494.156335  739.719571  20.439526  0.090306  2.099700  0.302393
2523  464.162519  1913.369416  18.966325  0.096982  0.589836  0.094851
2524  1460.515512  1859.206345  19.362994  0.148721  1.139940  0.085949
2525  1953.135672  1507.431238  20.897682  0.275401  2.325172  0.166209
2526  2041.149983  709.706710  19.769645  0.133119  1.093315  0.083725
2527  809.505317  860.321770  19.660073  0.095573  1.366229  0.168434
2528  908.080103  769.420550  19.523312  0.093670  0.977560  0.122654
2529  857.462512  1390.156789  19.878328  0.269270  1.390208  0.093458
2531  558.743462  808.214705  19.152019  0.070291  0.913830  0.060370
2534  1946.045396  52.895028  19.150460  0.094480  0.897862  0.147244
2535  1945.215356  1998.495182  21.059910  0.241324  1.926908  0.189300
2536  688.891481  1618.148228  20.328322  0.105827  1.801232  0.223455
2537  440.166050  1592.967532  18.349285  0.048707  0.279038  0.059822
2538  482.735066  1035.669665  19.963153  0.193795  1.341289  0.096055
2539  1922.615242  618.273898  20.099803  0.177503  1.403401  0.110192
2540  962.408332  929.331067  18.170622  0.134313  0.340531  0.130420
2542  1605.372547  1990.249048  21.009033  0.187838  1.686909  0.156027
2543  797.722678  689.899190  20.530968  0.105022  2.023213  0.213541
2544  918.031193  1495.979321  16.992506  0.084963  -0.354169  0.035427
2545  1257.669600  1485.010106  20.045145  0.107485  1.445689  0.104745
2546  977.941925  557.226879  19.980732  0.103597  2.004788  0.097817
2548  1325.634077  781.506167  18.892142  0.108229  0.571617  0.052880
2549  607.119147  1442.230030  20.083358  0.121767  1.429806  0.186379
2550  1979.296249  727.124540  19.942258  0.159987  1.870119  0.108556
2552  1983.749434  286.128610  18.738172  0.109430  0.653492  0.057315
2553  1498.670307  1872.864040  19.645099  0.148274  1.193189  0.094698
2555  2044.008475  1172.701656  20.107108  0.184894  1.711595  0.087560
2556  128.516132  1173.381591  20.694962  0.207258  1.826464  0.185200
2557  974.933892  1502.715424  19.588031  0.221387  1.252792  0.109343
2558  1636.428164  291.610441  19.737589  0.113603  0.949498  0.117197
2562  1981.471254  1056.611664  20.255482  0.267689  1.451085  0.094579
2565  717.080587  362.421128  20.526949  0.120880  1.362743  0.234120
2566  1860.040922  1131.188031  19.596516  0.102293  1.216418  0.105656
2567  319.769732  1042.378542  19.835034  0.082121  1.830803  0.123605
2568  1451.261164  1886.675369  19.998548  0.162415  1.389605  0.083551
2570  1870.206983  1560.343569  21.045313  0.129251  2.076295  0.259007
2571  1602.908134  114.934044  19.697123  0.181253  1.395833  0.182677
2572  1240.886539  1234.989314  19.932405  0.106642  1.290190  0.122136
2573  1009.983712  1292.190585  20.873243  0.161443  1.975502  0.200321
2574  1604.532527  130.576024  20.965042  0.227791  1.443205  0.157119
2575  1625.609904  1891.410169  20.122997  0.101810  2.033730  0.091107
2576  1875.658737  1841.693430  20.165353  0.102688  1.279040  0.133320
2577  1547.823480  1590.113722  20.406544  0.116691  1.491456  0.098218
2578  321.721403  1846.625237  19.554929  0.074089  1.199293  0.107437
2579  122.358503  1012.144854  21.071584  0.143540  1.558092  0.206445
2580  87.554642  1645.144692  20.478016  0.096424  1.732556  0.112186
2581  506.910054  1129.095576  19.061179  0.156848  0.849208  0.101436
2582  195.868819  361.800858  20.925560  0.206601  2.071641  0.222610
2583  311.377496  1697.108465  18.557507  0.099030  0.547947  0.147946
2584  2027.080977  1265.357753  20.537380  0.201768  1.722069  0.143615
2585  958.211139  1492.058620  19.942769  0.092207  1.543547  0.200914
2586  1077.295349  628.753543  19.729537  0.118962  1.204072  0.086026
2587  1649.374647  1212.738335  19.970291  0.167252  1.291901  0.146091
2588  48.100306  1974.123178  19.942607  0.081041  1.647605  0.128432
2590  1190.349727  1088.674730  20.260099  0.130472  1.489222  0.085795
2592  51.540303  143.658961  18.449453  0.104674  0.294076  0.074733
2594  1821.834800  1612.578325  19.751903  0.133061  2.177364  0.087274
2595  1972.786458  1182.124241  18.349659  0.098257  0.239153  0.047867
2596  1382.808461  278.431287  20.119193  0.109372  1.976845  0.119917
2597  641.662106  54.219021  21.421802  0.130109  1.745539  0.371081
2598  1346.306887  999.086142  19.556763  0.093703  1.332862  0.079295
2599  1949.320011  1100.574398  19.424634  0.079987  1.394682  0.078321
2600  1040.324563  1641.868681  18.744914  0.064354  0.743843  0.108805
2601  49.026775  2031.851053  20.195659  0.084677  1.474239  0.098606
2602  593.120825  1399.107195  19.133471  0.121241  1.043135  0.136467
2604  383.880083  1374.329617  19.553566  0.112718  1.525271  0.082643
2606  1826.835654  1837.545993  20.928528  0.236949  1.931628  0.249550
2607  648.716752  1341.262596  20.020650  0.112060  1.912081  0.190037
2608  136.997379  1952.625087  20.373866  0.095089  1.494746  0.128991
2609  1679.256911  562.799362  19.695690  0.148265  1.382235  0.143279
2610  1674.972662  1194.094736  20.948658  0.171947  2.012188  0.111999
2611  255.366233  1250.144365  19.679232  0.159847  1.250707  0.073873
2612  563.649209  1687.043818  18.246559  0.049196  0.287588  0.086801
2613  353.690202  483.238589  20.084595  0.130591  1.782962  0.262534
2614  587.609890  287.915612  19.447469  0.121762  1.272067  0.111168
2615  1985.153554  820.515885  19.894644  0.089371  1.242465  0.098856
2616  990.221563  110.078208  19.850038  0.078179  1.505881  0.104852
2617  1653.166222  1176.500798  18.474257  0.146722  0.530718  0.097676
2618  1331.032498  361.090711  18.350406  0.084526  0.358063  0.072464
2619  1369.651483  1075.016560  17.123639  0.042854  -0.416288  0.038686
2620  765.393377  1409.463936  19.052585  0.075946  0.596999  0.131936
2621  1994.498017  1121.563471  21.504024  0.157875  2.247958  0.304792
2622  1104.489965  174.582968  20.273623  0.186871  2.055052  0.243271
2623  1892.841846  1963.823231  20.245030  0.116829  1.387511  0.121055
2624  1668.010252  622.319757  20.912453  0.107510  1.384949  0.307690
2626  191.701052  662.088534  20.257362  0.110954  1.170675  0.104265
2627  1830.547750  1192.914462  20.019146  0.198546  1.313296  0.113625
2628  1386.986242  2033.049813  19.404536  0.062105  0.928139  0.129409
2629  1073.569786  554.740887  19.456655  0.118998  1.200889  0.194037
2630  1051.770947  1615.127060  19.591161  0.081405  1.088760  0.152939
2631  1939.671462  562.096420  20.148125  0.106905  1.366387  0.088874
2633  967.746895  758.059622  19.488433  0.070880  1.221240  0.137070
2634  1142.474656  1249.904917  19.882291  0.083642  1.125194  0.115247
2636  634.201183  374.425255  18.970212  0.129719  0.718834  0.073277
2637  1596.222356  1066.502422  20.587433  0.151859  1.694978  0.273018
2638  1113.027529  270.801630  19.600103  0.075475  1.174050  0.084882
2639  51.380071  107.945463  19.883246  0.074258  1.067852  0.195745
2641  1177.041937  17.391409  18.065452  0.097852  0.159874  0.055221
2642  587.042871  1894.055165  18.918934  0.113173  0.655384  0.060029
2643  1444.053136  852.587237  20.153714  0.183982  1.198462  0.118525
2644  668.397320  287.818342  18.762562  0.128792  0.663309  0.050669
2646  1344.906702  1687.496449  17.818367  0.052911  0.117813  0.103525
2648  736.704814  479.796086  20.238439  0.162447  1.492722  0.096523
2649  1923.089792  1081.499550  20.976461  0.117144  1.814029  0.197882
2650  1227.157573  321.110108  20.997189  0.171613  1.605000  0.162037
2651  1669.128666  1460.727914  19.002787  0.093685  0.837166  0.108886
2652  1220.350168  1228.867800  19.739150  0.115733  1.137449  0.088400
2653  1548.798167  99.645671  19.134757  0.075559  1.035828  0.089066
2655  1042.112853  1534.431393  21.352664  0.247162  2.078346  0.140187
2656  263.683348  1304.668039  19.854514  0.122881  1.307823  0.167823
2657  200.666042  1878.555002  18.460205  0.123597  0.412670  0.175902
2658  974.205696  1708.022275  19.942084  0.160178  1.225269  0.107629
2659  1523.654143  1306.140527  19.488133  0.146107  1.083700  0.127366
2660  336.927459  415.133814  17.419755  0.096457  -0.387755  0.095738
2661  2046.391423  1975.069057  19.480649  0.085114  2.188931  0.079145
2662  762.479829  1922.470382  19.330225  0.074279  1.146454  0.085893
2664  727.744055  1206.847259  20.356359  0.084040  1.291163  0.121576
2666  685.911569  1204.077479  20.385467  0.101342  2.162096  0.145449
2667  865.060878  1484.295213  17.089273  0.071355  -0.426155  0.056464
2668  220.734550  587.466853  19.567118  0.088380  1.228477  0.085757
2669  432.922306  1969.156950  19.182594  0.080327  0.768512  0.251725
2672  1239.498491  707.209778  19.731489  0.098880  1.443245  0.155894
2673  367.824203  6.186498  20.629683  0.178684  1.643342  0.104398
2674  1396.103918  1743.321069  19.784746  0.072976  1.419982  0.190831
2675  748.775495  763.516592  19.103887  0.059707  0.877912  0.059075
2676  1367.886981  2010.466764  19.565772  0.203607  0.980588  0.107932
2677  503.823144  1390.386632  19.539882  0.079923  1.751595  0.094736
2678  1907.836988  172.312845  20.019492  0.086403  1.929240  0.094465
2679  1558.346929  760.536013  20.598833  0.094901  1.292083  0.212473
2680  1028.205544  982.141674  19.952532  0.217051  1.099246  0.088868
2682  1683.734731  517.727293  21.154425  0.111972  1.591904  0.125968
2684  1721.915526  925.238166  18.746776  0.159373  0.173348  0.087712
2685  1853.321353  712.381887  21.091061  0.135189  1.569245  0.174989
2686  182.059041  1019.923864  21.293588  0.129707  1.467611  0.187532
2687  1645.872825  847.499395  20.659257  0.201094  1.000176  0.138058
2688  793.355040  1328.071897  18.920946  0.067200  0.404718  0.059687
2692  704.591167  1001.061362  19.349146  0.154031  0.688642  0.122832
2694  975.424209  1716.187334  21.094960  0.180888  1.670006  0.169159
2695  715.303036  1122.774347  18.522014  0.114039  -0.034149  0.051207
2696  1945.653243  1874.147563  20.322600  0.170611  1.265244  0.097278
2697  1480.710925  1714.008392  20.295955  0.159826  1.287220  0.098636
2698  158.119845  371.419336  20.404556  0.138477  1.328505  0.085517
2699  223.986734  986.516334  21.115365  0.172139  1.889064  0.229583
2700  1282.475360  1000.395499  20.248428  0.213660  1.209054  0.086236
2702  369.753172  1919.252617  18.870749  0.088667  0.414832  0.070549
2703  782.957993  1459.714844  21.084965  0.178412  1.532233  0.267949
2705  1760.190449  351.140778  20.635604  0.152515  1.627171  0.191689
2708  839.648163  867.803196  20.020521  0.228594  1.254451  0.269823
2709  1027.149122  1645.143066  20.426604  0.114731  1.286276  0.132309
2710  1212.643013  1507.976634  21.509427  0.137296  1.993578  0.276826
2712  1012.685711  867.652457  20.682563  0.136335  1.580360  0.238930
2713  1499.663918  1182.818764  20.299467  0.124823  2.181497  0.104490
2714  1079.967585  1968.953581  19.915191  0.124433  0.989808  0.086400
2715  166.841150  1796.644169  18.047608  0.069344  -0.045900  0.084404
2716  1439.374263  1644.032893  20.933946  0.153718  2.134349  0.362620
2717  477.160452  1682.115298  19.582153  0.121991  0.781783  0.150566
2724  1754.367292  23.700343  20.548142  0.181518  1.779724  0.131922
2725  989.259493  527.207248  20.311150  0.154941  0.844467  0.126262
2726  1843.820348  628.957805  20.924270  0.152977  1.402831  0.128956
2728  1744.082538  162.385618  19.797243  0.082749  1.007394  0.082909
2729  1319.807470  694.482248  20.630504  0.211366  1.278202  0.120948
2731  280.294656  26.719638  21.186071  0.148970  2.313501  0.210456
2733  505.307038  1396.629810  19.837689  0.089565  0.850274  0.100595
2734  975.472089  1752.110228  21.298192  0.424831  1.328741  0.115145
2735  732.125534  490.469653  21.345780  0.128436  1.585987  0.324568
2736  512.576340  1394.337934  20.215304  0.161730  0.839267  0.160102
2737  1515.275711  1866.740645  18.433971  0.057374  -0.070351  0.091497
2738  21.666256  539.329188  20.854890  0.298511  1.628679  0.167408
2739  669.981309  1925.338850  20.789659  0.207368  3.019375  0.239666
2740  1742.796727  1342.925598  20.367938  0.087645  1.128994  0.189445
2741  92.116599  67.676266  20.962545  0.111856  1.688719  0.237219
2742  751.517168  1898.490643  20.022440  0.163618  0.761728  0.077287
2743  379.581576  1273.609866  21.286013  0.190495  2.835062  0.150810
2744  1813.346291  1822.514648  20.772921  0.307515  1.634728  0.144903
2746  694.377913  1650.923972  20.043234  0.186070  0.878639  0.133433
2753  1202.029091  1988.024442  20.499159  0.240613  1.322914  0.110265
2755  1125.427805  327.210381  20.801990  0.140817  1.803692  0.126402
2757  712.048748  1990.758382  19.292011  0.160414  0.789435  0.129662
2758  1044.131607  459.423071  17.929558  0.073182  -0.033352  0.066530
2759  1727.417622  809.068088  20.638698  0.203411  1.817130  0.114374
2761  1679.838141  317.295661  20.926848  0.300060  1.767737  0.158842
2762  1220.200252  1222.723794  21.278746  0.169248  1.463726  0.343398
2763  1026.427527  613.467463  20.292680  0.173600  1.392973  0.131313
2765  402.106799  1720.372233  20.194411  0.094093  1.357605  0.160342
2766  1320.530984  1293.601656  21.038903  0.150782  1.182393  0.110987
2772  1392.127938  1987.869057  21.738937  0.158475  1.882261  0.236144
2774  445.123425  233.606605  19.285407  0.100511  0.527634  0.124865
2775  1060.406383  1736.735646  20.458299  0.242761  1.774470  0.101072
2779  1734.310179  1388.471014  20.640348  0.222735  1.461797  0.111667
2780  1757.215126  381.050835  20.196768  0.116936  1.050728  0.076794
2781  1603.791163  1820.907592  20.068856  0.114094  1.218883  0.106157
2784  1571.438356  179.242069  20.590400  0.128567  1.339463  0.175558
2785  248.229993  871.492437  20.443425  0.179678  1.068746  0.085476
2786  134.716024  679.432212  20.125613  0.197007  0.913513  0.116518
2787  2020.745095  1527.888317  19.406661  0.098157  0.756999  0.063660
2788  1573.616245  1550.447425  21.521199  0.189648  1.762264  0.167661
2789  1879.366614  167.281575  19.352306  0.136987  0.588194  0.068747
2790  166.697219  619.964078  18.990198  0.057788  0.116784  0.080252
2791  720.745753  971.518976  19.583633  0.101386  0.493918  0.096619
2793  1509.071545  234.425005  20.381997  0.180855  1.367082  0.130114
2794  1776.459097  313.546409  21.826808  0.177752  1.849489  0.312713
2795  1954.528733  1565.682878  20.899460  0.339162  1.874942  0.190653
2796  1957.372655  1543.476783  20.868652  0.197228  1.132670  0.169069
2800  1902.962960  557.837894  19.348875  0.071389  0.519532  0.061633
2802  1728.574251  1894.676064  19.899492  0.301268  0.478495  0.115834
2805  1809.651508  227.285632  20.277295  0.112766  0.831432  0.206536
2808  1004.475607  282.582853  21.652840  0.138745  2.552289  0.160730
2810  341.185369  1397.918556  20.434073  0.087561  1.556943  0.171044
2812  837.584208  1889.026967  19.277239  0.099482  0.434089  0.094264
2813  1464.318019  1887.453070  20.318263  0.178356  1.141875  0.139912
2814  989.987449  1897.982430  20.445138  0.088074  1.017824  0.207741
2817  888.482727  229.632252  18.840542  0.065677  0.209913  0.082997
2820  1631.886016  1663.798009  20.958185  0.286045  1.449108  0.139448
2822  853.118615  724.561074  20.612917  0.124083  1.263923  0.159177
2824  479.627702  1722.227888  20.636751  0.098988  1.330369  0.211010
2825  1294.894037  1950.270434  20.462218  0.105520  2.082878  0.143238
2826  611.382400  1740.291453  21.366045  0.127239  1.471103  0.338165
2829  1699.102482  943.423602  21.069309  0.242195  1.944070  0.267342
2831  1708.914024  1343.024001  21.178053  0.207882  1.308257  0.237954
2832  1312.563173  1218.448380  18.364740  0.123068  0.282706  0.127662
2833  133.593220  682.991723  20.699215  0.185663  1.935265  0.148370
2836  291.100842  1921.031654  20.753820  0.102976  1.427355  0.129465
2841  888.585059  1693.275429  21.053007  0.387488  1.846615  0.099500
2842  846.577737  736.034637  20.742389  0.178123  1.367538  0.137153
2843  1527.318134  94.418150  19.645896  0.122145  0.545672  0.090731
2845  1971.955823  327.186912  20.446878  0.102074  2.053641  0.087978
2846  374.382053  163.350046  20.542220  0.189112  1.884054  0.201527
2847  1798.230541  1103.364797  20.680481  0.249821  1.415042  0.149173
2848  1986.648523  959.283602  20.751414  0.155639  1.777883  0.155708
2852  275.558253  1776.463442  20.923397  0.125688  1.414344  0.119785
2858  1122.792044  369.329772  20.595905  0.465261  1.998822  0.466163
2859  353.438325  1510.641830  20.871977  0.157245  0.669683  0.342681
2861  725.607560  1010.532742  17.718040  0.146436  -0.146231  0.052539
2862  493.557226  1396.094634  18.794881  0.061809  0.356869  0.114526
2863  449.011518  520.246419  21.018841  0.143390  1.930769  0.144142
2864  1839.934504  1170.094734  18.738610  0.053485  0.347035  0.054944
2865  1862.181129  430.970000  20.662574  0.250901  1.467945  0.164970
2866  338.238695  228.831017  21.084900  0.167465  1.329762  0.280332
2867  1492.693763  1558.218207  20.287078  0.170719  1.884423  0.129584
2870  604.996678  1867.142953  21.375516  0.193545  1.739807  0.221154
2872  322.069108  1838.765280  19.456310  0.104382  0.453967  0.105729
2873  1967.969240  694.744621  21.293850  0.235138  1.457818  0.268561
2874  668.921528  651.866623  21.265731  0.125181  1.713800  0.175221
2875  207.945124  751.920489  21.118013  0.277179  1.171208  0.156089
2878  467.173657  1299.991091  19.460230  0.100921  0.232270  0.108661
2879  1514.275682  1105.027890  21.098365  0.156857  1.123287  0.210038
2881  1515.823044  109.023007  20.194018  0.096387  0.772914  0.187309
2885  761.524127  1289.237309  21.705097  0.326201  1.802732  0.282786
2892  1875.247439  2040.064840  20.511572  0.094531  1.193893  0.291860
2893  1268.350205  1356.721966  20.786973  0.116683  0.836804  0.124050
2894  2003.349627  1062.354280  21.080951  0.218742  1.294634  0.195674
2897  561.439061  1139.746518  20.685287  0.167507  0.653916  0.245504
2901  119.356565  1487.455324  21.879060  0.137269  1.708617  0.141214
2902  1814.635206  2017.012716  21.299898  0.235020  1.285935  0.356658
2903  526.459346  1987.915323  20.564339  0.133146  0.783669  0.141063
2907  11.344733  445.100459  21.506035  0.194184  1.840202  0.194273
2910  363.352716  580.622621  19.789211  0.104859  0.619657  0.104756
2911  419.285412  451.928624  19.523738  0.149418  0.131626  0.091092
2914  130.567595  1539.452789  20.892250  0.140940  1.208911  0.176784
2916  660.739111  1804.839783  19.056435  0.180295  -0.088666  0.105245
2918  1036.600744  534.865325  20.845638  0.151693  1.240710  0.241726
2924  40.432657  2008.200654  19.399187  0.221095  0.257289  0.065964
2929  1472.173778  555.498004  19.273118  0.262541  0.465615  0.134243
2934  1192.056697  1542.102424  20.677796  0.336211  1.319336  0.181276
2938  833.088422  1559.355223  20.463214  0.141310  1.090770  0.107148
2939  1167.570613  1605.314451  21.496446  0.251542  2.208240  0.442966
2943  2023.819031  489.236517  21.187489  0.128148  1.457115  0.290632
2944  1545.333951  1775.897092  19.433930  0.084489  0.359288  0.164915
2955  661.059260  1196.886004  20.624514  0.113468  0.577640  0.179956
2960  1632.606301  1261.855582  20.005091  0.094447  0.577152  0.090712
2963  631.248634  1995.062582  19.403756  0.096028  0.095280  0.073276
2972  1673.731972  294.374668  21.459595  0.199281  2.201931  0.265783
2981  684.037496  566.857995  21.455497  0.199489  2.349921  0.162923
2990  1008.516981  1351.806824  20.523154  0.189976  0.453077  0.124206
2992  1826.843310  1387.855871  19.947860  0.166359  0.832132  0.210921
2993  1520.233665  31.356057  20.978104  0.149370  1.186052  0.224166
2996  1480.605757  1795.054375  21.359425  0.254852  2.159504  0.278613
2999  1072.215435  805.340890  19.694781  0.158519  0.507482  0.132258
21001  857.412799  316.968632  19.786130  0.152455  0.525530  0.076959
21002  1731.347471  1158.753277  21.344228  0.159701  1.862427  0.322082
21003  1713.512521  640.885674  21.354950  0.188914  1.572375  0.227542
21005  1768.463616  1427.862109  19.806407  0.104860  0.698218  0.180327
21008  1246.443760  679.234643  21.202354  0.199892  1.644664  0.142602
21018  1825.449267  1825.197702  19.952906  0.159554  0.422573  0.164261
21019  1233.915460  1296.247299  20.673965  0.249832  1.090388  0.142273
21021  482.665516  573.798895  20.079656  0.147920  0.640157  0.075381
21027  758.273211  1247.518400  19.819758  0.080698  0.448971  0.090728
21029  42.071576  1528.777992  21.691999  0.131039  1.411665  0.147196
21036  621.714838  1420.553156  19.839674  0.081675  0.527269  0.096645
21037  1759.492923  3.735358  19.221424  0.116185  0.096702  0.089009
21040  1246.436397  1964.609826  20.379002  0.188978  0.709988  0.093017
21046  837.046551  2016.865794  21.020028  0.165367  2.210870  0.137996
21047  1410.698662  803.194271  19.931756  0.075480  0.596648  0.107862
21049  1289.402819  885.640258  20.783290  0.223795  0.845524  0.311773
21054  131.679827  992.302785  18.677014  0.133449  -0.013609  0.065223
21055  451.359508  1149.288033  19.622999  0.090008  -0.158211  0.232216
21061  129.173729  1120.642743  20.407813  0.356701  0.072258  0.129859
21064  976.802058  386.998611  20.514784  0.159059  0.815850  0.099342
21075  1421.003603  1178.879141  19.931598  0.111795  0.151999  0.074183
21078  1379.341548  333.969874  21.699282  0.187261  1.123511  0.172483
21081  622.778082  588.117290  21.087398  0.158513  1.247179  0.436407
21082  1851.003309  561.499765  20.697726  0.163378  0.209496  0.163372
21084  1220.276050  91.054696  20.976010  0.219760  0.409779  0.135321
21086  815.403333  165.919600  19.845668  0.126849  0.263965  0.126163
21087  1207.961757  56.028452  20.065535  0.154801  0.743192  0.199346
21090  2026.501942  263.695096  20.510575  0.145539  0.039684  0.147869
21092  784.768759  1847.205420  20.125870  0.163120  0.239682  0.076540
21095  1462.887523  1160.517833  20.448663  0.265515  0.270340  0.129279
21096  824.910084  1552.658839  20.884496  0.212006  0.780760  0.110632
21098  890.871442  1748.220908  19.918329  0.094283  0.032868  0.133987
21106  1161.610437  1915.811126  20.772184  0.268762  0.730603  0.148986
21109  729.664832  213.899091  21.312610  0.149631  1.548810  0.177486
21110  616.299660  1911.330523  20.120924  0.248360  0.263047  0.161941
21113  1325.675711  39.114461  20.589831  0.179301  0.481645  0.106000
21114  705.272199  1740.291352  19.644899  0.135358  0.132185  0.085202
21116  1929.332498  1159.901995  22.129482  0.460643  -0.110966  0.293131
21123  819.064042  1582.531949  21.514754  0.214203  -0.237953  0.246818
21125  789.122210  175.736842  21.150296  0.124839  0.621947  0.262138
21135  574.795543  1120.079897  20.818503  0.317030  0.790353  0.219128
