# id  x  y  V  eV  BV  eBV
115  990.173532  988.342129  21.702356  0.192832  1.550188  0.150688
130  994.137293  993.737646  21.035438  0.122431  1.548857  0.163041
135  1072.218788  1058.409452  21.253425  0.285898  1.819757  0.196512
137  942.652477  1075.922555  21.119404  0.194390  1.413404  0.164656
139  946.280673  1155.704955  20.921253  0.388725  1.432798  0.150119
143  995.935293  927.273329  21.141748  0.206487  1.552917  0.256174
144  1002.821222  1031.866757  20.763877  0.130276  1.441377  0.131063
145  1100.523602  968.488325  20.581065  0.212918  1.374428  0.288985
147  1142.641459  968.794194  20.900853  0.220860  1.472315  0.139179
148  1114.399150  1046.087496  20.781906  0.203273  1.373349  0.107083
149  963.736433  954.688000  20.744708  0.189523  1.414229  0.197133
150  944.484270  963.473285  20.898585  0.156119  1.565751  0.124918
151  972.382659  1095.524004  20.576648  0.123988  1.232131  0.166483
156  1073.620869  982.822707  20.576483  0.093267  1.306162  0.161892
157  1035.547423  1021.802332  20.664864  0.213924  1.505578  0.104453
158  991.278776  949.995745  20.535420  0.168558  1.190411  0.275157
159  1120.476795  1116.108636  20.589894  0.325734  1.647676  0.222074
162  1059.409695  1198.675599  20.627736  0.241292  1.362270  0.122101
163  953.467372  958.371000  20.665839  0.339049  1.357218  0.093599
164  1086.649119  994.392556  20.654631  0.198822  1.508425  0.094466
165  961.838141  1010.706125  20.577919  0.147375  1.222532  0.125122
166  859.144684  1086.680064  20.524307  0.202307  1.433253  0.221361
167  880.724070  974.011126  20.410571  0.086759  1.017261  0.272499
168  1096.630600  1086.596669  20.449215  0.128540  1.523578  0.097382
170  1034.474312  1063.836795  20.294313  0.113596  1.333703  0.150587
171  1059.639276  1196.832850  20.302850  0.089840  1.612517  0.181180
174  948.529459  988.307374  20.224724  0.108885  1.296512  0.088446
175  1135.436247  936.163369  20.320249  0.136151  1.501161  0.229024
176  1061.820580  1070.876815  19.961316  0.157218  0.826407  0.241159
177  1007.354061  818.330460  19.915998  0.153808  1.246962  0.129886
178  1053.570580  1059.115336  20.076131  0.116894  1.083532  0.182134
179  922.734735  985.809224  20.423775  0.193768  1.289036  0.084871
181  977.511465  858.182636  20.292023  0.242005  1.408300  0.109293
182  1006.086676  867.600118  20.212549  0.094221  1.618005  0.145741
183  983.629292  1077.709312  20.214972  0.089397  1.444675  0.128051
184  896.784650  1055.537766  20.347462  0.082393  1.669859  0.199789
185  974.757949  1012.266865  20.039802  0.145921  1.203363  0.281088
186  978.623468  1065.844859  20.184440  0.081380  1.485782  0.115540
187  1118.880195  1046.747750  20.126480  0.119399  1.422768  0.102117
188  921.225257  1090.793370  19.931838  0.080697  1.482950  0.161954
189  1039.175905  1028.362342  19.855279  0.141959  1.324367  0.174744
190  992.465551  1023.256863  19.915245  0.112863  1.187073  0.182118
191  967.201690  880.868352  20.048344  0.080454  1.294222  0.100804
192  1044.915323  964.000829  20.071625  0.107595  1.241001  0.189632
193  1083.302195  940.819149  20.040606  0.157367  1.149736  0.090662
194  1081.336730  1155.193324  20.018446  0.122730  1.273170  0.072614
195  881.703588  1146.908160  19.819172  0.111904  1.379485  0.170349
196  1061.724058  983.500083  19.875625  0.095543  1.269909  0.182463
197  998.992486  985.470874  19.745970  0.159385  1.179373  0.106519
198  910.310134  914.923786  19.833015  0.157157  1.484166  0.198982
199  882.336051  991.364526  19.803146  0.153713  1.287431  0.115134
1100  1003.886408  1041.329459  19.697620  0.119971  1.280483  0.080696
1101  1132.724449  991.277138  20.233009  0.261023  1.201993  0.070984
1102  1082.571264  944.925327  19.641927  0.113329  1.442452  0.123798
1103  980.603761  971.190845  19.625736  0.105657  1.205750  0.133809
1104  892.891587  1000.018555  19.628816  0.077537  1.365984  0.071186
1105  1029.032059  895.162102  19.579667  0.145041  1.211571  0.106724
1106  936.449372  1098.697441  19.596383  0.089779  1.411925  0.144719
1107  930.162586  1037.685371  19.525811  0.135252  1.231223  0.077123
1108  1099.264287  958.648832  19.576056  0.093023  1.482096  0.100852
1109  956.541194  945.619456  19.566363  0.128958  1.291727  0.116361
1110  1016.761692  1017.620009  19.773550  0.182115  1.329723  0.111216
1111  1147.791380  1042.496696  19.450151  0.067025  1.289944  0.087978
1112  1086.526546  1133.684736  19.077682  0.119634  1.213420  0.096206
1113  1083.567493  1088.810783  19.163052  0.166019  1.386031  0.117080
1114  1052.678472  892.780872  19.125643  0.158325  1.616017  0.146145
1115  1203.678106  1100.592845  19.379955  0.088663  1.342586  0.116989
1116  1050.586993  956.178924  19.288030  0.071234  1.213893  0.061230
1117  923.910861  860.061000  19.079468  0.126545  1.358958  0.068605
1118  931.486904  1143.933829  19.422795  0.094795  1.458680  0.085165
1119  1015.321723  1060.029379  19.220264  0.078884  0.979881  0.214119
1120  1075.710034  1105.772380  19.273411  0.067738  1.289657  0.095366
1121  1071.807836  975.160873  19.213335  0.095962  1.130512  0.132875
1122  1119.909499  1187.376374  19.060330  0.084817  1.257480  0.129504
1123  1117.097226  1022.570783  19.016738  0.074885  1.481995  0.133075
1124  942.810604  1082.095739  18.994020  0.062181  1.161227  0.082813
1125  903.941878  1025.097830  18.983378  0.067721  1.323540  0.122889
1126  949.057454  1024.707318  18.940338  0.061786  1.184961  0.069929
1127  1110.348575  1105.265603  18.938287  0.088355  1.094464  0.068231
1128  880.747909  995.020841  18.795856  0.131092  1.360456  0.091910
1129  975.065354  836.390707  18.619273  0.131639  1.293508  0.062304
1130  900.136530  985.810391  18.527307  0.120795  1.218746  0.120904
1131  1152.326922  879.694090  18.825420  0.057105  1.248456  0.089234
1132  947.611136  1055.403479  18.689277  0.083392  1.179622  0.050953
1133  916.557722  1020.833321  18.731399  0.081881  1.148379  0.117094
1134  1005.532549  992.392970  18.621036  0.122358  1.298429  0.113260
1135  1162.411028  1040.881111  18.754725  0.058552  1.268748  0.077826
1136  995.663032  1075.185828  18.501079  0.156192  1.233780  0.052116
1137  1158.707446  961.160192  18.432341  0.051816  1.227407  0.053571
1138  1142.352445  995.479634  18.406663  0.098769  1.243545  0.101885
1139  1067.662725  842.506117  18.229059  0.135616  1.069718  0.085793
1140  1058.114294  992.910008  18.437127  0.093101  1.148294  0.115438
1141  1062.252564  1001.409126  18.166452  0.088426  1.098709  0.059920
1142  923.659674  1109.371372  18.153896  0.094275  1.138374  0.048420
1143  911.890125  919.070863  18.169320  0.083122  1.089534  0.083962
1144  1018.530140  962.669322  17.988292  0.104721  1.123968  0.047473
1145  1020.801126  988.545884  18.138831  0.100292  1.011060  0.077760
1146  957.326029  937.493402  17.916692  0.074759  1.131762  0.055893
1147  1123.300864  979.000607  17.796678  0.053137  1.003467  0.049024
1148  1089.973043  1061.981573  17.781825  0.110871  1.121107  0.068324
1149  1214.906081  944.104899  17.789325  0.052709  1.086017  0.044368
1150  1097.593364  843.327980  17.778889  0.071619  1.241551  0.089950
1151  1202.786693  989.601321  17.741378  0.068371  1.070817  0.061038
1152  1106.009764  1201.519309  17.549889  0.067394  1.092613  0.073899
1153  1163.247493  1155.526349  17.630661  0.071725  1.074156  0.039973
1154  1076.712919  1145.118638  17.475541  0.109653  1.090981  0.069421
1155  1072.975954  1127.328993  17.469619  0.122629  1.111771  0.044230
1156  1054.690836  988.614554  17.216828  0.078173  1.082990  0.070363
1157  1105.172808  1198.762988  16.995337  0.048029  1.121598  0.087594
1158  988.970742  959.985930  16.874584  0.091488  0.940392  0.040017
1159  974.369096  1008.978309  16.943928  0.065607  0.854468  0.033254
1160  1073.707663  1079.946670  16.899019  0.051075  0.868907  0.037207
1161  1018.488054  1086.114386  16.839220  0.039636  0.859485  0.082582
1162  1064.105431  951.217562  16.693260  0.041050  0.906946  0.034240
1163  1092.274053  1008.094863  16.640193  0.046489  0.907002  0.044700
1164  833.850614  1118.350234  16.612711  0.068133  0.885504  0.030683
1165  1123.973243  1153.348014  16.378484  0.050804  0.918373  0.065024
1166  1074.367939  1027.045929  16.180817  0.038697  0.736644  0.036842
1167  1078.569001  948.836413  15.998070  0.045078  0.739005  0.032158
1168  993.103094  1017.203958  15.957857  0.054367  0.660632  0.036616
1169  960.288317  925.990932  15.858824  0.052780  0.695013  0.054899
1170  897.118577  1136.826716  15.788845  0.052255  0.731245  0.070731
1171  1010.996183  993.544929  15.742124  0.026415  0.648523  0.057170
1172  1097.714135  974.864159  15.527213  0.032902  0.688280  0.028315
1173  1076.390318  1077.184635  15.454516  0.032206  0.677750  0.046977
1174  1170.885407  992.962294  15.482854  0.055608  0.610753  0.030199
1175  1077.092905  1134.863852  15.224271  0.029682  0.614264  0.025986
1176  1032.377324  985.022853  15.196552  0.070036  0.488242  0.042048
1177  1070.512722  1052.089385  15.049013  0.071622  0.610121  0.072420
1178  894.054154  1067.499909  14.914985  0.039586  0.574758  0.048255
1179  915.950182  1005.929247  14.692606  0.023532  0.603615  0.029813
1180  965.360251  1077.490074  14.576389  0.035555  0.518147  0.023178
1181  1125.693542  995.746857  14.249787  0.034880  0.469136  0.031710
1182  943.636931  1017.094902  14.244112  0.036010  0.572233  0.063304
1183  1172.399084  1003.546194  14.053784  0.045387  0.391322  0.035261
1184  989.740401  957.807841  13.796408  0.021909  0.387584  0.029233
1185  1186.704876  908.099072  13.630482  0.026793  0.349945  0.028407
1186  939.583877  970.873713  13.495776  0.037721  0.335653  0.026330
1187  993.151099  1048.828498  13.375563  0.024420  0.280087  0.045247
1188  1169.024082  1012.705423  13.196063  0.036898  0.323424  0.032368
1189  1189.087805  1085.655777  12.911864  0.039984  0.256382  0.031562
1190  1125.024993  1173.008957  12.751025  0.027465  0.244431  0.043585
1191  1134.191555  1032.888422  12.424910  0.025587  0.214128  0.024420
1192  1107.809976  1048.120013  12.201699  0.020260  0.149723  0.029633
1193  1101.625037  908.139581  11.937475  0.032604  0.185794  0.027627
1194  984.660931  1185.104159  11.712905  0.030645  0.153317  0.027351
1195  1042.398126  905.924321  9.797306  0.016996  0.974691  0.042378
1196  1011.829166  955.100774  10.480386  0.025041  0.785278  0.017808
1197  1037.310689  1040.532808  13.101809  0.041487  0.232868  0.041673
20  279.481874  1111.716501  7.057405  0.034201  -0.051392  0.016348
21  56.555798  1113.067391  7.498450  0.042388  -0.030020  0.028940
22  195.593772  1509.953530  7.957094  0.024947  -0.096687  0.027064
23  714.680943  8.198946  8.855119  0.021525  0.163789  0.028136
24  1535.068393  560.764194  8.375579  0.023538  -0.002112  0.035157
25  1394.637737  1225.451612  8.794464  0.022020  0.154276  0.023636
26  832.916162  103.297520  10.320145  0.027242  0.651920  0.028181
27  585.058765  492.062737  9.114890  0.017950  -0.017265  0.021649
28  878.907629  1004.454327  14.502695  0.026545  3.113937  0.050098
29  667.438303  1097.072433  9.681475  0.020660  0.318588  0.041109
210  1418.536596  374.967705  9.077334  0.015835  -0.187102  0.017617
211  1327.528946  1605.685223  11.295542  0.025798  0.857576  0.027999
212  610.962373  96.565551  12.350317  0.024038  1.285534  0.041294
213  1638.690879  883.825403  10.654292  0.027256  0.153156  0.044277
214  1477.669847  463.795796  10.703836  0.024353  0.086308  0.049670
215  602.147166  1808.547675  11.187964  0.024485  0.407456  0.018637
216  621.058409  1306.295074  16.439582  0.054887  3.292779  0.068164
217  681.028689  1177.740649  11.043505  0.019811  0.195706  0.027884
218  1107.930717  1102.782253  12.899341  0.019649  0.905228  0.028828
219  410.558980  681.469705  12.085883  0.064889  0.477059  0.019854
220  224.446383  1843.453593  14.919971  0.087666  2.245987  0.035116
221  952.764623  1239.237573  12.796869  0.030934  0.932657  0.026037
222  974.198860  1230.346041  12.207097  0.021977  0.261352  0.025049
223  1132.328006  1018.312644  11.613967  0.017885  -0.120081  0.023610
224  208.554852  1135.111292  13.901546  0.022634  1.098646  0.023821
225  1320.418233  881.321945  12.248002  0.029712  0.181533  0.029142
226  1580.453373  124.850316  12.548719  0.044044  0.323508  0.034860
227  1652.676353  1347.367151  11.731577  0.026277  0.109451  0.028052
228  338.090337  1593.018783  13.862339  0.029475  1.202779  0.028542
229  267.312315  538.211300  12.761120  0.038193  0.559247  0.021099
230  699.482615  1264.549366  15.458237  0.043291  1.646641  0.032186
231  1935.978216  469.850857  12.911999  0.033745  0.474731  0.025447
232  334.896100  1415.708825  14.487587  0.026372  1.087837  0.046788
233  1076.952486  868.533650  12.592875  0.067342  0.217294  0.019563
234  1670.740072  1377.694879  12.749194  0.027082  0.395344  0.021688
235  175.295290  410.935926  15.035968  0.042498  1.557750  0.033534
236  377.102250  590.434128  11.972415  0.029583  -0.159893  0.033416
237  1926.527611  1427.345881  14.830809  0.044573  1.310456  0.030369
238  214.143044  477.661338  17.690903  0.044433  2.802210  0.050531
239  425.945871  319.517553  13.782173  0.030326  0.507507  0.042813
240  442.839926  1488.186750  15.400794  0.042456  1.415930  0.030574
241  267.877181  1451.509271  13.357775  0.050020  0.377799  0.046607
242  1794.419635  38.568215  16.335767  0.087406  1.986531  0.050751
243  989.153161  1266.460078  17.484715  0.047257  2.640989  0.061392
244  1360.930343  550.809201  17.674828  0.048658  2.514169  0.049713
245  974.308390  226.723675  13.280463  0.023363  0.318234  0.024259
246  1835.174450  1158.749273  15.164648  0.028613  1.219746  0.030814
247  530.165416  1671.071571  18.718488  0.069467  3.480283  0.055031
248  1533.814405  1017.868602  13.413777  0.019949  0.335624  0.032290
249  1518.188473  1267.108683  13.056906  0.057591  0.116304  0.035699
250  605.970528  1610.431229  14.072375  0.050393  0.624197  0.022458
251  737.582015  1927.253622  12.619928  0.029620  -0.133652  0.033810
252  424.940112  102.318789  13.329930  0.027548  -0.061292  0.053637
253  1502.756653  1337.163528  17.516909  0.082230  2.231252  0.058610
254  1646.465633  746.298697  13.743786  0.023965  0.446898  0.037516
255  348.407188  408.795822  16.073351  0.042321  1.537807  0.035004
256  1620.581267  1654.709151  14.536057  0.024708  0.734358  0.042855
257  1039.277113  52.796147  16.916943  0.059966  2.236954  0.087890
258  647.467115  1152.568646  14.137260  0.021964  0.598767  0.037039
259  274.677052  1199.276455  17.009033  0.050285  2.058675  0.049413
260  97.454252  759.562567  15.420239  0.030564  1.101144  0.058620
261  700.006425  1635.397367  17.953178  0.066635  2.659275  0.051906
262  583.417439  1008.661411  16.576537  0.038341  1.892947  0.043382
263  1847.520267  1397.198282  19.660383  0.075540  3.381802  0.113404
264  289.726603  1145.494971  19.718698  0.080714  3.264753  0.096501
265  1790.340895  1336.377464  14.682596  0.035772  0.488186  0.030146
266  1566.954043  64.307837  20.789621  0.103271  4.301560  0.131748
267  1715.365875  852.390814  14.446416  0.038057  0.561934  0.028149
268  1265.812187  1194.329439  17.757076  0.042428  2.495265  0.048299
269  428.667766  1230.003429  14.392627  0.029132  0.546034  0.068108
270  1536.965725  1635.002502  15.217052  0.034875  1.132883  0.030703
271  377.550763  1897.008765  14.830913  0.024768  0.853243  0.035257
272  949.742118  1790.029813  14.530018  0.089676  0.433060  0.047061
273  1097.992161  331.984685  15.351542  0.032542  0.792778  0.027459
274  594.385676  2043.327011  18.343077  0.053019  2.543657  0.084022
275  596.804966  281.248289  15.177042  0.057031  0.449291  0.042166
276  1136.898651  547.883695  14.824870  0.041631  0.502301  0.033368
277  1513.313435  1359.303122  16.633340  0.067386  1.543509  0.065841
278  1292.880907  303.548654  18.551763  0.114407  2.257121  0.087600
279  1003.531762  1077.053940  19.247084  0.119296  3.131605  0.146820
280  1215.877413  1525.442452  14.660859  0.027762  0.455409  0.023690
281  120.369609  1443.284434  15.892945  0.061359  1.080808  0.031612
282  807.253455  801.590122  15.299638  0.035836  0.836750  0.024732
283  773.541012  730.246540  14.910754  0.044770  0.654113  0.037258
284  1405.209300  363.194417  18.793417  0.107559  2.773567  0.065721
285  913.135015  1371.935569  16.486622  0.047522  1.235566  0.045213
286  1130.753887  733.075305  14.649014  0.027683  0.141316  0.035885
287  608.654005  785.234428  14.908751  0.038645  0.598889  0.031883
288  48.135058  1787.135865  21.040259  0.261702  3.713902  0.216558
289  1276.651091  569.917085  15.336354  0.024574  0.618728  0.024909
290  1262.388935  801.794224  14.910207  0.032834  0.747741  0.024990
292  1800.218293  723.518525  14.984403  0.037708  0.476556  0.033968
293  1296.807969  967.055689  15.833550  0.046565  0.833787  0.029063
294  485.311739  711.222754  14.581878  0.038385  0.199038  0.026069
295  396.563817  1881.176164  18.983506  0.125742  2.583431  0.090093
296  411.463789  1492.117975  15.119488  0.057079  0.460869  0.033435
297  1988.838684  1410.084891  16.394820  0.116018  1.339828  0.056634
298  636.432374  637.093289  13.672134  0.032661  -0.323033  0.033828
299  1264.302305  1374.965928  14.266518  0.037213  0.082175  0.043006
2100  1929.837264  1977.922011  15.493555  0.057020  0.687355  0.050733
2101  173.760343  507.495910  15.591513  0.034845  0.978456  0.027275
2102  1069.775365  1360.840062  13.812528  0.029375  -0.473111  0.020493
2103  402.497905  304.846715  18.416726  0.077756  2.110689  0.116313
2104  720.297317  1538.388539  15.817493  0.036742  0.562768  0.043054
2105  855.326004  1159.053082  15.755976  0.059805  0.735447  0.033335
2106  648.558443  857.684493  15.584086  0.034567  1.065688  0.033378
2107  1909.100843  368.553256  17.869816  0.095719  1.828364  0.050635
2108  1978.423111  1872.662185  16.000989  0.067746  1.280449  0.027538
2109  1217.952573  860.225955  16.035848  0.049473  0.731618  0.056810
2110  1694.413667  1252.778581  15.386346  0.028646  0.627467  0.033769
2111  660.975722  377.200093  18.255459  0.111426  2.208983  0.055887
2112  523.892972  352.217284  17.518016  0.075810  1.511074  0.037123
2113  200.183169  689.671309  16.875238  0.078522  1.285688  0.054918
2114  335.599632  1934.111336  16.241589  0.036578  0.909610  0.057305
2115  762.990157  324.350723  20.937287  0.114106  3.563633  0.123452
2116  1219.108038  1767.362842  16.830684  0.102275  1.057493  0.051292
2117  1333.867288  1239.083396  15.060670  0.034134  0.171624  0.048846
2118  424.311247  1992.629891  17.181707  0.044821  1.334921  0.040071
2119  1763.989937  1469.876427  19.884581  0.176919  3.017898  0.170509
2120  393.229516  1945.460300  15.209482  0.045987  0.347668  0.024009
2121  1107.973467  1114.521894  17.401393  0.052385  1.481822  0.048768
2122  1696.424555  941.935287  20.454465  0.137071  3.293756  0.115249
2123  293.634356  1605.491527  15.445827  0.031255  1.276495  0.035589
2124  1945.225795  1919.905869  15.755883  0.044761  0.722318  0.052771
2125  981.628375  118.943763  15.836052  0.058456  1.100339  0.039782
2126  1771.559474  1040.574153  18.037429  0.072676  1.759777  0.045743
2127  462.364970  1523.763124  15.454683  0.034176  0.566032  0.058915
2128  6.374667  1497.341584  15.398800  0.029679  0.513848  0.061027
2129  1624.236986  1983.451109  15.779118  0.032829  0.608491  0.036553
2130  1912.447481  1194.535941  18.605000  0.066756  2.283564  0.124927
2132  1049.845899  580.772591  15.559660  0.039388  0.464110  0.038204
2133  20.379030  17.085828  19.064434  0.118787  2.581500  0.127024
2134  1281.592400  427.791858  14.476559  0.054711  -0.122363  0.052944
2135  1174.953546  134.010618  14.854582  0.039494  0.238094  0.027358
2136  1639.042802  106.092256  14.906769  0.075697  0.117028  0.039521
2137  1769.116876  44.815475  17.465317  0.043055  1.502048  0.087411
2138  833.686944  1159.387701  16.525536  0.060727  0.822192  0.057124
2139  714.006091  434.156775  16.676841  0.094674  0.657222  0.069569
2140  693.574077  1744.430717  16.335223  0.082518  1.002809  0.071993
2141  1800.057761  1764.837732  16.433471  0.080015  0.670599  0.084849
2142  1961.150126  942.672878  18.987112  0.079614  2.221439  0.081285
2143  1451.255672  1037.764884  19.899644  0.146920  2.436941  0.178711
2144  640.702422  195.707028  20.685021  0.138376  2.997834  0.123213
2145  1712.196644  907.789357  17.946065  0.047151  1.635332  0.078674
2146  1890.879294  591.174311  18.150981  0.058424  1.783154  0.057420
2147  1073.246035  1206.148285  17.660392  0.071562  1.361003  0.117632
2148  149.937871  1035.171634  17.810955  0.091652  1.601638  0.096712
2149  1859.054938  2003.266404  20.264344  0.119711  3.026390  0.116938
2150  1978.012197  720.680285  15.619938  0.040348  0.325792  0.055858
2151  158.454710  134.860929  18.222506  0.059873  1.712583  0.052993
2152  1737.026710  583.573087  16.441377  0.031412  0.857937  0.060451
2153  1775.987977  127.356779  18.910442  0.139225  2.088816  0.095821
2154  1517.337402  1065.299815  20.202784  0.181217  2.654929  0.094827
2155  122.577044  1550.045256  17.382914  0.044868  1.270246  0.127380
2156  677.778579  528.204112  16.282159  0.050945  1.407365  0.043079
2157  1567.483798  374.422649  17.420478  0.056432  1.080209  0.123132
2158  216.451825  1375.041186  20.232388  0.211722  2.762742  0.185204
2159  108.335826  1942.314592  19.159742  0.118379  2.274344  0.113746
2160  1097.857343  94.444945  15.836572  0.066410  0.189241  0.031045
2161  187.344534  719.487425  19.350090  0.227641  2.265713  0.078783
2162  1508.218956  1181.299510  16.133917  0.032086  0.995972  0.037673
2163  1157.250811  1782.773635  16.508395  0.067564  0.697220  0.055625
2164  425.144166  993.459397  18.829946  0.095795  2.315485  0.120859
2165  503.778267  844.119604  20.036165  0.172076  3.011768  0.112753
2166  1072.299856  23.382039  17.529874  0.052978  1.209126  0.064086
2167  1322.873205  791.989086  20.451355  0.137702  2.787293  0.087733
2168  1942.545087  967.535494  16.778074  0.031901  0.736570  0.074061
2169  589.930337  234.498878  16.897197  0.034467  0.921832  0.050913
2170  176.640788  905.467002  19.939198  0.110914  2.312395  0.165283
2171  1022.814889  1719.833508  16.541663  0.100502  0.632504  0.033621
2172  1175.520494  1024.962667  19.869189  0.118917  2.964476  0.154209
2173  2007.190136  2034.463146  16.769463  0.046373  0.746962  0.033609
2174  61.456479  501.931863  16.067756  0.030092  0.460102  0.086340
2175  1078.910858  1226.006051  16.090920  0.043492  0.516459  0.039571
2176  289.249613  192.169825  20.491457  0.195579  3.428339  0.192121
2177  846.761072  523.387654  17.682993  0.056772  1.421257  0.064157
2178  194.461869  781.853589  16.660111  0.053369  1.044578  0.050357
2179  198.026730  9.650622  15.487729  0.042966  0.010817  0.038330
2180  1073.184875  1947.675760  17.507987  0.069621  1.269763  0.044772
2181  639.571805  1999.509745  20.152681  0.209427  2.742516  0.077814
2182  262.178133  825.606513  16.117390  0.029656  0.647912  0.035556
2184  1043.501835  1783.203290  16.189294  0.057717  0.945126  0.035954
2185  1649.134145  883.399660  16.700395  0.060284  0.739234  0.052893
2186  383.686223  826.270817  16.725775  0.069201  0.886077  0.032930
2187  2012.326126  459.570537  17.953333  0.138978  1.679707  0.067006
2188  989.342330  4.129446  15.720719  0.053697  0.282624  0.049528
2189  1559.255756  1702.661683  17.144561  0.073197  0.877749  0.038302
2190  118.413222  434.365266  17.342174  0.071919  1.136230  0.038835
2191  2022.007480  675.907450  16.246068  0.031596  0.585277  0.029768
2192  969.673429  465.534493  16.140169  0.057113  0.647087  0.037811
2193  1092.667121  57.714856  16.355300  0.030664  0.749039  0.077474
2194  1297.227266  211.006880  19.271162  0.271263  2.117459  0.081019
2195  1814.976117  575.494832  17.028441  0.124621  1.732426  0.053728
2196  735.820792  1971.376273  18.657041  0.063057  1.622363  0.061343
2197  955.866986  303.033315  17.162988  0.034854  0.821608  0.041458
2198  1941.883836  397.650949  17.166692  0.063310  1.011400  0.040888
2199  297.670338  133.911839  16.557799  0.056956  0.452739  0.053780
2200  550.081985  1846.245788  19.498853  0.124851  2.105555  0.131090
2201  27.163248  7.731579  18.262824  0.129426  1.349588  0.063329
2203  629.091713  1281.496035  17.520109  0.088203  1.236083  0.057188
2204  1593.064439  419.354309  16.986413  0.044158  1.068058  0.060856
2206  1518.066950  615.532669  16.531701  0.031385  0.570799  0.057032
2207  795.526664  1478.402748  18.260879  0.090616  1.578262  0.080784
2208  1680.109819  312.665150  17.107597  0.057605  0.929255  0.053936
2209  278.165555  9.197301  18.138039  0.112556  1.195281  0.090765
2211  494.419006  560.563289  17.731344  0.120193  1.140380  0.055852
2212  59.235368  972.680286  19.082143  0.069075  1.720809  0.107872
2213  529.217689  2045.107311  17.436521  0.045807  1.589647  0.056255
2214  657.704927  460.163560  16.987681  0.047338  0.926133  0.077213
2215  525.314372  160.482010  20.290370  0.187037  2.484745  0.102726
2216  1524.425371  16.094145  17.381513  0.095722  0.868721  0.057344
2217  239.043453  1388.465649  17.176638  0.088135  0.833120  0.042353
2218  1386.288078  1779.711648  17.228269  0.041912  0.765433  0.073383
2220  1099.967053  273.614033  17.512837  0.048651  0.887936  0.040634
2221  2004.327846  1205.734768  16.323750  0.103352  0.284031  0.032188
2222  572.441436  125.920200  18.508570  0.110590  1.339480  0.110975
2223  1018.945164  1349.284970  19.431354  0.065340  2.065580  0.117082
2224  854.979713  1129.434093  15.944802  0.032646  0.008764  0.111884
2225  580.662512  1278.104794  18.403965  0.089636  1.287352  0.055900
2226  1932.998169  1979.213533  19.212882  0.058664  1.935758  0.081294
2227  541.978278  1511.832956  17.713292  0.071911  1.221657  0.044620
2228  1957.259050  1300.649268  17.032178  0.053795  0.574678  0.041163
2229  606.170863  1584.624679  20.026525  0.120985  2.100207  0.145303
2230  1611.371231  1662.355773  16.310309  0.030367  0.154484  0.037101
2231  1696.157107  677.484363  16.919223  0.069643  0.742350  0.071301
2232  609.607713  441.663862  16.949809  0.052594  0.817465  0.057866
2233  81.318705  914.748160  17.480180  0.052294  0.949453  0.106762
2234  1011.230366  1219.570059  15.405219  0.040437  -0.096058  0.053502
2235  906.947206  1681.189609  16.461674  0.033785  0.335589  0.074333
2236  1021.410324  1585.896184  17.967465  0.119796  1.129672  0.068683
2237  509.551674  1278.967808  16.955893  0.084510  1.135779  0.080370
2238  1518.530154  608.719429  17.541684  0.058717  1.876876  0.052950
2239  1627.054605  1006.477302  15.934057  0.036015  0.040392  0.026988
2240  1493.950312  195.640399  18.585702  0.106564  1.619227  0.065676
2242  245.910336  962.627093  17.376750  0.044613  0.893813  0.046829
2243  207.756381  984.183638  17.527002  0.077911  0.957827  0.048013
2244  1579.671083  957.905723  19.694956  0.188258  1.822870  0.184131
2245  1928.650865  1288.600064  19.611468  0.068758  2.366654  0.145024
2246  1485.645597  812.962762  19.962524  0.077701  2.194878  0.087719
2247  578.240303  1102.457006  16.849907  0.067527  0.729174  0.046493
2248  835.626732  688.531039  16.315369  0.030500  0.427889  0.051411
2249  1914.890497  835.725961  17.173009  0.099181  0.750281  0.070790
2250  662.934278  477.735943  18.906913  0.061919  1.599946  0.130138
2251  397.535380  1975.655630  18.626971  0.074681  1.668242  0.080419
2252  830.620370  1530.370621  19.283352  0.068990  2.009556  0.109206
2253  1626.520154  1670.750256  18.064241  0.105762  1.132062  0.073823
2254  1649.289449  616.529233  17.112432  0.042532  1.104019  0.046254
2255  1589.635549  701.375152  16.028307  0.046501  0.160691  0.029434
2256  1587.172923  291.353269  20.552519  0.169667  2.729649  0.146986
2257  36.951349  352.850120  18.740689  0.070281  1.296039  0.136867
2258  367.993228  1192.317405  19.580103  0.130548  2.215468  0.122113
2259  1870.871194  1926.206864  18.146812  0.098550  1.489889  0.065908
2260  915.951643  12.419498  14.877531  0.023494  -0.459729  0.039003
2261  551.231586  863.230506  16.739888  0.037344  0.752995  0.072037
2262  739.179755  975.278620  18.391696  0.072308  1.395165  0.097762
2263  257.535883  918.978037  16.222477  0.037510  -0.203798  0.029013
2264  1921.862438  1199.647780  18.297145  0.064759  0.834777  0.045100
2265  853.318995  174.863119  17.106291  0.037689  0.573937  0.036556
2266  1141.312528  37.772553  17.207297  0.039463  0.640172  0.069072
2267  1333.254144  64.276232  18.784585  0.141279  1.512352  0.086016
2268  682.041777  1724.446077  17.929888  0.067829  1.023011  0.130800
2269  1256.258598  2.549826  19.214262  0.067039  1.567893  0.169327
2270  1167.097608  1589.163205  18.730807  0.099202  1.383960  0.100748
2271  1984.543681  1604.466604  20.439912  0.228195  2.438157  0.112649
2272  1157.487749  81.860872  20.014748  0.154292  1.929828  0.143174
2273  1616.545976  1471.116288  17.338840  0.059544  0.618234  0.077868
2274  1749.321108  1514.058400  18.680883  0.121849  1.795372  0.084213
2275  716.861994  1603.978790  17.993095  0.100588  1.082125  0.050715
2277  6.066808  678.753304  17.942436  0.056920  1.141375  0.057104
2278  899.283311  76.347603  19.665650  0.177088  1.754089  0.069699
2279  479.910424  449.693755  16.958771  0.035762  0.458810  0.066549
2280  1256.851060  2041.537687  18.160564  0.150751  1.121513  0.071132
2281  814.120946  2035.127138  19.059600  0.118638  1.480683  0.083039
2282  268.988796  148.662407  18.755303  0.098931  1.067657  0.050535
2283  1679.654850  238.384514  18.316663  0.060880  1.157666  0.140523
2284  893.280814  249.190377  19.961935  0.108506  2.140178  0.153758
2285  6.641002  900.336693  19.689353  0.129277  1.792387  0.108436
2286  1430.816850  1059.967771  20.216276  0.186026  2.367367  0.110787
2288  102.963655  1083.177340  19.487655  0.078385  1.734476  0.105015
2289  1670.582760  1510.052814  16.981112  0.047651  0.314603  0.062619
2290  1370.179637  509.781478  17.543857  0.079098  0.537894  0.069465
2291  2003.192814  1621.011406  17.615114  0.116731  0.621190  0.068823
2292  950.235081  561.564656  18.021235  0.099603  1.006976  0.130363
2293  353.402248  1404.897532  17.402696  0.058831  0.737154  0.070262
2294  722.836352  637.198042  19.210346  0.124744  1.841651  0.122396
2295  1204.936163  1245.823824  20.375191  0.087064  2.308575  0.107059
2297  1742.732627  851.644801  18.395963  0.095255  1.883531  0.067293
2298  590.492558  141.275306  17.391868  0.052957  0.662226  0.057734
2300  1463.098282  73.259866  18.903723  0.136408  1.237648  0.068318
2301  796.469754  551.113016  17.751507  0.060617  0.760905  0.080095
2302  388.484054  397.786553  17.907880  0.082791  0.977063  0.068615
2303  630.328235  538.567019  16.940802  0.036620  0.370841  0.052781
2304  1684.934717  1493.545023  18.445540  0.117341  0.846801  0.046598
2305  180.971668  1217.764724  19.695051  0.164505  1.664177  0.098522
2306  513.448201  713.846354  18.483512  0.086105  1.091872  0.049175
2307  1840.818033  120.552602  18.107257  0.052286  1.192230  0.091356
2308  1133.244106  221.027417  19.775803  0.111748  1.848386  0.089018
2309  742.760535  522.139988  18.406797  0.112257  0.917075  0.058881
2310  1676.165314  56.328021  17.984142  0.051339  0.893116  0.081769
2311  1949.553074  1798.140159  17.928914  0.064105  0.936756  0.109933
2312  2016.969094  542.495826  17.897620  0.082761  0.887940  0.072940
2313  1100.953172  1966.142642  17.850514  0.078565  0.563030  0.049059
2314  1642.092314  775.966955  19.265571  0.118482  1.256433  0.110678
2315  145.355472  1438.390113  18.672463  0.058001  1.129332  0.065796
2316  953.473018  740.732246  17.947369  0.058296  0.726325  0.096127
2317  410.109004  214.421557  18.413182  0.096356  1.001696  0.123542
2318  1986.416339  1133.580068  17.448179  0.085314  0.678941  0.073712
2319  772.594746  1317.809003  20.023668  0.090093  1.948213  0.200527
2320  1440.741772  1932.470973  17.765111  0.058923  0.990474  0.073070
2321  1928.042426  1000.680908  18.381099  0.061530  1.399993  0.088983
2323  330.565545  42.438952  17.899184  0.075734  1.506924  0.066522
2324  194.837148  1980.515637  20.304007  0.095150  2.355809  0.178509
2325  461.919138  1036.001633  19.137142  0.166006  1.587700  0.100945
2326  1048.620003  848.206606  17.653583  0.055824  0.552936  0.061316
2327  35.848504  1785.830870  16.542795  0.033637  -0.010730  0.047721
2328  1561.008606  1281.596286  18.333392  0.084814  0.949211  0.067981
2329  1409.989776  506.616778  18.521080  0.100861  2.002736  0.087077
2330  1963.554682  953.706391  17.960149  0.108719  0.840505  0.077079
2331  794.869647  312.671655  20.965015  0.158762  2.905648  0.151752
2332  870.424372  497.037137  19.257562  0.117765  1.759216  0.072046
2333  229.053736  1077.024534  18.251482  0.117667  1.058183  0.049884
2334  1255.209937  801.634678  19.305102  0.117285  1.410415  0.085247
2335  2012.698995  209.456998  18.062233  0.088757  0.966588  0.053563
2336  463.674919  1600.304441  19.935541  0.126357  1.928825  0.194417
2337  1936.795156  996.732043  19.585598  0.089816  1.887386  0.117375
2338  1530.802203  1843.748706  19.940557  0.087997  2.138510  0.153437
2339  1001.347704  38.892176  16.529158  0.057185  -0.072482  0.059490
2340  1302.843117  1528.240100  18.283619  0.047394  2.081945  0.109357
2341  1897.409718  124.437457  18.624900  0.107375  1.167622  0.085043
2343  1617.635224  1988.082812  17.547461  0.073283  0.758875  0.076046
2344  186.151520  1015.712565  19.056178  0.098946  1.489469  0.058916
2345  617.745406  664.120703  17.520865  0.037084  0.565338  0.051996
2346  252.633491  1502.992233  18.770453  0.182163  1.497914  0.097704
2347  582.944305  1111.201093  18.236669  0.137159  0.986583  0.099073
2348  1993.117807  1934.721938  18.475958  0.066918  1.302193  0.101325
2349  783.754555  76.881104  18.776006  0.110936  1.372977  0.150419
2350  796.238397  1596.856856  17.838597  0.064514  0.711518  0.044032
2351  327.677904  1168.250964  19.307546  0.095674  1.486335  0.110550
2352  1997.650405  610.960889  18.231253  0.104885  1.924931  0.049309
2353  234.037157  550.137156  18.406734  0.054860  1.338702  0.070866
2355  1532.557388  254.986775  19.380993  0.120715  1.593494  0.089372
2356  94.487724  639.253594  17.862580  0.043279  0.854396  0.106994
2357  1205.503949  1682.348495  18.326005  0.074969  1.668952  0.085648
2358  1934.453781  549.410846  17.781043  0.127182  1.406470  0.050632
2359  938.611194  1357.714159  18.151366  0.108899  0.977324  0.069015
2360  923.248207  1859.050444  17.689770  0.045748  0.532501  0.046400
2361  186.004072  153.381819  18.530884  0.066165  1.107784  0.079691
2362  156.049061  1577.974638  18.449718  0.110675  0.964577  0.102879
2363  1279.962371  1558.153435  16.331570  0.065232  -0.199720  0.035067
2364  7.840095  862.082806  17.859029  0.041378  0.729365  0.080126
2365  1486.588475  1269.962474  19.786319  0.101727  1.775306  0.102096
2366  2029.698927  1435.999937  17.036609  0.080661  0.284874  0.033544
2368  1814.597432  1707.312351  18.474396  0.058240  0.957954  0.050353
2369  1166.307177  345.877427  18.799257  0.061513  1.151779  0.104773
2370  1543.109753  430.600496  18.899402  0.166150  1.068005  0.092935
2372  373.017262  1596.115355  19.633596  0.119930  1.142631  0.163297
2373  1533.983351  1477.758811  20.450669  0.100812  1.819650  0.140986
2374  1757.677364  1456.377054  19.513601  0.144752  1.032418  0.125803
2375  1840.709845  434.173202  20.007319  0.161736  1.815445  0.088614
2377  1476.411188  1465.272825  19.704472  0.076318  1.206137  0.153806
2378  950.930473  1709.868405  18.912062  0.071917  1.338886  0.108979
2379  1360.021973  893.404552  18.636430  0.062199  0.985679  0.069297
2380  107.847069  135.794653  18.663410  0.053473  1.476129  0.121630
2381  1564.618177  2005.055345  18.796304  0.055346  1.831612  0.093784
2382  833.558485  948.668993  19.412693  0.078382  1.151697  0.194094
2383  1733.831105  1753.139918  18.683645  0.095695  1.380207  0.110771
2384  1931.990217  564.682999  18.863107  0.073694  1.229146  0.103123
2385  1559.533159  553.967389  18.665083  0.053097  1.680519  0.103341
2386  1318.726217  1673.305437  20.553848  0.130984  1.907365  0.183302
2387  772.438704  2040.969481  19.846238  0.109671  1.445613  0.084739
2388  1486.950521  97.268257  18.964997  0.092791  1.665203  0.104621
2389  832.407236  1062.910354  18.604012  0.061818  0.818011  0.096761
2390  1177.489841  677.295415  18.570379  0.081230  0.928000  0.051409
2391  968.713650  1746.648623  20.013064  0.120810  1.660643  0.187616
2392  36.899419  39.522802  18.091648  0.102547  0.603459  0.066355
2393  978.845935  1356.440163  17.696004  0.122418  0.604126  0.078818
2394  369.793434  553.430247  20.636886  0.178598  2.245664  0.141573
2395  1638.304247  1584.459180  18.983692  0.080385  0.992590  0.119460
2396  368.468519  1971.901189  18.620339  0.061678  0.922401  0.072761
2397  255.118177  391.598845  19.133382  0.110263  1.886480  0.073365
2398  579.657556  200.879735  19.495974  0.068808  1.331171  0.083640
2399  1361.649316  1233.816207  18.762824  0.106036  0.818536  0.052701
2401  651.419756  1863.290004  19.183236  0.150950  1.329935  0.087666
2402  223.071115  1568.272486  19.759033  0.107591  1.518273  0.159506
2403  1372.741549  609.174899  18.927353  0.076952  1.293053  0.072168
2404  237.341983  1624.149439  19.620863  0.148917  1.396571  0.072222
2405  1189.314143  512.224145  18.580520  0.103119  0.781900  0.073259
2406  1579.958003  1003.333244  19.077514  0.089780  2.262573  0.192619
2407  1315.392276  1792.852528  20.426682  0.130625  2.238521  0.168098
2408  2046.776402  343.616321  19.265825  0.064421  1.414740  0.061863
2409  980.154426  1868.285743  18.963388  0.067036  1.304619  0.073586
2411  1664.597276  1097.625768  18.964571  0.065839  1.157211  0.096879
2412  1705.116781  1496.463382  18.738105  0.096621  1.006130  0.077761
2413  1592.067507  923.037703  18.394786  0.084915  0.585206  0.048060
2415  1378.758248  1699.905019  19.372666  0.079772  0.672188  0.187959
2416  1615.433188  176.065369  18.437458  0.127587  0.635861  0.049367
2417  716.840835  1001.922368  19.065592  0.080265  1.093773  0.113780
2418  198.896106  410.268072  19.164232  0.083724  0.992301  0.107985
2419  933.204953  1975.054570  18.603435  0.050805  0.772640  0.112413
2420  1286.936254  1595.728508  20.313411  0.097077  1.484335  0.106663
2421  18.850190  1277.835986  19.321809  0.088086  0.895907  0.165648
2422  296.992276  622.680256  18.478288  0.079506  1.263508  0.074556
2423  188.860518  1105.222231  18.151593  0.082333  0.784272  0.078244
2424  433.733513  1014.751339  20.001706  0.138519  1.325300  0.100712
2425  1249.394996  0.462774  17.006292  0.121180  -0.211369  0.060328
2426  25.942627  1881.942571  20.138938  0.144110  1.558586  0.093679
2428  1553.293073  1066.774652  19.996428  0.076262  1.477265  0.133096
2429  1520.442619  1362.224973  16.962000  0.039053  -0.045986  0.043962
2430  1121.734142  212.439776  16.272755  0.041018  -0.356782  0.062665
2432  292.910798  836.858407  20.065384  0.102051  1.601641  0.101365
2433  696.396024  925.843719  19.772874  0.107670  1.198772  0.101732
2434  1524.392562  1830.369507  19.292041  0.086090  1.507566  0.144049
2435  1992.400890  1802.176036  18.729250  0.068122  1.066242  0.058904
2436  1800.513395  1535.852491  19.021434  0.079821  1.144379  0.119547
2437  1144.171679  12.196567  17.777652  0.064106  0.119111  0.066271
2439  852.020428  245.067141  20.256502  0.098954  1.647387  0.097661
2440  1271.688189  1758.151809  18.813852  0.095418  1.092364  0.131095
2441  396.044226  320.236841  19.491886  0.120377  1.144869  0.151808
2443  1732.791997  1896.857357  19.727135  0.094611  1.547559  0.173699
2444  1898.972800  1562.067283  20.605135  0.278770  1.990614  0.105421
2445  1121.749868  145.481090  18.077318  0.135637  0.518404  0.043332
2446  1496.343571  1137.226161  18.704182  0.057144  0.948535  0.170106
2447  708.227791  1991.086092  18.662958  0.135309  1.075172  0.071232
2448  796.573334  182.035957  20.239909  0.167988  1.898694  0.095196
2449  1434.137486  321.535017  18.858252  0.073231  1.146512  0.067744
2450  723.874767  970.193283  19.974452  0.085010  1.523825  0.086301
2451  1694.088254  1251.553273  20.137140  0.202546  1.889971  0.088555
2452  414.389171  500.408958  18.654919  0.114991  1.652729  0.095994
2453  1926.972720  108.008336  19.968692  0.206222  1.594670  0.083291
2455  1239.796148  1659.468333  18.551758  0.051867  0.537794  0.153121
2456  1573.202773  22.134594  19.737995  0.172537  1.619486  0.148274
2457  1221.044806  184.901731  18.827301  0.107043  2.135289  0.118151
2458  53.442456  770.160920  17.858273  0.094909  0.364660  0.063871
2459  1731.099743  1898.481127  20.814174  0.163930  2.209151  0.175367
2460  571.311615  233.439955  19.022577  0.162360  0.956963  0.072157
2461  1938.585263  1361.891591  18.379095  0.049779  0.790997  0.070401
2462  494.552323  788.548714  19.336121  0.087434  1.143058  0.099905
2463  1119.247972  1471.932973  19.019614  0.074050  1.234015  0.097746
2464  1759.011427  1160.924212  19.447662  0.095404  1.345723  0.152704
2465  1159.526352  553.780747  18.437865  0.101336  0.564262  0.063764
2466  706.963832  793.679746  19.191541  0.120504  2.188833  0.088438
2467  665.827851  1371.663970  17.771026  0.066961  0.479692  0.068763
2468  1506.632973  730.426521  18.684541  0.191804  0.911326  0.137490
2469  476.550854  66.813642  17.753006  0.097330  0.406193  0.067373
2470  652.579241  1453.440214  18.534114  0.130061  0.975260  0.062798
2471  264.682917  1682.476693  19.440222  0.095166  1.232903  0.110884
2472  780.114655  1193.472539  20.033943  0.137618  1.407505  0.222100
2473  420.625911  1704.552944  17.817827  0.085366  0.416694  0.100169
2474  1870.462495  1404.994263  20.346159  0.131171  1.925197  0.202070
2475  1428.515735  1367.860886  20.011929  0.091004  1.747713  0.082187
2476  1611.733109  370.060995  18.842069  0.064912  1.246563  0.169922
2477  437.638094  351.400594  20.091555  0.090770  1.724467  0.095576
2478  273.198447  68.941517  19.271617  0.096441  1.677077  0.070145
2480  1525.775388  1650.548669  18.977748  0.167827  1.452794  0.066621
2481  104.202539  381.050503  18.597223  0.140572  1.016046  0.132778
2482  1947.363898  1259.251861  16.917597  0.053804  -0.160610  0.090888
2484  679.195560  1192.403974  18.959554  0.075497  0.750608  0.114346
2487  1002.731869  1088.244122  20.073417  0.111576  1.462469  0.136156
2488  1087.107914  1474.665000  17.293329  0.065960  0.109516  0.086780
2489  38.157755  82.424489  18.673090  0.127840  0.952619  0.061269
2492  1383.513410  1882.911213  17.540912  0.071050  0.158532  0.057325
2493  0.691242  1979.632840  18.856656  0.058763  1.115342  0.079038
2494  288.425674  180.006721  20.279680  0.112684  1.743311  0.167055
2495  1322.733599  29.903498  20.440541  0.208024  1.818552  0.144494
2496  598.411156  73.226007  18.708415  0.123543  1.914021  0.151259
2497  1841.672669  1090.821355  18.773072  0.054640  1.292582  0.108044
2498  1331.306825  778.185083  20.577867  0.147956  2.227021  0.184557
2499  105.926248  1201.602254  18.748889  0.132222  1.296344  0.084191
2500  122.172939  1552.658368  17.505915  0.040686  0.454106  0.047496
2501  1356.569189  852.259098  20.775525  0.200019  2.219522  0.138322
2502  827.959629  349.481007  17.338755  0.048495  0.181738  0.070912
2504  1350.897664  77.476307  20.049479  0.090305  1.543465  0.174121
2505  603.430970  1509.293491  20.535073  0.230312  1.810801  0.231469
2506  971.874216  117.582264  20.518722  0.162726  1.522372  0.239744
2507  677.679397  815.507689  20.296905  0.167283  1.601640  0.210264
2508  585.416576  1971.614518  20.575726  0.171777  1.443662  0.266277
2511  1913.116645  1298.930515  19.709150  0.114246  2.209825  0.098429
2512  1643.871633  1446.685781  20.523315  0.114456  1.249651  0.223471
2513  300.681370  1242.443123  19.329470  0.088074  1.199604  0.086093
2515  1533.322633  1615.187344  18.795637  0.233887  0.667509  0.062725
2517  638.768435  1201.319080  20.788745  0.101744  1.962365  0.323737
2518  1625.504938  199.243244  20.985608  0.143310  1.715109  0.211819
2519  579.224025  939.984818  19.753588  0.083500  1.800249  0.130283
2522  494.156335  739.719571  20.663457  0.239175  1.927915  0.108703
2523  464.162519  1913.369416  19.053427  0.108860  0.717551  0.092069
2524  1460.515512  1859.206345  19.491262  0.100543  1.183018  0.111764
2526  2041.149983  709.706710  19.857154  0.121733  1.029670  0.191919
2527  809.505317  860.321770  19.603543  0.067501  1.105457  0.122697
2528  908.080103  769.420550  19.439724  0.094413  0.879586  0.086322
2531  558.743462  808.214705  19.101914  0.105349  0.846005  0.073060
2534  1946.045396  52.895028  18.963013  0.086946  0.830194  0.121965
2536  688.891481  1618.148228  20.028292  0.131936  1.319244  0.101786
2537  440.166050  1592.967532  18.446227  0.130497  0.347817  0.092881
2538  482.735066  1035.669665  19.942259  0.094252  1.180110  0.156572
2539  1922.615242  618.273898  20.134042  0.141429  1.294358  0.187291
2540  962.408332  929.331067  18.239669  0.082254  0.329095  0.047076
2541  554.657036  1153.324822  20.287422  0.108392  1.604538  0.113700
2543  797.722678  689.899190  20.454553  0.194657  1.571913  0.161920
2544  918.031193  1495.979321  17.088388  0.096336  -0.199883  0.072071
2545  1257.669600  1485.010106  20.114242  0.077353  1.459763  0.078291
2546  977.941925  557.226879  19.965618  0.089275  1.811585  0.144853
2547  1404.828942  293.511163  20.544240  0.195940  1.444525  0.170107
2548  1325.634077  781.506167  18.620203  0.124752  0.655670  0.116365
2549  607.119147  1442.230030  20.184220  0.085402  1.176211  0.112116
2550  1979.296249  727.124540  19.978089  0.262365  2.020023  0.142042
2552  1983.749434  286.128610  18.853655  0.102813  0.523430  0.108186
2553  1498.670307  1872.864040  19.551586  0.084766  1.264276  0.085841
2555  2044.008475  1172.701656  20.260813  0.131737  1.445681  0.101653
2557  974.933892  1502.715424  19.514539  0.085207  1.190430  0.128714
2558  1636.428164  291.610441  19.693135  0.122864  0.805482  0.096026
2562  1981.471254  1056.611664  20.409018  0.114690  1.673219  0.156675
2563  946.607243  1736.471965  20.443578  0.295227  2.064654  0.177488
2565  717.080587  362.421128  20.896806  0.195830  2.098373  0.302865
2566  1860.040922  1131.188031  19.496696  0.103560  0.982433  0.157467
2567  319.769732  1042.378542  19.949791  0.108797  2.016572  0.233899
2568  1451.261164  1886.675369  20.090829  0.113881  1.374469  0.274823
2571  1602.908134  114.934044  20.019107  0.113767  1.420440  0.123261
2572  1240.886539  1234.989314  19.812506  0.074712  1.081067  0.100980
2574  1604.532527  130.576024  20.729083  0.187615  1.428736  0.238816
2575  1625.609904  1891.410169  20.216681  0.080791  2.063564  0.107784
2576  1875.658737  1841.693430  20.012173  0.244987  1.261591  0.149734
2577  1547.823480  1590.113722  20.517211  0.088925  1.339464  0.158185
2578  321.721403  1846.625237  19.441823  0.079179  1.279451  0.096777
2580  87.554642  1645.144692  20.300224  0.204538  1.839026  0.185212
2581  506.910054  1129.095576  19.107224  0.189699  0.910648  0.096743
2582  195.868819  361.800858  20.885194  0.161922  1.695591  0.199671
2583  311.377496  1697.108465  18.633552  0.136742  0.435594  0.097269
2584  2027.080977  1265.357753  21.002269  0.104884  1.561412  0.263582
2585  958.211139  1492.058620  19.974617  0.160366  1.042449  0.135148
2586  1077.295349  628.753543  19.622525  0.114416  1.159619  0.154307
2587  1649.374647  1212.738335  20.161431  0.082763  1.260209  0.081565
2588  48.100306  1974.123178  19.797028  0.122386  1.668053  0.164709
2590  1190.349727  1088.674730  20.270518  0.097985  1.546603  0.173336
2591  164.966788  1924.620506  20.542481  0.262389  1.491006  0.123410
2592  51.540303  143.658961  18.685345  0.055521  0.675021  0.136821
2594  1821.834800  1612.578325  19.834838  0.139145  2.442656  0.123531
2595  1972.786458  1182.124241  18.058190  0.106280  0.338210  0.100827
2596  1382.808461  278.431287  20.158610  0.119519  1.974579  0.199501
2598  1346.306887  999.086142  19.512033  0.090489  1.590453  0.184328
2599  1949.320011  1100.574398  19.518797  0.087488  1.331543  0.106837
2600  1040.324563  1641.868681  18.887661  0.090145  0.858328  0.146516
2601  49.026775  2031.851053  20.499551  0.190303  1.540940  0.120442
2602  593.120825  1399.107195  19.329549  0.070015  1.067300  0.150412
2604  383.880083  1374.329617  19.522334  0.067664  1.619516  0.076469
2606  1826.835654  1837.545993  21.013461  0.140512  1.844232  0.111457
2607  648.716752  1341.262596  20.171886  0.153437  1.605187  0.101667
2609  1679.256911  562.799362  19.505960  0.085767  1.793804  0.174476
2610  1674.972662  1194.094736  20.446970  0.168868  1.780598  0.290970
2611  255.366233  1250.144365  19.292271  0.213610  1.302298  0.170608
2612  563.649209  1687.043818  18.279635  0.129465  0.490153  0.051932
2613  353.690202  483.238589  20.060208  0.113477  1.351353  0.141342
2614  587.609890  287.915612  19.263313  0.080098  1.440542  0.066843
2615  1985.153554  820.515885  19.864934  0.112731  1.257333  0.129736
2616  990.221563  110.078208  19.932861  0.100023  1.410150  0.104862
2617  1653.166222  1176.500798  18.697918  0.105835  0.706298  0.075407
2618  1331.032498  361.090711  18.294553  0.068372  0.250321  0.073274
2619  1369.651483  1075.016560  17.013417  0.046371  -0.338302  0.080716
2620  765.393377  1409.463936  19.072882  0.064185  0.523163  0.116810
2622  1104.489965  174.582968  20.250460  0.085208  1.739872  0.093012
2623  1892.841846  1963.823231  20.247618  0.109568  1.427119  0.157473
2624  1668.010252  622.319757  20.720024  0.130259  1.755492  0.206609
2626  191.701052  662.088534  20.112778  0.220595  1.099848  0.150880
2628  1386.986242  2033.049813  19.266444  0.104140  0.994507  0.074355
2629  1073.569786  554.740887  19.463293  0.075686  1.051779  0.092551
2630  1051.770947  1615.127060  19.550649  0.087589  1.196697  0.161014
2631  1939.671462  562.096420  20.362535  0.142079  1.560467  0.086028
2633  967.746895  758.059622  19.603257  0.123952  1.106409  0.093314
2634  1142.474656  1249.904917  19.733309  0.083765  0.898542  0.131063
2636  634.201183  374.425255  19.134011  0.161279  0.747996  0.092723
2637  1596.222356  1066.502422  20.712144  0.155459  1.816085  0.205231
2638  1113.027529  270.801630  19.574223  0.125949  1.115553  0.088152
2639  51.380071  107.945463  19.842884  0.079576  1.155940  0.106933
2641  1177.041937  17.391409  18.204784  0.069629  0.108296  0.090324
2642  587.042871  1894.055165  19.195655  0.113413  0.600100  0.071265
2643  1444.053136  852.587237  19.675843  0.178802  1.501289  0.165245
2644  668.397320  287.818342  18.742997  0.078456  0.676376  0.135463
2645  1469.369302  542.164623  20.718195  0.214014  1.772401  0.165551
2646  1344.906702  1687.496449  17.892011  0.081948  0.051944  0.058398
2648  736.704814  479.796086  20.441635  0.090262  1.369080  0.101121
2649  1923.089792  1081.499550  20.924716  0.156093  2.003642  0.193736
2650  1227.157573  321.110108  20.617550  0.224204  1.603763  0.100292
2651  1669.128666  1460.727914  18.912965  0.075427  0.773165  0.072728
2652  1220.350168  1228.867800  19.980140  0.132418  1.188522  0.145080
2653  1548.798167  99.645671  19.339308  0.113136  0.984615  0.080305
2656  263.683348  1304.668039  19.496286  0.171981  1.362517  0.115209
2657  200.666042  1878.555002  18.488775  0.078119  0.084116  0.146152
2658  974.205696  1708.022275  19.811709  0.132150  1.313757  0.104948
2659  1523.654143  1306.140527  19.432223  0.095532  0.860760  0.256396
2660  336.927459  415.133814  17.362730  0.037217  -0.314697  0.108636
2661  2046.391423  1975.069057  19.799710  0.158901  2.072689  0.125995
2662  762.479829  1922.470382  19.316967  0.082398  1.050253  0.101103
2664  727.744055  1206.847259  20.084016  0.171307  1.338956  0.184544
2666  685.911569  1204.077479  20.062087  0.282177  2.106257  0.149848
2667  865.060878  1484.295213  17.162444  0.078707  -0.292918  0.085302
2668  220.734550  587.466853  19.507788  0.118346  1.251407  0.117516
2669  432.922306  1969.156950  19.189234  0.092693  0.656903  0.082651
2672  1239.498491  707.209778  19.874916  0.118332  1.202036  0.092536
2674  1396.103918  1743.321069  19.732395  0.089110  1.037328  0.080280
2675  748.775495  763.516592  19.072582  0.090680  0.917490  0.080585
2676  1367.886981  2010.466764  19.491606  0.113355  0.867635  0.135743
2677  503.823144  1390.386632  19.595190  0.106205  1.694890  0.122194
2678  1907.836988  172.312845  19.972309  0.143912  1.949003  0.105587
2679  1558.346929  760.536013  20.416405  0.145368  1.195014  0.155187
2680  1028.205544  982.141674  19.760228  0.166190  1.485081  0.228334
2684  1721.915526  925.238166  18.680841  0.094417  -0.048736  0.090694
2688  793.355040  1328.071897  18.801230  0.095511  0.518650  0.069023
2691  1418.210206  1077.990772  20.826259  0.139136  1.890022  0.137850
2692  704.591167  1001.061362  19.620071  0.122081  0.827058  0.117400
2695  715.303036  1122.774347  18.496206  0.066394  -0.006652  0.054104
2696  1945.653243  1874.147563  20.279982  0.158935  1.269149  0.124446
2697  1480.710925  1714.008392  20.201667  0.140170  1.432466  0.186674
2698  158.119845  371.419336  20.265694  0.094966  1.271459  0.085139
2699  223.986734  986.516334  20.618377  0.128906  1.326385  0.138896
2700  1282.475360  1000.395499  20.368933  0.111025  1.365400  0.221940
2702  369.753172  1919.252617  18.696652  0.177604  0.334074  0.123666
2705  1760.190449  351.140778  20.509394  0.214950  1.216058  0.126668
2708  839.648163  867.803196  20.320556  0.106278  1.075214  0.083214
2709  1027.149122  1645.143066  20.014085  0.185800  1.502996  0.102737
2712  1012.685711  867.652457  20.619746  0.119221  1.548409  0.119653
2713  1499.663918  1182.818764  20.587764  0.098833  2.020552  0.159572
2714  1079.967585  1968.953581  20.340203  0.102545  1.185108  0.285303
2715  166.841150  1796.644169  18.106106  0.068423  -0.041883  0.047792
2716  1439.374263  1644.032893  20.742374  0.157148  2.118760  0.173870
2717  477.160452  1682.115298  19.683287  0.154990  0.480063  0.142024
2724  1754.367292  23.700343  20.720745  0.130864  1.832709  0.191665
2725  989.259493  527.207248  20.245866  0.082897  1.285041  0.100716
2728  1744.082538  162.385618  19.893144  0.070184  0.796128  0.182572
2729  1319.807470  694.482248  21.227436  0.187608  1.700304  0.195343
2731  280.294656  26.719638  21.387347  0.154384  2.659897  0.136721
2732  1766.855038  228.099308  20.805511  0.287250  1.633731  0.152940
2733  505.307038  1396.629810  19.836955  0.133207  0.828940  0.091542
2734  975.472089  1752.110228  20.972433  0.242210  1.568460  0.168680
2736  512.576340  1394.337934  20.257822  0.151744  1.384735  0.130694
2737  1515.275711  1866.740645  18.514555  0.113397  -0.132624  0.054416
2738  21.666256  539.329188  20.806850  0.330076  1.374522  0.274917
2739  669.981309  1925.338850  20.897507  0.136998  2.935498  0.129575
2740  1742.796727  1342.925598  20.088678  0.206501  1.032114  0.150567
2742  751.517168  1898.490643  20.067978  0.187202  0.831999  0.111823
2745  620.626545  20.442039  20.738419  0.121969  1.261668  0.149117
2746  694.377913  1650.923972  19.842395  0.177526  1.035659  0.093830
2749  1047.639231  671.170586  20.854929  0.203432  1.642853  0.107662
2750  1229.841404  2012.613029  20.547149  0.156611  1.172477  0.159886
2757  712.048748  1990.758382  19.473999  0.122340  0.338274  0.122955
2758  1044.131607  459.423071  17.819059  0.068392  -0.150131  0.056283
2759  1727.417622  809.068088  20.829075  0.145261  1.372227  0.163024
2763  1026.427527  613.467463  19.818606  0.167787  1.436263  0.102376
2765  402.106799  1720.372233  20.325204  0.100691  1.373084  0.211789
2766  1320.530984  1293.601656  20.779822  0.172922  1.398421  0.151720
2774  445.123425  233.606605  19.474375  0.069055  0.641262  0.073486
2776  978.862411  800.232674  20.382831  0.319096  1.969325  0.202498
2778  853.359593  1178.178070  20.740797  0.236912  1.654569  0.266512
2780  1757.215126  381.050835  19.998231  0.093741  1.087870  0.104792
2781  1603.791163  1820.907592  20.158037  0.088887  1.064685  0.090531
2783  813.946208  19.052292  21.151864  0.142573  1.714153  0.266792
2784  1571.438356  179.242069  20.377185  0.262507  1.899616  0.162845
2785  248.229993  871.492437  20.116914  0.145936  0.785617  0.170505
2786  134.716024  679.432212  19.865764  0.082250  0.755495  0.102433
2787  2020.745095  1527.888317  19.343366  0.078648  0.768933  0.101858
2788  1573.616245  1550.447425  21.227760  0.146772  1.993379  0.284007
2789  1879.366614  167.281575  19.253384  0.130706  0.699039  0.113048
2790  166.697219  619.964078  18.811971  0.118553  0.409557  0.142527
2791  720.745753  971.518976  19.825531  0.186627  0.568015  0.082193
2793  1509.071545  234.425005  20.446987  0.119965  1.442285  0.086938
2796  1957.372655  1543.476783  20.573742  0.149613  1.190730  0.124168
2799  589.755325  1465.154883  20.926841  0.157864  1.493746  0.134893
2800  1902.962960  557.837894  19.360591  0.062982  0.550458  0.153273
2802  1728.574251  1894.676064  20.112522  0.172641  0.629016  0.114593
2805  1809.651508  227.285632  20.420075  0.121354  0.876237  0.123780
2810  341.185369  1397.918556  20.155768  0.135223  1.499517  0.169883
2812  837.584208  1889.026967  19.166680  0.140440  0.463443  0.069405
2813  1464.318019  1887.453070  20.429372  0.115190  1.175441  0.172015
2814  989.987449  1897.982430  20.447123  0.095999  1.422975  0.139663
2816  562.383878  473.515913  20.945209  0.251349  1.282147  0.258693
2817  888.482727  229.632252  18.984519  0.119939  0.040531  0.117959
2822  853.118615  724.561074  20.629756  0.174615  1.060071  0.197545
2823  740.406072  1569.632045  20.287136  0.205963  1.738397  0.114883
2824  479.627702  1722.227888  20.655143  0.153416  1.108762  0.113384
2828  714.947721  790.000213  20.752537  0.195009  1.199881  0.154259
2832  1312.563173  1218.448380  18.560875  0.066510  0.147302  0.068380
2841  888.585059  1693.275429  20.398025  0.266345  1.902669  0.106602
2842  846.577737  736.034637  20.686028  0.166837  1.183857  0.214734
2843  1527.318134  94.418150  19.528666  0.091077  0.531166  0.127616
2846  374.382053  163.350046  20.725907  0.221732  1.364326  0.262213
2847  1798.230541  1103.364797  20.613975  0.176111  1.166079  0.219819
2855  1231.986789  2019.768952  21.148236  0.117191  1.029598  0.353909
2859  353.438325  1510.641830  20.965884  0.248431  1.547119  0.146809
2861  725.607560  1010.532742  17.653938  0.098917  -0.077121  0.085081
2862  493.557226  1396.094634  18.953717  0.098379  0.124716  0.065389
2863  449.011518  520.246419  20.341034  0.204877  2.090048  0.102907
2864  1839.934504  1170.094734  18.611373  0.077488  0.371370  0.149387
2865  1862.181129  430.970000  20.925440  0.125102  2.002271  0.255609
2867  1492.693763  1558.218207  20.317808  0.271295  1.696005  0.143905
2870  604.996678  1867.142953  21.034672  0.251432  1.727370  0.200558
2872  322.069108  1838.765280  19.657534  0.086593  0.381991  0.107694
2878  467.173657  1299.991091  19.355821  0.134599  0.169098  0.080958
2881  1515.823044  109.023007  20.313594  0.212770  0.768963  0.200700
2892  1875.247439  2040.064840  20.622751  0.129313  0.900476  0.129236
2893  1268.350205  1356.721966  20.848690  0.280299  1.145417  0.279700
2897  561.439061  1139.746518  20.137629  0.156631  0.639488  0.100266
2902  1814.635206  2017.012716  21.597518  0.230613  1.214358  0.163375
2903  526.459346  1987.915323  20.234635  0.238317  0.588578  0.095967
2910  363.352716  580.622621  19.669023  0.165478  0.656490  0.086335
2911  419.285412  451.928624  19.637635  0.137260  0.414155  0.190703
2915  961.477274  1210.171082  21.101155  0.416656  1.432908  0.160588
2916  660.739111  1804.839783  18.901357  0.137537  -0.043556  0.129461
2917  910.582072  1062.446071  21.037781  0.207284  1.409458  0.320725
2918  1036.600744  534.865325  20.717617  0.114895  1.096418  0.175837
2919  1613.985807  1523.129029  20.825788  0.108961  1.027168  0.227933
2924  40.432657  2008.200654  19.405500  0.084871  0.418492  0.110351
2929  1472.173778  555.498004  19.998717  0.213658  0.237959  0.167926
2934  1192.056697  1542.102424  20.599784  0.209266  1.453217  0.217265
2944  1545.333951  1775.897092  19.675874  0.102459  0.065788  0.168305
2947  1395.041461  1113.301918  20.902006  0.125051  1.344213  0.262129
2955  661.059260  1196.886004  20.680551  0.108934  0.852825  0.167697
2960  1632.606301  1261.855582  20.058883  0.171016  0.631522  0.121175
2963  631.248634  1995.062582  19.297898  0.078154  0.239140  0.149890
2990  1008.516981  1351.806824  20.290555  0.154419  0.336839  0.163729
2992  1826.843310  1387.855871  20.095570  0.106060  0.537903  0.126645
2999  1072.215435  805.340890  19.738631  0.174043  0.258846  0.163559
21001  857.412799  316.968632  19.943129  0.088278  0.620268  0.105098
21005  1768.463616  1427.862109  19.814016  0.083317  0.067076  0.214179
21014  1708.362210  2016.277005  21.041137  0.132133  1.508721  0.189584
21018  1825.449267  1825.197702  20.106330  0.243996  0.461992  0.333618
21021  482.665516  573.798895  20.026875  0.110583  0.641145  0.151089
21027  758.273211  1247.518400  19.998028  0.103256  0.518334  0.106108
21034  1573.425151  1175.087860  20.852479  0.120207  1.152041  0.171213
21036  621.714838  1420.553156  19.932306  0.084105  0.627620  0.154989
21037  1759.492923  3.735358  19.395142  0.148998  0.054370  0.098102
21040  1246.436397  1964.609826  20.185760  0.100134  0.749021  0.180518
21044  201.152133  1545.962262  21.393594  0.203911  1.365531  0.211049
21047  1410.698662  803.194271  19.745039  0.149789  0.720357  0.143601
21049  1289.402819  885.640258  20.607316  0.173095  1.363372  0.178234
21054  131.679827  992.302785  18.600241  0.057256  -0.112436  0.079196
21055  451.359508  1149.288033  19.850056  0.076752  0.250126  0.074074
21057  746.080055  465.343216  21.377994  0.229802  0.875877  0.112942
21061  129.173729  1120.642743  20.379009  0.155996  0.470834  0.104645
21073  1127.101598  556.859714  21.448151  0.193634  0.722728  0.256947
21075  1421.003603  1178.879141  19.861693  0.092890  0.296617  0.156620
21077  1050.961319  571.011325  20.898920  0.294822  0.738435  0.129892
21081  622.778082  588.117290  21.158188  0.167280  1.383649  0.254165
21082  1851.003309  561.499765  20.778516  0.126290  0.322186  0.169308
21086  815.403333  165.919600  19.948762  0.186544  0.351239  0.130135
21087  1207.961757  56.028452  20.503685  0.156033  0.373427  0.105828
21092  784.768759  1847.205420  20.188707  0.162609  -0.205446  0.196418
21095  1462.887523  1160.517833  20.463058  0.146915  -0.253215  0.214102
21096  824.910084  1552.658839  20.473080  0.227626  0.466657  0.162034
21098  890.871442  1748.220908  20.050246  0.077490  0.008298  0.116016
21099  1797.599202  2047.876605  21.184605  0.214698  0.917827  0.212559
21101  851.909010  1223.197426  20.602277  0.143994  0.616103  0.101957
21105  858.013650  1229.189713  20.810955  0.156623  1.093690  0.197989
21108  1770.087646  616.797081  20.854853  0.118471  0.663302  0.192962
21110  616.299660  1911.330523  20.149712  0.162188  0.302883  0.246988
21114  705.272199  1740.291352  19.881829  0.110896  -0.140151  0.171416
21117  243.312012  1124.663542  21.220978  0.182722  0.630539  0.151543
21123  819.064042  1582.531949  21.063826  0.349800  1.269761  0.372074
21134  1290.140046  1512.942252  21.573081  0.395031  0.221851  0.220842
