# id  x  y  V  eV  BV  eBV
123  1121.778831  1054.970593  21.366822  0.185974  1.611567  0.225994
132  1076.713718  1012.433142  21.244873  0.257904  1.434475  0.145315
139  946.280673  1155.704955  21.163286  0.228440  1.497959  0.216612
140  1096.311706  978.518221  20.684475  0.182927  1.137025  0.260857
142  944.209859  1154.688020  20.763908  0.241470  1.686484  0.124777
144  1002.821222  1031.866757  20.947021  0.099345  1.465736  0.108933
146  987.398451  1070.050836  20.533659  0.249619  1.232000  0.224921
148  1114.399150  1046.087496  20.834366  0.149012  1.461571  0.118654
149  963.736433  954.688000  20.561122  0.169764  1.263854  0.148039
150  944.484270  963.473285  20.844763  0.194091  1.587635  0.179808
151  972.382659  1095.524004  20.863942  0.152721  1.327847  0.275264
152  1012.127130  956.843581  20.467651  0.164722  1.284554  0.140994
153  1094.709248  1039.451177  20.565194  0.178635  1.396634  0.122584
154  1001.629102  1059.921060  20.841214  0.151394  1.424029  0.267914
157  1035.547423  1021.802332  20.701443  0.186579  1.283401  0.251970
158  991.278776  949.995745  20.548838  0.140025  1.388860  0.105223
160  993.556398  970.210386  20.498155  0.092290  1.415607  0.169947
162  1059.409695  1198.675599  20.502868  0.176638  1.436643  0.159558
163  953.467372  958.371000  20.484521  0.241779  1.351552  0.142928
164  1086.649119  994.392556  20.410684  0.187051  1.349415  0.131344
166  859.144684  1086.680064  20.247842  0.131747  1.384605  0.131740
167  880.724070  974.011126  20.606080  0.182953  1.339647  0.171227
168  1096.630600  1086.596669  20.565675  0.144802  1.237274  0.121877
169  1110.626079  1043.066450  20.234605  0.196437  1.347462  0.198222
170  1034.474312  1063.836795  20.350254  0.100773  1.482085  0.184136
171  1059.639276  1196.832850  20.211122  0.112197  1.324986  0.083783
172  998.674371  958.034248  20.332055  0.243437  1.288838  0.089794
173  984.581734  982.205686  19.993112  0.285680  1.429210  0.088068
174  948.529459  988.307374  20.315175  0.150124  1.462041  0.099965
175  1135.436247  936.163369  20.367501  0.093255  1.327755  0.085699
176  1061.820580  1070.876815  20.157215  0.106445  1.296827  0.123952
177  1007.354061  818.330460  20.481613  0.184010  1.373704  0.139172
178  1053.570580  1059.115336  20.650946  0.190393  1.449398  0.159899
179  922.734735  985.809224  20.123516  0.229986  1.223909  0.113483
180  906.973942  940.456960  20.270114  0.100711  1.430776  0.122627
181  977.511465  858.182636  20.103502  0.157900  1.547158  0.143133
182  1006.086676  867.600118  20.125666  0.141988  1.455213  0.082464
183  983.629292  1077.709312  19.970757  0.105304  1.292743  0.108748
184  896.784650  1055.537766  20.160995  0.101306  1.124745  0.156662
185  974.757949  1012.266865  20.143071  0.153032  1.400889  0.088343
186  978.623468  1065.844859  20.308100  0.160408  1.521898  0.130165
187  1118.880195  1046.747750  20.124293  0.102411  1.432735  0.152924
188  921.225257  1090.793370  20.096933  0.103211  1.470426  0.147643
189  1039.175905  1028.362342  19.934917  0.096140  1.182643  0.163321
190  992.465551  1023.256863  20.132746  0.107338  1.632606  0.155832
191  967.201690  880.868352  19.923127  0.209529  1.263057  0.172588
192  1044.915323  964.000829  19.910659  0.140451  1.458916  0.107988
193  1083.302195  940.819149  19.870160  0.074243  1.332877  0.110554
194  1081.336730  1155.193324  20.028948  0.121630  1.456614  0.190880
195  881.703588  1146.908160  19.896961  0.135071  1.367855  0.071901
196  1061.724058  983.500083  19.432275  0.191678  1.306642  0.115575
197  998.992486  985.470874  19.789595  0.084671  1.138022  0.087515
198  910.310134  914.923786  19.565776  0.162576  1.433664  0.080605
199  882.336051  991.364526  19.841512  0.137135  1.561194  0.146268
1100  1003.886408  1041.329459  19.767406  0.072452  1.242200  0.095052
1101  1132.724449  991.277138  19.828974  0.096999  1.365688  0.087452
1102  1082.571264  944.925327  19.554139  0.175486  1.209203  0.138985
1103  980.603761  971.190845  19.530579  0.107618  1.427587  0.068128
1104  892.891587  1000.018555  19.713662  0.072006  1.300320  0.087387
1105  1029.032059  895.162102  19.497832  0.115172  1.118751  0.122500
1106  936.449372  1098.697441  19.687945  0.113410  1.279981  0.114291
1107  930.162586  1037.685371  19.299857  0.122253  1.285701  0.130535
1108  1099.264287  958.648832  19.475637  0.112294  1.399292  0.104952
1109  956.541194  945.619456  19.516753  0.120547  1.323626  0.178855
1110  1016.761692  1017.620009  19.491988  0.095799  1.464729  0.084945
1111  1147.791380  1042.496696  19.607140  0.070969  1.199480  0.129389
1112  1086.526546  1133.684736  19.423794  0.139789  1.249580  0.069732
1113  1083.567493  1088.810783  19.253744  0.117397  1.365275  0.104410
1114  1052.678472  892.780872  19.394801  0.099138  1.366892  0.145543
1115  1203.678106  1100.592845  19.152821  0.097751  1.293359  0.109444
1116  1050.586993  956.178924  19.335618  0.115825  1.245059  0.106050
1117  923.910861  860.061000  19.203818  0.075861  1.342423  0.072307
1118  931.486904  1143.933829  19.076448  0.154055  1.142169  0.164162
1119  1015.321723  1060.029379  19.382226  0.170412  1.244011  0.078189
1120  1075.710034  1105.772380  19.193954  0.060539  1.358437  0.153000
1121  1071.807836  975.160873  18.811272  0.127690  1.388878  0.128536
1122  1119.909499  1187.376374  19.251714  0.134582  1.202946  0.156245
1123  1117.097226  1022.570783  19.051937  0.109917  1.295379  0.087665
1124  942.810604  1082.095739  19.054022  0.161248  1.354612  0.113995
1125  903.941878  1025.097830  19.086407  0.128772  1.371806  0.075541
1126  949.057454  1024.707318  18.936726  0.068534  1.275350  0.101075
1127  1110.348575  1105.265603  19.075795  0.140082  1.229431  0.079319
1128  880.747909  995.020841  18.962098  0.164668  1.238279  0.064258
1129  975.065354  836.390707  18.935831  0.117201  0.953544  0.134156
1130  900.136530  985.810391  18.666313  0.131989  1.275063  0.055026
1131  1152.326922  879.694090  18.914161  0.138520  1.272367  0.124505
1132  947.611136  1055.403479  18.826306  0.134289  1.217234  0.096809
1133  916.557722  1020.833321  18.678713  0.092685  1.244429  0.057966
1134  1005.532549  992.392970  18.714833  0.109999  1.294440  0.071479
1135  1162.411028  1040.881111  18.632410  0.056059  1.342565  0.125595
1136  995.663032  1075.185828  18.635485  0.066511  1.051112  0.137751
1137  1158.707446  961.160192  18.531177  0.052612  1.140001  0.070591
1138  1142.352445  995.479634  18.502343  0.102473  1.145146  0.048712
1139  1067.662725  842.506117  18.427403  0.075422  1.128948  0.057390
1140  1058.114294  992.910008  18.444236  0.054685  1.123999  0.062509
1141  1062.252564  1001.409126  18.312490  0.068172  1.205024  0.060847
1142  923.659674  1109.371372  18.283086  0.076793  1.113126  0.046426
1143  911.890125  919.070863  18.219762  0.078428  1.141495  0.135369
1144  1018.530140  962.669322  18.251894  0.106638  1.090511  0.047597
1145  1020.801126  988.545884  17.817089  0.146680  1.079019  0.097419
1146  957.326029  937.493402  17.961120  0.097286  1.129376  0.086777
1147  1123.300864  979.000607  17.890902  0.053247  1.013684  0.064236
1148  1089.973043  1061.981573  17.890236  0.053958  1.160635  0.056169
1149  1214.906081  944.104899  17.817896  0.076792  1.145951  0.090249
1150  1097.593364  843.327980  17.664425  0.092649  1.011602  0.043953
1151  1202.786693  989.601321  17.841515  0.126260  1.061645  0.073785
1152  1106.009764  1201.519309  17.773407  0.076292  1.017136  0.096922
1153  1163.247493  1155.526349  17.578193  0.069609  1.196913  0.127882
1154  1076.712919  1145.118638  17.465823  0.071589  1.089363  0.057589
1155  1072.975954  1127.328993  17.340078  0.085340  1.021957  0.086728
1156  1054.690836  988.614554  17.474772  0.132787  1.026672  0.098676
1157  1105.172808  1198.762988  17.072116  0.074608  0.997868  0.074772
1158  988.970742  959.985930  17.021243  0.047717  0.864113  0.072760
1159  974.369096  1008.978309  17.166502  0.111640  0.865872  0.083571
1160  1073.707663  1079.946670  16.895161  0.042438  0.961239  0.058538
1161  1018.488054  1086.114386  16.893709  0.077571  0.774286  0.059742
1162  1064.105431  951.217562  16.710568  0.057784  1.020722  0.034132
1163  1092.274053  1008.094863  16.578442  0.100067  0.926076  0.075001
1164  833.850614  1118.350234  16.717396  0.075559  1.105455  0.113782
1165  1123.973243  1153.348014  16.469164  0.044553  0.909475  0.082301
1166  1074.367939  1027.045929  16.231856  0.028802  0.834563  0.040348
1167  1078.569001  948.836413  16.198971  0.043353  0.869368  0.068146
1168  993.103094  1017.203958  16.078681  0.059159  0.737737  0.029953
1169  960.288317  925.990932  16.007607  0.069854  0.752285  0.028647
1170  897.118577  1136.826716  16.021058  0.049364  0.706143  0.035632
1171  1010.996183  993.544929  15.924434  0.048048  0.760991  0.041585
1172  1097.714135  974.864159  15.590488  0.031836  0.672410  0.077400
1173  1076.390318  1077.184635  15.631961  0.054301  0.502213  0.084803
1174  1170.885407  992.962294  15.540420  0.037209  0.702879  0.043019
1175  1077.092905  1134.863852  15.482791  0.030600  0.497621  0.046657
1176  1032.377324  985.022853  15.309285  0.034994  0.656850  0.041852
1177  1070.512722  1052.089385  15.311334  0.049989  0.587986  0.042721
1178  894.054154  1067.499909  15.199607  0.059092  0.591079  0.026713
1179  915.950182  1005.929247  14.939083  0.059522  0.525077  0.052904
1180  965.360251  1077.490074  14.805676  0.045780  0.471384  0.047786
1181  1125.693542  995.746857  14.540885  0.038975  0.423484  0.026663
1182  943.636931  1017.094902  14.429547  0.030398  0.458692  0.024475
1183  1172.399084  1003.546194  14.233136  0.042688  0.403300  0.036439
1184  989.740401  957.807841  14.173788  0.044626  0.427297  0.055212
1185  1186.704876  908.099072  14.051153  0.039979  0.439967  0.094637
1186  939.583877  970.873713  13.820403  0.034719  0.369629  0.026837
1187  993.151099  1048.828498  13.749107  0.031245  0.301444  0.027609
1188  1169.024082  1012.705423  13.487101  0.020639  0.351840  0.050657
1189  1189.087805  1085.655777  13.402694  0.032478  0.352304  0.032552
1190  1125.024993  1173.008957  13.163398  0.027279  0.207374  0.024482
1191  1134.191555  1032.888422  12.968767  0.018802  0.178788  0.020538
1192  1107.809976  1048.120013  12.831001  0.053212  0.178589  0.026566
1193  1101.625037  908.139581  12.708858  0.023909  0.141366  0.031748
1194  984.660931  1185.104159  12.681338  0.027046  0.159003  0.026479
1195  1042.398126  905.924321  12.605542  0.023657  0.180298  0.042354
1196  1011.829166  955.100774  12.403531  0.035091  0.070042  0.039624
1197  867.658240  865.960202  12.333646  0.030686  0.037876  0.032170
1198  977.907036  1082.574029  12.184752  0.023389  0.054973  0.022652
1199  918.404035  1012.221358  12.019586  0.039316  0.042750  0.042492
1200  1051.558871  1032.269967  11.708597  0.022458  0.047319  0.036806
1201  1120.615772  952.239309  11.449013  0.023669  0.031710  0.026667
1202  1093.191844  1002.808300  11.341311  0.028711  0.045951  0.031244
1203  1005.630751  1029.068575  10.939615  0.027251  -0.009339  0.037964
1204  1044.969329  1053.951201  10.678351  0.027421  -0.011679  0.017689
1205  933.879235  1224.384758  10.266039  0.016974  -0.013038  0.024937
1206  994.906440  863.453450  9.373813  0.034079  -0.096403  0.031586
1207  990.817874  1027.538002  8.903778  0.019924  -0.057383  0.025742
1208  1037.310689  1040.532808  13.493738  0.040685  0.222223  0.037857
20  279.481874  1111.716501  7.098544  0.030086  -0.075471  0.019563
21  56.555798  1113.067391  7.412923  0.025583  -0.016409  0.038398
22  195.593772  1509.953530  7.978435  0.016068  -0.100852  0.029060
23  714.680943  8.198946  8.824104  0.022543  0.175076  0.044392
24  1535.068393  560.764194  8.366503  0.018997  -0.064155  0.024392
25  1394.637737  1225.451612  8.778130  0.023029  0.124153  0.019531
26  832.916162  103.297520  10.323090  0.030124  0.622384  0.035204
27  585.058765  492.062737  9.079231  0.020544  -0.011286  0.025110
28  878.907629  1004.454327  14.494600  0.031583  3.060203  0.036425
29  667.438303  1097.072433  9.747018  0.036672  0.256295  0.023341
210  1418.536596  374.967705  9.067753  0.028528  -0.208708  0.019068
211  1327.528946  1605.685223  11.286360  0.023741  0.865598  0.053827
212  610.962373  96.565551  12.309875  0.030098  1.264118  0.035476
213  1638.690879  883.825403  10.673839  0.033476  0.228575  0.019633
214  1477.669847  463.795796  10.745258  0.038702  0.100249  0.032210
215  602.147166  1808.547675  11.210656  0.026289  0.424809  0.033454
216  621.058409  1306.295074  16.322815  0.057324  3.289801  0.038173
217  681.028689  1177.740649  11.028714  0.040459  0.185861  0.023160
218  1107.930717  1102.782253  12.825565  0.026026  0.817175  0.030301
219  410.558980  681.469705  12.104348  0.034113  0.492115  0.025335
220  224.446383  1843.453593  15.080448  0.064937  2.186376  0.059778
221  952.764623  1239.237573  12.796812  0.054772  0.961092  0.022925
222  974.198860  1230.346041  12.216265  0.021513  0.250375  0.020566
223  1132.328006  1018.312644  11.595944  0.025016  -0.112683  0.060784
224  208.554852  1135.111292  13.897724  0.031657  1.087985  0.037791
225  1320.418233  881.321945  12.228854  0.041088  0.238685  0.021476
226  1580.453373  124.850316  12.663312  0.051482  0.311549  0.018543
227  1652.676353  1347.367151  11.761860  0.035491  0.112259  0.021558
228  338.090337  1593.018783  13.844738  0.053132  1.201732  0.024588
229  267.312315  538.211300  12.708538  0.027815  0.537347  0.038331
230  699.482615  1264.549366  15.473342  0.055636  1.623426  0.048576
231  1935.978216  469.850857  12.861167  0.020677  0.448532  0.035514
232  334.896100  1415.708825  14.461368  0.042743  1.164883  0.037303
233  1076.952486  868.533650  12.529498  0.040689  0.076275  0.055021
234  1670.740072  1377.694879  12.720654  0.026540  0.374922  0.029125
235  175.295290  410.935926  15.081909  0.044557  1.540495  0.033688
236  377.102250  590.434128  11.990710  0.026164  -0.172024  0.017945
237  1926.527611  1427.345881  14.764001  0.033131  1.261932  0.031028
238  214.143044  477.661338  17.807449  0.040637  2.783382  0.054891
239  425.945871  319.517553  13.670819  0.028964  0.465208  0.047944
240  442.839926  1488.186750  15.469345  0.049061  1.435852  0.026911
241  267.877181  1451.509271  13.342589  0.059455  0.283584  0.058265
242  1794.419635  38.568215  16.396484  0.039821  2.038246  0.037112
243  989.153161  1266.460078  17.642695  0.075953  2.463575  0.119886
244  1360.930343  550.809201  17.533926  0.051508  2.497297  0.065044
245  974.308390  226.723675  13.333447  0.045056  0.248838  0.060819
246  1835.174450  1158.749273  15.117195  0.032034  1.271089  0.040910
247  530.165416  1671.071571  18.763340  0.091717  3.565018  0.159039
248  1533.814405  1017.868602  13.464627  0.075959  0.318137  0.025476
249  1518.188473  1267.108683  13.107807  0.037795  0.182194  0.038436
250  605.970528  1610.431229  14.011493  0.030555  0.676954  0.033916
251  737.582015  1927.253622  12.642918  0.029356  -0.109127  0.021888
252  424.940112  102.318789  13.309936  0.031487  -0.203844  0.055543
253  1502.756653  1337.163528  17.616197  0.065320  2.284890  0.068656
254  1646.465633  746.298697  13.733749  0.036375  0.405662  0.036975
255  348.407188  408.795822  16.123395  0.029075  1.570584  0.041173
256  1620.581267  1654.709151  14.621264  0.027920  0.832509  0.082808
257  1039.277113  52.796147  16.740778  0.050790  1.935508  0.071332
258  647.467115  1152.568646  14.152397  0.033366  0.536107  0.053930
259  274.677052  1199.276455  16.978139  0.067598  1.862498  0.090942
260  97.454252  759.562567  15.424070  0.026041  1.091598  0.037442
261  700.006425  1635.397367  18.019728  0.049972  2.494982  0.075158
262  583.417439  1008.661411  16.602136  0.072452  1.915530  0.045362
263  1847.520267  1397.198282  19.491286  0.195991  3.299756  0.086264
264  289.726603  1145.494971  19.566818  0.154929  3.372244  0.066179
265  1790.340895  1336.377464  14.601023  0.052165  0.525729  0.026476
267  1715.365875  852.390814  14.425939  0.025159  0.630589  0.030793
268  1265.812187  1194.329439  17.694820  0.097836  2.415368  0.043720
269  428.667766  1230.003429  14.415864  0.032063  0.484948  0.041064
270  1536.965725  1635.002502  15.203732  0.048557  1.121713  0.042139
271  377.550763  1897.008765  14.828644  0.030625  0.881206  0.038971
272  949.742118  1790.029813  14.528200  0.029125  0.410212  0.030267
273  1097.992161  331.984685  15.349127  0.038120  0.749760  0.078051
274  594.385676  2043.327011  18.401936  0.055777  2.258368  0.106801
275  596.804966  281.248289  15.287230  0.072812  0.541115  0.024286
276  1136.898651  547.883695  14.789457  0.033551  0.437366  0.041463
277  1513.313435  1359.303122  16.560592  0.048585  1.608470  0.038517
278  1292.880907  303.548654  18.497155  0.091594  2.386058  0.051216
279  1003.531762  1077.053940  19.223111  0.066080  3.196847  0.096344
280  1215.877413  1525.442452  14.706844  0.042179  0.453395  0.025764
281  120.369609  1443.284434  15.795384  0.054028  0.927355  0.056021
282  807.253455  801.590122  15.361717  0.037487  0.771555  0.034121
283  773.541012  730.246540  14.993052  0.026422  0.590970  0.031028
284  1405.209300  363.194417  18.928883  0.067195  2.664129  0.084835
285  913.135015  1371.935569  16.421356  0.035598  1.305813  0.035714
286  1130.753887  733.075305  14.714163  0.066436  0.206029  0.042539
287  608.654005  785.234428  14.937701  0.064955  0.640077  0.029353
288  48.135058  1787.135865  20.596781  0.187705  3.766521  0.180962
289  1276.651091  569.917085  15.440099  0.029692  0.679026  0.024683
290  1262.388935  801.794224  14.939286  0.064006  0.679159  0.023512
292  1800.218293  723.518525  15.011613  0.049226  0.504911  0.038985
293  1296.807969  967.055689  15.807768  0.032980  0.871865  0.052087
294  485.311739  711.222754  14.628751  0.053718  0.226511  0.042161
295  396.563817  1881.176164  18.930306  0.074539  2.716026  0.115849
296  411.463789  1492.117975  15.048933  0.038241  0.416505  0.041939
297  1988.838684  1410.084891  16.245337  0.064910  1.373220  0.030796
298  636.432374  637.093289  13.584313  0.042574  -0.338450  0.021913
299  1264.302305  1374.965928  14.212591  0.038863  0.155339  0.029027
2100  1929.837264  1977.922011  15.492986  0.031387  0.662148  0.055447
2101  173.760343  507.495910  15.530302  0.039329  1.036639  0.042419
2102  1069.775365  1360.840062  13.915208  0.023871  -0.464763  0.033854
2103  402.497905  304.846715  18.231708  0.063011  2.031848  0.077448
2104  720.297317  1538.388539  15.795108  0.041499  0.654951  0.028583
2105  855.326004  1159.053082  15.761696  0.027873  0.815865  0.027104
2106  648.558443  857.684493  15.592834  0.031224  0.980342  0.037142
2107  1909.100843  368.553256  17.983255  0.080190  1.905648  0.097437
2108  1978.423111  1872.662185  16.079731  0.048063  1.336742  0.046674
2109  1217.952573  860.225955  16.021161  0.058757  0.667918  0.048646
2110  1694.413667  1252.778581  15.396890  0.025298  0.562403  0.054151
2111  660.975722  377.200093  18.226137  0.077054  2.119401  0.122426
2112  523.892972  352.217284  17.498375  0.058621  1.516774  0.039713
2113  200.183169  689.671309  16.813854  0.102567  1.272276  0.081623
2114  335.599632  1934.111336  16.287822  0.051171  0.793403  0.083773
2116  1219.108038  1767.362842  16.671790  0.073760  1.142439  0.064631
2117  1333.867288  1239.083396  15.048961  0.032859  0.098503  0.055858
2118  424.311247  1992.629891  17.206670  0.057038  1.369112  0.066527
2119  1763.989937  1469.876427  20.245841  0.105695  3.230832  0.083703
2120  393.229516  1945.460300  15.190907  0.025096  0.348842  0.038314
2121  1107.973467  1114.521894  17.306566  0.038586  1.463048  0.037497
2122  1696.424555  941.935287  20.381403  0.104192  3.164322  0.099375
2123  293.634356  1605.491527  15.364941  0.039969  1.310365  0.045081
2124  1945.225795  1919.905869  15.622885  0.052668  0.762639  0.027252
2125  981.628375  118.943763  15.748959  0.040942  1.030956  0.048531
2126  1771.559474  1040.574153  17.880687  0.100677  1.825527  0.055045
2127  462.364970  1523.763124  15.446841  0.025203  0.506946  0.029053
2128  6.374667  1497.341584  15.399694  0.031279  0.458314  0.048296
2129  1624.236986  1983.451109  15.999092  0.074386  0.566784  0.034095
2130  1912.447481  1194.535941  18.595295  0.116410  2.243826  0.067583
2132  1049.845899  580.772591  15.552818  0.049894  0.586737  0.032560
2133  20.379030  17.085828  19.189460  0.101442  2.546733  0.086583
2134  1281.592400  427.791858  14.469676  0.060143  -0.109422  0.059048
2135  1174.953546  134.010618  14.705423  0.070873  0.232086  0.067068
2136  1639.042802  106.092256  14.972764  0.060358  0.122889  0.040025
2137  1769.116876  44.815475  17.423378  0.037225  1.410727  0.084044
2138  833.686944  1159.387701  16.546375  0.041350  0.942450  0.046409
2139  714.006091  434.156775  16.593447  0.050744  0.745200  0.054743
2140  693.574077  1744.430717  16.312835  0.039093  1.061065  0.081206
2141  1800.057761  1764.837732  16.472844  0.049158  0.879050  0.053805
2142  1961.150126  942.672878  19.042961  0.059994  2.374727  0.057112
2143  1451.255672  1037.764884  20.177548  0.235471  3.028407  0.212474
2144  640.702422  195.707028  20.329895  0.150729  2.936542  0.098092
2145  1712.196644  907.789357  18.105546  0.110394  1.660460  0.046868
2146  1890.879294  591.174311  18.148533  0.096588  1.923679  0.100762
2147  1073.246035  1206.148285  17.701798  0.041520  1.389220  0.122944
2148  149.937871  1035.171634  17.920292  0.078484  1.569251  0.056957
2149  1859.054938  2003.266404  20.377589  0.117043  2.952535  0.154138
2150  1978.012197  720.680285  15.608736  0.026633  0.356858  0.076119
2151  158.454710  134.860929  18.210762  0.055269  1.807946  0.057633
2152  1737.026710  583.573087  16.377726  0.038254  0.804053  0.046976
2153  1775.987977  127.356779  18.935943  0.086367  2.226524  0.073611
2154  1517.337402  1065.299815  20.004556  0.145786  2.528687  0.082293
2155  122.577044  1550.045256  17.411523  0.087421  1.109534  0.049505
2156  677.778579  528.204112  16.259302  0.045907  1.399865  0.059029
2157  1567.483798  374.422649  17.322678  0.107767  1.025735  0.097410
2158  216.451825  1375.041186  20.288536  0.182280  2.829618  0.229073
2159  108.335826  1942.314592  19.105815  0.075586  2.378730  0.063220
2160  1097.857343  94.444945  15.811374  0.040297  0.214591  0.033985
2161  187.344534  719.487425  19.492702  0.106140  2.354882  0.122277
2162  1508.218956  1181.299510  16.209979  0.073315  0.966085  0.051919
2163  1157.250811  1782.773635  16.580410  0.047018  0.739708  0.030120
2164  425.144166  993.459397  18.794609  0.107112  2.033670  0.158838
2166  1072.299856  23.382039  17.358295  0.064377  1.072657  0.096908
2167  1322.873205  791.989086  20.103731  0.214481  3.000754  0.162942
2168  1942.545087  967.535494  16.823625  0.033358  0.832368  0.071643
2169  589.930337  234.498878  16.839243  0.066342  0.851041  0.094310
2170  176.640788  905.467002  19.680887  0.143644  2.644833  0.113640
2171  1022.814889  1719.833508  16.501715  0.031191  0.613905  0.060286
2172  1175.520494  1024.962667  19.864853  0.077649  2.842272  0.146143
2173  2007.190136  2034.463146  16.737943  0.093952  0.822187  0.099910
2174  61.456479  501.931863  16.072929  0.036756  0.532812  0.039251
2175  1078.910858  1226.006051  16.176701  0.054650  0.511983  0.032726
2176  289.249613  192.169825  20.509341  0.095457  3.210026  0.140441
2177  846.761072  523.387654  17.767513  0.074510  1.293894  0.059545
2178  194.461869  781.853589  16.678755  0.079399  0.952937  0.057921
2179  198.026730  9.650622  15.498961  0.036663  -0.051096  0.028072
2180  1073.184875  1947.675760  17.769445  0.100811  1.303414  0.067000
2181  639.571805  1999.509745  19.968817  0.173594  2.753489  0.075552
2182  262.178133  825.606513  16.069127  0.032476  0.628586  0.042083
2184  1043.501835  1783.203290  16.302738  0.038575  0.830796  0.069419
2185  1649.134145  883.399660  16.705607  0.066357  0.677728  0.073769
2186  383.686223  826.270817  16.668483  0.042535  0.826047  0.039626
2187  2012.326126  459.570537  18.173741  0.044144  1.599523  0.086468
2188  989.342330  4.129446  15.670288  0.029238  0.374640  0.083897
2189  1559.255756  1702.661683  17.108592  0.074355  0.989115  0.085056
2190  118.413222  434.365266  17.322870  0.070581  1.191848  0.057444
2191  2022.007480  675.907450  16.230546  0.064699  0.586220  0.034165
2192  969.673429  465.534493  16.244209  0.057895  0.553967  0.046983
2193  1092.667121  57.714856  16.325571  0.034566  0.681179  0.041955
2194  1297.227266  211.006880  19.458096  0.106959  2.215437  0.112732
2195  1814.976117  575.494832  17.440067  0.085953  1.817893  0.045232
2196  735.820792  1971.376273  18.594806  0.071344  1.636196  0.065873
2197  955.866986  303.033315  17.143540  0.038547  0.807426  0.047434
2198  1941.883836  397.650949  17.250279  0.081730  1.053859  0.054998
2199  297.670338  133.911839  16.623688  0.038885  0.404164  0.049418
2200  550.081985  1846.245788  19.292791  0.086073  2.230492  0.065682
2201  27.163248  7.731579  18.083280  0.044166  1.259912  0.073280
2203  629.091713  1281.496035  17.820460  0.085076  1.167489  0.051015
2204  1593.064439  419.354309  17.052943  0.064643  1.013612  0.057767
2206  1518.066950  615.532669  16.505469  0.056535  0.470839  0.078989
2207  795.526664  1478.402748  18.343151  0.068086  1.745859  0.125582
2208  1680.109819  312.665150  17.251116  0.063936  0.856939  0.048396
2209  278.165555  9.197301  18.262702  0.104788  1.409125  0.046668
2211  494.419006  560.563289  17.706777  0.041177  1.011391  0.063329
2212  59.235368  972.680286  19.015900  0.120720  1.653227  0.067270
2213  529.217689  2045.107311  17.243392  0.079300  1.439968  0.060663
2214  657.704927  460.163560  17.019970  0.054728  0.890707  0.034263
2215  525.314372  160.482010  20.462594  0.124649  2.785111  0.138433
2216  1524.425371  16.094145  17.344725  0.039473  0.898608  0.101517
2217  239.043453  1388.465649  16.976695  0.136237  0.885508  0.044844
2218  1386.288078  1779.711648  17.178944  0.044978  0.708729  0.078698
2220  1099.967053  273.614033  17.489827  0.050595  0.841763  0.067636
2221  2004.327846  1205.734768  16.330116  0.044477  0.279492  0.046714
2222  572.441436  125.920200  18.414987  0.084865  1.153402  0.172295
2223  1018.945164  1349.284970  19.465157  0.099058  2.072408  0.125651
2224  854.979713  1129.434093  16.010283  0.081854  0.136163  0.038049
2225  580.662512  1278.104794  18.267172  0.070645  1.399804  0.056417
2226  1932.998169  1979.213533  19.389305  0.094435  1.953297  0.136299
2227  541.978278  1511.832956  17.874219  0.051730  1.389734  0.116211
2228  1957.259050  1300.649268  17.054393  0.049133  0.568947  0.056602
2229  606.170863  1584.624679  19.700553  0.102581  2.184193  0.098041
2230  1611.371231  1662.355773  16.244875  0.032999  0.179905  0.030815
2231  1696.157107  677.484363  16.746229  0.052583  0.767418  0.039080
2232  609.607713  441.663862  16.956720  0.067285  0.768771  0.049271
2233  81.318705  914.748160  17.393543  0.043163  1.012791  0.070141
2234  1011.230366  1219.570059  15.350206  0.037791  -0.162561  0.048461
2235  906.947206  1681.189609  16.496398  0.045963  0.458527  0.031889
2236  1021.410324  1585.896184  17.830683  0.048932  1.165306  0.059522
2237  509.551674  1278.967808  16.904085  0.091523  1.237846  0.126970
2238  1518.530154  608.719429  17.577892  0.058790  1.795756  0.039438
2239  1627.054605  1006.477302  15.920546  0.028871  0.067822  0.028222
2240  1493.950312  195.640399  18.731403  0.134409  1.538462  0.136484
2241  1639.982980  1894.305156  21.056647  0.200887  2.610260  0.321493
2242  245.910336  962.627093  17.319996  0.045577  0.843585  0.045228
2243  207.756381  984.183638  17.607559  0.072426  0.953539  0.047668
2244  1579.671083  957.905723  19.734193  0.113955  2.128536  0.072427
2245  1928.650865  1288.600064  19.701035  0.131771  2.416579  0.117312
2246  1485.645597  812.962762  20.080295  0.200065  2.211018  0.165635
2247  578.240303  1102.457006  16.779289  0.089208  0.719832  0.078033
2248  835.626732  688.531039  16.313000  0.070267  0.462648  0.040550
2249  1914.890497  835.725961  17.036374  0.040847  0.603165  0.055024
2250  662.934278  477.735943  19.076763  0.102263  1.645001  0.076799
2251  397.535380  1975.655630  18.704206  0.072263  1.676587  0.055563
2252  830.620370  1530.370621  18.940607  0.126253  1.901143  0.074256
2253  1626.520154  1670.750256  18.124074  0.060078  1.063187  0.066605
2254  1649.289449  616.529233  17.075467  0.042822  1.084740  0.044097
2255  1589.635549  701.375152  15.980519  0.031221  0.099662  0.052338
2257  36.951349  352.850120  18.877842  0.152753  1.502652  0.065481
2258  367.993228  1192.317405  19.478434  0.142456  2.373178  0.098014
2259  1870.871194  1926.206864  18.456619  0.114507  1.513706  0.056718
2260  915.951643  12.419498  14.894882  0.029912  -0.519684  0.070038
2261  551.231586  863.230506  16.836322  0.056647  0.707043  0.059515
2262  739.179755  975.278620  18.673467  0.063926  1.144193  0.157557
2263  257.535883  918.978037  16.186959  0.052701  -0.282644  0.042958
2264  1921.862438  1199.647780  18.176804  0.087760  0.740463  0.077877
2265  853.318995  174.863119  17.174684  0.041225  0.586068  0.054303
2266  1141.312528  37.772553  17.136995  0.057858  0.582264  0.068868
2267  1333.254144  64.276232  18.898963  0.077925  1.687028  0.128737
2268  682.041777  1724.446077  17.947933  0.105798  1.001528  0.055544
2269  1256.258598  2.549826  19.215450  0.080099  1.759036  0.095929
2270  1167.097608  1589.163205  18.477289  0.076284  1.513680  0.133124
2271  1984.543681  1604.466604  20.461901  0.132310  2.076702  0.205761
2272  1157.487749  81.860872  19.732470  0.168028  1.837993  0.158973
2273  1616.545976  1471.116288  17.212904  0.067902  0.583666  0.048327
2274  1749.321108  1514.058400  18.731250  0.115828  1.931108  0.103913
2275  716.861994  1603.978790  18.213228  0.099280  1.073793  0.045579
2277  6.066808  678.753304  17.717514  0.094346  1.132852  0.041874
2278  899.283311  76.347603  19.636790  0.092835  2.012023  0.085247
2279  479.910424  449.693755  16.901747  0.068212  0.331535  0.067528
2280  1256.851060  2041.537687  18.101126  0.080024  1.161765  0.083556
2281  814.120946  2035.127138  19.120375  0.091373  1.546180  0.081952
2282  268.988796  148.662407  18.675161  0.064387  1.053922  0.106474
2283  1679.654850  238.384514  18.438869  0.129857  1.110069  0.050827
2284  893.280814  249.190377  20.139267  0.115614  1.948031  0.212242
2285  6.641002  900.336693  19.545069  0.147903  1.758968  0.097904
2286  1430.816850  1059.967771  20.514914  0.129917  1.983228  0.160173
2288  102.963655  1083.177340  19.705244  0.087946  2.079960  0.112891
2289  1670.582760  1510.052814  17.025411  0.045174  0.435240  0.062282
2290  1370.179637  509.781478  17.434446  0.073452  0.587604  0.052110
2291  2003.192814  1621.011406  17.719063  0.099344  0.770392  0.056418
2292  950.235081  561.564656  18.400188  0.096649  0.921555  0.073292
2293  353.402248  1404.897532  17.455897  0.055238  0.704662  0.103106
2294  722.836352  637.198042  19.430341  0.070778  1.646203  0.069261
2295  1204.936163  1245.823824  20.304823  0.137199  2.673802  0.167671
2297  1742.732627  851.644801  18.294169  0.081915  1.899111  0.064460
2298  590.492558  141.275306  17.421778  0.084939  0.635159  0.043936
2300  1463.098282  73.259866  18.800296  0.061021  1.371274  0.095651
2301  796.469754  551.113016  17.679682  0.068672  0.764720  0.057087
2302  388.484054  397.786553  17.988397  0.042384  0.946402  0.084865
2303  630.328235  538.567019  16.857898  0.040652  0.396070  0.040236
2304  1684.934717  1493.545023  18.310488  0.121940  0.984858  0.126777
2305  180.971668  1217.764724  19.609473  0.100564  1.636441  0.116267
2306  513.448201  713.846354  18.469802  0.080200  1.085947  0.068475
2307  1840.818033  120.552602  17.963377  0.069816  0.946297  0.061057
2308  1133.244106  221.027417  19.995367  0.085060  1.734306  0.186587
2309  742.760535  522.139988  18.127381  0.062183  0.999578  0.053117
2310  1676.165314  56.328021  17.988192  0.139917  0.883238  0.095981
2311  1949.553074  1798.140159  17.926571  0.055674  0.803332  0.089426
2312  2016.969094  542.495826  17.975398  0.076446  0.837959  0.122150
2313  1100.953172  1966.142642  17.626959  0.076103  0.575016  0.093129
2314  1642.092314  775.966955  19.317191  0.138807  1.345793  0.118900
2315  145.355472  1438.390113  18.788544  0.085261  1.244395  0.118415
2316  953.473018  740.732246  17.971280  0.094347  0.847929  0.108147
2317  410.109004  214.421557  18.233125  0.095184  1.153064  0.092896
2318  1986.416339  1133.580068  17.426578  0.085424  0.636516  0.065834
2319  772.594746  1317.809003  20.096763  0.291539  2.019330  0.209825
2320  1440.741772  1932.470973  17.614281  0.103868  0.858355  0.045565
2321  1928.042426  1000.680908  18.320609  0.080314  1.427410  0.060242
2323  330.565545  42.438952  17.813800  0.058385  1.376979  0.061629
2324  194.837148  1980.515637  20.178862  0.091083  2.136699  0.133344
2325  461.919138  1036.001633  19.169069  0.112276  1.572284  0.091378
2326  1048.620003  848.206606  17.820620  0.092399  0.547258  0.052332
2327  35.848504  1785.830870  16.527057  0.070765  -0.018495  0.043770
2328  1561.008606  1281.596286  18.237687  0.080321  0.760030  0.127717
2329  1409.989776  506.616778  18.346034  0.080350  1.670282  0.076182
2330  1963.554682  953.706391  17.890235  0.100199  0.761751  0.055535
2331  794.869647  312.671655  20.431914  0.214631  2.494026  0.126631
2332  870.424372  497.037137  19.119559  0.096758  1.748098  0.111342
2333  229.053736  1077.024534  18.550427  0.072484  0.915429  0.123891
2334  1255.209937  801.634678  19.109624  0.063000  1.441842  0.086499
2335  2012.698995  209.456998  18.107046  0.049376  0.741061  0.096736
2336  463.674919  1600.304441  19.842474  0.109283  1.937897  0.086248
2337  1936.795156  996.732043  19.663962  0.072344  1.936048  0.127154
2338  1530.802203  1843.748706  19.716652  0.118148  2.026344  0.137397
2339  1001.347704  38.892176  16.373140  0.051916  -0.050621  0.060409
2340  1302.843117  1528.240100  18.384776  0.055726  1.969511  0.063726
2341  1897.409718  124.437457  18.617166  0.065280  1.098203  0.068833
2343  1617.635224  1988.082812  17.634669  0.076593  0.806763  0.041291
2344  186.151520  1015.712565  18.893335  0.078645  1.661907  0.092056
2345  617.745406  664.120703  17.564343  0.063689  0.459282  0.107644
2346  252.633491  1502.992233  19.037135  0.085925  1.453432  0.072952
2347  582.944305  1111.201093  18.283839  0.067800  1.088087  0.126718
2348  1993.117807  1934.721938  18.606117  0.048365  1.393067  0.095514
2349  783.754555  76.881104  18.613483  0.060527  1.348097  0.052641
2350  796.238397  1596.856856  17.778786  0.043632  0.732541  0.071223
2351  327.677904  1168.250964  19.233347  0.118997  1.334283  0.135066
2352  1997.650405  610.960889  17.993128  0.073156  1.956087  0.080046
2353  234.037157  550.137156  18.530902  0.061752  1.310533  0.052170
2355  1532.557388  254.986775  18.936293  0.117642  1.455553  0.075098
2356  94.487724  639.253594  17.882640  0.084894  0.824338  0.067417
2357  1205.503949  1682.348495  18.361082  0.057208  1.749392  0.087312
2358  1934.453781  549.410846  18.027665  0.128583  1.464657  0.127095
2359  938.611194  1357.714159  18.268229  0.045159  1.099262  0.107617
2360  923.248207  1859.050444  17.666275  0.076280  0.612628  0.063174
2361  186.004072  153.381819  18.484144  0.102592  1.195169  0.070795
2362  156.049061  1577.974638  18.478485  0.130617  1.077425  0.082018
2363  1279.962371  1558.153435  16.285013  0.047015  -0.208943  0.055051
2364  7.840095  862.082806  18.010863  0.069062  0.818306  0.088923
2365  1486.588475  1269.962474  20.214735  0.194277  2.151406  0.191829
2366  2029.698927  1435.999937  16.975136  0.054927  0.265105  0.033702
2368  1814.597432  1707.312351  18.509654  0.053482  1.109504  0.066019
2369  1166.307177  345.877427  18.727520  0.108109  1.255525  0.130917
2370  1543.109753  430.600496  18.935016  0.083699  1.107761  0.083864
2372  373.017262  1596.115355  19.646916  0.092571  1.309681  0.073344
2373  1533.983351  1477.758811  20.297367  0.178285  1.717784  0.135041
2374  1757.677364  1456.377054  19.635742  0.090061  1.259638  0.146379
2375  1840.709845  434.173202  20.006269  0.113331  1.975194  0.131057
2377  1476.411188  1465.272825  19.587211  0.128693  1.499891  0.073450
2378  950.930473  1709.868405  18.943229  0.189912  1.420014  0.107145
2379  1360.021973  893.404552  18.621277  0.095764  1.006614  0.084672
2380  107.847069  135.794653  18.519951  0.089487  1.378143  0.086555
2381  1564.618177  2005.055345  18.748841  0.064198  1.828706  0.081797
2382  833.558485  948.668993  19.262625  0.126698  1.122888  0.096900
2383  1733.831105  1753.139918  18.746025  0.127738  1.404069  0.109789
2384  1931.990217  564.682999  18.977771  0.120377  1.048678  0.097598
2385  1559.533159  553.967389  18.701372  0.057529  1.709153  0.071396
2387  772.438704  2040.969481  20.030765  0.093449  1.606479  0.123251
2388  1486.950521  97.268257  19.167149  0.100483  1.807980  0.067208
2389  832.407236  1062.910354  18.489035  0.084516  0.826124  0.056910
2390  1177.489841  677.295415  18.509891  0.078659  0.987829  0.051821
2391  968.713650  1746.648623  20.255523  0.120123  1.758584  0.155604
2392  36.899419  39.522802  18.082754  0.065484  0.537027  0.061013
2393  978.845935  1356.440163  17.881684  0.072583  0.503092  0.067089
2394  369.793434  553.430247  20.504572  0.133120  1.842192  0.118833
2395  1638.304247  1584.459180  18.973070  0.119815  0.981065  0.103610
2396  368.468519  1971.901189  18.582845  0.124070  0.908421  0.092990
2397  255.118177  391.598845  18.966770  0.077076  1.836111  0.057406
2398  579.657556  200.879735  19.638264  0.112171  1.122679  0.114199
2399  1361.649316  1233.816207  18.745306  0.101979  0.805608  0.070361
2401  651.419756  1863.290004  19.263495  0.077415  1.466194  0.130330
2402  223.071115  1568.272486  19.440969  0.195455  1.358764  0.156668
2403  1372.741549  609.174899  18.912676  0.087943  1.236105  0.146677
2404  237.341983  1624.149439  19.647950  0.148396  1.355738  0.108108
2405  1189.314143  512.224145  18.735258  0.111020  0.832899  0.061204
2406  1579.958003  1003.333244  19.046159  0.092124  2.044561  0.167436
2408  2046.776402  343.616321  19.289484  0.066985  1.500538  0.086330
2409  980.154426  1868.285743  18.964945  0.142900  1.253526  0.186240
2411  1664.597276  1097.625768  19.041550  0.087055  1.294961  0.061560
2412  1705.116781  1496.463382  18.611169  0.106323  0.914810  0.145351
2413  1592.067507  923.037703  18.438053  0.054996  0.717908  0.090849
2415  1378.758248  1699.905019  19.230752  0.139425  1.162109  0.073321
2416  1615.433188  176.065369  18.335686  0.094804  0.647611  0.048797
2417  716.840835  1001.922368  19.104944  0.113834  1.174464  0.089292
2418  198.896106  410.268072  19.248248  0.094288  1.197112  0.102639
2419  933.204953  1975.054570  18.622777  0.086539  0.576158  0.109948
2420  1286.936254  1595.728508  20.319716  0.121946  1.681909  0.149342
2421  18.850190  1277.835986  19.210919  0.111010  1.090969  0.101946
2422  296.992276  622.680256  18.601484  0.051522  1.290332  0.050144
2423  188.860518  1105.222231  18.273778  0.119725  0.575784  0.061883
2424  433.733513  1014.751339  19.779650  0.110184  1.449077  0.133714
2425  1249.394996  0.462774  16.939021  0.051117  -0.244499  0.032682
2426  25.942627  1881.942571  19.835069  0.075912  1.788820  0.140909
2428  1553.293073  1066.774652  19.792225  0.236876  1.448957  0.100307
2429  1520.442619  1362.224973  16.857182  0.036971  0.029886  0.054131
2430  1121.734142  212.439776  16.326002  0.044877  -0.436571  0.031027
2432  292.910798  836.858407  20.123032  0.085566  1.532165  0.108391
2433  696.396024  925.843719  19.629082  0.131835  1.256077  0.069216
2434  1524.392562  1830.369507  19.311429  0.113525  1.344153  0.114908
2435  1992.400890  1802.176036  18.790066  0.078164  0.839974  0.079929
2436  1800.513395  1535.852491  18.881574  0.094400  1.200799  0.059702
2437  1144.171679  12.196567  17.767634  0.074026  0.309686  0.043300
2439  852.020428  245.067141  20.244652  0.233016  1.808546  0.090563
2440  1271.688189  1758.151809  18.605295  0.145392  0.881795  0.153153
2441  396.044226  320.236841  19.586676  0.065797  1.140145  0.078615
2443  1732.791997  1896.857357  19.607594  0.210299  1.522084  0.196885
2444  1898.972800  1562.067283  20.569636  0.163852  2.052546  0.091241
2445  1121.749868  145.481090  18.111566  0.055350  0.552223  0.070750
2446  1496.343571  1137.226161  18.637730  0.064496  1.000098  0.090276
2447  708.227791  1991.086092  18.472238  0.068927  1.000046  0.127300
2448  796.573334  182.035957  20.037484  0.085529  2.078729  0.213799
2449  1434.137486  321.535017  18.662023  0.073975  1.132180  0.056854
2450  723.874767  970.193283  19.977441  0.084765  1.818817  0.119988
2451  1694.088254  1251.553273  20.423880  0.210884  1.916532  0.152677
2452  414.389171  500.408958  18.876443  0.145097  1.729257  0.087873
2453  1926.972720  108.008336  19.912434  0.098246  1.394323  0.143114
2455  1239.796148  1659.468333  18.484389  0.049129  0.669256  0.050201
2456  1573.202773  22.134594  19.687250  0.082634  1.401642  0.121759
2457  1221.044806  184.901731  18.934660  0.143754  2.022057  0.072860
2458  53.442456  770.160920  17.941545  0.064710  0.459978  0.070247
2459  1731.099743  1898.481127  21.137349  0.146235  2.473425  0.114495
2460  571.311615  233.439955  18.934357  0.053730  1.267045  0.078617
2461  1938.585263  1361.891591  18.264697  0.067408  0.916191  0.066598
2462  494.552323  788.548714  19.315844  0.123618  1.236491  0.081935
2463  1119.247972  1471.932973  19.013713  0.054845  0.873657  0.141946
2464  1759.011427  1160.924212  19.520546  0.102238  1.236860  0.095904
2465  1159.526352  553.780747  18.428170  0.112756  0.526311  0.177051
2466  706.963832  793.679746  19.131378  0.097714  2.249393  0.099620
2467  665.827851  1371.663970  17.586260  0.130315  0.553191  0.057172
2468  1506.632973  730.426521  18.816844  0.060119  1.087580  0.057689
2469  476.550854  66.813642  17.673819  0.060942  0.451832  0.051468
2470  652.579241  1453.440214  18.522026  0.054497  0.783453  0.072522
2471  264.682917  1682.476693  19.145289  0.097053  1.067745  0.145938
2472  780.114655  1193.472539  20.161886  0.178560  1.779574  0.139705
2473  420.625911  1704.552944  17.767006  0.059775  0.471300  0.049514
2474  1870.462495  1404.994263  20.152091  0.196581  1.802148  0.092102
2475  1428.515735  1367.860886  20.123406  0.190131  1.800433  0.146808
2476  1611.733109  370.060995  18.801984  0.109299  1.277716  0.056317
2477  437.638094  351.400594  20.038056  0.108216  1.927599  0.133611
2478  273.198447  68.941517  19.233933  0.088894  1.650464  0.169758
2480  1525.775388  1650.548669  19.090866  0.074995  1.479974  0.157774
2481  104.202539  381.050503  18.696605  0.068881  1.293697  0.121668
2482  1947.363898  1259.251861  16.977999  0.054986  -0.078342  0.043436
2484  679.195560  1192.403974  18.841792  0.146106  0.627247  0.096369
2487  1002.731869  1088.244122  19.826224  0.194224  1.682959  0.088324
2488  1087.107914  1474.665000  17.361554  0.044167  0.013281  0.048075
2489  38.157755  82.424489  18.623509  0.076741  1.157435  0.068503
2492  1383.513410  1882.911213  17.634543  0.045986  0.062787  0.045689
2493  0.691242  1979.632840  18.780272  0.062737  1.241269  0.112488
2494  288.425674  180.006721  20.524870  0.224708  1.833755  0.106103
2495  1322.733599  29.903498  20.474053  0.122687  1.615683  0.224851
2496  598.411156  73.226007  18.872899  0.073998  1.788551  0.068885
2497  1841.672669  1090.821355  19.002523  0.082632  1.292930  0.142151
2498  1331.306825  778.185083  20.285375  0.252925  1.699200  0.250093
2499  105.926248  1201.602254  18.922751  0.083517  1.205957  0.112281
2500  122.172939  1552.658368  17.514316  0.055452  0.346501  0.071682
2501  1356.569189  852.259098  20.637604  0.189301  2.197027  0.169256
2502  827.959629  349.481007  17.272163  0.045097  0.156494  0.042515
2504  1350.897664  77.476307  20.300533  0.093218  1.536882  0.202864
2505  603.430970  1509.293491  20.731543  0.224961  1.899400  0.313494
2506  971.874216  117.582264  20.350202  0.137645  1.510982  0.121370
2507  677.679397  815.507689  20.331391  0.107825  1.401785  0.158897
2508  585.416576  1971.614518  20.240995  0.144964  1.407361  0.106575
2511  1913.116645  1298.930515  19.914731  0.143393  2.324781  0.218615
2513  300.681370  1242.443123  19.424903  0.150650  0.935837  0.182520
2515  1533.322633  1615.187344  18.999630  0.082167  0.650710  0.151206
2517  638.768435  1201.319080  20.581982  0.238637  1.671275  0.146549
2519  579.224025  939.984818  19.638902  0.149361  1.684010  0.118040
2521  1354.897473  1095.595794  20.444231  0.090028  1.565187  0.223738
2523  464.162519  1913.369416  19.165279  0.146142  0.599157  0.131947
2524  1460.515512  1859.206345  19.204448  0.130893  1.135332  0.081353
2525  1953.135672  1507.431238  21.176577  0.238766  2.265773  0.308784
2526  2041.149983  709.706710  19.733669  0.116045  1.005420  0.104095
2527  809.505317  860.321770  19.825340  0.099302  1.120740  0.085598
2528  908.080103  769.420550  19.551008  0.068563  1.010640  0.122977
2531  558.743462  808.214705  19.186384  0.062831  0.688589  0.171592
2534  1946.045396  52.895028  18.945362  0.058883  0.666521  0.089377
2535  1945.215356  1998.495182  20.526645  0.184788  2.329745  0.178210
2536  688.891481  1618.148228  20.193045  0.079928  1.238892  0.088338
2537  440.166050  1592.967532  18.619713  0.094060  0.370257  0.100385
2538  482.735066  1035.669665  19.792000  0.088423  1.256182  0.193355
2539  1922.615242  618.273898  20.108550  0.142706  1.416936  0.128397
2540  962.408332  929.331067  18.208483  0.053766  0.373395  0.061911
2541  554.657036  1153.324822  20.701545  0.179313  1.585022  0.136567
2543  797.722678  689.899190  20.518223  0.095985  1.442110  0.099385
2544  918.031193  1495.979321  17.045044  0.059346  -0.350204  0.056330
2545  1257.669600  1485.010106  19.979208  0.122181  1.150477  0.124074
2546  977.941925  557.226879  19.918232  0.095651  2.076853  0.077470
2548  1325.634077  781.506167  18.586289  0.104244  0.667088  0.086836
2549  607.119147  1442.230030  20.173373  0.098162  1.325321  0.093013
2552  1983.749434  286.128610  18.784420  0.056796  0.696874  0.062174
2553  1498.670307  1872.864040  19.814332  0.074849  1.247009  0.177304
2557  974.933892  1502.715424  19.514075  0.115779  1.324841  0.065918
2558  1636.428164  291.610441  19.441859  0.120159  1.082868  0.111831
2561  9.536965  1458.055472  21.141058  0.169535  1.949429  0.193048
2562  1981.471254  1056.611664  20.570929  0.278096  1.516545  0.235661
2565  717.080587  362.421128  20.674071  0.155204  1.721512  0.149733
2566  1860.040922  1131.188031  19.580017  0.071419  1.180783  0.146112
2567  319.769732  1042.378542  19.762892  0.088432  1.859055  0.100836
2568  1451.261164  1886.675369  20.041006  0.086032  1.448810  0.164028
2571  1602.908134  114.934044  20.261379  0.134243  1.276761  0.150388
2572  1240.886539  1234.989314  19.938210  0.175882  1.562033  0.178892
2574  1604.532527  130.576024  20.922907  0.282209  1.473941  0.285438
2575  1625.609904  1891.410169  20.062079  0.171894  2.236001  0.134209
2576  1875.658737  1841.693430  20.233245  0.151636  1.295341  0.186411
2577  1547.823480  1590.113722  20.206646  0.105964  1.481465  0.108478
2578  321.721403  1846.625237  19.587078  0.122596  1.150002  0.080128
2580  87.554642  1645.144692  20.406236  0.244555  1.528059  0.215704
2581  506.910054  1129.095576  19.017145  0.100191  0.954619  0.062667
2583  311.377496  1697.108465  18.527593  0.051507  0.509281  0.083205
2586  1077.295349  628.753543  19.362936  0.107278  1.118400  0.129860
2587  1649.374647  1212.738335  20.003017  0.094830  1.511971  0.146032
2588  48.100306  1974.123178  19.748282  0.230484  1.675653  0.117739
2590  1190.349727  1088.674730  20.204724  0.167667  1.420908  0.082506
2591  164.966788  1924.620506  20.499654  0.100473  1.653021  0.124030
2592  51.540303  143.658961  18.670993  0.084227  0.572698  0.093528
2594  1821.834800  1612.578325  19.725069  0.220344  2.318731  0.104605
2595  1972.786458  1182.124241  18.273054  0.099267  0.360407  0.135073
2596  1382.808461  278.431287  20.379441  0.115165  2.067174  0.152688
2598  1346.306887  999.086142  19.577415  0.080484  1.241655  0.110028
2599  1949.320011  1100.574398  19.411356  0.100333  1.214888  0.133974
2600  1040.324563  1641.868681  18.680524  0.111695  0.716154  0.096403
2601  49.026775  2031.851053  20.694302  0.177300  1.512595  0.096822
2602  593.120825  1399.107195  19.440940  0.097523  0.883209  0.153546
2604  383.880083  1374.329617  19.504720  0.093057  1.660403  0.080643
2607  648.716752  1341.262596  20.147276  0.113349  1.675339  0.201282
2608  136.997379  1952.625087  20.344693  0.124520  1.370244  0.226054
2609  1679.256911  562.799362  19.470469  0.145219  1.557493  0.086002
2610  1674.972662  1194.094736  20.683652  0.135012  1.617282  0.138141
2611  255.366233  1250.144365  19.553611  0.119009  1.092681  0.095700
2612  563.649209  1687.043818  18.364132  0.052031  0.409444  0.086872
2613  353.690202  483.238589  20.032283  0.085219  1.529291  0.182783
2614  587.609890  287.915612  19.471649  0.092289  1.182936  0.109394
2615  1985.153554  820.515885  19.842770  0.098150  1.199409  0.077792
2616  990.221563  110.078208  19.493857  0.244394  1.597414  0.081029
2617  1653.166222  1176.500798  18.611983  0.075332  0.543399  0.050759
2618  1331.032498  361.090711  18.304649  0.093676  0.209279  0.076521
2619  1369.651483  1075.016560  17.029319  0.064332  -0.390672  0.036261
2620  765.393377  1409.463936  19.174295  0.089001  0.609784  0.059695
2622  1104.489965  174.582968  20.280962  0.235523  1.508660  0.096947
2624  1668.010252  622.319757  20.891329  0.169227  1.736346  0.129409
2626  191.701052  662.088534  20.161821  0.183876  1.184408  0.080064
2627  1830.547750  1192.914462  19.881856  0.131863  1.419217  0.146665
2628  1386.986242  2033.049813  19.188206  0.113922  1.050230  0.161747
2629  1073.569786  554.740887  19.597952  0.086465  1.124535  0.067158
2630  1051.770947  1615.127060  19.459945  0.092741  1.019911  0.103809
2631  1939.671462  562.096420  20.414897  0.157617  1.421282  0.142738
2633  967.746895  758.059622  19.805102  0.143047  1.354972  0.119806
2634  1142.474656  1249.904917  19.650279  0.100730  0.859463  0.100362
2636  634.201183  374.425255  19.054076  0.070664  0.803912  0.109222
2638  1113.027529  270.801630  19.559260  0.109446  1.226331  0.089801
2639  51.380071  107.945463  19.554339  0.116146  1.367718  0.137525
2641  1177.041937  17.391409  18.150716  0.096117  0.169635  0.069974
2642  587.042871  1894.055165  19.065880  0.055986  0.711556  0.112228
2643  1444.053136  852.587237  20.032086  0.217993  1.321834  0.092733
2644  668.397320  287.818342  18.663186  0.179585  0.810656  0.096353
2645  1469.369302  542.164623  20.883945  0.188693  1.630018  0.093696
2646  1344.906702  1687.496449  17.849525  0.072178  -0.020562  0.064588
2648  736.704814  479.796086  20.466772  0.256122  1.471300  0.087245
2650  1227.157573  321.110108  20.661193  0.170838  1.820473  0.145982
2651  1669.128666  1460.727914  18.947381  0.080449  0.768012  0.084570
2652  1220.350168  1228.867800  19.778426  0.150710  1.178426  0.080329
2653  1548.798167  99.645671  19.285273  0.086569  0.922381  0.059723
2654  31.197697  1808.557627  20.934669  0.119321  1.650280  0.109394
2656  263.683348  1304.668039  19.670881  0.091717  1.125942  0.074126
2657  200.666042  1878.555002  18.469508  0.100384  0.372170  0.070024
2658  974.205696  1708.022275  19.830924  0.102495  1.283448  0.087233
2659  1523.654143  1306.140527  19.548526  0.072129  0.843381  0.153717
2660  336.927459  415.133814  17.296077  0.037414  -0.500692  0.074544
2661  2046.391423  1975.069057  19.540410  0.066537  2.050379  0.129964
2662  762.479829  1922.470382  19.467313  0.218635  0.839752  0.143828
2664  727.744055  1206.847259  20.398193  0.096278  1.513955  0.200845
2666  685.911569  1204.077479  20.650198  0.191772  1.984651  0.154950
2667  865.060878  1484.295213  17.031690  0.062922  -0.387053  0.065705
2668  220.734550  587.466853  19.622932  0.104346  1.233555  0.079293
2669  432.922306  1969.156950  19.230122  0.069958  1.095383  0.123655
2671  96.992007  460.246612  20.560546  0.424408  2.416967  0.264841
2672  1239.498491  707.209778  20.259221  0.266307  1.039133  0.079580
2673  367.824203  6.186498  20.908027  0.146392  1.545266  0.107965
2674  1396.103918  1743.321069  19.856965  0.135828  1.230078  0.142039
2675  748.775495  763.516592  19.138353  0.086122  1.062863  0.116963
2676  1367.886981  2010.466764  19.570744  0.068968  0.914315  0.102011
2677  503.823144  1390.386632  19.439889  0.082861  1.556680  0.135284
2678  1907.836988  172.312845  20.003011  0.128899  1.891396  0.081619
2680  1028.205544  982.141674  20.235558  0.108589  1.014656  0.079262
2684  1721.915526  925.238166  18.685941  0.131520  0.515326  0.135628
2688  793.355040  1328.071897  18.963252  0.069503  0.477318  0.067680
2692  704.591167  1001.061362  19.394836  0.171705  0.845507  0.127914
2695  715.303036  1122.774347  18.453206  0.081827  0.084472  0.092707
2696  1945.653243  1874.147563  20.279764  0.105790  1.200500  0.161707
2697  1480.710925  1714.008392  20.249095  0.113393  1.221080  0.114261
2700  1282.475360  1000.395499  20.070188  0.198350  1.376568  0.093278
2701  744.449774  167.157373  21.034616  0.179289  1.108030  0.135963
2702  369.753172  1919.252617  18.892250  0.054032  0.354899  0.104677
2705  1760.190449  351.140778  20.450463  0.140559  0.975839  0.236150
2708  839.648163  867.803196  20.191975  0.166342  1.300040  0.137549
2709  1027.149122  1645.143066  20.480458  0.192422  1.323804  0.118515
2711  102.108821  1599.944965  20.896879  0.164341  1.802842  0.225589
2712  1012.685711  867.652457  20.630169  0.161189  1.385786  0.132687
2713  1499.663918  1182.818764  20.379094  0.105936  1.833243  0.149416
2714  1079.967585  1968.953581  20.194800  0.166924  0.979900  0.134455
2715  166.841150  1796.644169  18.080870  0.043965  -0.134035  0.133824
2716  1439.374263  1644.032893  21.119259  0.118174  2.272480  0.154501
2717  477.160452  1682.115298  19.791251  0.085270  0.647522  0.099667
2725  989.259493  527.207248  20.261107  0.099159  1.143283  0.130231
2727  747.844239  858.117437  20.743249  0.220963  1.528055  0.115748
2728  1744.082538  162.385618  20.075714  0.171963  0.904429  0.173240
2731  280.294656  26.719638  20.855908  0.251183  2.603430  0.137227
2733  505.307038  1396.629810  19.860594  0.077602  0.851428  0.102428
2736  512.576340  1394.337934  20.289126  0.081712  0.854190  0.125457
2737  1515.275711  1866.740645  18.415686  0.074987  0.017757  0.094737
2739  669.981309  1925.338850  20.387691  0.224453  2.959416  0.129683
2740  1742.796727  1342.925598  20.270810  0.092448  1.167476  0.116304
2741  92.116599  67.676266  20.891503  0.150325  1.658218  0.188448
2742  751.517168  1898.490643  19.902054  0.130256  1.068500  0.107273
2743  379.581576  1273.609866  21.185654  0.119420  2.340215  0.202986
2745  620.626545  20.442039  20.775231  0.123314  1.293967  0.111761
2746  694.377913  1650.923972  19.759295  0.132535  0.911307  0.094057
2749  1047.639231  671.170586  20.751134  0.135818  1.768691  0.125131
2757  712.048748  1990.758382  19.404827  0.070992  0.420526  0.117171
2758  1044.131607  459.423071  17.701066  0.072690  -0.077514  0.107978
2760  1749.660792  876.851779  20.504502  0.243880  1.574239  0.172799
2763  1026.427527  613.467463  20.184757  0.176933  1.671046  0.180055
2765  402.106799  1720.372233  20.389854  0.090340  1.456684  0.167184
2774  445.123425  233.606605  19.377121  0.187409  0.460976  0.075568
2776  978.862411  800.232674  21.061574  0.171389  1.693749  0.159496
2779  1734.310179  1388.471014  20.466606  0.176744  1.326451  0.170400
2780  1757.215126  381.050835  19.942013  0.107346  0.928291  0.112726
2781  1603.791163  1820.907592  19.911611  0.245521  0.938795  0.246477
2785  248.229993  871.492437  20.102773  0.133656  0.976450  0.089494
2786  134.716024  679.432212  20.168256  0.093104  0.676280  0.177699
2787  2020.745095  1527.888317  19.479694  0.130499  0.714510  0.117456
2789  1879.366614  167.281575  19.221528  0.099530  0.689132  0.149833
2790  166.697219  619.964078  18.986436  0.077236  0.214440  0.077624
2791  720.745753  971.518976  19.591904  0.069407  0.401424  0.157441
2793  1509.071545  234.425005  20.479648  0.210621  1.405645  0.096562
2797  951.965831  1766.750392  20.678097  0.193549  1.690824  0.147046
2800  1902.962960  557.837894  19.363229  0.070107  0.426295  0.063103
2802  1728.574251  1894.676064  19.798609  0.144136  0.712665  0.076072
2806  508.926970  1199.931989  21.387040  0.219441  2.333500  0.149909
2812  837.584208  1889.026967  19.234568  0.080280  0.526868  0.084205
2817  888.482727  229.632252  18.975197  0.080290  0.189663  0.100433
2824  479.627702  1722.227888  20.609186  0.151870  1.124978  0.168177
2828  714.947721  790.000213  20.784825  0.108638  1.324560  0.124530
2832  1312.563173  1218.448380  18.656240  0.095452  0.097501  0.077952
2836  291.100842  1921.031654  20.704178  0.120364  1.630523  0.313981
2841  888.585059  1693.275429  20.879897  0.188773  1.775991  0.104121
2842  846.577737  736.034637  20.598328  0.095767  1.110682  0.350001
2843  1527.318134  94.418150  19.725638  0.180278  0.780164  0.146373
2846  374.382053  163.350046  20.500014  0.220522  1.448956  0.232790
2847  1798.230541  1103.364797  20.566991  0.107176  1.150615  0.155070
2848  1986.648523  959.283602  20.674029  0.196069  1.834334  0.097118
2857  660.715616  801.510997  20.679594  0.248642  1.717619  0.194331
2859  353.438325  1510.641830  20.662020  0.163744  0.973904  0.232680
2860  1614.880515  197.283126  20.738834  0.200303  1.277269  0.111380
2861  725.607560  1010.532742  17.764525  0.043706  -0.264154  0.049564
2862  493.557226  1396.094634  19.002582  0.109196  0.281424  0.069735
2864  1839.934504  1170.094734  18.677273  0.073601  0.219343  0.057223
2865  1862.181129  430.970000  20.755609  0.117750  1.440672  0.243569
2867  1492.693763  1558.218207  20.574078  0.171810  1.855901  0.098818
2872  322.069108  1838.765280  19.743829  0.124178  0.703370  0.170404
2878  467.173657  1299.991091  19.316426  0.109448  0.247780  0.148395
2881  1515.823044  109.023007  20.180532  0.108851  0.590293  0.143740
2887  274.566418  1024.651203  20.669689  0.116937  0.989027  0.116622
2889  1492.226682  744.614770  20.560549  0.133268  1.134184  0.182157
2894  2003.349627  1062.354280  21.260531  0.230750  1.595412  0.279933
2903  526.459346  1987.915323  20.377023  0.192036  0.757875  0.102803
2909  1157.070710  1465.342753  21.399793  0.214341  1.138832  0.208323
2910  363.352716  580.622621  19.645520  0.153843  0.419328  0.115593
2911  419.285412  451.928624  19.563289  0.111909  0.253696  0.067290
2916  660.739111  1804.839783  18.743547  0.072768  -0.146438  0.091469
2917  910.582072  1062.446071  20.814199  0.170989  1.125317  0.240209
2924  40.432657  2008.200654  19.388496  0.106953  0.218627  0.102864
2929  1472.173778  555.498004  19.813293  0.080079  0.386056  0.139138
2934  1192.056697  1542.102424  20.697281  0.345584  1.067629  0.201511
2938  833.088422  1559.355223  20.672569  0.133520  1.137928  0.122773
2944  1545.333951  1775.897092  19.472469  0.104646  0.087473  0.121817
2946  1964.199878  1731.493738  21.645819  0.401425  1.307463  0.225835
2955  661.059260  1196.886004  20.472630  0.147270  0.617302  0.230816
2960  1632.606301  1261.855582  20.009323  0.110438  0.454463  0.108379
2963  631.248634  1995.062582  19.272829  0.102352  0.094211  0.077675
2978  1944.423860  1825.003891  20.565431  0.178947  0.656365  0.341634
2990  1008.516981  1351.806824  20.276860  0.206357  0.522441  0.125070
2992  1826.843310  1387.855871  19.892767  0.149358  0.708134  0.084064
2993  1520.233665  31.356057  20.724891  0.167715  1.232523  0.187229
2999  1072.215435  805.340890  20.001610  0.128018  0.472474  0.074434
21001  857.412799  316.968632  19.591549  0.092224  0.453108  0.074895
21005  1768.463616  1427.862109  19.624733  0.117799  0.796642  0.159781
21018  1825.449267  1825.197702  20.283962  0.206895  0.529028  0.102088
21021  482.665516  573.798895  20.026782  0.081725  0.589891  0.154473
21027  758.273211  1247.518400  19.925878  0.139463  0.614235  0.115055
21036  621.714838  1420.553156  19.918736  0.193688  0.561273  0.118314
21037  1759.492923  3.735358  19.102434  0.063626  0.253448  0.095971
21040  1246.436397  1964.609826  20.243251  0.176746  0.738843  0.227402
21047  1410.698662  803.194271  19.818392  0.116560  0.687528  0.163228
21053  567.551557  1656.468446  20.546800  0.176963  1.073508  0.246666
21054  131.679827  992.302785  18.491651  0.083364  -0.116472  0.055871
21055  451.359508  1149.288033  19.745027  0.127411  0.133475  0.093055
21064  976.802058  386.998611  20.731049  0.118584  0.936309  0.309020
21075  1421.003603  1178.879141  19.667927  0.077150  0.225732  0.103726
21082  1851.003309  561.499765  20.833654  0.117781  0.465380  0.350817
21086  815.403333  165.919600  20.203502  0.087643  -0.008750  0.164670
21087  1207.961757  56.028452  20.359559  0.193648  0.457750  0.223436
21092  784.768759  1847.205420  20.256380  0.138225  0.272812  0.157420
21095  1462.887523  1160.517833  20.191715  0.289472  0.408179  0.104534
21098  890.871442  1748.220908  20.143117  0.134118  0.106635  0.110926
21101  851.909010  1223.197426  20.874451  0.205517  0.569091  0.170013
21108  1770.087646  616.797081  20.901217  0.220846  0.456402  0.250544
21110  616.299660  1911.330523  20.351108  0.162934  0.352335  0.123899
21114  705.272199  1740.291352  19.607575  0.185373  0.114383  0.089423
21125  789.122210  175.736842  20.986621  0.256094  0.652158  0.120262
