# id  x  y  V  eV  BV  eBV
111  1017.562071  1199.957996  20.450522  0.179340  1.377160  0.265248
115  1212.614656  986.126950  20.654216  0.152636  1.646740  0.190510
116  1094.733804  1021.295985  20.717722  0.240858  1.375629  0.202936
117  1033.409024  976.061706  20.170195  0.199021  1.660708  0.144457
118  1109.920358  1140.562248  20.249028  0.172929  1.737888  0.257237
119  944.820367  1066.108170  20.315160  0.102725  1.510122  0.143935
120  962.280509  857.792799  20.197932  0.080555  1.226847  0.272942
121  956.358185  1049.995162  20.082693  0.077489  1.473703  0.107654
122  1163.013386  933.791375  19.889650  0.084980  1.496500  0.117028
123  964.635914  1077.747814  20.115711  0.085182  1.563645  0.131953
124  1085.500908  1023.277384  19.712081  0.171076  1.393103  0.105772
125  1063.390331  1018.695332  19.770536  0.090836  1.618249  0.086901
126  936.065249  959.331942  19.636661  0.100963  1.358254  0.077826
127  992.711905  1043.021476  19.879192  0.125077  1.469608  0.165274
128  1016.191857  1157.519462  19.562315  0.075981  1.405191  0.103290
129  948.493865  1094.441656  19.451291  0.149799  1.413872  0.075193
130  1220.282655  1116.220170  19.384234  0.171312  1.451040  0.076550
131  1126.008689  1122.739487  19.296197  0.097936  1.316629  0.085434
132  876.927836  1031.328195  19.183512  0.172796  1.374304  0.159406
133  1081.751122  995.930685  19.257833  0.142014  1.422581  0.113105
134  1068.721930  1238.407926  18.967494  0.058318  1.461807  0.087529
135  1007.923077  943.720079  18.847197  0.090616  1.520001  0.102115
136  1075.138929  920.412529  18.820833  0.087062  1.379318  0.112378
137  1009.931981  912.408904  18.741112  0.063660  1.269758  0.089555
138  961.736806  956.423004  18.511863  0.048635  1.001025  0.143781
139  1128.591483  1136.082616  18.561409  0.113262  1.192680  0.110433
140  1150.626529  1074.233446  18.455654  0.083665  1.219313  0.063925
141  1023.321334  1104.639898  18.012110  0.130078  1.138579  0.099277
142  1066.648269  1007.596728  17.791632  0.058642  1.295531  0.091856
143  1019.061965  1098.982543  17.736708  0.111322  1.308271  0.053592
144  892.597432  1014.189261  17.551357  0.072698  1.285395  0.059855
145  1100.369879  1018.563072  17.106167  0.063305  1.259881  0.076075
146  912.829952  1051.535872  17.017054  0.064362  1.280666  0.100113
147  1194.909921  1016.688456  16.684392  0.062760  1.251766  0.033376
148  1136.064532  913.725911  16.257870  0.045897  1.240788  0.048905
149  1007.288566  1031.347343  16.061559  0.034717  1.067782  0.046776
150  878.992302  1048.827924  15.829273  0.038050  1.197831  0.086203
151  1065.547592  1102.289039  15.354281  0.028267  1.071442  0.045560
152  1144.603853  951.518904  14.602204  0.062821  0.914467  0.073953
153  1001.161851  875.628892  13.862113  0.039512  0.836797  0.023053
154  1037.288346  936.647619  13.272784  0.061833  0.676398  0.020424
155  1128.049971  850.044232  12.848067  0.030660  0.651432  0.021365
156  927.173591  1064.648827  11.877781  0.033987  0.508289  0.026498
157  1045.502239  925.409526  11.838273  0.025917  0.472701  0.023677
158  988.349604  929.394708  10.663234  0.019455  0.232849  0.030273
159  1061.702451  993.237975  10.009625  0.023057  0.051969  0.025113
160  1005.010371  1030.164070  7.469123  0.028612  -0.044237  0.030670
20  1624.750392  277.021612  11.280166  0.021368  2.365310  0.065220
21  616.818955  585.575509  12.306310  0.023917  2.749887  0.019683
22  894.935143  1864.444586  8.612754  0.046156  0.291087  0.028426
23  1727.027666  1150.228313  8.060286  0.015565  -0.234372  0.050990
24  996.622140  719.750761  8.718826  0.024054  -0.058926  0.021507
25  1181.598456  1642.357441  13.091261  0.032541  2.707412  0.019711
26  1818.304087  47.681955  9.488357  0.021292  0.221452  0.034085
27  270.043230  1412.476402  10.892406  0.038757  1.132417  0.025259
28  2.492389  984.389324  12.227219  0.018552  1.901593  0.046706
29  1094.810553  482.384818  8.839929  0.020725  0.018804  0.022156
210  828.180828  574.605842  9.402924  0.031240  0.022346  0.031375
211  1826.529868  463.576304  12.680226  0.028900  1.754272  0.019700
212  1030.520971  1741.709582  12.400313  0.045055  1.250034  0.026585
213  482.988470  53.741379  10.470185  0.056298  0.098779  0.027552
214  1393.698660  1442.735425  13.141733  0.020764  1.323352  0.021221
215  1335.811252  397.995075  10.661188  0.024071  -0.159948  0.018019
216  1036.539332  1069.224438  15.655895  0.030218  2.999579  0.039941
217  456.159737  1519.846426  10.533111  0.030897  -0.141116  0.029771
218  1283.398205  669.571955  13.130800  0.062496  0.946960  0.019612
219  1916.747810  1269.151493  13.716747  0.054698  1.266994  0.064456
220  597.892581  706.157728  11.548908  0.018403  0.094711  0.024685
221  876.114917  970.670835  14.429076  0.053625  1.684117  0.060799
222  1866.531652  1456.798176  13.081667  0.048558  0.813420  0.052323
223  366.514025  649.761539  12.601343  0.050440  0.313314  0.019539
224  376.438893  1074.721542  12.036226  0.036008  0.145806  0.021959
225  1955.336371  1371.123982  15.704106  0.061945  2.006873  0.043986
226  1782.789017  1992.257405  15.280060  0.031252  1.873066  0.041443
227  2005.920341  44.983422  11.646208  0.034380  -0.076066  0.019856
228  2025.699306  100.536604  15.430757  0.032484  1.933791  0.049590
229  594.189094  464.336310  14.618355  0.029153  1.124635  0.024897
230  196.829032  2002.859493  14.062434  0.026175  0.725572  0.063106
231  1060.793720  1529.782902  13.185041  0.025008  0.395626  0.030644
232  432.772658  1006.363378  13.477260  0.033001  0.428340  0.040197
233  812.993728  1730.836436  14.247265  0.025426  0.890604  0.024394
234  951.418149  1471.994106  12.791868  0.026749  0.460021  0.018963
235  1934.482309  215.047607  17.762739  0.068835  2.920891  0.051526
236  254.090668  673.035627  17.487825  0.069178  2.650704  0.090512
237  1449.630951  1325.409206  15.705714  0.054260  1.916582  0.044947
238  608.251307  1187.280842  13.768255  0.033540  0.439894  0.058612
239  310.898561  1291.697127  14.496826  0.026522  0.704743  0.028474
240  725.811007  278.289354  13.636551  0.054359  0.416016  0.023760
241  568.827127  251.580606  13.435769  0.019783  0.296524  0.041380
242  1745.259290  677.012389  18.035192  0.057403  2.885375  0.062356
243  509.464683  1186.064796  13.938145  0.046673  0.462298  0.049202
244  739.899028  788.659329  13.048438  0.049206  0.148366  0.029436
245  940.681267  1473.447144  13.811090  0.057602  0.979792  0.040650
246  1989.094919  329.343046  13.335673  0.062365  0.291753  0.031945
247  1990.753284  1733.957886  15.864163  0.054114  1.590388  0.048590
248  731.272307  662.675256  16.957337  0.069801  2.111593  0.080235
249  760.546058  1269.634563  17.666810  0.119927  2.624684  0.115841
251  98.053334  1293.417214  15.049758  0.073066  0.986109  0.030635
252  1824.771639  504.388327  14.889953  0.028386  0.728325  0.024134
253  305.211913  0.520375  14.407819  0.033029  1.053679  0.029721
254  1476.529628  443.380672  15.872506  0.077828  1.206198  0.049988
255  1461.291676  66.088817  16.170366  0.037246  1.497451  0.030775
256  208.529273  979.179806  17.881576  0.133449  2.563125  0.114849
257  1001.687398  1749.430814  16.719683  0.070336  1.642480  0.039594
258  948.778346  1421.837490  18.673868  0.094903  2.671250  0.061158
259  1765.444289  1452.239599  14.863456  0.026389  0.765086  0.059596
260  491.241171  1787.747054  14.450657  0.027858  0.316681  0.026970
262  1329.536838  182.789467  14.882272  0.075100  0.757733  0.036120
263  1264.849766  1316.872215  14.270156  0.061401  0.393853  0.031561
264  1807.366413  614.683864  14.713617  0.048367  1.043813  0.039088
265  980.036711  295.687974  17.188539  0.078942  2.023519  0.082040
266  1671.491194  583.981210  18.482708  0.066328  2.782666  0.123101
267  30.826811  808.722472  13.860593  0.046029  0.259887  0.040944
268  515.590697  859.314851  17.179699  0.053131  1.991169  0.036042
269  1592.681739  73.068650  15.128898  0.030951  0.820243  0.089929
270  1582.915336  953.242273  15.050113  0.034526  1.006145  0.034025
271  768.582663  1303.538293  14.817570  0.028386  0.943114  0.032852
272  1987.027639  1432.793415  16.281936  0.049856  1.100160  0.030374
273  1788.550514  107.114216  16.241260  0.036784  1.006933  0.047588
274  1298.650516  1338.053946  15.870428  0.068006  1.330719  0.034397
275  1118.236654  52.857484  15.029384  0.034698  0.515451  0.023868
276  94.573800  982.309643  18.411765  0.088557  2.117580  0.101742
277  40.692233  1865.225276  18.642173  0.059427  2.390239  0.060646
278  936.835161  1081.274988  15.646349  0.048942  0.702515  0.029961
279  1131.353855  19.841024  19.139181  0.077219  2.745171  0.069980
280  1911.157537  715.895279  17.452890  0.087470  1.698729  0.106028
281  1586.897222  513.851526  18.824655  0.072845  2.507637  0.087048
282  1635.944265  1743.272084  15.436328  0.030172  0.717088  0.039526
283  336.316491  359.723895  15.754128  0.061033  0.919171  0.081922
284  1655.505166  763.741403  15.496562  0.024978  0.652828  0.028218
285  587.246790  244.525434  16.143274  0.043194  1.153940  0.050033
286  1621.949681  666.377624  15.964832  0.036577  0.850573  0.056209
287  1478.366938  224.072795  18.590575  0.139891  2.524608  0.104953
288  446.856180  1315.259379  15.435677  0.036682  0.968251  0.034359
289  414.883199  1802.408173  13.842608  0.033192  -0.138407  0.027190
290  848.961819  1935.122651  19.933149  0.122340  3.272536  0.174913
292  1126.618793  1444.065901  14.832296  0.037884  0.327462  0.047705
293  62.426743  291.071276  16.639678  0.033360  1.373089  0.053403
294  266.929343  1060.234555  16.708097  0.037574  1.340262  0.062562
295  554.234612  1027.821379  16.633937  0.043677  1.489766  0.050961
296  244.986669  413.730173  15.424200  0.031854  1.483330  0.031345
297  1448.557799  289.237030  16.587690  0.071487  1.155364  0.038205
298  1072.207176  795.840631  15.571780  0.036354  0.847144  0.046597
299  1519.514925  1252.502839  16.571855  0.091812  1.059548  0.066282
2100  64.424545  1809.200825  20.523566  0.171219  3.325030  0.160319
2101  923.198069  1874.411682  16.389370  0.074181  1.140721  0.060845
2102  1757.200284  1717.959383  14.543937  0.030942  -0.337030  0.043849
2103  1657.421269  1831.724593  17.014133  0.042294  1.261629  0.052790
2104  1876.610467  451.152398  19.630690  0.069801  2.888599  0.139002
2105  1271.119891  1630.636387  16.030448  0.035246  1.066111  0.032383
2106  1215.331573  1780.110918  16.550539  0.038449  0.824207  0.065584
2107  1169.356435  883.735417  16.474775  0.070227  1.063998  0.031092
2108  646.252493  729.278142  16.827723  0.068193  1.073050  0.055377
2109  271.828604  1430.179183  16.962026  0.047788  1.407688  0.065554
2110  1251.547348  1353.512604  16.575395  0.047352  0.791659  0.037729
2111  1348.498784  1029.417959  16.364935  0.065483  1.336781  0.055375
2112  78.769172  1504.095967  15.887270  0.034431  0.827830  0.028202
2113  4.259655  1822.385856  19.091493  0.056785  2.360806  0.172692
2114  567.512818  148.330132  16.560646  0.037349  1.500871  0.054702
2115  1274.177747  674.045706  19.492447  0.081720  2.482540  0.067596
2116  365.264992  1250.276981  16.911822  0.046081  1.783283  0.036043
2117  167.651603  1784.697164  16.398078  0.050540  0.790826  0.050655
2118  79.124718  168.748102  15.811903  0.029830  0.373816  0.032773
2119  1633.157906  1384.880183  16.702632  0.044933  1.289152  0.064696
2120  957.456006  1662.755713  16.148498  0.031749  0.745072  0.052890
2121  1927.111463  1159.144295  17.582380  0.044399  1.648023  0.052293
2122  1190.900359  768.457946  16.883581  0.064858  1.452120  0.066955
2123  572.578203  486.886065  17.476202  0.043020  1.426227  0.065884
2124  1500.959496  1990.830381  17.417335  0.058613  1.698845  0.064533
2125  666.035409  800.312112  16.656329  0.094011  1.272764  0.080108
2126  1240.934391  1510.674018  18.981555  0.127321  2.354492  0.123717
2128  1982.102288  712.312340  16.566183  0.045586  0.782459  0.114645
2129  1575.839658  1506.570562  16.050876  0.028822  0.547703  0.094935
2130  1819.146083  1969.507949  15.764277  0.050554  0.360083  0.040913
2131  917.001515  1141.463266  15.329253  0.027007  0.408060  0.054315
2132  1986.203468  935.008567  16.293593  0.032563  0.845674  0.033645
2133  1217.084410  1957.508623  17.961682  0.064371  1.473015  0.081042
2134  849.913398  1258.231422  16.687792  0.096752  1.145051  0.047993
2135  1127.391022  1928.222004  16.554489  0.048737  1.020136  0.078349
2136  1373.509724  979.619572  15.933600  0.054480  1.181962  0.037210
2137  1654.123723  783.969213  18.418251  0.101994  1.809471  0.081210
2138  1917.806758  732.095214  17.219184  0.049255  1.019822  0.068232
2139  1531.746660  1342.004865  17.474278  0.069391  1.047930  0.075470
2140  230.227621  884.880183  16.187953  0.040080  0.429854  0.028697
2141  1561.087470  1201.313340  17.586728  0.099775  1.056568  0.055466
2142  1799.170180  824.931291  18.525132  0.089633  1.747456  0.075794
2143  450.024239  463.275125  17.455693  0.085295  1.628821  0.092436
2144  1494.463731  818.937610  17.589018  0.039811  1.580884  0.039446
2145  204.837800  831.465529  18.136949  0.085199  1.330490  0.056914
2146  1071.901858  1161.792482  16.382739  0.038430  0.238511  0.032402
2147  1347.024652  443.411951  17.133311  0.052873  0.952565  0.100793
2148  1568.643993  645.417214  21.320737  0.223105  3.645436  0.280649
2149  1478.440359  1956.804209  19.607053  0.212221  2.255165  0.089971
2150  283.829284  914.532667  18.687901  0.073239  1.630224  0.074460
2151  476.398655  1904.816925  15.241020  0.063111  -0.067125  0.082148
2152  1447.896628  891.532451  16.157071  0.041064  0.300634  0.034015
2153  1115.905268  1998.797594  17.583524  0.112019  2.094397  0.041422
2154  483.730398  182.409902  18.244094  0.079448  1.672182  0.155482
2155  740.117415  1043.635658  18.623041  0.090674  1.671719  0.057046
2156  1676.298477  1011.016645  15.120889  0.068926  -0.181761  0.046251
2157  1592.058911  821.188468  17.612147  0.068991  1.000274  0.068284
2158  1119.333079  1877.505196  17.135255  0.072437  1.407867  0.046068
2159  1053.402985  1451.811863  16.405118  0.033944  0.627034  0.034196
2160  1172.353652  542.363966  17.403049  0.062194  1.567277  0.045565
2161  948.613184  371.943500  17.643633  0.124077  1.127260  0.056665
2162  1806.643893  1530.877103  18.495857  0.112207  1.565558  0.085800
2164  1372.401561  1757.433516  18.353039  0.073852  1.763162  0.068293
2165  529.128382  1172.825557  16.830975  0.038212  0.874895  0.041692
2167  77.783882  325.765969  18.071429  0.105868  1.256117  0.053957
2168  2025.654418  368.110423  17.558052  0.097078  1.175412  0.077298
2169  252.572142  685.867653  17.076081  0.055244  0.971900  0.036153
2170  2002.479670  176.872153  18.515454  0.071020  1.588916  0.054149
2171  699.044975  1102.647753  16.892947  0.085929  0.645037  0.078599
2172  1934.728085  1360.176497  18.636987  0.087817  1.923360  0.056800
2173  1963.809384  1153.191211  18.294310  0.078675  1.174674  0.118522
2174  966.152158  157.581531  16.176904  0.082867  0.388794  0.044640
2175  90.894510  1230.021692  19.981531  0.136375  2.426306  0.105890
2176  201.597586  1769.420265  18.660740  0.066145  1.823726  0.128465
2177  1078.283951  1480.920271  18.673934  0.060827  1.806569  0.056058
2178  1220.597578  1941.786854  17.237156  0.080865  0.777505  0.125052
2179  453.234169  1369.204683  18.072253  0.072303  1.479331  0.078030
2181  1570.668008  667.906567  17.511393  0.067542  1.038661  0.061906
2182  804.543422  1895.013533  16.402945  0.034662  0.607034  0.044937
2183  306.901778  907.058496  17.473929  0.061413  0.945851  0.063780
2184  1998.244038  1115.698750  19.975236  0.107405  2.605121  0.075356
2185  1356.719056  1801.238969  19.904312  0.197973  2.407569  0.111228
2186  60.834601  244.764361  20.090589  0.137811  2.652281  0.086918
2187  1820.302917  1210.121194  17.582050  0.040281  1.753249  0.084318
2188  1491.476082  432.271063  16.959354  0.053250  1.369377  0.044422
2189  432.403305  884.619891  19.057491  0.060126  2.107947  0.164854
2190  450.695797  1736.706945  15.857056  0.063856  -0.176027  0.050975
2191  1590.031643  984.053053  19.290451  0.085196  1.747519  0.106859
2192  1452.519232  710.102131  19.310887  0.125875  1.641662  0.064893
2193  1859.723211  1203.924170  19.712551  0.194010  1.793291  0.134850
2194  539.945369  986.714691  19.622733  0.138663  2.007203  0.161661
2195  1652.056761  34.817725  18.704782  0.087037  1.424495  0.118732
2196  341.358901  1766.371838  19.941315  0.193444  2.434569  0.097971
2197  1972.806601  281.697168  18.197921  0.064300  1.022464  0.077299
2198  1642.263962  1420.349706  19.105262  0.061027  1.952686  0.120977
2199  1580.624923  1373.724242  19.551433  0.132415  2.241410  0.191610
2200  1027.458620  1074.407868  19.547989  0.088159  1.908025  0.086103
2201  1655.418262  70.068358  17.821082  0.047633  1.448027  0.057525
2202  927.177762  347.724875  20.445994  0.125274  2.498844  0.224926
2203  1139.438535  450.479830  18.553404  0.081314  1.909403  0.061823
2204  1660.659958  1762.297099  17.808034  0.045121  1.798504  0.093808
2205  347.441143  1050.898954  18.114843  0.104459  1.194612  0.159996
2206  1406.548532  1340.137527  18.592499  0.056980  1.389873  0.082480
2207  309.017688  1095.899678  18.510944  0.106520  1.617682  0.091166
2208  337.254765  889.072920  18.562581  0.090760  1.225755  0.058943
2209  746.063794  55.269558  17.117025  0.071305  0.639364  0.072689
2211  179.441495  425.320163  17.738839  0.076799  1.002019  0.092913
2212  2021.137373  964.984407  19.513645  0.073182  1.834189  0.097152
2214  911.711470  98.769956  18.184682  0.104910  2.097759  0.111110
2215  841.590561  1486.122007  16.503750  0.071796  0.100750  0.083786
2216  107.997816  1828.234910  19.922051  0.098832  1.957353  0.113607
2217  1362.923898  1064.086201  18.510331  0.051583  1.427951  0.076285
2218  2046.892719  1863.852797  17.754874  0.066840  1.300806  0.065674
2219  1761.936378  361.599504  20.041866  0.134642  1.946142  0.149647
2220  1383.571954  1365.993940  18.343463  0.057442  1.184193  0.077173
2221  55.411220  1920.887473  17.867987  0.050561  1.013955  0.059559
2222  1298.601175  1378.345078  17.944623  0.117295  1.221148  0.073912
2223  655.480187  1401.000733  17.590887  0.087325  1.161677  0.054212
2224  1696.037792  1006.035234  19.420073  0.113315  1.863016  0.085557
2225  1470.757134  972.492538  18.503824  0.147488  1.808847  0.169796
2226  453.686649  741.078681  16.141479  0.028492  -0.042041  0.055000
2227  1005.243917  717.615198  16.903719  0.082976  0.309137  0.040456
2228  1185.819299  1913.665761  19.675031  0.174184  1.854419  0.083880
2229  1085.777298  255.688761  20.881949  0.211203  2.388302  0.208019
2230  1061.222208  665.639507  17.576250  0.046741  0.871645  0.046940
2231  1121.756158  601.769546  18.623052  0.063077  1.423000  0.074374
2232  429.283832  1021.248976  19.573339  0.096448  1.739541  0.103125
2233  1724.322276  844.376596  18.185889  0.089201  1.058242  0.102695
2234  382.090194  965.696689  17.394285  0.072120  0.948988  0.047352
2235  1737.331330  1174.907090  18.592032  0.096878  1.409655  0.108250
2237  803.791510  1538.397139  20.023050  0.123291  2.159935  0.128974
2238  333.763061  1731.267222  18.050034  0.058322  1.133532  0.047708
2240  1808.784140  21.324802  17.702706  0.038760  1.128283  0.044100
2241  1412.692617  111.131308  17.963691  0.091177  1.580595  0.139363
2242  831.738229  930.689945  18.484638  0.080262  1.432194  0.074273
2243  1558.928949  376.893992  17.339367  0.103305  0.846322  0.072411
2244  297.629555  1255.144882  19.596778  0.095208  1.980586  0.139638
2245  218.690852  272.357369  18.457311  0.090066  1.346102  0.095643
2246  523.038341  288.709804  19.171996  0.087402  1.639999  0.089821
2247  131.921789  293.445951  20.603869  0.140964  2.561434  0.111494
2248  289.199577  494.031394  18.896921  0.076371  1.447534  0.063108
2249  300.053705  1414.634803  20.347862  0.237855  2.166004  0.146287
2250  1022.504245  1568.205847  17.965535  0.056282  1.083990  0.101268
2251  553.297506  833.779721  17.063191  0.052034  0.722325  0.033847
2252  315.964044  158.914122  16.174242  0.049359  0.091623  0.044926
2253  139.699550  1040.156764  19.224989  0.118064  1.873994  0.083918
2254  927.253616  884.716133  17.704789  0.067174  0.816995  0.042983
2257  620.294941  1622.840994  18.372484  0.129975  1.098264  0.085833
2258  1311.781419  1593.408829  16.960524  0.077722  0.134578  0.043498
2260  338.132214  871.106678  19.488547  0.165506  1.481512  0.110152
2262  1942.776155  554.179874  19.645140  0.109693  1.474430  0.096074
2263  1199.525141  626.288567  18.622231  0.095574  1.804976  0.063678
2264  1796.797601  1302.716376  20.102255  0.104495  1.911036  0.124541
2265  918.122871  747.988216  19.707193  0.090679  1.504056  0.087682
2266  141.881482  385.133155  18.785052  0.073440  0.986103  0.085928
2267  905.779888  335.525208  19.526701  0.106178  2.429565  0.140112
2268  1992.203331  1994.333063  20.939070  0.107638  2.570373  0.121430
2271  1107.870212  1425.202232  18.418991  0.117494  1.041411  0.078524
2272  1788.213281  236.626849  19.709930  0.201983  1.677382  0.122806
2273  919.980073  705.706195  19.620480  0.158757  1.989059  0.094192
2274  115.420406  1480.797093  19.213429  0.078646  1.088030  0.148779
2275  1240.496718  1983.390222  17.082745  0.054447  0.175183  0.042286
2276  2036.800887  1108.113111  17.776008  0.118646  0.835924  0.072383
2277  926.470046  196.702203  18.764235  0.065361  1.088439  0.142291
2278  55.208855  1257.820596  19.445806  0.073408  1.582452  0.156626
2279  1373.701921  1228.866566  19.638168  0.068112  1.497059  0.155288
2280  1557.316668  671.136809  18.918909  0.121518  1.015156  0.056763
2281  889.496454  1010.314632  18.551780  0.120582  1.203320  0.091669
2282  701.843380  615.744002  19.272736  0.081858  1.141527  0.132840
2283  281.256731  252.001578  19.009799  0.091962  1.296935  0.057356
2284  1439.272209  1403.423519  18.821530  0.123359  0.907792  0.066003
2285  687.124158  796.768075  18.716457  0.061927  1.560203  0.051187
2286  252.078403  459.429707  19.918951  0.110890  1.464996  0.211809
2287  355.936631  1400.002932  20.131273  0.185508  2.013364  0.130141
2288  1017.301719  713.121677  16.628962  0.060487  0.050420  0.049966
2289  95.818346  0.180892  19.266318  0.122571  1.144919  0.154844
2290  82.082131  905.390823  19.175616  0.089337  1.555577  0.131749
2292  539.866161  1860.263496  18.962603  0.151045  1.762129  0.126644
2294  582.707100  1376.655339  19.028290  0.108352  1.110069  0.145320
2295  1527.298206  1196.183442  19.522722  0.104755  1.576363  0.080545
2296  547.281315  38.169701  19.471684  0.169218  1.261845  0.080345
2297  623.363650  1140.705892  18.754340  0.072068  1.277312  0.132184
2298  640.612617  1189.749628  19.410412  0.114634  1.595303  0.120324
2299  1717.509540  110.419373  20.286796  0.112511  1.803493  0.180837
2300  862.215626  1289.454484  20.828975  0.140510  2.329635  0.170943
2304  1627.620691  702.986485  19.129617  0.107350  1.708850  0.089337
2305  1685.964960  1263.282205  19.175852  0.172003  1.306019  0.081816
2307  878.919323  823.228964  19.236680  0.085620  1.526419  0.160072
2308  1038.385179  698.221607  17.824977  0.045645  0.333632  0.045193
2309  879.964494  1912.654505  19.971645  0.236001  1.657730  0.110846
2310  38.585367  237.720223  18.945878  0.148127  1.454461  0.077043
2312  1284.040540  1020.312766  18.915981  0.114173  1.065142  0.145786
2313  682.316207  1949.939914  17.696340  0.063160  0.376657  0.047993
2315  695.398485  1728.641681  19.405638  0.140528  1.475076  0.204480
2316  1430.953548  421.291666  17.678961  0.040611  0.432619  0.087003
2317  1985.958043  1986.800561  17.202645  0.069614  0.517365  0.062790
2318  492.072460  1278.717024  18.057470  0.098208  0.646008  0.059673
2319  1803.269486  1531.642489  18.929702  0.059762  1.338919  0.094233
2320  15.358328  52.738868  18.039696  0.045354  0.662865  0.091294
2321  1368.749709  651.514206  19.498608  0.096342  1.524109  0.063936
2322  486.677690  1146.467972  18.911363  0.133604  0.916611  0.052232
2323  1046.776348  30.316113  18.946786  0.135732  1.491254  0.080227
2324  203.008391  714.763289  18.657146  0.119617  1.585447  0.074562
2325  1111.636549  844.499098  18.220958  0.085922  0.911687  0.057981
2326  1557.374060  1468.368938  19.097822  0.086630  1.309192  0.081809
2327  422.123746  726.898130  19.317873  0.071367  1.374738  0.092440
2328  1835.528415  582.490123  19.173134  0.128795  1.345413  0.122776
2330  1016.378679  459.496686  19.058320  0.070970  1.205374  0.082548
2331  1524.319120  1784.151155  18.897508  0.100533  0.912841  0.077178
2332  237.205462  1279.965380  18.229335  0.074470  0.934865  0.074119
2333  2034.636128  1937.230388  20.677497  0.314061  2.172936  0.191549
2336  1544.637414  1927.238912  18.571483  0.086334  0.899791  0.135753
2337  96.359303  1154.449246  20.346395  0.152501  1.248700  0.259065
2338  1201.798137  1257.156915  19.924608  0.185550  1.964983  0.122361
2339  1739.789852  263.498446  18.844123  0.062650  1.217372  0.058981
2340  1058.972400  831.002194  17.135948  0.047632  0.068721  0.047904
2344  1437.818886  1102.232685  18.966340  0.145963  1.215724  0.079060
2345  805.239041  1572.877594  19.610107  0.068435  1.651934  0.140221
2346  2044.805984  1698.534859  18.900164  0.097067  2.361888  0.079877
2347  229.165065  104.281968  20.372387  0.210163  1.566543  0.160112
2348  92.079456  1384.773266  20.562569  0.176849  1.475876  0.207919
2349  930.794704  1350.292696  18.708753  0.103514  0.610062  0.155642
2350  1098.423478  332.134713  19.240304  0.085934  0.959073  0.113115
2352  457.872024  1227.604244  20.093480  0.081164  2.214397  0.144587
2353  1704.579435  590.960558  19.413619  0.077749  1.067955  0.078794
2354  724.630968  1284.914831  20.034721  0.137635  2.066470  0.103228
2355  265.186376  1843.065168  19.780323  0.112206  1.032091  0.088770
2356  1943.683193  432.770526  20.419633  0.136150  1.607692  0.090894
2358  1944.823019  737.982575  19.739599  0.101413  1.942614  0.118048
2359  608.809839  127.622262  20.730906  0.128376  2.084140  0.189269
2360  1649.166117  535.002285  21.178015  0.140552  2.257606  0.118248
2361  1888.630459  276.010490  19.845466  0.118544  1.380293  0.138503
2362  747.917438  977.010042  19.958122  0.075922  2.613921  0.157867
2367  144.667078  1967.815443  20.538956  0.136011  1.683955  0.092285
2369  376.612332  1030.201519  19.690122  0.073700  1.862189  0.124237
2370  1150.737698  1524.520102  20.408364  0.141306  1.520095  0.092302
2372  1319.890838  944.609303  17.930631  0.066018  0.271748  0.065972
2373  1889.635850  1774.573783  19.961789  0.105386  1.590254  0.138624
2374  751.508375  499.841092  20.211547  0.223207  1.844606  0.136433
2378  259.559147  1283.300844  20.177628  0.138165  1.689202  0.108677
2379  2046.149415  1681.826450  20.055545  0.103909  1.308291  0.109386
2380  169.451484  478.536462  20.093557  0.116490  1.464710  0.142300
2381  1299.377660  403.134308  20.723887  0.099162  1.820671  0.162637
2382  540.317906  885.936454  19.856141  0.124704  1.487724  0.163008
2384  134.402454  1868.340050  19.314651  0.087684  1.211422  0.111230
2385  878.995599  1499.548766  19.602501  0.182021  1.584151  0.070138
2386  707.436779  1249.648926  19.926252  0.149859  2.420087  0.110146
2387  69.543341  1486.348632  19.780924  0.178433  1.355089  0.112532
2389  1410.072342  672.911241  17.683751  0.127777  0.097130  0.041178
2390  568.343699  1876.520525  18.117064  0.115832  0.511281  0.088485
2391  648.747937  1534.568796  19.168581  0.070786  0.726177  0.061745
2392  1956.665066  1118.573489  19.693566  0.074284  1.258074  0.084624
2393  1305.392419  219.907233  20.114675  0.124208  1.727687  0.208107
2395  1813.492245  1163.411120  19.593464  0.162809  1.385541  0.140798
2396  1880.799919  1356.440643  19.630270  0.094550  1.232640  0.103688
2397  1417.299111  279.681249  20.393778  0.195239  2.119588  0.233040
2398  623.818599  715.725542  20.218144  0.092037  1.537237  0.212192
2401  942.734262  593.424869  20.307245  0.239119  1.449209  0.097180
2403  1935.412996  619.638837  20.784945  0.156537  1.974422  0.154230
2404  1602.895518  158.540571  20.403462  0.176027  1.743832  0.157943
2405  534.415841  952.022335  20.224253  0.094277  1.505309  0.111579
2406  835.832534  509.128765  18.672830  0.069418  0.565479  0.071736
2407  1496.862190  957.644692  20.403135  0.171630  1.494259  0.159676
2408  564.523956  1670.580430  20.262404  0.167355  1.877147  0.160475
2411  373.163825  551.755351  19.635533  0.070518  1.224001  0.078582
2412  1953.931177  1026.813849  20.147038  0.107711  1.449893  0.151161
2413  1811.717204  791.524906  20.099306  0.123143  1.595776  0.089037
2415  422.893067  1159.209630  18.785455  0.059934  0.816858  0.081696
2416  348.541392  659.121167  20.467168  0.139733  1.473352  0.162549
2417  1930.749352  1621.041168  19.769868  0.117605  1.595223  0.091625
2419  1475.572716  992.710817  19.880315  0.122986  1.240531  0.103682
2420  36.282661  1784.209424  19.601323  0.116293  1.478274  0.115906
2421  127.178617  103.103577  19.811142  0.079635  1.130622  0.207198
2423  1098.854206  1531.459376  19.895764  0.156981  1.543448  0.087941
2424  6.692306  494.896514  19.349082  0.165783  0.897048  0.062655
2425  1324.358769  1597.915462  19.908695  0.162002  1.465773  0.140000
2428  1277.349849  134.477654  19.836504  0.123681  1.533364  0.150151
2431  455.898650  1743.033872  20.463168  0.208150  1.715242  0.095172
2432  1737.182957  2001.758583  20.083105  0.196651  1.891896  0.127031
2434  714.176120  414.539359  21.017410  0.148172  2.674932  0.332707
2437  98.653331  1033.626072  19.324869  0.126661  1.027535  0.197082
2438  710.752755  77.590961  19.788880  0.081151  1.552757  0.149576
2439  1323.298398  1904.915390  19.754515  0.099015  1.722034  0.121684
2442  10.621126  746.880989  18.734350  0.161258  0.635923  0.079164
2443  1520.430228  1095.487076  20.216336  0.101138  2.163553  0.104741
2445  1735.173368  1658.165454  20.160685  0.185948  1.720850  0.200675
2446  1471.178979  330.148634  19.430832  0.286818  1.980964  0.075493
2448  1405.449844  449.676731  18.918367  0.096983  0.672888  0.060420
2449  877.480787  2026.312756  20.243406  0.230425  1.835248  0.173025
2450  1315.196699  1818.005982  18.328288  0.114273  0.311242  0.075146
2451  994.008998  1171.623189  19.703285  0.125380  1.472296  0.073769
2452  796.686207  912.715462  19.531923  0.122106  1.382866  0.099415
2453  729.451138  1357.236502  20.482547  0.114857  1.498245  0.124714
2454  1095.938055  629.449436  19.754830  0.136368  1.238781  0.094673
2455  663.035886  2036.898286  19.494443  0.129901  1.236771  0.075555
2456  1305.914847  1805.976727  19.498668  0.079140  1.602194  0.090811
2457  1042.338054  1553.386400  19.707924  0.114936  1.543612  0.140488
2458  917.416646  603.604764  18.493939  0.057930  0.422812  0.073739
2459  402.833499  1746.379456  20.555781  0.161988  1.479755  0.236492
2460  1303.236611  1103.334410  20.090683  0.160584  1.535750  0.083798
2461  363.655704  1281.834723  19.700868  0.148400  1.471777  0.113412
2463  62.447358  12.653390  19.761411  0.132828  1.298305  0.112650
2465  611.825962  540.778579  18.396908  0.097155  0.673863  0.059157
2466  804.013892  675.873736  19.732176  0.118247  0.799892  0.183226
2470  1238.626789  1148.593326  19.583206  0.142760  0.817607  0.065302
2471  1265.597031  1195.959329  20.122396  0.152467  0.967818  0.134198
2473  1166.881927  364.046446  19.490708  0.216036  0.582792  0.088215
2476  888.600895  668.512904  19.186432  0.081876  0.632199  0.065673
2477  1803.152701  334.279675  20.124667  0.139966  0.781453  0.176472
2479  171.144985  630.859087  19.790470  0.162686  1.056771  0.180098
2480  1314.836075  1550.939103  18.472825  0.133900  0.674502  0.105657
2481  255.006173  693.146146  20.398419  0.243292  1.660154  0.142077
2487  1949.412868  341.039233  19.689905  0.093373  1.121321  0.154883
2491  873.381620  1050.115645  20.533613  0.114391  1.821475  0.109151
2492  1597.950133  834.589604  19.596416  0.130982  1.353088  0.214563
2501  6.152530  1617.719577  19.438749  0.072323  0.690089  0.134574
2502  1290.251069  2016.058359  20.645054  0.226218  1.226225  0.097477
2505  2004.172505  1.053754  19.857551  0.115104  1.309310  0.118195
2506  625.101662  1358.625133  20.621048  0.094644  1.755651  0.287184
2507  1537.045344  1284.934158  20.662285  0.105949  1.524186  0.152512
2512  575.235776  831.814673  19.196661  0.125817  0.528788  0.147145
2518  130.276646  598.442335  18.029619  0.064928  0.303900  0.082831
2522  1178.837895  1367.295928  20.183933  0.157359  1.002619  0.089897
2523  827.663225  1448.788937  20.187891  0.149102  0.742916  0.161903
2528  1606.812563  1148.140573  18.837601  0.144013  0.172580  0.055267
2529  1370.767060  1821.567179  20.405362  0.131209  1.239777  0.123636
2530  1989.796753  2003.942467  19.429674  0.097844  0.566425  0.066064
2531  1380.292398  16.663648  20.458279  0.159129  1.544623  0.131039
2532  911.254045  657.489394  20.848905  0.130568  1.292138  0.119301
2536  881.261424  1019.455682  19.246908  0.122146  0.730821  0.081456
2537  908.680206  1352.801076  19.809521  0.213578  1.316459  0.193585
2538  52.327174  127.978897  20.154268  0.146195  1.516953  0.100885
2542  26.896626  1583.725503  19.501629  0.109753  0.665432  0.078724
2543  422.516368  41.571885  18.781014  0.078388  0.183909  0.116378
2552  7.264404  1303.043676  19.713821  0.100231  0.724166  0.081519
2557  1160.977808  62.870584  19.838477  0.071190  1.101931  0.117729
2563  812.658863  185.968433  20.626511  0.142844  1.862395  0.128753
2564  1756.689471  1898.632585  20.538512  0.179838  1.398982  0.152775
2569  1057.869748  1729.514297  19.201756  0.094241  0.535695  0.098274
2573  476.255695  261.526452  20.756218  0.280395  1.604228  0.326017
2574  1602.805339  1773.946066  19.996829  0.101504  0.935546  0.182115
2579  1140.994107  1949.137804  20.915974  0.132847  2.193156  0.121220
2581  1666.885871  1957.366051  20.378479  0.254399  1.391393  0.175129
2586  1148.216295  489.836585  20.005379  0.103551  1.274244  0.119839
2590  128.920987  784.974615  20.200681  0.102280  0.962482  0.158096
2591  41.423347  1388.273398  20.291090  0.118925  0.989307  0.088502
2599  1739.899725  60.044399  20.057401  0.230933  0.802391  0.092710
2603  1814.615055  1387.568203  20.794387  0.098415  1.402340  0.179272
2609  1.934833  1562.899635  21.288319  0.355917  0.929870  0.298045
2610  1586.389910  1143.789865  20.036583  0.194364  1.022338  0.128447
2612  1765.392245  1095.101501  20.655655  0.143983  0.723694  0.091392
2617  807.825612  1761.840590  19.023958  0.087576  0.280941  0.135911
2629  1556.840277  1667.810051  19.837355  0.070228  0.806047  0.201182
2641  1634.627314  716.652924  19.843704  0.082019  0.661955  0.101378
2650  860.393617  568.202991  19.572138  0.079488  0.746635  0.098939
2655  833.589205  569.125430  20.473037  0.129300  1.148726  0.143747
2662  1269.688454  1688.366436  20.498448  0.181451  0.767727  0.129426
2667  672.761311  25.600424  20.634452  0.236366  0.826876  0.123659
2678  659.316097  1832.879289  21.057656  0.299938  1.076529  0.259703
2684  1381.049817  1514.365166  20.568124  0.130797  0.667272  0.124141
2686  506.538444  901.361830  20.451248  0.143479  0.521000  0.217574
