# id  x  y  V  eV  BV  eBV
151  1112.771768  1073.318154  21.336939  0.276358  1.572285  0.279927
158  895.017718  1107.732808  20.982878  0.343127  1.435084  0.136766
178  924.225618  1057.591316  21.224681  0.244041  1.160748  0.333320
194  1014.183875  958.861128  20.697308  0.206916  1.801969  0.284994
196  1063.557489  909.446205  21.156457  0.328248  1.555716  0.118603
1101  983.087964  1247.462973  21.060038  0.129808  1.516462  0.174243
1103  942.912451  1047.100334  20.927540  0.204595  1.483961  0.178564
1105  930.159862  1119.112438  20.857697  0.198580  1.326495  0.199702
1106  1047.175496  1030.545900  20.607230  0.174090  1.398025  0.175685
1107  977.229885  1167.065805  20.661374  0.158487  1.190762  0.142315
1108  1133.642199  1105.884160  20.093233  0.390427  1.363830  0.113782
1110  1042.195907  1177.882092  20.799585  0.191669  1.534127  0.144945
1112  1044.940677  1117.153874  20.672704  0.136390  1.444419  0.266334
1113  1081.592545  979.546563  20.722281  0.106926  1.661706  0.167350
1114  849.912197  959.371203  20.879882  0.191599  1.999069  0.241308
1115  1086.085345  991.977943  20.929334  0.160753  1.615334  0.181399
1116  950.838436  851.493192  20.998544  0.224457  1.323975  0.211953
1117  968.353587  892.767744  20.632269  0.214166  1.632882  0.216435
1121  884.973896  1076.737311  20.811649  0.179454  1.499719  0.259921
1125  1165.089751  1102.235075  20.670637  0.221848  1.512950  0.281694
1126  1005.710254  1012.162212  20.813410  0.139568  1.618968  0.130481
1129  1055.977492  1211.324621  20.491408  0.253476  1.543332  0.121064
1133  1024.254321  1164.367585  20.602677  0.204512  1.496374  0.180904
1134  1097.286902  1054.878679  20.669281  0.180020  1.607768  0.097854
1135  869.212037  1186.483241  19.985271  0.297491  1.628944  0.142137
1137  1038.069576  1151.850230  20.530637  0.109016  1.551277  0.272188
1138  1053.005128  1106.621727  20.804731  0.316510  1.336209  0.283111
1139  983.270195  1041.798697  20.472469  0.215986  1.433270  0.191040
1140  1046.329426  953.424589  20.679413  0.109694  1.477993  0.236287
1141  1104.052593  972.467896  20.378314  0.224375  1.083020  0.262981
1142  1107.965030  1110.538056  20.749327  0.170299  1.651744  0.162528
1143  973.471048  1032.045957  20.564186  0.102424  1.402039  0.143395
1144  939.004232  1021.715599  20.565716  0.133959  1.266115  0.132534
1147  919.454413  1086.373028  20.672720  0.154950  1.458454  0.101894
1148  989.877412  1060.220703  20.498543  0.248997  1.426838  0.116573
1149  895.128637  1034.070733  20.596179  0.172202  1.351331  0.111176
1150  853.822157  953.591869  20.346459  0.253543  1.385124  0.129094
1151  1080.978022  1109.985608  20.320942  0.137939  1.410110  0.128560
1153  928.724173  1130.299556  20.502184  0.093809  1.484614  0.263706
1154  1161.976259  992.680407  20.271260  0.267311  1.664024  0.096537
1156  1027.320689  977.461985  20.281688  0.088932  1.456253  0.112389
1157  1018.760335  1044.617400  20.423175  0.097989  1.338429  0.127434
1158  975.347753  918.423388  20.806080  0.208683  1.432954  0.098676
1159  964.106220  1047.714038  20.363878  0.163906  1.714289  0.151540
1160  1071.097917  1199.542620  20.351464  0.126543  1.504929  0.120900
1161  1100.163686  1221.562020  20.268590  0.191123  1.425090  0.106190
1162  967.933297  996.163277  20.389283  0.106171  1.285821  0.134462
1163  854.389084  978.564301  20.250537  0.153291  1.477705  0.127526
1164  935.086387  1182.800855  20.159007  0.163214  1.524979  0.107011
1165  1128.720650  1000.246682  19.940235  0.247475  1.391575  0.096173
1166  1020.733604  1136.047821  20.288734  0.108049  1.429426  0.114120
1167  937.916006  1042.936340  20.346135  0.138666  1.444441  0.103188
1168  1019.767808  1102.160998  20.167204  0.199628  1.388075  0.165790
1169  1109.742776  1080.036782  20.403916  0.106395  1.418600  0.107415
1170  867.518054  1042.481132  20.147032  0.107527  1.405082  0.080940
1171  1043.398717  1016.701235  20.118922  0.249998  1.357286  0.173625
1172  1140.617257  1085.264179  19.958465  0.192598  1.412552  0.079360
1173  1116.290355  1105.382666  20.098490  0.104116  1.410631  0.172531
1174  1196.150395  1006.196060  20.066755  0.125693  1.457666  0.114727
1175  1068.344771  982.204027  20.022814  0.096978  1.467209  0.092870
1176  907.640791  966.199173  20.176549  0.137950  1.425563  0.083701
1177  1018.802319  1016.684933  20.138914  0.101392  1.518849  0.120372
1178  1007.087739  908.018217  20.101845  0.108956  1.499987  0.137678
1179  991.969157  874.982482  20.148043  0.251358  1.324284  0.088805
1180  1031.717335  1066.372321  20.139419  0.088657  1.444599  0.089098
1181  1096.706048  1059.013468  20.077391  0.083374  1.479696  0.119178
1182  995.615724  1072.561828  20.164080  0.168376  1.592575  0.121651
1183  966.899180  1058.102149  20.265926  0.186688  1.256676  0.205611
1184  1117.196739  1099.514491  20.164862  0.129771  1.367616  0.151093
1185  952.869315  975.876833  20.158748  0.150422  1.566808  0.095588
1186  943.758950  847.966065  20.028603  0.181340  1.442350  0.080826
1187  1064.999670  1021.274296  20.130541  0.139030  1.451894  0.112263
1188  1060.779766  1027.046994  19.825653  0.090827  1.333331  0.091873
1189  1132.248310  1090.084844  19.963263  0.082564  1.403236  0.157453
1190  1065.690767  960.057180  19.883187  0.087024  1.484160  0.082191
1191  959.252828  1038.318039  19.679016  0.226863  1.728116  0.170653
1192  1098.949693  1130.052874  19.870101  0.076054  1.521743  0.130117
1193  1051.851244  1035.303219  19.754232  0.091464  1.381880  0.080703
1194  1118.861722  1086.820413  19.901324  0.161554  1.381149  0.119409
1195  1015.137014  1052.975350  19.532094  0.153977  1.423350  0.073900
1196  962.871828  1063.367700  19.806264  0.106845  1.433591  0.089501
1197  929.805169  982.166405  19.855405  0.102151  1.415482  0.131265
1198  797.339832  1022.903951  19.699624  0.087730  1.365607  0.133268
1199  966.013604  1122.468372  19.812599  0.115285  1.449430  0.127106
1200  1056.324608  842.848215  19.800486  0.111232  1.405923  0.132970
1201  1091.213455  1107.413934  19.831758  0.074332  1.283051  0.122974
1202  918.554972  1128.395428  19.620617  0.100309  1.232105  0.190318
1203  942.920192  962.821100  19.616405  0.158189  1.536994  0.131927
1204  904.149770  1160.924897  19.766805  0.148336  1.204719  0.139039
1205  1035.315999  1133.580882  19.541872  0.067649  1.439253  0.079317
1206  826.163569  981.320684  19.694765  0.067434  1.171809  0.175114
1207  942.096282  1024.462090  19.818853  0.131109  1.477684  0.101542
1208  1114.156032  1019.144458  19.566416  0.103299  1.389902  0.106371
1209  1083.272438  1142.793318  19.595072  0.102062  1.327999  0.076039
1210  971.734589  1120.235315  19.332857  0.169449  1.531683  0.170412
1211  1021.620306  821.094318  19.584652  0.115969  1.212921  0.079883
1212  1122.037002  1022.710723  19.756066  0.093413  1.336900  0.067629
1213  1000.703631  1044.338217  19.450263  0.155692  1.395649  0.085284
1214  1053.065421  900.679311  19.541458  0.102572  1.068367  0.166019
1215  1036.615332  881.139180  19.438796  0.139711  1.293181  0.134661
1216  1016.337080  1024.778097  19.726682  0.124074  1.460027  0.145496
1217  1056.429875  913.316864  19.215332  0.172213  1.476592  0.064889
1218  1105.268531  1033.613046  19.417737  0.070753  1.227630  0.117045
1219  1071.823933  905.372549  19.423186  0.185990  1.284809  0.071685
1220  943.354450  1054.082929  19.413252  0.229205  1.375087  0.176563
1221  1055.804744  1015.677624  19.295656  0.126485  1.413086  0.155478
1222  1084.436705  1135.857213  19.402092  0.072803  1.282798  0.075834
1223  1019.095839  1133.825700  19.221113  0.071534  1.414584  0.157738
1224  934.467011  852.859208  19.268835  0.080564  1.162581  0.110176
1225  1124.277187  992.870093  19.284771  0.115038  1.316982  0.078542
1226  919.794954  937.260790  19.267230  0.152599  1.419459  0.138194
1227  1183.598490  998.512988  19.388888  0.142247  1.257315  0.088229
1228  1143.348142  959.884390  19.437802  0.130041  1.454330  0.134384
1229  1043.395994  1049.149788  19.203911  0.101327  1.444760  0.084179
1230  1136.301957  971.595551  19.379948  0.091135  1.341110  0.072125
1231  983.777628  1056.657736  19.370823  0.159120  1.293512  0.085141
1232  1119.441326  1092.413952  19.297710  0.147253  1.416270  0.058274
1233  984.348549  833.451807  19.230242  0.137986  1.258370  0.075608
1234  1046.076375  1130.585027  19.169627  0.201611  1.379506  0.068755
1235  979.689062  1230.546821  19.131551  0.067749  1.375396  0.070033
1236  1164.350259  970.708296  19.079439  0.076474  1.274864  0.111264
1237  938.282476  1082.229780  18.963415  0.060868  1.310668  0.072891
1238  982.772961  1009.380782  18.926914  0.088878  1.296446  0.145759
1239  1082.351616  930.203443  18.914990  0.085398  1.414597  0.126384
1240  971.829371  1088.901181  19.134474  0.142598  1.346863  0.063067
1241  972.410778  1197.828239  18.856996  0.063755  1.300153  0.078474
1242  1006.191821  914.868511  18.796288  0.163695  1.322903  0.072880
1243  863.421870  943.952425  18.864675  0.093436  1.319876  0.083174
1244  1102.647972  916.057149  18.877201  0.061503  1.186556  0.058612
1245  1103.232635  1144.088187  18.797529  0.085309  1.235376  0.056485
1246  926.223667  1195.405332  19.028900  0.156690  1.485456  0.117641
1247  971.602534  1044.937052  18.438673  0.152526  1.184952  0.114489
1248  1037.560320  1004.089876  18.657535  0.083086  1.337273  0.069787
1249  1019.928494  1165.696492  18.694426  0.065150  1.294902  0.053149
1250  1068.051517  993.802998  18.707888  0.075991  1.424665  0.080711
1251  939.659489  1085.960192  18.665638  0.093697  1.317174  0.074539
1252  997.545738  1006.688317  18.716030  0.110372  1.324420  0.187662
1253  1115.911721  1032.035594  18.612016  0.066649  1.359489  0.059507
1254  1001.120809  951.058104  18.515376  0.055704  1.387426  0.103869
1255  972.128625  1153.350124  18.635950  0.070137  1.161466  0.131667
1256  1058.926264  1141.411717  18.451436  0.065183  1.258959  0.048116
1257  1082.792346  1038.378476  18.474972  0.120051  1.250256  0.072648
1258  1016.568422  969.093878  18.554860  0.069189  1.304548  0.085028
1259  934.966170  1112.050074  18.437798  0.052448  1.129049  0.079429
1260  988.057928  1128.442716  18.484769  0.132445  1.215778  0.054969
1261  991.118254  1064.606454  18.445013  0.068755  1.392739  0.055962
1262  1015.244227  1066.855588  18.458822  0.058553  1.279988  0.094126
1263  1000.957440  899.215913  18.431069  0.051568  1.011624  0.128130
1264  1133.186253  1144.958853  18.405732  0.085972  1.299041  0.054401
1265  1050.651996  1040.312115  18.390995  0.083871  1.243428  0.081810
1266  1103.461786  915.146076  18.340603  0.095611  1.227757  0.073528
1267  1112.034038  982.845624  18.248627  0.066697  1.305131  0.048525
1268  1189.479977  1170.146345  18.299040  0.144708  1.343436  0.087931
1269  959.735173  882.536264  18.237888  0.056001  1.150291  0.090506
1270  891.248558  1033.625723  18.153397  0.096000  1.183863  0.108219
1271  1135.683809  1020.483707  18.178675  0.043725  1.233350  0.087095
1272  1001.049027  1067.325768  18.120739  0.082402  1.202823  0.066280
1273  981.545820  957.944095  18.227400  0.149063  1.258016  0.056138
1274  872.563917  989.989089  18.084113  0.077947  1.237926  0.083481
1275  1169.829007  1033.051771  17.744471  0.113260  1.074162  0.111837
1276  1022.455480  950.732268  17.920222  0.048283  1.095852  0.084399
1277  1241.842196  983.863378  17.759603  0.057560  1.298407  0.053361
1278  1153.480335  967.941038  17.651166  0.066313  1.305986  0.095601
1279  1082.501878  1138.355282  17.593343  0.088620  1.224142  0.063006
1280  1009.570222  1174.194565  17.446507  0.061640  1.163418  0.061547
1281  1125.496689  1044.549407  17.552014  0.058389  1.149983  0.059850
1282  1074.221568  981.346816  17.504822  0.052534  1.185243  0.053914
1283  1042.944451  981.030236  17.493042  0.062459  1.168223  0.053678
1284  1085.848289  1002.194903  17.486969  0.038003  1.132089  0.059759
1285  1081.448120  1051.482808  17.493116  0.047859  1.120543  0.083937
1286  1021.568102  1086.290104  17.435527  0.050009  1.111387  0.037185
1287  1085.065687  1047.047291  17.322083  0.056836  1.109869  0.066365
1288  1074.371809  995.350856  17.357585  0.040519  1.114824  0.055574
1289  952.758354  961.531924  17.251439  0.044048  1.087299  0.053933
1290  1045.665649  1049.155461  17.229229  0.038913  1.069214  0.076534
1291  1067.911209  1017.254912  17.052272  0.081397  1.108649  0.052249
1292  1057.030820  978.733281  17.104819  0.049390  1.033796  0.060927
1293  1073.081467  969.283686  16.966841  0.049399  1.089506  0.036525
1294  1092.708741  956.903956  16.902448  0.112279  1.028808  0.077368
1295  953.382523  948.527124  16.816229  0.037289  0.930624  0.064358
1296  999.641846  1015.725138  16.735334  0.060053  0.972731  0.049114
1297  931.479839  1105.919324  16.650318  0.087217  0.964463  0.068706
1298  1030.988718  921.411297  16.654579  0.050872  1.024988  0.071379
1299  875.118612  1016.982794  16.588981  0.065697  0.953979  0.048028
1300  1127.898685  1083.715113  16.525612  0.033455  0.953426  0.047654
1301  1141.206794  959.210721  16.501389  0.035586  0.876084  0.050592
1302  972.817265  1184.659190  16.417429  0.043189  0.936938  0.040263
1303  1129.513472  1092.017951  16.341268  0.039792  0.907579  0.092909
1304  1146.339860  907.149599  16.380690  0.048910  0.964934  0.038752
1305  1165.967974  966.615163  16.108324  0.074689  0.867957  0.039842
1306  1003.841618  1114.258186  16.156235  0.055327  0.823390  0.076657
1307  946.325504  1013.679616  16.084223  0.038502  0.871900  0.037835
1308  976.201728  952.042537  15.944261  0.055229  0.849894  0.043817
1309  962.835681  1185.882870  15.816442  0.071206  0.779698  0.034398
1310  1124.482068  1041.234780  16.010763  0.086888  0.815130  0.033818
1311  836.502979  972.112773  15.807309  0.030592  0.797248  0.042742
1312  1109.477294  945.216348  15.744832  0.063398  0.779362  0.047619
1313  904.590705  925.361664  15.723678  0.032356  0.782596  0.032510
1314  984.165171  1157.552599  15.647005  0.053187  0.755036  0.042837
1315  1178.290729  1055.600701  15.484200  0.034990  0.758669  0.045753
1316  1054.735012  1079.882424  15.450338  0.040566  0.753315  0.035191
1317  897.256653  1037.526671  15.494729  0.062416  0.699252  0.043086
1318  918.730772  1003.612037  15.312028  0.053882  0.720485  0.024993
1319  1094.206587  1004.908646  15.237089  0.038819  0.672272  0.025931
1320  900.016824  956.648940  15.190246  0.051922  0.668701  0.032222
1321  1137.684746  1024.087634  15.205074  0.044176  0.597179  0.059976
1322  1114.465567  995.626455  14.997770  0.032310  0.648103  0.050547
1323  923.763507  1039.753605  15.001001  0.025315  0.712064  0.074499
1324  977.865789  1161.420820  14.900091  0.026010  0.680992  0.025958
1325  980.860436  993.200845  14.713972  0.026673  0.636295  0.040670
1326  920.370258  941.767107  14.678429  0.035200  0.657257  0.023363
1327  1046.028841  1209.498604  14.632487  0.044456  0.616302  0.039423
1328  910.895718  1009.147126  14.601897  0.030357  0.599604  0.034705
1329  1002.181509  961.682637  14.455585  0.053385  0.563335  0.035974
1330  964.354621  1049.875804  14.273928  0.045511  0.474284  0.062607
1331  1076.852040  967.652864  14.283282  0.031418  0.570346  0.036514
1332  1016.553124  1083.886305  14.291187  0.021021  0.526791  0.055298
1333  954.259026  920.740495  14.162454  0.040480  0.479929  0.021703
1334  950.734131  1021.408256  14.071938  0.032726  0.570554  0.050201
1335  1024.645140  837.220413  14.021513  0.028743  0.454395  0.038565
1336  971.483771  1168.597156  13.844947  0.026234  0.497247  0.034879
1337  973.777961  884.753469  13.786274  0.045713  0.459382  0.047719
1338  1089.301647  1065.212436  13.655166  0.033937  0.420621  0.029296
1339  1090.819604  1008.848691  13.584565  0.038908  0.358025  0.047567
1340  1050.128794  1096.437268  13.493671  0.070192  0.408263  0.030665
1341  1021.394084  832.351580  13.469237  0.055811  0.400379  0.034908
1342  851.592397  1131.288084  13.346069  0.029376  0.368397  0.021631
1343  1116.586844  917.096837  13.184690  0.020790  0.366330  0.029316
1344  1033.978880  1106.983158  13.124826  0.042621  0.292171  0.019613
1345  964.701061  918.419354  13.004293  0.024047  0.315323  0.042430
1346  1078.890107  1093.720289  12.908298  0.063555  0.250225  0.028062
1347  950.668165  1081.999483  12.916649  0.044086  0.167920  0.040377
1348  967.032852  1110.420009  12.779982  0.033831  0.221546  0.026387
1349  946.483016  934.668636  12.626545  0.025601  0.215573  0.039972
1350  945.112023  1058.889421  12.606428  0.036562  0.216509  0.028135
1351  939.854930  1099.566244  12.490012  0.027112  0.170708  0.040357
1352  1007.715000  1105.411686  12.336528  0.030431  0.179660  0.018661
1353  1070.920745  1126.932378  12.304927  0.019493  0.138562  0.023197
1354  906.156298  1109.294899  12.291033  0.033749  0.219857  0.067422
1355  1050.042839  991.487672  12.153337  0.029577  0.142939  0.018911
1356  1022.429921  809.377792  12.081869  0.023633  0.146965  0.045643
1357  1098.103009  1003.732808  12.040737  0.037478  0.104119  0.020147
1358  1058.845020  1013.200159  11.928911  0.025671  0.102093  0.018392
1359  939.281981  983.366779  11.759274  0.052388  0.093953  0.035021
1360  1112.426045  1101.267026  11.620935  0.019557  0.063302  0.030655
1361  894.344356  1074.247086  11.612136  0.034434  0.095965  0.036270
1362  1103.082373  1109.380260  11.395201  0.023576  0.079925  0.022841
1363  1071.469916  1080.319222  11.262456  0.019255  0.020308  0.036499
1364  1065.283523  1013.185229  11.139865  0.016810  0.070204  0.021501
1365  995.829821  1097.932820  10.999807  0.023153  0.028038  0.018571
1366  923.736576  1047.608463  10.743368  0.033306  0.053645  0.025804
1367  1183.397827  923.146301  10.496497  0.027281  0.024300  0.019255
1368  1084.096000  913.000960  10.377017  0.030496  0.018813  0.022765
1369  1065.105019  954.694676  10.153648  0.021896  0.013495  0.029557
1370  1030.341857  1171.898368  9.839434  0.022919  0.015408  0.033828
1371  848.940954  1078.196204  8.792442  0.032001  0.046047  0.028918
1372  1018.599322  993.166070  6.709306  0.026644  0.811796  0.016228
20  1805.102291  1537.833740  6.895723  0.039575  -0.026824  0.017020
21  1483.622135  2007.952665  12.793870  0.026752  2.963336  0.035271
22  1020.700880  1478.295207  7.913313  0.017082  -0.205377  0.032265
23  508.543151  1506.068603  12.236849  0.019216  1.937239  0.038017
24  1759.286450  1638.499441  9.437784  0.042527  0.366191  0.029840
25  60.957384  1492.541387  9.402584  0.023141  0.532125  0.018572
26  1841.768003  817.827698  11.120221  0.023492  1.067113  0.027571
27  390.212109  1981.651814  13.233575  0.020730  2.290806  0.027952
28  1474.301259  1129.811514  12.056383  0.023940  1.636433  0.031287
29  50.601460  53.112041  9.832946  0.022059  0.257541  0.020060
210  619.244120  689.368113  9.737950  0.021798  0.107248  0.027205
211  38.750301  1077.180720  9.347796  0.039407  -0.171935  0.025800
212  170.121087  658.404273  10.321012  0.024594  -0.031982  0.027796
213  1935.811993  168.235992  10.930558  0.022890  0.285992  0.042087
214  162.670951  357.891356  10.871386  0.044471  0.148130  0.026621
215  1002.224753  1453.533726  14.408930  0.060233  2.101455  0.051581
216  1402.835672  1475.637737  10.921003  0.025743  0.549743  0.025178
217  792.898865  597.967943  11.096107  0.027473  0.251978  0.038941
218  1671.094349  1944.497088  11.480013  0.030662  0.150360  0.043906
219  53.688692  718.275550  12.910575  0.023621  0.859183  0.027773
220  323.207664  1471.065014  12.047402  0.018780  0.405459  0.022939
221  1583.639026  1712.245349  13.597873  0.054293  1.394794  0.042145
222  1447.068722  636.390376  12.579623  0.039885  0.251237  0.041241
223  757.508511  1619.972033  11.829663  0.038121  -0.048227  0.031306
224  856.100562  1092.464375  12.277727  0.035829  0.311273  0.051264
225  781.310985  663.234287  15.148578  0.045321  1.868020  0.058937
226  702.062814  321.593839  12.793247  0.020286  0.536139  0.020704
227  558.087863  635.287986  12.439348  0.040955  0.441667  0.025454
228  1208.644058  1639.896396  12.279692  0.037039  0.332302  0.036672
229  1478.171429  1492.455859  14.900297  0.029363  1.543446  0.051521
230  1423.668446  330.367503  14.280820  0.055851  0.992978  0.036585
231  388.370667  1975.428289  12.821558  0.026795  0.264438  0.033143
232  899.024378  750.218781  14.953988  0.042335  1.419372  0.065387
233  751.408466  203.907565  13.793480  0.046381  0.597958  0.043710
234  1527.145708  1379.697155  12.974705  0.041241  0.538178  0.045804
235  4.947824  373.216253  13.199707  0.019860  0.466647  0.036206
236  410.297775  761.206333  16.844231  0.053143  2.544278  0.068921
237  15.414131  1776.032422  16.062989  0.027694  2.068341  0.048889
238  182.745650  534.586120  13.742416  0.035302  0.900349  0.035587
239  1196.826555  1750.879741  15.230415  0.038445  1.334861  0.037999
240  116.338789  317.778309  14.578125  0.063761  0.879168  0.023758
241  486.970338  870.952853  13.845047  0.030735  0.936052  0.035896
242  1587.910755  1084.808976  16.373449  0.058220  1.978569  0.071877
243  1474.674436  1764.057003  15.647900  0.034398  1.423370  0.027354
244  1845.221776  1454.986420  14.860420  0.029269  1.052381  0.023393
245  1810.427741  153.384851  13.942142  0.025717  0.834794  0.040791
246  709.688177  1889.061573  13.504061  0.063933  0.337357  0.024006
247  1406.294459  1468.659160  13.525665  0.024681  0.565814  0.024612
248  1398.070562  1019.178020  15.581355  0.043081  1.508040  0.035428
249  278.056245  1891.024769  13.600584  0.036446  0.566924  0.050331
250  1823.071918  1313.688105  13.775073  0.020738  0.374012  0.054645
251  1314.878465  633.467803  13.629766  0.020950  0.463722  0.036626
252  1356.966095  1014.619968  14.615606  0.024133  0.502985  0.031049
253  1444.749568  346.641271  13.982414  0.022912  0.321327  0.044966
254  781.750243  592.978671  14.659269  0.025749  0.473688  0.044769
255  1062.441961  2033.639526  13.569953  0.022719  0.066516  0.036791
256  1107.361466  2018.609495  15.016327  0.032623  0.868164  0.034344
257  1611.488413  95.911391  17.747589  0.124288  2.657128  0.050509
258  156.131706  1026.544035  14.420747  0.032465  0.388462  0.043280
259  552.566514  1864.815701  16.124715  0.041445  1.594690  0.044333
260  1918.050744  1632.147941  14.198698  0.061578  0.224411  0.037589
261  1081.102693  1176.521851  16.331100  0.038333  1.425063  0.051281
262  1928.285711  769.554798  18.096630  0.129686  2.616395  0.074051
263  613.116871  73.116021  14.504562  0.038614  0.573719  0.027909
264  225.261650  1866.748704  17.127607  0.053728  1.866597  0.121615
265  917.112248  1650.415293  15.027392  0.049105  0.889127  0.033931
266  91.173659  112.115220  14.494834  0.042236  0.462730  0.041552
267  1271.421309  20.335635  14.290959  0.034380  0.672443  0.021414
268  806.964105  1446.931895  14.710844  0.035863  0.696431  0.030693
269  104.949198  672.087451  13.706544  0.059493  -0.011518  0.026329
270  1928.091973  1927.483892  14.411196  0.026990  0.803583  0.034174
271  858.390524  28.096714  15.949164  0.032532  1.475533  0.039688
272  883.026550  548.813786  16.338060  0.043099  1.286014  0.082270
273  849.672710  1282.706840  14.310889  0.039327  0.147625  0.051047
274  618.424648  1019.685890  20.388981  0.183706  3.668429  0.212497
275  211.017885  1899.066263  16.955918  0.034672  1.681527  0.062450
276  863.233141  1301.202164  14.799865  0.029084  0.592231  0.055931
277  618.147907  1338.452231  15.054017  0.035250  0.701316  0.029187
278  179.598871  1621.756565  15.081917  0.040025  0.629215  0.056654
279  1694.987625  1772.984331  13.549262  0.023031  -0.296401  0.019619
280  1135.231546  530.462786  18.331397  0.056553  2.255057  0.049765
281  2036.057563  1392.708632  14.916739  0.046508  0.624033  0.043571
282  1142.125580  666.982217  20.050555  0.178707  3.387049  0.192234
283  1872.965724  41.415270  15.310425  0.058326  0.744674  0.046799
284  1664.727155  1924.740444  15.784917  0.048238  0.864507  0.072514
285  1625.213045  361.382326  15.171890  0.027527  0.711907  0.038221
286  2003.019375  303.083830  16.951077  0.057819  1.834774  0.040074
287  1683.428065  234.726760  18.136368  0.063980  2.414823  0.054257
288  1896.479918  1422.202875  17.534887  0.057487  2.163197  0.078033
289  425.094431  1808.131536  15.752560  0.039832  0.816761  0.046018
290  172.547989  519.642556  15.350238  0.027909  0.650245  0.048904
291  802.775564  1081.428041  14.863328  0.042423  0.608628  0.024114
292  644.514616  1997.800727  16.105341  0.066313  1.272262  0.036901
293  1352.068321  749.697083  16.971808  0.057396  1.604928  0.040067
294  1930.121212  1366.909503  16.094330  0.064666  1.215944  0.074266
295  1743.537084  759.425140  19.147661  0.081867  2.783179  0.057471
296  740.968368  536.801530  17.288593  0.082374  1.920469  0.052039
297  119.953164  749.923243  14.304441  0.050064  0.199958  0.024518
298  1796.123509  1986.032146  15.170588  0.067769  1.420169  0.051799
299  136.324483  896.061829  15.888916  0.029049  1.023721  0.066365
2100  404.412934  63.152258  17.780694  0.060699  1.801796  0.040310
2101  1197.278443  1095.702250  19.251245  0.157554  2.443246  0.065722
2102  836.721660  1786.673959  19.045532  0.185545  2.789359  0.116393
2103  639.142529  1132.986576  15.925707  0.054514  0.677846  0.030691
2104  1344.766624  1544.838400  13.925517  0.039970  -0.407838  0.056988
2105  1977.359706  1516.224120  16.643860  0.044239  1.202350  0.043095
2106  593.615486  1450.488997  18.228397  0.052208  2.003590  0.047093
2107  57.205864  1393.843478  16.479756  0.034963  1.019877  0.052424
2108  389.003612  599.112773  15.746040  0.036082  0.718677  0.046389
2109  1046.728532  689.767157  15.584391  0.041067  0.794943  0.032415
2110  1594.170408  467.377034  16.602739  0.073135  1.187675  0.064962
2111  937.845864  4.485307  19.984157  0.230663  2.959452  0.076111
2113  1076.448639  1723.552777  17.181333  0.063784  1.398171  0.044660
2114  143.270050  1340.665268  16.476849  0.036210  1.018678  0.039583
2115  1899.885262  1927.897629  17.632511  0.142680  1.778247  0.072776
2116  1726.715404  677.038230  18.320198  0.120572  1.820743  0.138189
2117  1960.811275  1517.203712  16.030059  0.065245  0.841939  0.046025
2118  1497.424355  424.013606  16.374218  0.031990  0.915209  0.048987
2119  1339.063941  1110.581332  15.377465  0.054920  0.509251  0.028690
2120  903.890895  537.418679  18.196077  0.069732  2.159214  0.050403
2121  1159.793752  77.229561  15.048099  0.023575  0.105233  0.038847
2122  1905.813303  623.891103  15.571879  0.047325  0.687260  0.038113
2123  696.948840  1821.585752  17.863182  0.046313  1.963753  0.055728
2124  147.315435  563.813941  19.649765  0.248721  3.394578  0.200986
2125  1980.832584  564.980597  17.400018  0.106567  1.316072  0.083423
2126  1832.639904  1558.672684  16.299501  0.044882  1.233463  0.045416
2127  718.089777  1617.859513  18.265568  0.111342  2.195866  0.060691
2128  955.029738  336.066534  17.029765  0.063763  1.396296  0.059737
2129  1241.555668  1802.419178  14.673632  0.033468  0.058377  0.024656
2130  1610.518972  63.470133  15.667573  0.044642  0.943939  0.028505
2131  79.477842  625.533187  14.630275  0.056974  0.090758  0.040586
2132  481.629093  611.578569  17.727274  0.076598  1.772782  0.080494
2133  2002.166098  1424.360313  15.726466  0.028197  0.495134  0.074388
2134  1657.667998  768.403478  16.462671  0.043833  0.876455  0.046130
2135  766.549276  1933.456589  15.956231  0.038856  0.877163  0.037439
2136  89.962440  118.798637  18.777535  0.129539  2.242541  0.138118
2137  1040.973141  1193.196375  16.488706  0.052939  0.869794  0.051063
2138  1591.463847  1914.852101  15.764102  0.077385  0.229789  0.048225
2139  348.600645  684.934281  16.975353  0.047019  1.240435  0.098221
2141  420.064511  1946.187658  18.044663  0.084517  1.689383  0.092833
2142  1104.184103  724.118928  16.382371  0.037508  0.586529  0.060701
2143  1072.780924  801.276563  16.632720  0.045317  1.421601  0.094274
2144  944.494787  238.177897  16.460809  0.045080  0.874416  0.080349
2145  893.953514  1380.319100  16.474023  0.051467  0.583457  0.042868
2146  213.434594  1758.273079  17.805189  0.071774  1.456072  0.052633
2147  1065.679972  800.617005  16.627075  0.064782  1.095116  0.067555
2148  701.487412  268.012714  20.823929  0.185452  2.998446  0.135749
2149  124.656435  1711.177828  17.686208  0.080565  1.507221  0.103069
2150  1726.238229  824.952275  19.186677  0.063639  2.428017  0.091273
2151  413.429984  172.944012  18.871839  0.106745  2.010513  0.074782
2152  976.102105  1274.833916  16.311936  0.064541  0.879554  0.050257
2153  542.624205  1896.549850  17.959513  0.045340  1.486181  0.081702
2154  2021.153574  754.968884  19.552656  0.156675  2.512827  0.156816
2155  29.952123  444.227491  19.576614  0.138334  2.614577  0.124599
2156  1416.412265  863.760469  16.325524  0.103101  0.755429  0.045881
2157  230.240191  1609.215579  16.932292  0.065483  0.921705  0.065040
2159  374.093629  1709.981690  17.820837  0.044194  1.421169  0.057686
2160  936.380701  164.953108  16.251200  0.041803  0.746986  0.050012
2161  1162.625904  1012.184108  19.443390  0.066509  2.594301  0.087600
2162  1266.771460  162.459507  16.377793  0.038006  1.131632  0.065451
2163  190.811151  575.934820  16.907969  0.077240  0.964438  0.050555
2164  1520.094028  1203.861988  15.312518  0.024647  0.094657  0.083035
2165  1381.123348  800.634148  16.563802  0.050171  1.059068  0.071873
2166  691.550390  1889.394611  16.523093  0.088973  1.074902  0.047664
2167  603.238825  1047.135607  16.768457  0.041600  1.041065  0.051119
2169  813.618775  144.991741  19.480875  0.118036  2.547617  0.110129
2170  200.256102  1981.374154  15.912575  0.052265  0.454865  0.047045
2171  1512.023917  1625.626172  16.704685  0.089530  1.611184  0.079417
2172  1380.549173  1804.323472  19.595234  0.127654  2.702832  0.131770
2173  2000.454333  125.018330  19.847963  0.087982  2.797796  0.135567
2174  1635.682010  1710.898304  17.056084  0.070064  1.812102  0.047874
2175  1396.102014  1535.790424  18.350503  0.087966  1.909760  0.053702
2176  26.303493  1552.233778  16.599982  0.032473  0.870188  0.068618
2177  549.448600  1307.156007  15.826756  0.037708  0.318018  0.026258
2178  657.631400  737.106750  19.056322  0.118206  2.115623  0.160218
2179  912.078856  331.332749  16.782017  0.045996  1.009245  0.039759
2180  732.266495  911.679272  17.910899  0.100248  1.487487  0.101585
2181  719.037674  797.337018  15.146354  0.035504  0.107135  0.072734
2182  1856.190950  1068.545459  18.268450  0.071305  1.906841  0.062083
2183  1730.871956  370.732129  16.834646  0.055842  1.060200  0.048208
2184  1884.125821  1745.101453  18.437225  0.132180  1.560929  0.058111
2185  1976.317551  1598.714645  17.917956  0.075356  1.779375  0.068622
2186  1070.483739  1471.818913  18.528105  0.051620  1.957668  0.076735
2187  1413.371154  1603.048065  16.422242  0.050480  1.404537  0.078462
2188  359.175651  1372.750269  16.288260  0.035816  0.590826  0.045478
2189  1106.573094  997.015524  19.479835  0.108664  2.597600  0.165756
2190  920.328122  1752.701437  19.836335  0.130328  2.717516  0.128037
2191  2035.405421  1378.961104  16.751005  0.042615  1.517976  0.035840
2192  1103.135650  1388.756483  21.339146  0.187543  3.340724  0.460815
2193  1172.137584  1705.923534  16.234939  0.043604  0.468962  0.042703
2194  391.755722  432.824308  17.157324  0.038037  0.904969  0.036544
2195  1750.879845  1378.983473  18.991632  0.146581  2.032879  0.057719
2196  225.357038  1893.071898  16.331108  0.068472  0.250284  0.070458
2197  1622.497954  1591.864643  20.180463  0.089753  2.188261  0.175927
2198  294.802689  1594.591116  16.269225  0.053930  0.261890  0.044009
2199  1791.496288  513.269655  20.064728  0.125942  2.588928  0.088643
2200  516.297359  1952.153446  18.419500  0.105439  1.683464  0.074863
2201  1082.915638  1015.517481  17.733874  0.111098  1.171638  0.065259
2202  1188.613276  1802.045607  18.702895  0.088967  1.948278  0.113586
2203  1290.782709  125.611959  21.035721  0.180852  3.001809  0.146452
2204  1856.935703  1312.459888  20.770704  0.115383  2.859544  0.158888
2205  758.873487  1422.960989  17.154424  0.062468  0.651099  0.080687
2206  1738.891912  964.840555  18.975367  0.123941  1.754127  0.098996
2207  1017.125254  718.832595  16.998568  0.086196  0.879015  0.074837
2208  948.962285  76.006947  16.926209  0.067517  0.981068  0.035764
2209  1594.569706  170.257954  17.514380  0.087480  0.964817  0.088580
2210  1813.324502  317.751659  17.506991  0.039746  0.851527  0.106088
2211  1434.780231  738.165378  19.238025  0.074745  1.768780  0.090131
2212  1764.934362  1607.390188  17.840303  0.064749  1.142622  0.067111
2213  548.159434  27.444814  17.243511  0.044814  0.846322  0.046121
2214  1141.427793  856.168239  18.364969  0.095334  1.465330  0.075081
2215  840.745530  1574.479506  17.361958  0.055817  1.059606  0.051377
2216  1790.659081  242.485590  16.342465  0.036943  0.191408  0.040353
2217  506.668747  618.660524  17.405474  0.037985  1.711124  0.037305
2218  852.713552  1113.088086  20.154434  0.119066  2.498199  0.093726
2219  56.039207  335.722246  18.304915  0.103877  1.640040  0.077563
2220  1203.355700  215.397037  16.713659  0.063981  0.577154  0.056840
2221  2036.940633  1066.695085  17.541523  0.039038  1.352627  0.073869
2222  1188.404849  882.976562  17.316761  0.044625  1.482887  0.038081
2223  1892.244094  1647.920205  16.665751  0.066291  0.541162  0.053841
2224  1728.919426  678.475517  17.339656  0.052331  1.040474  0.066365
2225  273.743076  1301.637423  19.957575  0.094150  2.612260  0.113217
2226  793.725951  501.183570  20.029487  0.199552  2.632181  0.184709
2227  1897.636260  944.125575  15.791459  0.045843  0.013374  0.068105
2228  1702.484047  249.323106  20.546169  0.103700  2.830483  0.131786
2229  1283.120255  402.784075  17.446333  0.085028  0.959797  0.079392
2230  728.518234  827.073737  19.531272  0.064964  2.021126  0.140132
2231  89.748407  1648.282826  17.171495  0.039517  0.961244  0.048226
2232  794.286893  1862.600917  17.223460  0.043083  0.845389  0.052224
2233  758.382534  1571.493153  15.766274  0.064244  0.051086  0.027649
2234  901.106701  820.509068  17.034643  0.040997  1.313158  0.058919
2235  1012.037852  964.900593  17.183921  0.062018  0.663836  0.100808
2236  1990.713247  1992.623797  16.505925  0.042114  0.448503  0.055086
2237  1795.399684  1011.002073  17.493334  0.054624  1.444812  0.066265
2238  1096.458929  1908.739684  18.111799  0.071031  1.300201  0.077432
2239  1803.937798  52.182929  17.016580  0.049146  0.867376  0.058768
2240  1242.492726  1764.136893  17.693512  0.066871  1.146731  0.082047
2241  1612.837173  463.535351  19.194484  0.081610  1.937359  0.153153
2242  53.616586  1770.096119  20.219011  0.090320  2.488666  0.138858
2243  555.974422  1368.306464  18.920694  0.115325  1.868304  0.053832
2244  599.811551  253.667703  16.123286  0.039958  0.358068  0.063795
2245  1444.684042  1371.919143  17.445304  0.049470  0.898075  0.046335
2246  1485.332156  113.776899  19.079155  0.148097  1.843782  0.072778
2247  106.374922  1488.792926  18.333807  0.088414  1.387616  0.060193
2248  1479.821523  1200.248930  17.427409  0.074718  0.940471  0.038331
2249  1003.967841  1488.931612  17.278474  0.061542  0.854063  0.053096
2250  459.429341  311.149583  17.421961  0.042963  1.220410  0.040777
2251  1530.655795  552.535302  16.901173  0.033165  0.863081  0.037810
2253  348.611640  1960.276327  19.294124  0.116154  1.971438  0.072852
2254  1130.750366  2015.520940  18.201452  0.053908  1.274509  0.089576
2255  1310.151855  17.376032  16.295011  0.036056  0.352464  0.037565
2256  8.599039  1672.307875  17.273436  0.049736  0.863358  0.043099
2257  1482.282596  1341.312697  17.230673  0.051481  0.943092  0.063361
2258  2011.021730  1378.997029  16.830717  0.038039  0.601439  0.034995
2259  1428.228769  1122.419179  17.109591  0.050902  0.954233  0.069637
2260  983.676977  559.308635  17.556899  0.042736  1.864356  0.044763
2261  582.988026  1400.257277  19.371896  0.128887  2.051795  0.081856
2262  191.951170  1703.867490  20.427179  0.092271  2.599715  0.124939
2263  1713.527770  562.460964  20.745301  0.191088  3.132016  0.134052
2264  158.770415  1911.953408  18.330556  0.140730  1.260583  0.085160
2265  150.804230  701.333655  17.332759  0.046119  0.986620  0.043758
2266  322.481282  1533.143627  18.302845  0.080273  1.399801  0.079688
2267  92.308456  606.407100  17.988426  0.093528  0.746965  0.052332
2268  1555.207531  311.687383  19.343322  0.100283  1.862658  0.075406
2269  32.358993  354.826302  18.120368  0.054127  1.218784  0.077495
2270  1386.903175  535.374862  18.617837  0.056143  1.299110  0.063012
2271  1013.140945  832.895061  17.637761  0.043572  1.041417  0.045433
2272  1238.234303  1567.537484  18.084506  0.072442  0.888214  0.092059
2273  146.891452  1990.407421  18.261454  0.076667  0.981737  0.056326
2274  966.486163  64.883315  17.697308  0.045241  0.844740  0.063653
2275  165.332598  407.060809  17.568352  0.048533  0.835338  0.058850
2277  464.999701  1315.451982  19.668189  0.153608  1.675150  0.125165
2278  529.609211  434.984447  18.645443  0.078377  1.488801  0.127712
2279  1318.184745  597.799501  18.119470  0.075539  1.079149  0.101281
2280  207.384290  1644.395385  20.210453  0.162242  2.104670  0.179038
2281  1460.373747  1790.926590  20.006044  0.250893  2.015708  0.185556
2282  833.022016  1613.811421  18.291127  0.073301  1.064324  0.065240
2283  1575.999851  530.483767  19.955422  0.120016  2.361539  0.268439
2284  1117.139375  357.118975  19.342896  0.073403  1.850875  0.129788
2285  925.690465  1677.900683  15.768924  0.061929  -0.229996  0.033592
2286  339.614998  38.159279  17.545812  0.054113  0.893271  0.041532
2287  1272.058184  1571.986860  17.911197  0.105677  1.040662  0.061496
2289  478.835611  1239.371221  17.635493  0.075567  0.769361  0.104302
2290  1098.911682  796.269452  19.169375  0.112067  1.601668  0.153042
2291  1122.343046  1702.830429  18.282174  0.069416  1.007274  0.072466
2292  646.325582  262.278413  19.752180  0.084027  1.787211  0.185675
2293  322.740551  1995.742659  16.438701  0.072572  -0.007606  0.036501
2294  417.746336  236.986179  20.079648  0.249452  2.032374  0.091015
2295  1166.087770  448.538176  17.815533  0.044401  1.090479  0.052067
2296  811.913017  321.166020  20.585029  0.211066  2.668940  0.153530
2297  2045.358947  1841.023705  18.301819  0.107258  1.276205  0.047470
2298  1517.265931  1814.058002  19.596134  0.141071  1.700671  0.155804
2299  507.998813  1412.775485  19.901865  0.156472  1.767776  0.184632
2300  1252.422394  285.786177  19.714896  0.086888  1.808550  0.161053
2301  560.209447  1792.749391  18.288520  0.096638  1.236316  0.059080
2302  1482.035853  91.169827  16.677368  0.035119  0.227835  0.040409
2303  820.944800  445.306413  17.485880  0.118239  0.794415  0.049917
2304  299.179495  1285.012272  16.184867  0.056422  -0.188827  0.038845
2305  568.745223  938.531438  20.219330  0.149786  2.270560  0.108803
2306  1649.420967  547.203050  18.011483  0.045115  1.077755  0.063080
2307  839.009903  1719.746519  19.364973  0.104729  1.703479  0.085904
2308  767.691169  231.598093  17.941713  0.066370  1.185498  0.070899
2309  1341.328251  1936.178606  17.883050  0.108232  0.789846  0.079226
2310  172.380430  957.926439  20.400940  0.171698  2.485747  0.162301
2311  1691.747264  143.379331  20.208304  0.264760  2.410980  0.130221
2312  329.639108  1951.553818  19.151416  0.085569  1.711368  0.092240
2313  914.941782  789.835921  17.691530  0.084795  0.889369  0.075032
2314  846.316412  1521.304415  19.669535  0.185375  2.062421  0.160351
2316  138.627156  1938.632921  18.169710  0.058215  1.874963  0.046192
2317  73.495615  95.924679  18.591575  0.112207  2.009884  0.116544
2318  1622.983706  1085.492985  17.834348  0.075934  0.870652  0.076756
2321  1397.490515  1098.372099  18.978735  0.152743  1.718631  0.155921
2322  1139.744593  1155.705783  16.969331  0.033155  0.478863  0.035283
2323  315.840678  1685.349102  20.035104  0.131016  2.472905  0.188050
2324  1591.732367  1849.076906  17.816215  0.049535  1.119807  0.051987
2325  1574.294339  1048.540592  20.598091  0.137716  2.481172  0.392090
2326  1065.208564  1781.259342  18.517436  0.053508  1.141928  0.098175
2327  1769.345851  1919.796999  18.183713  0.044552  1.235169  0.063553
2328  1517.719749  1093.236447  19.139310  0.110969  1.889015  0.106334
2329  91.624790  361.596410  19.938503  0.198835  2.019856  0.093543
2330  4.974389  928.525871  18.455553  0.070736  1.231608  0.110888
2331  991.869806  1529.112031  18.139089  0.121039  1.038611  0.090597
2332  449.367883  1592.341561  18.283935  0.058494  1.058343  0.066675
2334  872.556824  926.593168  18.428445  0.072420  1.621703  0.113892
2335  874.504389  2022.367624  17.335331  0.077216  0.540383  0.049095
2336  1821.416379  1296.800822  18.890505  0.073467  1.465939  0.056866
2337  890.905465  651.356767  18.676533  0.148092  1.112542  0.059810
2338  1097.828755  782.723680  18.836347  0.102624  1.629100  0.095889
2340  1704.967537  188.969871  19.406999  0.121650  1.694921  0.073109
2341  718.273501  1918.066018  18.357504  0.045574  1.319778  0.069811
2342  125.486620  767.132577  19.014280  0.080666  1.513646  0.067927
2343  1460.382068  456.372812  20.146690  0.098929  2.212265  0.119056
2344  1712.280363  583.612194  16.356429  0.046491  0.043218  0.032349
2345  296.716211  146.053624  17.014763  0.056614  0.560196  0.044045
2346  1989.388307  1867.750526  18.076663  0.062193  1.801547  0.053181
2347  1288.792434  873.047341  19.791209  0.121255  1.971564  0.083693
2348  1250.756631  222.116277  18.287824  0.076430  1.128719  0.081791
2349  843.756690  1783.256405  18.712698  0.081163  1.563480  0.085629
2350  231.857364  847.421070  21.013069  0.241896  2.604269  0.101432
2351  799.720133  1033.449658  18.265347  0.065279  1.379062  0.092022
2352  1510.147269  1625.204659  20.491295  0.239347  2.753430  0.122958
2353  554.534421  1126.065857  18.309939  0.083905  1.383088  0.120568
2354  1667.630529  1383.257556  17.618251  0.068363  0.786809  0.042358
2355  405.542523  16.604614  18.911081  0.136324  1.478129  0.099320
2357  1565.507026  1459.962201  15.931556  0.066481  -0.249839  0.044982
2358  334.471859  849.456617  19.763593  0.133071  1.657678  0.139437
2360  155.961693  1894.155077  20.460630  0.097038  2.287452  0.248998
2361  1241.889605  514.986836  19.280311  0.119380  1.872651  0.070536
2362  985.704289  2020.774059  18.068435  0.048286  2.109455  0.051733
2363  331.430858  382.647025  18.251989  0.066374  0.951054  0.072529
2364  233.545911  1186.067872  16.395754  0.044738  0.179765  0.045809
2365  1588.668387  1509.237765  17.727491  0.105895  0.614279  0.059549
2366  283.275858  81.140609  18.671653  0.082959  1.206117  0.074246
2367  259.904691  1758.327499  18.975618  0.074006  1.647438  0.137522
2368  1627.240615  525.836255  17.191270  0.060249  0.147992  0.075190
2369  1663.024138  1909.305303  18.444040  0.106578  0.905120  0.088530
2370  352.139995  920.095228  18.140086  0.052492  0.836171  0.102828
2371  2023.385870  1990.702196  19.056956  0.082684  1.497440  0.067915
2372  430.137376  1465.499713  18.715791  0.096536  2.116959  0.099190
2373  475.168330  1919.507294  18.833947  0.093153  1.347323  0.060259
2374  1213.647256  1078.401144  18.656085  0.069894  1.022554  0.148844
2375  206.341356  1188.294718  20.383973  0.136359  1.801071  0.130255
2377  300.753273  1544.697903  17.972401  0.066726  0.627753  0.100666
2378  1900.772476  1090.162913  19.238988  0.094625  1.456308  0.089142
2379  1493.797656  83.111825  18.054838  0.097460  0.931672  0.051448
2380  479.283309  1408.069183  17.327969  0.043532  0.338389  0.052363
2381  1982.588761  142.617773  18.942525  0.070964  1.767113  0.058703
2382  422.532648  503.104599  19.079659  0.058063  1.109698  0.064057
2383  1000.187717  329.204883  18.912721  0.066703  1.384516  0.174290
2384  839.263279  1261.573265  21.425079  0.157060  3.141984  0.233239
2386  881.577862  1006.725931  19.297893  0.265310  1.732380  0.087465
2387  462.932252  1729.109824  19.055936  0.072946  2.191859  0.114953
2388  1607.265340  1558.143870  19.065741  0.135635  1.502470  0.061634
2390  825.338149  1883.783288  19.281393  0.061097  1.610783  0.074627
2391  1525.644422  1388.741340  18.585480  0.169291  1.059268  0.092032
2392  1853.566545  392.376014  19.568606  0.145158  1.643544  0.099989
2393  691.273602  1953.740265  18.669234  0.097382  1.052989  0.065920
2396  1929.119437  1618.424320  18.790279  0.058731  1.035543  0.076927
2397  1432.949035  1913.834863  20.554899  0.117032  1.918092  0.100837
2398  1079.221530  648.356646  18.861661  0.116995  1.388898  0.080128
2402  1093.353920  437.030971  16.765890  0.089611  -0.001388  0.048778
2403  1792.139667  1060.045311  18.893943  0.101379  1.182913  0.071981
2404  452.067939  910.195576  18.122624  0.063519  0.617845  0.061505
2405  1325.046769  677.543870  18.644118  0.114699  1.176818  0.072434
2406  544.531373  798.280524  17.973985  0.108205  0.816048  0.070787
2407  657.953056  480.265363  20.522533  0.153523  1.968766  0.106574
2408  82.742938  523.285784  20.137911  0.144964  1.858585  0.091305
2409  474.952411  162.642595  19.812787  0.089920  1.473567  0.109646
2411  528.076180  728.831689  18.752849  0.091370  1.441377  0.075138
2412  740.516707  813.411965  19.221641  0.075784  1.310112  0.088382
2414  1347.631275  997.184318  19.134109  0.209386  1.568284  0.151414
2415  1756.504309  1729.915626  19.714788  0.127029  1.407462  0.193228
2416  1957.960555  858.050562  19.950160  0.117565  1.919256  0.115408
2417  202.047935  538.525727  20.206890  0.166960  1.941418  0.100618
2418  1243.929975  1999.061122  19.963077  0.089228  1.912396  0.118169
2419  688.774478  1420.459516  20.714568  0.130036  2.276068  0.097967
2420  1602.064027  121.205509  19.471144  0.122650  1.478522  0.151798
2421  258.012107  1547.574714  18.338433  0.115226  1.338523  0.070511
2422  1928.340082  285.465049  18.680084  0.083104  1.103559  0.093492
2423  512.981275  573.817293  18.727977  0.062800  1.095427  0.092388
2424  1320.308467  1135.240139  18.703549  0.057905  0.986612  0.101055
2426  267.857366  900.173536  18.876336  0.117658  1.899048  0.128066
2427  1584.880757  1745.988373  18.983360  0.070225  1.288342  0.075653
2428  1979.749074  1251.552634  20.068501  0.092378  2.175114  0.119871
2429  91.556220  1920.204008  19.004798  0.078091  1.426983  0.057109
2430  164.397368  41.846505  19.662484  0.091063  1.576255  0.071428
2431  1570.957469  373.489751  19.024836  0.061208  1.554314  0.184611
2432  1802.298802  702.721937  19.977119  0.080615  1.680879  0.202125
2433  1208.357900  1172.379177  18.746076  0.086010  1.101215  0.051944
2434  1027.698802  857.755216  18.833435  0.077929  1.303982  0.142073
2435  783.007212  836.667689  20.668778  0.147648  2.135387  0.153636
2438  1936.367944  1490.882957  17.801785  0.088917  0.584886  0.084647
2440  394.110207  1185.741645  19.797236  0.214945  1.874092  0.148122
2441  760.516257  1471.153232  17.031038  0.128367  0.146255  0.035008
2442  141.643170  585.243174  19.372954  0.073324  1.182353  0.068022
2443  712.165917  1658.496478  18.175621  0.059194  1.058565  0.081282
2444  258.447794  698.066286  18.884358  0.119298  1.898499  0.112811
2446  334.439705  1953.821056  20.447546  0.198425  2.318458  0.096923
2447  704.760587  1739.297366  20.103477  0.118172  1.933839  0.170022
2448  206.583140  496.462730  17.047161  0.063592  0.132150  0.052689
2449  1773.014917  1852.692062  18.691475  0.075553  2.128087  0.066373
2450  1438.491570  2034.154561  19.077866  0.099153  1.214303  0.066063
2451  1282.806128  647.850848  20.088458  0.207793  1.713678  0.119786
2452  315.918460  2037.680105  19.529071  0.244740  1.728986  0.100915
2453  1300.795433  391.188194  19.936017  0.081500  1.983659  0.073853
2454  1482.821120  1833.018191  17.566278  0.054617  0.468966  0.075612
2455  156.916148  910.206105  19.946202  0.212607  1.501478  0.096812
2457  299.541306  915.428847  18.913094  0.068838  1.397690  0.106459
2458  1206.375389  1385.685515  18.839690  0.056375  1.205015  0.063344
2459  1452.814963  643.882811  20.824979  0.227045  1.963781  0.161533
2460  284.221178  739.104721  19.981394  0.160005  1.561833  0.136193
2461  1778.433489  980.160851  18.668320  0.093646  1.077236  0.089268
2462  1785.210824  1777.296323  19.525737  0.145699  1.444113  0.117113
2463  1675.485796  885.448880  17.593556  0.055567  0.753181  0.074748
2464  58.792254  884.913475  18.645441  0.108333  1.155671  0.060363
2465  904.224190  601.122993  19.759842  0.166338  1.958646  0.098130
2466  190.059457  1490.582675  18.954065  0.057124  1.976167  0.120008
2467  1845.716191  511.897203  19.310464  0.078213  1.494962  0.151094
2468  779.670781  1088.685674  18.496589  0.055001  0.942400  0.068560
2469  1338.372170  1611.322639  19.459501  0.116502  1.431037  0.074531
2470  20.676743  229.614989  20.041926  0.112794  1.898428  0.083789
2471  1730.091844  1363.587790  17.957642  0.042083  0.845607  0.073360
2472  1694.062794  1192.583957  19.497818  0.196381  1.769216  0.101078
2475  1900.853499  1129.367511  19.097227  0.178765  1.490099  0.081106
2476  867.292561  1656.023141  18.093060  0.120248  0.950369  0.081081
2477  1998.391636  1291.898554  18.084382  0.093233  0.734792  0.098152
2479  791.022208  928.617519  19.507988  0.079410  1.500932  0.131815
2480  1315.742561  2030.286668  18.777533  0.123119  1.138630  0.096168
2481  656.261340  1744.854230  19.911778  0.151233  1.626209  0.085174
2482  404.015263  62.290445  17.097643  0.041516  0.192079  0.095954
2483  1745.154506  1611.454763  18.490856  0.104607  1.152145  0.075382
2485  2022.456126  585.587727  20.005051  0.124729  1.948200  0.135153
2486  1849.521855  1391.451246  18.424141  0.083667  0.768073  0.074022
2487  80.194841  581.385422  18.833280  0.053867  0.948857  0.085680
2489  1142.501892  1165.095500  18.718636  0.055729  1.380979  0.092307
2490  1019.034282  1938.058872  16.720228  0.047538  0.114851  0.041591
2491  1409.785625  279.348080  18.700146  0.100093  1.143072  0.172511
2492  1872.941339  1360.552097  17.630462  0.064823  0.447552  0.065997
2493  1319.215039  784.330363  18.750186  0.100256  1.102726  0.061064
2494  538.756785  1212.259692  19.394904  0.090152  1.762049  0.158008
2495  1715.081593  128.303604  18.370619  0.104535  1.058352  0.105450
2496  863.083745  1480.324141  19.402919  0.094117  1.692196  0.070453
2497  2001.539133  1361.200426  18.939230  0.156364  1.494343  0.123729
2499  5.188413  18.361488  17.044658  0.077387  0.166743  0.081918
2501  575.389402  1097.783556  18.398971  0.092016  1.285863  0.109089
2502  1084.644591  1469.730556  18.611613  0.094262  0.822758  0.101998
2503  661.662511  417.490204  18.979989  0.112106  0.986641  0.104157
2504  1634.183621  510.290595  19.157809  0.100244  1.174486  0.076254
2505  1326.562182  1078.295925  19.976391  0.217627  1.215186  0.103920
2507  1986.669146  1981.136197  19.568852  0.102126  1.137870  0.099905
2508  981.909449  1516.436353  18.469035  0.142853  0.571347  0.072646
2509  1050.270977  1068.226505  19.380250  0.100277  1.308466  0.264570
2510  488.447901  774.198610  19.379148  0.085987  1.060362  0.095304
2511  1685.711330  268.480425  19.188262  0.164120  1.274452  0.085334
2512  1297.179274  1314.031618  19.540178  0.177541  1.582647  0.159797
2514  336.916355  454.207835  19.213747  0.136916  1.431404  0.138990
2516  1615.863599  1948.071043  19.955723  0.284212  1.914430  0.168806
2517  946.585493  869.858584  19.733718  0.188718  2.116472  0.123327
2518  1021.273953  1720.094131  19.805348  0.163726  1.771813  0.103021
2519  1933.294277  697.308478  19.472012  0.097205  1.331166  0.092474
2520  246.677126  1984.232626  19.474183  0.087872  1.258513  0.126490
2521  978.109474  1680.750303  19.274481  0.117746  1.879266  0.141318
2522  1522.688842  2035.422615  19.735528  0.104087  1.311122  0.089633
2523  390.969515  347.023164  19.134992  0.141575  1.129276  0.110385
2524  878.788396  1316.351525  19.375459  0.068678  1.670685  0.062739
2525  904.965117  665.144482  19.494995  0.123570  1.447509  0.067788
2526  128.236489  461.855863  19.600331  0.110419  1.323925  0.194249
2528  671.437340  319.903780  19.509538  0.086451  0.971505  0.202341
2529  1603.339470  1262.424479  20.419310  0.130008  1.937349  0.270202
2530  1512.910244  1920.171397  19.598026  0.126768  1.242149  0.094272
2531  1804.847157  589.185385  19.630841  0.172568  1.498131  0.083049
2532  550.245689  167.825242  20.043913  0.102086  1.692384  0.182246
2533  1569.502624  1718.477666  19.974294  0.138461  1.433744  0.102417
2534  90.592627  238.594696  19.537762  0.107752  1.223418  0.097948
2535  1209.523796  1820.894505  19.255912  0.066445  0.881626  0.089165
2536  483.152485  156.128751  19.234210  0.091695  1.316487  0.062333
2537  1262.490924  1033.801335  19.483717  0.118942  1.264306  0.102234
2538  1953.612635  600.735748  19.835900  0.120700  1.666262  0.099209
2541  14.424334  217.859137  19.733664  0.083638  1.187638  0.128897
2542  1348.999700  574.375200  19.103469  0.063799  1.120224  0.151520
2543  1738.074023  1077.049641  19.363394  0.105839  1.304814  0.081961
2544  901.864893  860.142391  20.888034  0.119526  1.805958  0.220817
2545  1159.834760  1964.815907  20.259212  0.138007  1.571217  0.100733
2546  650.147958  135.320447  19.812149  0.092350  1.349662  0.156248
2547  1796.098481  1028.450643  17.875707  0.047780  0.205354  0.073003
2548  1474.266225  48.383541  19.555202  0.141747  2.446054  0.065970
2549  29.983995  1705.001300  19.618045  0.136291  1.766800  0.187905
2550  615.653234  1935.936524  20.457026  0.209485  1.633451  0.162509
2551  459.501829  1347.769021  19.497656  0.103432  1.291657  0.099151
2553  184.131985  1094.763307  19.553779  0.142279  1.233036  0.092755
2554  1395.816334  1547.730890  19.761753  0.132950  1.605691  0.117260
2556  1056.881763  1526.376564  19.298657  0.096752  1.358507  0.083158
2558  1383.709058  34.032044  21.454180  0.213456  2.265342  0.151373
2559  1325.449206  628.652082  19.484305  0.120759  1.048007  0.195593
2560  2034.692065  763.277207  21.039101  0.166634  1.683978  0.200730
2561  1342.592660  354.380566  19.693812  0.084149  1.386914  0.091650
2562  35.022353  879.318072  20.721474  0.097310  2.076353  0.137506
2563  597.219530  1308.157702  19.508157  0.146127  1.457584  0.245627
2564  524.672422  1371.168428  19.516490  0.099156  1.351656  0.135447
2565  559.054684  61.291983  19.569379  0.155798  1.255842  0.117210
2566  20.605546  1953.636125  18.299843  0.079859  0.584723  0.080380
2567  1018.381134  1116.812316  20.108042  0.134518  1.929450  0.235309
2568  808.166100  373.684730  19.330915  0.096384  1.576894  0.130446
2570  274.092422  275.614310  19.801104  0.116587  1.357680  0.124780
2572  1126.379945  1834.163833  19.402842  0.114943  1.981770  0.068152
2573  546.467069  527.564231  19.306318  0.129248  1.033007  0.096804
2574  657.701734  743.204532  20.494234  0.134795  1.827871  0.128551
2575  8.868134  26.942263  19.827285  0.070472  1.250625  0.108600
2577  920.195933  1785.448168  19.068641  0.151654  1.309537  0.113909
2578  1287.978498  153.138965  19.417142  0.085984  1.209424  0.102804
2579  49.320649  1047.385264  19.918233  0.114725  1.347126  0.092084
2580  161.921494  10.746511  19.363700  0.152362  1.348562  0.073588
2581  1179.611086  682.654201  18.463805  0.124879  0.523423  0.132367
2582  31.157835  2021.025627  19.831770  0.111989  2.571808  0.128606
2583  962.356997  519.150619  19.829055  0.147244  1.313701  0.114016
2584  774.446105  750.052378  19.791732  0.073202  1.591254  0.151008
2585  595.308819  1627.891528  21.334784  0.116713  1.732082  0.211550
2586  1157.882486  676.871127  18.960704  0.056080  0.841926  0.092078
2587  851.020071  150.781443  19.206936  0.086959  1.237739  0.097127
2588  998.903329  1551.815306  18.713381  0.150416  0.658630  0.067438
2589  1922.936929  1996.950176  19.458721  0.098238  1.359433  0.068925
2590  72.613033  1000.199390  21.182381  0.131991  2.105091  0.154862
2591  1929.232575  868.649971  19.269899  0.115474  0.884941  0.097823
2592  239.522055  1271.738078  19.648470  0.106461  2.346860  0.227085
2593  1251.084196  690.183717  19.661121  0.157285  1.351209  0.102107
2594  44.120740  1028.508730  20.439191  0.234142  2.047451  0.183616
2595  2031.688865  1789.085866  19.341693  0.080762  1.151255  0.119934
2596  1530.825077  159.901337  19.671358  0.066257  2.142020  0.131953
2598  88.389280  1953.215393  18.734424  0.106112  0.808336  0.106592
2599  1798.610836  1677.680036  19.645798  0.099540  1.247745  0.133573
2600  1205.047398  1924.664128  19.363133  0.172679  1.210275  0.175470
2602  1755.232779  935.767146  18.624326  0.060338  0.703157  0.085275
2603  891.671341  2016.523329  19.466991  0.064596  0.970881  0.145531
2604  149.734534  1507.372269  18.497384  0.155864  0.856217  0.116907
2605  1191.015353  416.825142  19.787746  0.093512  1.407400  0.098019
2606  1799.695994  1877.172140  18.921206  0.129732  1.302388  0.125021
2607  1480.895823  545.356441  19.118625  0.077290  1.080437  0.151698
2609  1161.905774  290.236177  19.566009  0.207151  1.317541  0.118858
2610  761.862141  1061.974252  18.973299  0.102725  0.997714  0.069846
2611  1080.458243  556.296068  19.351457  0.063495  1.606998  0.115794
2612  1365.461823  740.922608  19.738573  0.082221  1.400054  0.175439
2613  1932.774284  737.191850  20.279701  0.172941  1.283397  0.088899
2614  1510.502171  317.517313  20.645884  0.092102  1.629370  0.124612
2615  1868.144806  1332.183918  19.565010  0.099976  1.629013  0.090024
2617  355.190998  1864.343990  19.554235  0.168446  2.659862  0.103747
2619  1642.617623  946.478902  19.850666  0.115568  1.971440  0.185794
2620  961.872539  1052.887656  20.646245  0.113850  1.832019  0.118839
2622  468.997569  1061.623384  19.977694  0.080544  1.289020  0.094110
2623  1607.039327  1044.884919  18.500400  0.113017  0.929023  0.078777
2624  1214.997046  1475.842332  19.431733  0.089546  1.243439  0.094057
2626  1604.021039  1875.268538  19.650096  0.095461  2.122515  0.075585
2627  1896.578023  671.868354  20.076467  0.157480  1.483047  0.170676
2628  1792.981800  933.921558  20.013072  0.151114  1.639782  0.137763
2629  692.597807  1767.231735  19.207642  0.075058  0.997380  0.113510
2630  403.817284  576.714048  19.395626  0.148452  1.296845  0.071039
2631  1937.763274  626.693311  18.762458  0.078477  0.876738  0.053275
2632  542.896556  12.652988  20.214621  0.126410  1.676620  0.107089
2635  2043.840418  648.792101  20.190889  0.090946  1.577088  0.087105
2639  1591.272135  1738.338122  17.625025  0.067798  0.375218  0.063345
2640  307.643836  323.507665  19.840613  0.156374  1.663414  0.123690
2641  1648.266670  831.701725  19.626317  0.139984  1.390962  0.082101
2643  224.852619  658.610106  19.222995  0.131869  0.986931  0.147044
2645  940.385433  1417.931755  19.444026  0.063550  1.468518  0.115424
2646  283.084458  555.395627  19.501306  0.069791  1.580440  0.129568
2647  639.028236  203.313400  18.179174  0.075665  0.352638  0.076877
2648  959.083447  720.326239  20.403103  0.202375  1.788267  0.183961
2649  1208.348726  1564.986448  19.488762  0.098059  1.272101  0.087210
2650  151.425756  157.939240  19.846418  0.072902  1.266978  0.073071
2651  1394.365274  708.073234  19.207082  0.079393  1.280178  0.096970
2652  379.101718  1583.632036  19.469691  0.200193  1.753193  0.135445
2654  805.618512  1768.421240  19.098869  0.074143  1.128547  0.077540
2655  398.466236  852.807357  19.129687  0.096217  1.009623  0.064524
2656  26.865782  1999.129352  19.499396  0.084207  1.438906  0.069928
2657  1042.240282  1825.004531  18.988903  0.080218  0.981649  0.173097
2658  1151.962831  463.856864  19.626715  0.095942  1.365987  0.124908
2660  88.521425  238.179642  19.244428  0.119842  1.722543  0.185116
2661  438.293694  906.963445  19.725965  0.234429  0.941804  0.149151
2663  1165.827575  1716.978061  19.387051  0.111180  1.940127  0.064156
2665  968.571356  1558.634647  18.711887  0.143050  0.740866  0.132327
2666  901.890121  1483.343940  20.008209  0.127265  1.667243  0.098146
2667  1249.480040  1131.292542  19.996640  0.147464  1.312383  0.152493
2668  867.877627  1164.402263  19.887198  0.114520  1.578978  0.088022
2669  1223.328317  1080.544824  19.792993  0.084703  1.522679  0.171763
2670  1955.700015  830.352651  20.434285  0.106410  1.544915  0.136377
2671  1448.694860  1988.463734  18.729345  0.077957  0.813744  0.109960
2672  2024.419853  464.945644  19.621418  0.093590  1.601422  0.106759
2673  338.141329  177.504135  18.728289  0.053145  0.970157  0.062736
2674  1613.574540  379.609107  19.234265  0.079752  1.996922  0.124374
2675  1876.847737  914.532311  19.922876  0.221342  1.416827  0.080354
2676  1122.392370  1486.296978  18.762061  0.068611  0.628455  0.171904
2677  429.217501  216.754124  19.803571  0.080024  1.602168  0.142943
2679  1790.641273  190.674734  19.750047  0.115917  1.401056  0.139547
2680  444.284942  251.449776  20.740481  0.207137  1.634657  0.099225
2681  807.269410  879.780147  19.471822  0.078720  0.999437  0.134424
2683  122.743403  921.888514  19.510800  0.100939  1.164597  0.153305
2684  1978.600034  215.008353  19.403382  0.084508  0.943939  0.100241
2686  1468.896847  1906.087509  17.767376  0.047814  0.197607  0.076313
2690  526.256302  1604.403996  18.339120  0.086576  0.574552  0.075141
2692  599.341341  1047.108279  20.291184  0.193817  1.738948  0.164165
2696  1075.686258  1433.829313  19.947563  0.122996  0.877294  0.088021
2697  247.572270  1160.485803  21.029273  0.200814  1.692115  0.189179
2698  270.135398  1651.773413  19.944613  0.075794  1.284492  0.137033
2699  1260.857413  1323.588556  19.870867  0.137183  1.139103  0.118582
2700  118.753391  1501.060118  20.416715  0.194170  1.350872  0.237680
2702  1708.233894  415.428432  19.460638  0.161834  0.736157  0.139891
2703  1352.507221  1413.443624  19.779557  0.135174  1.009017  0.085985
2705  1662.386969  524.553715  20.224070  0.097304  1.237879  0.173836
2706  215.624437  1417.334942  19.863678  0.121271  1.602229  0.080506
2707  78.425051  1913.493212  19.971198  0.164218  1.224162  0.174094
2708  1208.255501  52.148676  19.150005  0.068080  0.628018  0.096420
2709  1791.109558  1495.578294  19.090091  0.065055  0.793685  0.061973
2710  591.856755  1633.879731  20.827432  0.155507  1.351857  0.213718
2711  1597.975359  312.636189  20.254398  0.215061  1.109982  0.187159
2712  840.859627  289.415418  19.760171  0.132366  1.187968  0.131722
2713  611.668077  681.454700  20.376596  0.173186  1.185242  0.161910
2714  1681.191053  1010.266964  18.914730  0.110877  0.698382  0.066079
2715  1567.760875  1845.816893  20.452916  0.126564  1.792898  0.254422
2716  1809.640251  1785.542494  20.374448  0.235390  1.232005  0.080818
2717  1939.684290  1162.487732  20.218070  0.225576  1.176904  0.225862
2718  1668.851074  1758.010306  19.834940  0.112452  1.485913  0.102785
2720  940.290154  1285.743381  20.308922  0.317875  1.353309  0.152024
2721  1412.807850  948.921797  20.415454  0.094450  1.693616  0.146958
2722  1525.786036  1476.717170  19.952686  0.095463  1.926428  0.217620
2724  362.048483  245.240346  20.593305  0.100481  1.448269  0.125564
2725  84.419341  1677.302996  20.220447  0.194932  2.143253  0.137857
2729  1632.749264  438.649562  19.857187  0.089780  1.822800  0.099849
2730  784.967124  1297.404927  19.887665  0.082792  1.764094  0.145235
2731  847.198641  1305.223371  20.027642  0.099647  1.484564  0.214031
2733  1761.691843  1949.958267  20.521756  0.128148  1.728611  0.127210
2734  1818.810987  138.148737  18.752214  0.080265  0.144581  0.127137
2736  547.704875  142.430341  20.539493  0.149682  1.540864  0.102035
2738  1042.354447  983.471207  19.411732  0.094311  1.038843  0.162444
2739  1001.408982  679.970531  20.301282  0.122530  1.721957  0.103056
2740  29.892750  1762.431605  20.316754  0.102648  1.026379  0.161826
2741  1057.017760  478.810739  17.872471  0.104062  0.001794  0.048396
2742  1952.781123  62.632167  20.264999  0.113625  1.254569  0.162820
2743  1360.622780  1265.509635  20.281948  0.104343  2.568708  0.122024
2744  1231.271908  1617.011158  19.697515  0.110226  1.231021  0.172123
2746  1016.044729  864.214860  19.733483  0.114813  0.849850  0.146313
2747  428.790945  904.516445  20.692505  0.195580  1.605824  0.203605
2748  573.251601  1802.175111  20.448660  0.125364  1.646838  0.222003
2749  1790.526666  1686.199317  19.828263  0.151459  1.102200  0.166539
2752  756.352740  1687.383064  20.901496  0.172145  1.718877  0.165995
2755  1991.436661  1107.872034  19.258082  0.060853  0.974338  0.135618
2756  488.938779  539.530286  19.344246  0.079257  1.046159  0.147360
2758  561.128838  518.923297  18.730783  0.067346  0.623495  0.058248
2759  627.066023  1412.822803  19.618652  0.107946  1.354635  0.102867
2760  587.049589  1633.137307  19.688340  0.141571  1.133370  0.087217
2761  1617.923391  462.011833  20.345032  0.223265  0.959741  0.166461
2762  5.868451  1642.084821  19.820367  0.077088  1.179945  0.168943
2763  1185.072176  590.597368  19.531155  0.079453  0.892055  0.100249
2764  1749.929407  407.952036  20.185874  0.106372  0.953764  0.248964
2765  1182.060929  483.444335  20.717686  0.332112  1.908127  0.176303
2766  1490.141232  483.551810  19.054101  0.089690  0.836364  0.128624
2767  19.868946  547.912612  20.519326  0.197542  1.399788  0.086250
2768  176.303947  1202.259602  20.192386  0.106878  1.350158  0.191803
2769  1896.682013  754.024306  20.003384  0.111669  1.527977  0.089743
2770  1073.529939  670.181499  20.408714  0.090820  2.356147  0.172406
2771  963.490978  364.312148  19.770484  0.125677  1.663902  0.204097
2772  1014.988648  245.497635  20.091492  0.076470  1.511881  0.084088
2773  1755.963311  1739.757193  20.252422  0.134968  1.645289  0.134646
2775  1272.577641  1234.351231  20.835693  0.124709  1.656323  0.132056
2776  2044.084617  975.478338  19.995342  0.122347  1.016327  0.127893
2779  530.129509  1759.892572  20.453138  0.117936  1.899735  0.123833
2780  1618.558408  2003.650239  20.935457  0.239480  1.634112  0.173391
2781  1114.378982  1196.380479  19.043216  0.059952  0.501754  0.142890
2782  563.082223  2003.871229  20.303910  0.101675  1.391527  0.154974
2784  1254.336521  1794.356791  17.898609  0.107888  0.082034  0.072993
2785  1.576496  1565.605458  20.175605  0.132000  2.275711  0.096467
2786  376.318307  926.885604  20.071387  0.091897  1.336838  0.175879
2787  1155.753822  392.664857  20.948277  0.114320  1.284884  0.155162
2788  336.462505  1935.117324  19.967471  0.128203  1.327820  0.105269
2789  928.981524  1974.424865  20.321720  0.166986  1.232920  0.152380
2791  1660.940573  703.327225  19.519328  0.110727  1.008601  0.213647
2792  344.418336  138.796239  18.084478  0.045651  0.057915  0.133481
2795  128.156470  343.494662  20.534323  0.126848  1.475930  0.145101
2796  829.498009  288.308346  20.296703  0.090677  1.300671  0.227717
2797  1717.371565  58.882077  18.688909  0.050715  0.208837  0.103056
2798  75.851375  421.349040  20.638006  0.210958  1.695517  0.149832
2799  1665.420111  1491.834989  20.310910  0.177334  1.204008  0.132148
2800  137.552784  203.975936  19.833212  0.156615  2.343135  0.108588
2802  1725.236304  617.412563  19.775647  0.089568  1.040287  0.154153
2803  107.288004  1394.449367  18.315990  0.057321  -0.015936  0.110687
2804  1329.710571  1340.742188  20.291233  0.124840  1.648783  0.150982
2806  53.705209  706.419250  20.490305  0.115697  2.013496  0.143129
2808  1134.473501  316.081610  20.348871  0.102671  2.649528  0.119126
2809  1621.878937  224.731972  19.906980  0.217667  1.242130  0.115730
2810  500.370173  140.911321  19.876435  0.177070  1.330700  0.124556
2811  536.174712  1006.255386  19.823418  0.180065  1.510272  0.170284
2812  164.409951  1126.621865  20.108643  0.088768  1.841207  0.098881
2813  1282.546265  1867.495737  20.018020  0.111813  1.594666  0.143083
2816  1386.714253  2032.032030  19.978477  0.213681  1.394912  0.174175
2817  406.905654  1046.368149  20.811584  0.181722  1.936020  0.115836
2819  1536.115837  2019.258298  19.958330  0.143766  1.195442  0.106975
2822  362.078248  1659.153657  19.872737  0.135161  1.371350  0.150148
2824  1973.809214  94.978811  18.096867  0.083727  0.108407  0.062881
2825  1669.210295  1875.909035  19.913301  0.080017  1.138513  0.107536
2827  724.180631  632.898547  20.154497  0.114092  2.634105  0.087694
2828  1675.860860  1340.404749  20.469492  0.266125  1.442417  0.142714
2829  1104.762440  1403.327092  20.173249  0.096955  1.256220  0.085162
2830  1481.825442  6.688096  20.424670  0.175845  1.356250  0.187576
2831  2011.462483  193.556551  20.033574  0.199432  1.312410  0.128615
2832  1735.567722  549.583214  20.490783  0.118272  1.290443  0.097198
2833  1500.326623  547.217639  19.408692  0.123507  0.966972  0.081287
2835  1436.359959  202.072463  18.598995  0.118692  0.493107  0.064260
2836  2043.522549  1282.223700  20.152157  0.107078  1.278995  0.085763
2838  1515.710665  17.155506  20.728238  0.127520  2.671299  0.245089
2839  977.628042  384.675528  19.194766  0.074362  0.958634  0.124066
2840  1277.442619  1220.774054  20.259033  0.180690  1.436886  0.155862
2841  1267.694522  1312.776115  20.405358  0.148634  1.323588  0.201940
2842  1355.146052  1192.101092  20.307391  0.110244  1.278921  0.095012
2843  1870.633105  738.900588  20.070288  0.300261  1.424925  0.093040
2844  803.489164  1038.984898  20.119263  0.160816  1.709554  0.116252
2846  669.948494  487.274305  20.353130  0.135910  2.645899  0.143284
2848  715.520435  1090.863731  20.709328  0.266511  1.478870  0.205052
2849  396.305197  620.130388  20.314285  0.095708  1.390765  0.226829
2850  602.688181  801.104835  20.389532  0.144704  1.672657  0.250002
2851  1605.054493  1718.582129  19.929109  0.118113  1.436656  0.136718
2852  1442.547228  1388.112455  19.934014  0.115686  1.433144  0.105504
2853  1869.149184  610.425651  19.871320  0.142068  1.329494  0.184519
2854  1376.615156  1694.200244  20.174203  0.180150  1.732187  0.179794
2856  917.316463  1977.104071  20.818515  0.167104  1.446548  0.132155
2858  1817.119377  655.704052  19.807108  0.089339  1.904512  0.153372
2859  37.094953  1053.373089  19.981749  0.118152  1.289732  0.142392
2861  386.261040  1719.890949  20.326557  0.131337  1.360219  0.231823
2863  1028.644840  1534.552559  17.283997  0.067552  -0.407267  0.055753
2864  992.996029  241.900111  19.804061  0.156219  1.637972  0.244374
2865  214.214358  257.795766  17.550809  0.112995  -0.182928  0.039920
2868  1217.149963  725.301741  17.694319  0.050712  0.080501  0.048439
2869  1501.573047  183.411787  20.205385  0.087945  1.354878  0.138980
2870  1821.781665  1955.307849  20.571914  0.109870  1.638249  0.111523
2873  1845.074183  985.028906  19.831658  0.115090  1.233486  0.073190
2874  1531.000401  1417.575866  18.100126  0.072993  0.180223  0.054937
2875  1491.341241  1678.336512  17.349404  0.105796  -0.327646  0.053463
2876  529.144555  14.710031  20.094414  0.130474  2.101514  0.111209
2877  190.792867  914.405444  20.656965  0.098930  1.767285  0.274759
2878  606.479795  131.890579  18.832326  0.113805  0.504076  0.178155
2881  247.506586  1699.478648  19.237059  0.112351  0.740191  0.111880
2882  1543.678650  611.639184  20.506001  0.121793  1.978937  0.218222
2884  166.155212  1965.070837  20.377171  0.180833  1.400300  0.116338
2885  1148.102362  669.631629  20.488982  0.129577  1.410093  0.157075
2887  1279.470512  942.028378  19.841669  0.118055  1.101386  0.093380
2888  1283.294602  1753.158870  20.033973  0.135742  1.511270  0.151696
2889  1193.837113  293.490769  18.894967  0.112875  0.659609  0.112932
2890  1516.774287  680.726914  20.002695  0.112981  1.110781  0.147512
2891  594.599897  825.626678  20.221839  0.221901  1.688590  0.088787
2893  995.701592  281.207873  20.461636  0.124201  2.622391  0.223886
2894  505.249962  1455.604208  21.354520  0.261656  2.089975  0.164322
2895  1814.580995  482.438600  20.376895  0.220537  1.405056  0.113699
2897  1126.316005  872.622848  20.497419  0.139672  1.567551  0.108664
2898  526.170362  265.827624  19.825295  0.216165  1.668432  0.132788
2899  2014.559347  1609.417446  20.357696  0.112698  1.400441  0.205706
2900  1718.442225  1240.134800  18.962935  0.177300  0.489991  0.085457
2901  653.825347  496.510599  20.363976  0.128213  1.737749  0.159192
2904  271.031821  615.563703  20.277560  0.156836  1.566978  0.123908
2905  1498.638957  744.373651  19.319113  0.093749  0.930687  0.169969
2907  541.553988  98.687606  20.238710  0.177776  1.135330  0.172179
2909  969.998510  1508.249122  19.808288  0.084058  1.237717  0.116391
2911  333.022452  1807.577216  20.201844  0.083614  1.182828  0.131852
2912  1517.683281  1532.381927  19.723138  0.099021  1.174370  0.105746
2913  868.669616  1718.709638  20.034478  0.106448  1.622573  0.141994
2914  986.183990  981.441322  19.359635  0.063425  0.898968  0.172930
2915  72.185786  1163.971313  20.000150  0.084247  1.755311  0.086340
2918  1235.987144  143.448141  20.394128  0.176592  1.241693  0.122977
2920  189.375253  628.169093  19.987745  0.075187  1.456155  0.128356
2921  2034.542121  483.382077  20.208097  0.311246  1.375231  0.091090
2922  1372.549230  879.173556  20.083841  0.173642  1.217201  0.085092
2923  942.197268  1593.280934  20.081975  0.086865  1.430925  0.109169
2925  1596.372057  1748.410132  20.134938  0.171357  1.324070  0.174531
2927  1955.777104  252.485909  18.100737  0.062807  0.187194  0.067570
2928  844.295822  1911.209748  20.556025  0.178864  2.336766  0.109828
2929  1621.920836  919.080862  20.756775  0.166644  1.146611  0.236141
2930  189.463719  603.740333  20.798911  0.108097  1.433867  0.210452
2931  143.164700  17.421948  20.715203  0.133850  1.247608  0.123003
2934  1069.599171  605.351494  20.701248  0.100797  1.587152  0.265382
2936  571.350172  932.466449  20.757095  0.101153  1.230529  0.215060
2937  1373.775030  1559.129306  20.700756  0.224140  1.579108  0.159646
2938  1263.967966  233.444875  20.463743  0.160419  1.194002  0.186051
2939  545.806774  715.173507  19.704735  0.113206  0.657621  0.079966
2944  1523.594131  146.094565  20.647851  0.114839  1.752775  0.248176
2945  354.136355  253.050800  19.354386  0.064550  0.701753  0.081101
2947  44.710941  443.934728  19.946714  0.148439  0.694867  0.097028
2948  958.993579  1533.773879  20.553785  0.119709  2.386805  0.274958
2949  1978.819592  1698.526690  20.158415  0.092744  0.954555  0.166480
2951  162.188944  103.888271  20.037337  0.115843  0.492135  0.173356
2952  252.569198  1866.899775  20.531225  0.159286  1.378034  0.132870
2955  951.760882  673.116632  21.424313  0.211218  1.942443  0.146740
2959  556.426658  1545.259411  20.715501  0.173489  3.022355  0.151069
2962  732.310084  1593.158503  20.192576  0.295806  1.293259  0.100489
2964  293.492899  1344.173669  20.485283  0.247381  1.589113  0.126056
2965  1123.109787  605.236225  20.570086  0.144632  2.400335  0.251808
2967  193.777745  1280.834904  21.254639  0.290844  2.485819  0.283651
2969  23.394686  366.304274  20.614505  0.105979  1.473608  0.096937
2973  978.894174  160.749709  18.961063  0.073692  0.367935  0.059589
2974  1027.427502  1720.995993  19.681725  0.176257  0.982770  0.135118
2978  569.886614  1820.010842  20.907125  0.178028  2.234274  0.154459
2979  1796.612231  1084.160075  20.512302  0.168479  1.367235  0.110210
2980  65.517936  1168.158991  20.476137  0.167101  1.300006  0.132978
2981  1055.080675  1418.726021  19.763048  0.073797  0.743694  0.129238
2982  1914.111662  109.721694  20.355811  0.162859  1.223022  0.175882
2983  770.643757  361.087650  20.923658  0.131071  1.411651  0.102495
2991  532.445516  1420.276666  20.577887  0.168435  1.284349  0.162514
2993  1862.075217  1712.591766  20.846265  0.117033  1.367790  0.125007
2994  19.577658  1408.595241  20.835292  0.137892  1.684995  0.125023
2995  309.113830  711.801975  20.566878  0.197183  1.678724  0.211791
21000  185.325141  374.161046  20.583145  0.127293  2.104663  0.169294
21004  504.620841  1471.133215  20.610964  0.222840  1.276682  0.178089
21008  1278.081231  382.746792  20.212282  0.234165  1.041484  0.194627
21014  217.233723  264.214545  18.827681  0.117903  -0.074203  0.155293
21015  913.021558  2039.684529  20.682027  0.103320  1.481482  0.178915
21017  1096.085485  158.441643  17.960533  0.066214  -0.125892  0.041273
21018  1912.497729  1452.117998  21.192158  0.222844  1.384764  0.151743
21021  18.603223  61.236903  17.564484  0.082276  -0.270956  0.038804
21024  1190.559014  823.494826  19.252900  0.073867  0.854316  0.171019
21025  510.930257  865.418242  18.771802  0.066812  0.373515  0.110336
21026  1909.360935  1985.740297  20.663630  0.214667  1.308086  0.144109
21027  142.141710  582.719671  19.782958  0.156724  0.603996  0.153383
21030  1743.895604  279.779049  20.010421  0.216324  1.074425  0.104844
21031  1185.444239  6.951735  20.196149  0.161593  0.992428  0.185650
21033  640.609332  1786.138919  19.297148  0.140528  0.396152  0.201435
21038  1987.128110  948.383408  21.031030  0.113877  1.472491  0.157591
21039  8.759440  1900.328781  21.010147  0.335279  1.333880  0.093836
21041  423.296691  763.771283  20.727573  0.143004  0.623966  0.273554
21042  799.848489  113.363413  20.748960  0.102195  1.557601  0.114435
21044  942.826911  312.882611  20.979384  0.112853  1.627973  0.176706
21045  250.099081  1489.993941  20.793246  0.156095  1.512337  0.126703
21050  1974.501349  265.665207  19.730463  0.095984  0.557327  0.125282
21053  61.579060  8.651361  20.200732  0.185924  1.025451  0.089729
21055  1654.472718  1190.992944  20.619915  0.123113  1.391489  0.165316
21059  1809.497888  1933.279042  20.669185  0.104900  2.084721  0.095249
21060  940.892222  627.546556  18.296637  0.119489  -0.022454  0.056356
21061  529.581515  336.721224  20.396178  0.323069  2.067684  0.235796
21062  1305.266241  1561.968786  19.894618  0.125023  0.993965  0.072394
21063  1925.616465  1692.792261  19.909876  0.142011  0.922681  0.111628
21065  1550.033372  1695.029233  20.845207  0.135340  1.409740  0.309641
21066  1155.443590  1939.433570  20.106320  0.213601  1.383661  0.095883
21067  1394.881230  1279.163580  20.333758  0.154848  1.148835  0.170226
21071  832.243644  321.420286  19.737491  0.174407  1.062264  0.138387
21072  616.982858  1728.337687  20.063003  0.233848  1.395076  0.135226
21073  1967.731814  604.709882  20.289676  0.112366  1.179156  0.128062
21075  1264.905500  1614.772829  20.649847  0.124340  1.244842  0.358913
21079  1090.450808  1932.927541  19.235654  0.066007  0.619044  0.116480
21080  808.300859  1675.189781  17.954969  0.102860  -0.030899  0.083019
21082  1793.981071  1450.791736  20.681672  0.113486  1.617920  0.104008
21088  1681.199508  1464.053748  18.864818  0.079978  0.464891  0.107355
21090  738.676963  1028.193871  18.996478  0.088981  0.203998  0.105994
21091  1625.126670  796.108354  21.142745  0.115077  2.083063  0.157649
21098  766.010909  1102.806672  19.679236  0.086354  1.014327  0.107950
21100  1748.999254  1667.464995  19.353350  0.161821  0.558993  0.139685
21111  888.616001  1652.394710  20.495941  0.152015  1.485800  0.254729
21115  1526.192442  1987.289305  20.254500  0.133706  0.899896  0.166092
21116  565.147809  1442.211870  21.366537  0.206626  1.721762  0.153211
21119  194.178773  1904.766979  20.929038  0.148171  1.811942  0.209139
21120  777.118022  1681.272080  20.789765  0.112910  2.412900  0.178937
21122  168.737588  521.621272  20.649825  0.173696  1.804202  0.135323
21123  1414.015081  916.839568  21.217866  0.238995  1.423653  0.147803
21124  166.197431  785.057771  20.169074  0.209041  1.171411  0.107797
21126  744.042651  808.965972  20.467027  0.241594  1.576951  0.184666
21127  1391.013508  954.343437  19.489377  0.131816  0.614997  0.139559
21128  995.111864  586.934637  19.626587  0.139887  1.269957  0.191005
21130  112.817303  742.423925  19.262550  0.062706  0.653190  0.092893
21132  263.585926  818.237032  21.230622  0.317650  1.328815  0.205668
21134  121.212931  190.553407  19.964400  0.113746  0.914712  0.093608
21135  1386.808848  838.505507  19.600422  0.073874  0.574820  0.164435
21137  700.671427  678.696281  21.020814  0.174807  1.836401  0.194271
21140  1219.266196  1126.874342  19.571204  0.087303  0.671731  0.106943
21142  461.845176  1295.912848  20.911763  0.127053  1.676984  0.304256
21143  1513.864299  1133.523111  20.231713  0.091259  0.996608  0.097303
21144  1588.663751  873.794472  20.528645  0.209649  1.588318  0.127629
21145  310.890386  1786.337807  19.691051  0.178198  0.627119  0.075946
21149  1763.628742  896.564949  20.898123  0.112767  1.580836  0.124375
21151  1281.673450  1271.539663  20.655207  0.136466  1.535631  0.214671
21153  702.295709  900.611605  19.903842  0.082648  0.695415  0.124089
21154  1412.483735  76.792927  18.916691  0.176933  0.428880  0.066913
21156  744.147345  113.051772  20.295422  0.155006  1.538885  0.113378
21162  1768.562032  1414.099563  19.882704  0.157495  0.958716  0.071480
21163  794.656292  743.135017  21.043912  0.141424  1.965970  0.158665
21164  24.572791  603.639420  21.138214  0.126510  2.597041  0.139667
21165  1281.302647  592.368310  19.124602  0.152956  0.452610  0.094861
21166  1343.382078  826.672223  20.732287  0.188208  1.243257  0.135983
21168  318.542096  1545.041572  20.623938  0.118105  1.391251  0.109350
21169  989.353835  1.062283  21.230802  0.132935  1.226760  0.184345
21170  1480.819371  875.864013  19.775206  0.123337  0.800246  0.141611
21172  1943.309008  1043.034789  20.582247  0.115064  1.741384  0.110902
21174  1712.429330  1879.241726  18.283579  0.090017  0.136417  0.049039
21175  1643.940444  1274.247684  20.588299  0.253067  1.969632  0.164687
21176  1799.608813  698.117888  20.309367  0.100249  1.510201  0.161507
21179  1717.190280  1902.791742  20.984235  0.145584  1.464816  0.105890
21182  641.311644  835.412916  20.533906  0.158314  1.505811  0.106885
21183  153.622822  940.406861  20.119186  0.158933  1.118008  0.123497
21184  186.060725  1920.246085  20.755645  0.117287  2.202033  0.102084
21186  1168.865742  1771.795802  21.003076  0.148394  0.966481  0.345450
21187  793.589978  422.467422  18.857427  0.081030  0.152203  0.069211
21191  1780.738210  614.874479  17.915376  0.046859  -0.236711  0.046346
21198  616.143896  422.077263  17.687582  0.077366  -0.326678  0.047686
21200  1595.476063  424.527087  19.142725  0.069165  0.502694  0.096836
21201  45.486485  808.642902  20.651899  0.140156  1.466732  0.101616
21202  541.277220  862.905823  20.983839  0.176341  1.369365  0.109954
21203  481.077414  1419.090746  20.292813  0.114337  0.996342  0.143304
21204  1422.035396  581.719939  18.766793  0.063237  0.285112  0.119118
21207  407.492811  857.087137  20.246221  0.099777  0.921124  0.172064
21208  1664.255741  1930.044854  20.056794  0.150975  1.316818  0.173128
21209  414.449724  1297.382229  19.958542  0.258214  1.877387  0.152348
21210  141.625312  685.366629  20.015841  0.233077  0.873350  0.143455
21211  1064.825201  1257.321769  20.533057  0.119792  1.211300  0.148128
21212  1638.021116  70.400612  20.611064  0.131392  1.627800  0.090676
21213  517.470461  1711.025728  20.724156  0.152795  1.422818  0.167011
21215  831.432852  1615.945757  20.955646  0.212115  2.670083  0.144964
21216  1076.064120  1653.956636  19.577326  0.087637  0.753176  0.126057
21219  1296.499665  362.505062  20.460514  0.135402  1.443109  0.169588
21223  1012.780231  1387.273354  20.426160  0.224842  1.297869  0.227281
21224  1233.840689  1969.281883  20.241739  0.080529  1.072916  0.089208
21225  940.219829  1390.636320  17.768161  0.074620  -0.301373  0.085193
21226  1065.018688  1360.454911  21.119396  0.195123  1.416959  0.178761
21228  1925.225142  952.626446  19.786659  0.126196  0.676573  0.074362
21230  1251.306727  1103.742388  19.678941  0.072427  0.365822  0.098150
21234  717.700926  1826.704501  20.051541  0.280362  0.484254  0.097425
21236  588.699277  1591.689380  21.616516  0.122190  2.025395  0.146282
21241  1728.991224  1668.468086  19.449687  0.111782  0.358647  0.075100
21245  228.631772  1133.971874  19.890073  0.216147  0.665854  0.088517
21250  1951.366014  1214.235789  19.515120  0.118489  0.466475  0.102877
21252  838.084789  1114.096987  20.054668  0.214810  0.809220  0.098472
21269  1657.806650  1652.384320  20.408584  0.144516  0.618601  0.092537
21272  1091.208972  1595.518811  19.225583  0.109914  -0.002568  0.100808
21281  142.364188  10.076488  20.202122  0.208163  0.706285  0.082405
21282  1502.350662  1296.293796  21.475781  0.185147  1.396145  0.164929
21283  88.648838  522.926590  21.121469  0.349065  2.138629  0.220722
21284  1030.960287  1206.662306  20.992621  0.157401  1.076634  0.319231
21285  487.202514  1485.963273  20.617134  0.300821  1.229550  0.144515
21293  1077.921348  1.905399  20.459961  0.131675  0.851105  0.094078
21294  1363.494331  267.009457  19.364088  0.099431  0.225546  0.129793
21301  333.819187  1807.688690  20.025357  0.109389  0.376620  0.182260
21313  464.832733  1521.935395  20.483417  0.176416  0.993857  0.251022
21314  970.592357  1858.448304  20.919363  0.172067  1.088653  0.113018
21323  1239.087214  55.218436  20.143465  0.164631  0.720841  0.139721
21334  1159.013708  1933.826433  19.997886  0.162982  0.673614  0.169004
21337  1308.788282  1700.609526  20.899175  0.266293  1.245196  0.224692
21340  1215.505072  824.902051  18.751811  0.140077  0.035517  0.067253
21353  1062.699795  945.602654  19.564730  0.105186  0.604559  0.158730
21355  1970.241766  2034.334208  19.497912  0.122515  0.278272  0.075149
21357  1220.025064  1091.559177  20.301590  0.106786  0.839146  0.180855
21359  1954.962388  377.928221  21.168503  0.179031  1.566244  0.195748
21364  1377.204684  1943.818678  21.433704  0.237453  1.703666  0.308239
21376  1594.001960  1076.489851  20.904877  0.118781  0.984879  0.159436
21382  1870.595072  1644.836074  20.027660  0.099617  0.597550  0.107639
21386  1771.213932  201.509778  20.077841  0.108156  0.815870  0.217366
21403  880.876645  1546.780477  20.588507  0.159301  1.114640  0.169681
21414  79.828364  1587.261540  19.677705  0.116450  0.542041  0.146684
21424  870.839881  1249.310352  19.723344  0.081307  0.346658  0.158785
21431  107.263878  289.283227  19.829544  0.133090  0.588171  0.143404
21437  793.233659  1807.905143  19.872682  0.182314  0.978488  0.270641
21444  1308.679491  1830.475038  20.964752  0.107359  1.024224  0.146398
21450  1779.776699  1175.723145  19.551252  0.191293  0.234185  0.078130
21451  937.101634  746.936883  20.050360  0.080158  0.775407  0.129488
21458  30.551040  1240.167803  19.865169  0.211055  0.621785  0.187958
21459  829.238691  1103.152816  21.138558  0.198391  1.448372  0.161607
21462  885.246797  1933.599179  19.873145  0.103073  0.563824  0.145235
21463  1116.582447  1047.123977  20.882862  0.296745  1.035268  0.135986
21468  1050.235229  262.651752  19.445339  0.130643  0.453946  0.115342
21478  191.073631  1642.210431  18.337300  0.068944  -0.180325  0.082948
21482  394.820107  1073.041742  19.835973  0.158043  0.316108  0.149244
21488  944.464437  1387.208889  20.378808  0.165438  0.544122  0.089454
21494  878.261717  1615.254864  18.637380  0.171185  0.231625  0.054789
21497  1457.534369  8.630814  19.569944  0.132631  0.098709  0.178693
21498  1860.052361  1085.004252  21.196011  0.207160  0.911631  0.214967
21504  75.639789  1633.232843  19.357538  0.074384  0.367137  0.069195
21505  1496.701725  67.812814  20.243974  0.165427  0.581398  0.145984
21506  1039.864017  300.756120  21.284358  0.150295  2.037582  0.204415
21507  1238.634577  1719.143063  18.467577  0.092428  -0.236668  0.049812
21521  1358.654209  1803.485222  19.065055  0.099540  0.054564  0.123230
21526  651.841314  995.083624  19.305067  0.157283  0.199987  0.131016
21541  1894.074632  1231.024944  20.946891  0.124144  1.447783  0.220643
21542  113.775274  2043.412417  20.161140  0.208942  0.591775  0.197656
21547  1611.119122  1266.573653  20.936080  0.108688  0.924690  0.136576
21550  385.694006  1865.031342  18.803635  0.066147  -0.107862  0.078926
21552  361.539890  1801.834107  20.403152  0.113867  1.359590  0.197939
21561  1485.450622  431.796522  21.071553  0.165730  1.424746  0.126485
21563  998.877197  1635.887372  19.868689  0.126950  0.669022  0.159322
21564  695.445525  1483.104124  20.316346  0.177507  0.973799  0.186658
21565  1204.357129  297.144302  20.936955  0.133178  1.537491  0.128212
21568  130.366493  672.963078  19.467209  0.097324  0.251806  0.088831
21573  122.617208  750.996500  20.590974  0.223777  1.248643  0.189653
21576  1160.617687  1913.865028  19.731673  0.077475  0.695137  0.112416
21577  741.243344  1994.184868  21.141606  0.160984  1.571116  0.237369
21578  1236.056607  750.132751  20.107759  0.176827  0.814222  0.090574
21579  376.894875  721.393090  21.133985  0.344546  1.426590  0.154392
21592  1662.344552  6.494884  21.006613  0.238156  0.975558  0.154794
21593  494.496311  1552.265113  20.797173  0.105776  0.753634  0.147381
21595  2024.747155  1198.549408  20.851596  0.222217  1.121288  0.119223
21607  1911.508603  1155.996261  20.884816  0.153225  1.020436  0.199983
21609  1337.796722  29.972047  20.344963  0.243863  0.911480  0.150195
21616  191.220931  1497.680763  20.687546  0.151591  0.715461  0.114259
21624  1806.060981  1908.354484  21.708436  0.168943  1.178924  0.229082
21626  1189.227011  878.419869  19.661372  0.091289  0.288394  0.073817
21627  699.952109  629.127386  20.105659  0.112081  0.412079  0.122456
21628  202.545928  557.749557  20.206037  0.232421  0.276036  0.109861
21629  1300.049264  111.143201  20.702042  0.130985  0.954104  0.095718
21632  135.795172  1178.462893  20.571315  0.159578  0.902380  0.248062
21634  433.773379  841.017422  21.905537  0.184707  1.798692  0.201533
21637  1357.358059  1988.636151  20.106780  0.128322  0.563565  0.158467
21645  1203.233372  1901.505514  20.366890  0.083577  0.555005  0.147914
21656  1148.187426  56.636181  21.065085  0.126275  0.973218  0.117417
21660  718.606715  1946.584362  20.126033  0.125957  0.521004  0.180531
21661  927.772597  801.367235  19.924010  0.131815  0.281082  0.092064
21663  131.175804  244.828792  20.812019  0.175390  0.613919  0.209726
21664  535.641833  1427.605492  19.748048  0.090962  0.152001  0.139881
21669  1884.484733  1813.487479  21.055413  0.117170  0.931257  0.169638
21672  1169.070360  1197.622692  19.860810  0.087860  0.323566  0.102959
21673  1786.744935  738.326401  21.155460  0.112808  0.789372  0.202023
21682  899.673783  1130.693196  19.922779  0.109856  0.314419  0.078524
21685  1248.031908  1535.705371  19.979085  0.116551  0.557776  0.092250
21703  1814.390002  1409.413860  20.408526  0.136599  0.762771  0.154279
21708  1855.181958  626.776299  20.935770  0.171185  0.863104  0.155659
21715  1584.381734  686.619665  20.917404  0.272319  0.706575  0.137433
21716  1132.530552  164.775647  20.548994  0.137500  0.983052  0.098380
21720  73.736820  973.331229  19.994339  0.118610  0.356786  0.142435
21731  481.304989  1578.453317  19.795389  0.101694  0.305843  0.111908
21732  1092.692608  1801.664110  19.331867  0.146558  0.384838  0.137442
21733  1505.526346  856.628515  20.054874  0.205965  0.723850  0.150640
21735  1394.742393  1440.511946  20.914308  0.116432  0.967631  0.244930
21737  1782.438336  1149.573095  21.655215  0.153631  1.330126  0.404933
21742  205.274007  1391.047462  20.538624  0.104374  0.641953  0.157098
21743  1817.582617  1749.004039  20.948384  0.132482  -0.073659  0.280493
21748  1322.550220  202.359187  21.026653  0.154803  0.493860  0.149975
21749  1652.089710  707.825264  20.269838  0.201527  0.469349  0.130126
21754  1726.540880  1343.069486  21.375556  0.187429  0.866608  0.220927
21758  37.031561  471.294657  20.744885  0.116714  0.642853  0.200475
21763  106.927526  919.773502  20.950906  0.098965  0.637947  0.136607
21765  613.572079  573.931970  21.429799  0.217522  0.523168  0.472148
21768  1361.794950  1410.848471  20.672847  0.216994  0.394850  0.179292
21773  1788.840415  1544.328263  20.619357  0.173015  0.644385  0.112371
21774  2047.892412  1776.965104  20.736157  0.206072  0.531182  0.103961
21779  49.768466  1485.920547  20.287884  0.119739  0.658273  0.128071
21783  684.431033  674.729660  20.686287  0.202589  0.511955  0.206821
21795  274.204783  108.928020  20.566873  0.100600  0.692248  0.177695
21797  419.091858  1447.520885  21.289081  0.207923  0.762264  0.245412
21811  563.027699  838.406950  21.082974  0.447335  1.061242  0.199005
21813  1449.778340  301.602838  21.019862  0.264486  0.379231  0.425894
21816  1065.055506  1914.130264  19.972575  0.101418  0.054735  0.143120
21817  1378.537804  1552.512429  21.079375  0.152754  0.625060  0.156337
21827  14.964453  321.977513  20.717958  0.234048  0.573862  0.096039
21830  867.430626  324.428410  19.801485  0.143363  0.262984  0.186481
