# id  x  y  V  eV  BV  eBV
147  1152.472310  1106.844140  21.051261  0.308793  1.545444  0.324028
150  1036.430541  1011.599933  21.506790  0.150551  1.562101  0.138802
159  1038.438789  1215.042191  21.591570  0.168386  1.346526  0.181385
160  1081.144136  916.364145  21.487249  0.181264  1.684201  0.235300
164  1073.259274  1052.755046  21.500852  0.136981  1.801742  0.160270
165  1174.170337  1002.173932  21.308131  0.163378  1.653745  0.126449
172  942.335549  1046.094438  21.248267  0.143267  1.748280  0.217234
175  1086.940262  978.626437  21.146023  0.160858  1.491255  0.225314
179  912.945746  896.052941  21.185450  0.160213  1.388121  0.180129
189  1051.810058  991.063839  20.907944  0.217009  1.565939  0.158710
192  953.523139  953.135596  20.473661  0.378951  1.502207  0.152538
194  1017.933066  1063.448924  21.093189  0.172956  1.779462  0.125625
1106  963.818537  868.158464  20.852175  0.149782  1.837730  0.210706
1107  1032.550093  904.063427  21.144296  0.346960  1.489394  0.135039
1108  914.279956  874.081485  20.703340  0.103662  1.607248  0.165795
1109  1010.421760  1021.138002  20.760755  0.155842  1.382959  0.167577
1110  949.695058  1129.814385  20.665347  0.293224  1.644181  0.130756
1111  1044.994458  989.113958  20.981260  0.180150  2.042861  0.214499
1113  1038.348165  1017.616794  20.814339  0.239200  1.217012  0.159952
1114  1054.405632  994.959585  20.601633  0.206300  1.546012  0.109754
1115  994.678292  926.448353  20.859956  0.105001  1.431258  0.100878
1116  1101.312287  982.450074  20.663856  0.149416  1.384989  0.228137
1117  928.023163  986.842829  20.778747  0.102361  1.545416  0.108023
1119  952.561910  1157.075026  20.897465  0.231903  1.590663  0.149857
1120  902.944584  1082.904310  20.264265  0.226901  1.607199  0.120673
1121  1060.899492  891.303977  20.637440  0.122714  1.643176  0.229185
1123  1021.111255  1003.261522  20.584064  0.143742  1.537222  0.099935
1124  1147.341537  986.363761  20.589318  0.193876  1.468490  0.101202
1126  1034.070938  1101.614346  20.540362  0.194966  1.460304  0.094117
1128  999.798927  1060.018565  20.472928  0.166561  1.405369  0.117683
1129  1020.540027  909.451694  20.443366  0.097038  1.338334  0.215548
1130  903.731487  1015.917507  20.899358  0.185635  1.691369  0.180439
1131  1112.468193  982.174945  20.500849  0.113017  1.564431  0.151324
1132  1004.016189  1078.231839  20.545717  0.107162  1.629113  0.144091
1135  1033.485537  1165.638001  20.753600  0.254084  1.786604  0.222419
1136  1089.584640  936.694047  20.807032  0.127656  1.519859  0.112156
1137  1130.621010  1183.338353  20.099616  0.204338  1.372752  0.109042
1139  929.317069  1051.934597  20.154381  0.276169  1.564347  0.138276
1140  1092.956754  996.378440  20.683471  0.098934  1.727954  0.213651
1142  1059.092378  913.307238  20.516992  0.115261  1.262700  0.283768
1143  848.598139  1077.509898  20.524819  0.095673  1.575760  0.092564
1146  933.555098  951.312855  20.615845  0.152269  1.519051  0.130364
1147  903.747092  1008.335811  20.319243  0.136521  1.667737  0.121318
1148  1051.808788  994.006897  20.554319  0.092412  1.659110  0.110513
1149  1011.711099  1192.894095  20.463378  0.171101  1.632105  0.198870
1150  1021.021450  1001.964483  20.418023  0.196208  1.770875  0.188242
1152  956.830126  1136.071721  20.117785  0.260888  1.584877  0.090597
1155  941.424681  1062.841221  20.424114  0.180095  1.610982  0.152557
1156  1088.569590  980.344730  20.226114  0.251613  1.223516  0.129395
1157  926.612951  1032.521830  20.444287  0.123564  1.691580  0.136489
1158  1033.021215  1054.906327  20.633610  0.091113  1.667578  0.134229
1159  947.621704  1123.743416  20.382583  0.105516  1.458620  0.135366
1160  977.736233  921.549107  20.663191  0.151397  1.481383  0.155323
1161  1018.190172  962.180649  20.487738  0.140701  1.440349  0.104924
1162  1114.655130  865.830318  20.433930  0.140687  1.645079  0.207482
1163  1004.796355  1006.133432  20.310298  0.229812  1.565847  0.089945
1164  1004.854252  997.689139  20.653090  0.258234  1.766795  0.122486
1165  932.887982  1060.141199  20.595975  0.237979  1.769235  0.265650
1166  1024.826778  1070.467379  20.580700  0.128150  1.755156  0.121085
1167  1100.125676  1006.485504  20.220992  0.106852  1.545395  0.214224
1168  1034.942525  1104.835420  20.530535  0.089401  1.634741  0.107378
1169  919.931064  1083.116995  20.110612  0.178682  1.676283  0.166087
1170  1013.200200  892.554588  20.425854  0.133979  1.579187  0.115663
1172  891.202949  1126.109757  20.225924  0.135850  1.683176  0.113523
1173  1080.636887  944.938045  20.180437  0.170624  1.380862  0.102367
1174  1163.279483  1151.429120  20.178629  0.084047  1.480811  0.132085
1175  1163.830190  960.098222  20.448116  0.195491  1.494278  0.121505
1176  1061.485691  1180.386959  20.158051  0.151373  1.379181  0.122339
1178  1077.179781  997.276549  20.055333  0.220786  1.584559  0.115873
1179  1117.668844  927.854694  20.312069  0.087242  1.560179  0.089393
1180  898.899538  959.057633  20.278058  0.114095  1.332431  0.123897
1181  1048.322724  947.535565  20.221425  0.081022  1.357298  0.161161
1182  1024.327803  1089.425285  20.167709  0.107118  1.577275  0.131680
1183  1188.760412  1007.221740  20.190797  0.174201  1.430006  0.142822
1184  946.049659  936.311767  20.205534  0.081305  1.430560  0.095914
1185  961.458401  1045.848310  20.166588  0.107462  1.523168  0.124161
1186  1053.495992  1145.220239  20.088275  0.082937  1.594491  0.117693
1187  1015.367188  1053.039698  20.098253  0.081760  1.319304  0.134011
1188  1109.648261  1045.723668  20.193018  0.162446  1.605000  0.096683
1189  1035.393516  907.210220  19.857844  0.191517  1.247647  0.198125
1190  912.879985  1042.988626  19.862140  0.193325  1.425287  0.130681
1191  1055.735747  963.286958  20.010366  0.099485  1.452268  0.104200
1192  948.780134  1036.748595  20.294588  0.153395  1.220242  0.215558
1193  1100.081439  1074.040730  20.024633  0.151391  1.490926  0.189114
1194  1077.860925  1067.199242  20.043575  0.206056  1.127060  0.172634
1195  1089.624883  1198.239252  20.343118  0.151885  1.464439  0.101165
1196  1045.392241  977.692180  20.083263  0.081674  1.470755  0.215397
1197  1051.321754  1106.494054  20.108387  0.153294  1.445251  0.164099
1198  968.237363  964.020081  19.918659  0.118297  1.282199  0.170162
1199  994.667110  1006.282322  20.341239  0.182774  1.374060  0.154255
1200  952.374047  858.552115  20.014021  0.244720  1.437117  0.182358
1201  1076.428739  1033.453138  19.698891  0.204574  1.606159  0.078077
1202  1057.521971  1143.758111  20.068056  0.168704  1.571055  0.172182
1203  1061.510410  980.168253  20.347744  0.111986  1.383435  0.149201
1204  980.276777  884.088074  20.074150  0.088230  1.667123  0.120308
1205  1037.259796  979.826790  20.177972  0.135057  1.590872  0.105566
1206  1185.336627  944.936182  19.915220  0.173675  1.504067  0.228719
1207  972.856668  966.217994  19.869374  0.122275  1.612647  0.130781
1208  1030.982922  973.789020  19.934783  0.152992  1.368441  0.164327
1209  974.028534  1160.680182  20.066802  0.105025  1.673456  0.116268
1210  967.199498  1009.391452  20.141601  0.093987  1.487337  0.136563
1211  944.341176  921.416950  20.102529  0.142568  1.614194  0.079650
1212  1088.189276  1062.820086  20.047496  0.097055  1.542197  0.082470
1213  1037.496914  1143.374295  19.987383  0.134890  1.590886  0.082428
1214  1111.994982  1174.136934  19.604019  0.244706  1.470721  0.115140
1215  1087.451812  895.167181  20.070434  0.084370  1.304203  0.110736
1216  929.239470  1104.752968  20.063387  0.113822  1.473108  0.075764
1217  984.664515  1055.585833  20.139350  0.134174  1.400574  0.090610
1218  942.340895  965.111972  19.870494  0.095012  1.579956  0.164601
1219  1011.138662  837.544182  20.038550  0.165006  1.305951  0.121537
1220  1085.486715  840.734331  20.007214  0.124032  1.567601  0.081050
1221  940.408975  855.209943  20.115416  0.180291  1.553335  0.075065
1222  1003.198464  939.498742  20.035182  0.095745  1.495416  0.153880
1223  1043.626516  1031.963484  19.623619  0.183753  1.345146  0.080061
1224  1206.967624  1090.668196  19.809937  0.084967  1.643033  0.082735
1225  795.898962  964.820562  19.799777  0.175329  1.570635  0.084530
1226  1075.909407  940.348559  19.952362  0.080767  1.359099  0.208309
1227  1065.123553  1021.395804  19.862783  0.112477  1.477608  0.173645
1228  1142.312571  1131.962184  19.892286  0.081024  1.442761  0.075356
1229  1014.356582  1152.811540  19.702860  0.113795  1.417720  0.094740
1230  1090.754601  846.128517  19.679300  0.170374  1.761486  0.161874
1231  964.263035  1071.316480  19.712749  0.095896  1.375360  0.093159
1232  1020.836925  1073.065595  19.765166  0.094585  1.590768  0.136334
1233  1077.404303  988.277678  19.861859  0.141004  1.552252  0.074718
1234  983.642808  1119.016120  19.831259  0.099484  1.166996  0.216241
1235  1109.979668  1051.816120  19.746360  0.092253  1.556382  0.111912
1236  1068.660879  905.184195  19.812636  0.080445  1.385225  0.117004
1237  1010.133934  1120.091197  19.855691  0.128687  1.404113  0.082202
1238  1091.318354  1073.418056  19.601757  0.087053  1.573844  0.097674
1239  1172.324147  1035.114312  19.658479  0.090268  1.447744  0.153470
1240  1072.984187  934.228623  19.631288  0.111165  1.442306  0.069626
1241  1082.068849  1197.587845  19.704559  0.117484  1.503217  0.077857
1242  946.333983  1037.671240  19.789530  0.096737  1.603692  0.109066
1243  1044.067553  917.515141  19.766476  0.131693  1.409819  0.081287
1244  1063.309251  1104.458281  19.735499  0.179324  1.430664  0.122793
1245  954.829455  1011.666043  19.643873  0.092658  1.476424  0.073977
1246  966.961275  970.040177  19.756469  0.150017  1.545804  0.157351
1247  928.410563  1005.833728  19.796412  0.144154  1.326267  0.144299
1248  1025.284444  1007.983944  19.774518  0.117285  1.357051  0.172136
1249  1080.474747  1138.394665  19.785095  0.114483  1.564645  0.126607
1250  1107.443036  1047.415665  19.604301  0.070523  1.294357  0.094034
1251  924.590879  1050.481418  19.684359  0.080331  1.317243  0.069676
1252  1124.473344  1057.837343  19.515470  0.068626  1.437181  0.146525
1253  1022.412923  1154.009559  19.609205  0.108437  1.412311  0.084388
1254  978.283233  1161.238815  19.734060  0.208883  1.535288  0.137559
1255  1084.567798  945.489101  19.896789  0.107257  1.225146  0.156645
1256  1109.579223  1068.657500  19.571111  0.086074  1.549289  0.085608
1257  1101.905777  1111.095501  19.671466  0.086272  1.592606  0.177386
1258  1216.189645  1007.517430  19.410333  0.172939  1.543308  0.076076
1259  1123.400806  1021.265244  19.406225  0.167897  1.425410  0.116094
1260  1083.709297  1012.641280  19.396939  0.109815  1.523532  0.080806
1261  1076.260127  1081.853747  19.531630  0.119870  1.540007  0.087907
1262  1034.855916  1199.719178  19.412584  0.174133  1.513714  0.104519
1263  1054.219694  1157.170217  19.207321  0.170898  1.479521  0.081184
1264  1102.663864  988.889272  19.431468  0.074283  1.388322  0.112991
1265  1210.900951  1167.171400  19.526870  0.145789  1.664341  0.110226
1266  1074.841088  1048.966390  19.240256  0.105926  1.534302  0.127596
1267  1085.275423  1033.938821  19.415604  0.127609  1.220576  0.262469
1268  1074.474189  1210.460303  19.566598  0.073424  1.564903  0.068030
1269  1005.368750  1127.137731  19.799818  0.184622  1.524081  0.064753
1270  974.289326  948.146401  19.495485  0.070704  1.595937  0.071897
1271  893.861888  1039.555564  19.350040  0.102862  1.378197  0.140027
1272  879.448576  1000.046100  19.514305  0.121862  1.482932  0.067221
1273  1149.869179  926.138388  19.532492  0.178997  1.463867  0.079238
1274  862.787215  1005.761147  19.482257  0.138134  1.286643  0.143581
1275  1163.091251  1052.955689  19.372658  0.127732  1.499491  0.141889
1276  1026.387231  1105.117839  19.541430  0.081881  1.534896  0.068326
1277  1140.408074  1088.346767  19.478085  0.089756  1.499686  0.095428
1278  1075.805061  1073.318892  19.234976  0.090735  1.489745  0.105129
1279  972.321587  1155.741573  19.266066  0.110954  1.220705  0.155969
1280  949.700342  1031.505879  19.549394  0.099769  1.333843  0.105492
1281  1011.511685  1123.635855  19.329270  0.105460  1.406680  0.095975
1282  1019.039314  1013.565563  19.143700  0.106506  1.323705  0.185595
1283  900.330967  1008.847155  19.418560  0.163642  1.401903  0.094141
1284  948.591616  999.775191  19.401454  0.095640  1.123990  0.124953
1285  1039.928320  1049.349345  19.200903  0.114082  1.225428  0.122666
1286  1149.678019  1061.509345  19.437771  0.149005  1.347645  0.075350
1287  1088.347730  1137.950884  19.158193  0.075936  1.594180  0.109296
1288  1201.989304  1067.342664  19.275569  0.070387  1.507259  0.196259
1289  1084.733993  878.306488  19.252945  0.082902  1.374229  0.074707
1290  1000.764539  1151.215309  19.235366  0.077356  1.495985  0.087505
1291  1173.061161  1004.792566  19.354275  0.136482  1.430176  0.099755
1292  915.656417  1037.750559  19.209891  0.068407  1.511170  0.195786
1293  952.217416  975.142810  19.289414  0.071219  1.524360  0.062971
1294  964.592599  970.647183  19.272825  0.094210  1.425764  0.061084
1295  1100.287939  985.323766  19.094302  0.078594  1.456169  0.076528
1296  1019.588485  973.061632  19.075361  0.118511  1.321870  0.167785
1297  968.637522  1077.428285  19.152482  0.074146  1.377980  0.058555
1298  1091.147284  1028.255949  19.166144  0.065147  1.239797  0.108199
1299  1114.603151  1008.503255  19.168883  0.069563  1.435340  0.061352
1300  815.074038  1070.856315  19.199541  0.082713  1.392550  0.064686
1301  974.914703  995.639296  19.009237  0.073548  1.384559  0.097865
1302  1196.080947  1097.071903  18.952294  0.129933  1.712910  0.176713
1303  1007.227249  1019.594854  19.143166  0.086003  1.414092  0.122301
1304  999.326986  886.228500  19.117726  0.061253  1.366389  0.069238
1305  1063.951995  1012.893860  19.250036  0.115025  1.418090  0.107803
1306  1009.618063  1013.623562  19.081394  0.116833  1.484925  0.079910
1307  1103.039918  1204.256399  19.183651  0.142246  1.500391  0.099915
1308  1079.066726  920.036639  19.095358  0.078398  1.433786  0.100687
1309  995.252142  1037.250642  18.978923  0.081138  1.269950  0.074472
1310  1195.998536  1086.096548  18.941468  0.142330  1.275775  0.097095
1311  1049.828332  1093.343130  19.061761  0.155517  1.522296  0.126786
1312  1101.682176  1045.346775  19.072342  0.082403  1.293470  0.111458
1313  968.268780  967.674962  19.206632  0.117710  1.399079  0.061253
1314  1014.775767  1014.547456  19.081230  0.123691  1.400867  0.065153
1315  1038.552924  1015.655219  18.909926  0.112825  1.516282  0.143414
1316  1105.688351  1085.989990  19.122404  0.073994  1.278848  0.065957
1317  1115.300065  1116.206879  19.009042  0.082336  1.281885  0.145058
1318  1016.924979  1174.508012  19.016396  0.102100  1.429365  0.063655
1319  1042.284134  1038.175089  18.886750  0.081744  1.403851  0.060287
1320  957.192479  1219.093811  18.897926  0.093285  1.449014  0.070794
1321  1009.757532  974.555996  18.955845  0.063531  1.305123  0.111890
1322  978.017690  988.893962  18.906161  0.071366  1.209132  0.149391
1323  1050.996695  982.843597  18.897643  0.122704  1.204784  0.104779
1324  912.107172  1000.229868  18.850560  0.126878  1.352931  0.054450
1325  906.184581  975.127654  19.003468  0.097953  1.366723  0.072870
1326  978.408878  1046.912246  18.828590  0.053791  1.216327  0.096779
1327  1115.059589  1214.668657  18.816924  0.063519  1.299942  0.136209
1328  870.571356  1116.725985  18.686499  0.071001  1.324421  0.099385
1329  1121.133978  923.660431  18.776376  0.132092  1.263519  0.069501
1330  1140.983521  1113.428582  18.823086  0.056065  1.290209  0.064961
1331  1102.395167  1099.747246  18.805445  0.074058  1.450866  0.062295
1332  887.795651  830.616740  18.756934  0.080982  1.311668  0.080310
1333  1055.350456  869.397361  18.861471  0.084849  1.372790  0.059451
1334  975.758377  1004.707881  18.870185  0.141729  1.392659  0.112996
1335  912.182067  996.430090  18.857891  0.076334  1.320216  0.104601
1336  1029.798769  1074.834555  18.827518  0.156213  1.316597  0.109669
1337  1055.062630  1160.988406  18.662751  0.143375  1.365439  0.079942
1338  1147.448300  1068.453233  18.691066  0.100942  1.347691  0.066337
1339  978.088018  1076.953088  18.669816  0.052459  1.444545  0.117199
1340  978.372649  907.933737  18.763780  0.053313  1.351329  0.064561
1341  1059.525468  1063.558779  18.648981  0.060301  1.354125  0.055281
1342  996.086088  1027.565261  18.701312  0.081078  1.380088  0.051250
1343  1073.631007  1161.398907  18.724733  0.116464  1.314599  0.067394
1344  1002.243113  1028.197294  18.868752  0.096600  1.423620  0.093648
1345  1040.029020  887.358505  18.767984  0.122618  1.224526  0.084498
1346  979.861832  968.165253  18.504724  0.174283  1.319721  0.105607
1347  1128.692019  928.185160  18.688585  0.070392  1.380788  0.071236
1348  915.436933  1022.971023  18.700679  0.118432  1.270448  0.063761
1349  992.433992  1158.766449  18.804820  0.140854  1.383474  0.062513
1350  1105.717166  916.484628  18.322686  0.097637  1.270685  0.095648
1351  978.949734  1157.519831  18.568534  0.067154  1.446599  0.079754
1352  931.293901  1022.846239  18.402863  0.124628  1.312625  0.086539
1353  917.333012  1111.518147  18.369705  0.061904  1.365550  0.089041
1354  1026.881741  971.934966  18.397609  0.053115  1.293825  0.087132
1355  1056.284365  1238.083891  18.307088  0.127541  1.312067  0.145189
1356  1127.686840  874.202153  18.479596  0.076041  1.219546  0.071539
1357  984.880517  1032.456172  18.498779  0.068551  1.351865  0.065308
1358  1055.555768  1033.203364  18.433597  0.048067  1.325500  0.066506
1359  1082.127831  849.268736  18.466348  0.057298  1.171668  0.081115
1360  888.741335  1014.500291  18.456517  0.068932  1.299820  0.083884
1361  1009.626849  976.357827  18.293454  0.115057  1.280082  0.134317
1362  874.781000  1124.127212  18.496415  0.059529  1.359862  0.088961
1363  1068.463575  1031.678218  18.433122  0.056392  1.414567  0.133932
1364  1000.405955  1074.770821  18.460507  0.081405  1.226800  0.085760
1365  902.264074  1094.885007  18.377603  0.084323  1.231083  0.103748
1366  915.415675  1091.290460  18.426664  0.059640  1.234355  0.046471
1367  917.102305  1116.022559  18.207770  0.093660  1.341734  0.058497
1368  1041.016422  1205.518029  18.423733  0.116679  1.302226  0.063332
1369  1077.911859  912.479601  18.373452  0.075659  1.188866  0.072091
1370  1034.501960  1036.557783  18.467205  0.111825  1.299587  0.053828
1371  1128.111186  999.064289  18.327317  0.054852  1.312718  0.045913
1372  1042.698711  950.933012  18.374634  0.142873  1.246294  0.066813
1373  1071.636685  1077.878764  18.349226  0.091681  1.278541  0.063371
1374  1054.341468  946.568294  18.296204  0.064848  1.245956  0.050941
1375  918.658273  1006.387958  18.213249  0.050605  1.310647  0.090977
1376  1000.146289  975.010406  18.173035  0.072168  1.333337  0.061228
1377  920.132792  1134.022636  18.250631  0.087013  1.303417  0.066224
1378  998.623724  1025.546404  18.208215  0.051944  1.489046  0.102276
1379  899.727626  1071.357850  18.234813  0.087605  1.305275  0.052265
1380  986.773934  882.002350  18.160448  0.114708  1.298370  0.067758
1381  883.646546  1029.063025  18.007325  0.070870  1.331911  0.067093
1382  1102.216540  966.698824  18.093326  0.043105  1.349828  0.059244
1383  1212.276429  1070.779064  18.063011  0.070668  1.281419  0.049403
1384  1020.185846  1033.920553  18.018214  0.061869  1.311842  0.086952
1385  978.114478  1012.109660  17.913389  0.110712  1.228059  0.042632
1386  1014.856356  910.187622  18.077063  0.051965  1.468764  0.126451
1387  972.372091  992.243446  17.968766  0.065559  1.394377  0.103051
1388  1162.341868  1025.767854  17.805622  0.098572  1.539449  0.110299
1389  1042.367775  966.840484  18.061437  0.083770  1.339207  0.095610
1390  991.234171  944.625254  18.044743  0.091907  1.273872  0.064028
1391  1102.497362  1026.674708  18.104918  0.090307  1.281104  0.046893
1392  1122.797588  885.231657  17.956609  0.109517  1.296855  0.051407
1393  870.245970  1052.825784  17.969285  0.116446  1.327667  0.049928
1394  1023.696548  1004.409098  17.892651  0.063804  0.963975  0.178782
1395  929.843835  1009.530225  17.850003  0.089469  1.332307  0.066281
1396  1176.512942  955.277066  17.877628  0.071765  1.267036  0.072865
1397  1168.950067  980.579369  17.791488  0.065121  1.231692  0.043701
1398  1177.943265  1050.989076  17.743232  0.070027  1.239818  0.062713
1399  946.210222  1031.753953  17.880143  0.061820  1.433560  0.101102
1400  945.460367  1169.304576  17.821942  0.115682  1.388079  0.090182
1401  1115.715830  977.687306  17.773932  0.054720  1.279235  0.056448
1402  996.355461  1031.745761  17.767842  0.057864  1.192735  0.061857
1403  994.923008  1098.900439  17.736286  0.089825  1.142181  0.103950
1404  895.347753  1087.725670  17.658696  0.051038  1.221374  0.077587
1405  1046.474199  891.301929  17.747789  0.074038  1.299564  0.067810
1406  1253.315502  1028.352041  17.613066  0.062741  1.338880  0.102984
1407  1149.206303  967.168942  17.612143  0.045490  1.437283  0.062716
1408  1220.576563  916.110725  17.568123  0.104427  1.317182  0.106186
1409  995.589386  1182.160671  17.484595  0.072606  1.233220  0.119176
1410  916.262154  969.304371  17.562261  0.038324  1.334391  0.112771
1411  950.256558  942.939361  17.754973  0.120230  1.221215  0.081698
1412  922.887598  833.049702  17.554152  0.076138  1.182829  0.088248
1413  926.639636  1153.762386  17.453914  0.039774  1.333978  0.122572
1414  831.896883  1097.953280  17.484403  0.048926  1.109605  0.095205
1415  1102.677565  879.719731  17.411968  0.085630  1.235164  0.041175
1416  902.253158  1057.448817  17.412996  0.039911  1.246374  0.071784
1417  930.471711  1035.977646  17.435021  0.041951  1.371589  0.075166
1418  1022.881423  893.934387  17.434363  0.092389  1.281361  0.045899
1419  1030.210294  988.555776  17.262772  0.061013  1.251494  0.059840
1420  1001.348567  1066.670653  17.286039  0.035669  1.280246  0.048850
1421  974.147912  1048.824279  17.236259  0.120352  1.275839  0.062355
1422  1083.117650  1086.016819  17.197483  0.065917  0.995084  0.093486
1423  948.596449  1048.714568  17.287969  0.070325  1.377161  0.065335
1424  1022.350520  1036.417208  17.071871  0.109997  1.262570  0.041399
1425  1113.771254  966.893711  17.053127  0.107960  1.154302  0.054174
1426  947.266191  996.046336  17.220788  0.107730  1.141431  0.042851
1427  1012.152259  1061.066588  17.171797  0.071681  1.462609  0.108172
1428  1078.170870  1063.807898  17.150329  0.051951  1.268378  0.039866
1429  1066.713313  1095.452303  17.119804  0.067921  1.130082  0.041898
1430  1050.838385  1134.187274  17.253871  0.088277  1.311043  0.058125
1431  1080.476037  1030.126612  17.197528  0.069291  1.266582  0.035427
1432  1026.196746  945.510195  16.986410  0.117834  1.255884  0.037339
1433  1222.302188  1114.227159  17.187648  0.088597  1.216775  0.092594
1434  971.235574  983.638712  17.021827  0.050928  1.109625  0.073284
1435  1044.933796  1122.270269  17.082001  0.059798  1.316064  0.039992
1436  1148.913480  1062.529352  16.962456  0.050053  1.240929  0.053015
1437  981.900268  1044.820193  17.076422  0.040538  1.225145  0.055123
1438  893.465436  985.949757  17.026328  0.080782  1.221733  0.054340
1439  1019.191255  934.027325  16.899555  0.059801  1.212266  0.048140
1440  1067.280384  1031.232492  16.916990  0.050017  1.223481  0.060916
1441  1000.042537  919.837778  16.950769  0.044519  1.290258  0.084352
1442  1031.197798  1056.102318  16.833392  0.052929  1.222398  0.033428
1443  949.954253  1072.107622  16.852909  0.067569  1.247658  0.034377
1444  1079.071171  895.295447  16.828355  0.116349  1.331967  0.057669
1445  959.836324  966.279455  16.803912  0.062548  1.166163  0.081008
1446  904.923054  960.710001  16.755291  0.088760  1.265084  0.046459
1447  985.432310  1158.219325  16.714521  0.059836  1.146688  0.040141
1448  886.841446  922.216509  16.609023  0.060402  1.317615  0.048598
1449  1085.550838  1093.437092  16.526786  0.036064  1.117653  0.048361
1450  903.342879  1134.231368  16.495889  0.080800  1.211655  0.055889
1451  994.394378  1133.970248  16.508133  0.043238  1.246052  0.062632
1452  956.290724  1069.314417  16.408941  0.036213  1.081021  0.076106
1453  1059.505521  880.633958  16.326920  0.037181  0.979465  0.093215
1454  1031.591424  987.439514  16.188025  0.038298  1.166630  0.111856
1455  1061.624422  950.543852  16.318522  0.066264  1.185265  0.043851
1456  1150.474629  1009.580790  16.231938  0.064560  1.104704  0.058046
1457  1073.450660  1072.910766  16.253978  0.084954  1.128961  0.038035
1458  910.174700  1059.007713  16.174031  0.035115  1.153777  0.058260
1459  1096.974889  1046.912143  16.191725  0.037097  1.155542  0.061231
1460  992.281743  1016.899953  16.180511  0.029629  1.290304  0.034195
1461  1100.781814  985.297715  16.130228  0.040584  1.211000  0.050352
1462  983.816786  1003.350323  16.224379  0.067681  1.171688  0.065636
1463  1028.011991  932.876390  16.024316  0.032505  1.255028  0.046547
1464  1132.985672  1007.909212  16.143820  0.070993  1.136170  0.054299
1465  1129.632809  1011.027538  16.046917  0.044584  1.169114  0.044867
1466  1181.194097  1020.206162  16.087523  0.047617  1.240247  0.074943
1467  1065.389036  966.940324  15.993859  0.050264  1.200076  0.042455
1468  1123.573780  1146.068214  15.822059  0.072966  1.075760  0.056528
1469  1169.030001  1033.906360  15.944898  0.053482  1.151748  0.047092
1470  1109.559357  920.566047  15.773957  0.033254  1.192357  0.031085
1471  994.666455  1051.502879  15.798595  0.078106  1.096828  0.072958
1472  1133.645496  1087.564042  15.567497  0.074002  1.060577  0.045013
1473  1123.474678  1126.503875  15.545731  0.046885  1.064413  0.030846
1474  940.299571  1086.690980  15.389106  0.046471  1.068186  0.026069
1475  969.183928  1097.135309  15.402279  0.033751  1.083526  0.041711
1476  983.858278  956.651397  15.287857  0.033709  1.066644  0.026134
1477  903.867904  1112.421253  15.367965  0.052544  1.027143  0.051959
1478  981.604741  1082.645443  15.260406  0.037011  1.093081  0.030250
1479  923.444060  910.458061  15.311449  0.034830  1.073486  0.037155
1480  922.518426  876.177142  15.256238  0.031364  1.032646  0.068482
1481  1177.056256  1151.624847  15.274749  0.067151  1.051346  0.057766
1482  1100.827402  905.216573  15.192008  0.037003  1.011341  0.080605
1483  1091.325686  1183.196508  15.075344  0.034894  1.100294  0.038224
1484  1031.217807  1204.328714  15.033300  0.069545  1.067073  0.094284
1485  1017.178214  1021.828588  15.125474  0.094083  1.006952  0.040048
1486  1023.891333  930.748273  14.919613  0.038932  1.031409  0.031952
1487  1036.262687  1059.078922  14.834788  0.029625  1.030655  0.025123
1488  1096.744059  862.651290  14.780352  0.059042  0.975916  0.032437
1489  1069.793731  937.284198  14.632250  0.034894  0.989533  0.022631
1490  795.510641  1087.207383  14.591540  0.024089  0.967932  0.041962
1491  1114.483732  1150.443008  14.493054  0.034386  0.942102  0.022174
1492  1073.034506  1082.039071  14.534259  0.035436  0.925092  0.036435
1493  942.837740  1116.041687  14.514469  0.025480  0.937061  0.022487
1494  1041.520046  1073.949225  14.396521  0.024861  0.954377  0.029512
1495  1020.340265  1015.211049  14.430282  0.034574  1.000601  0.060461
1496  1022.468157  783.847608  14.360440  0.041705  0.927936  0.029034
1497  1185.714565  991.383654  14.309743  0.032434  0.826108  0.064341
1498  1092.682260  1002.955244  14.228615  0.054823  0.872208  0.021568
1499  1008.937390  1004.611727  14.082791  0.026815  0.909026  0.024282
1500  998.467461  903.832228  13.818515  0.043528  0.821683  0.024144
1501  906.957353  1042.680361  13.883242  0.030133  0.852235  0.044180
1502  962.541773  1074.622607  13.866844  0.038956  0.797721  0.034456
1503  1001.509663  953.155174  13.715815  0.043685  0.857915  0.024544
1504  975.183729  1094.135030  13.648239  0.030148  0.952695  0.047206
1505  902.723727  974.108549  13.765891  0.034025  0.804181  0.038285
1506  1103.084257  1029.091389  13.609814  0.045410  0.773888  0.034819
1507  1168.323072  1045.580288  13.562718  0.056589  0.702606  0.043282
1508  1076.201288  1139.634565  13.485604  0.028492  0.737733  0.048688
1509  1148.271043  999.093084  13.426783  0.036935  0.756745  0.020199
1510  946.892165  956.067041  13.351445  0.019617  0.655371  0.044026
1511  929.480294  1074.997596  13.335413  0.022488  0.788639  0.029951
1512  931.442258  922.125967  13.251941  0.028284  0.713071  0.020658
1513  945.363067  886.040044  13.209197  0.025189  0.730459  0.035906
1514  1006.895165  979.010703  13.209030  0.023003  0.702473  0.035560
1515  1070.888735  1011.117650  13.019680  0.041342  0.659182  0.026126
1516  941.214372  1117.344973  12.998925  0.040774  0.689145  0.037361
1517  1135.713382  1123.138949  12.808135  0.018723  0.671187  0.057918
1518  987.637002  1060.115845  12.807457  0.033098  0.617461  0.026414
1519  1205.170790  1010.298962  12.671208  0.028344  0.609070  0.035061
1520  909.147832  1077.524316  12.658886  0.023813  0.624361  0.022546
1521  1078.734295  1120.241889  12.592401  0.026976  0.564650  0.053791
1522  890.545398  1050.715218  12.491779  0.029793  0.562222  0.035021
1523  1022.429962  1084.319826  12.379676  0.024160  0.556445  0.023302
1524  997.455299  999.363174  12.394006  0.031474  0.545319  0.037356
1525  1040.501862  1106.160169  12.226804  0.049507  0.563302  0.026118
1526  1052.624138  1059.998269  12.153422  0.030296  0.529451  0.039550
1527  1073.324380  1082.866094  12.152553  0.021897  0.546588  0.038887
1528  1082.176860  1047.261143  12.065764  0.036185  0.526731  0.042145
1529  1051.441254  1111.361495  11.962796  0.020706  0.521844  0.033907
1530  868.719350  1042.329805  11.879584  0.035061  0.430437  0.022824
1531  927.003341  1125.735485  11.763703  0.024661  0.420600  0.023489
1532  878.812303  865.111900  11.690081  0.017694  0.415694  0.021862
1533  957.799383  994.024899  11.673045  0.039091  0.425909  0.069321
1534  1089.986007  1097.711206  11.512493  0.026070  0.364832  0.033317
1535  1093.270610  1105.222595  11.467740  0.019834  0.387025  0.022891
1536  1054.137508  975.329505  11.293460  0.031530  0.359572  0.034869
1537  1022.538301  941.558825  11.280918  0.033390  0.434225  0.030072
1538  975.520809  1057.847849  11.168851  0.022509  0.397891  0.027314
1539  1008.194335  1076.740198  10.981414  0.058387  0.303422  0.031285
1540  1094.297088  1103.224279  11.044594  0.039664  0.305295  0.023360
1541  1086.085304  977.092260  10.888187  0.057613  0.179947  0.035650
1542  1039.804355  1084.248883  10.783858  0.019453  0.280967  0.040136
1543  1213.256704  1083.764142  10.742038  0.018147  0.240769  0.024710
1544  1049.781740  1176.223273  10.528502  0.033480  0.221501  0.036704
1545  992.585810  1014.212669  10.468900  0.039265  0.191086  0.024020
1546  1084.283433  922.457436  10.449674  0.040083  0.143232  0.028577
1547  1160.155832  1063.633039  10.284866  0.021916  0.198758  0.033428
1548  1066.803958  1030.534656  10.256330  0.047172  0.130439  0.030153
1549  1089.698017  967.614546  10.165811  0.024175  0.109148  0.020752
1550  925.479444  962.478490  10.092032  0.032264  0.069557  0.031137
1551  924.907110  975.871222  9.943427  0.017830  0.061184  0.021627
1552  937.170391  876.406784  9.878938  0.051029  0.064069  0.018781
1553  956.580454  1009.779118  9.779754  0.032756  0.065122  0.026290
1554  1075.602944  946.643866  9.649215  0.023787  0.003245  0.031751
1555  880.599777  971.659837  9.561204  0.030445  -0.070297  0.052416
1556  1181.463450  1163.707249  9.444774  0.056874  0.034941  0.028892
1557  1010.779054  917.420913  9.413703  0.018058  -0.066270  0.039809
1558  1086.642196  1090.080850  9.164504  0.027859  -0.046633  0.017505
1559  856.402698  886.243287  9.111628  0.027347  -0.076422  0.041113
1560  1025.795584  1041.976709  8.907039  0.025945  -0.031725  0.042017
1561  1045.235098  1072.184996  8.739005  0.029718  -0.080284  0.019608
1562  882.072187  940.594176  8.676537  0.026098  -0.117497  0.040552
1563  1185.278300  923.030938  8.500914  0.017092  -0.101736  0.024979
1564  1037.258015  991.171645  8.251230  0.023901  -0.033907  0.026427
1565  1050.309878  1100.011028  7.834140  0.020422  -0.093275  0.027445
1566  843.413852  979.660370  7.731573  0.023732  -0.128320  0.044703
1567  989.442744  1097.443308  6.916840  0.026294  -0.042184  0.037047
1568  929.678623  1143.134474  6.047898  0.022674  1.433364  0.023042
20  1653.186155  484.210640  7.174008  0.024311  -0.037760  0.039091
21  228.644807  601.516481  7.607531  0.023773  -0.141127  0.019767
22  1638.843753  889.306217  8.843911  0.030208  0.455768  0.031390
23  848.786956  300.017776  8.654475  0.032175  -0.046540  0.028904
24  1575.279911  170.680463  9.788076  0.018284  0.617197  0.017540
25  154.284482  258.129410  8.727323  0.019606  0.010708  0.019565
26  225.620131  1266.568946  9.575677  0.018278  0.213576  0.020905
27  890.834518  614.192627  9.001823  0.023079  0.037442  0.051488
28  315.390582  600.723566  9.857309  0.028302  0.445687  0.023374
29  1712.851048  366.917583  9.429314  0.031665  0.212818  0.031245
210  763.890890  160.548903  13.970784  0.053602  2.547979  0.024333
211  1257.203333  719.001760  11.693002  0.030477  1.248269  0.024718
212  205.173274  1209.236644  10.485214  0.021299  0.256854  0.026666
213  1236.634874  1581.090043  9.996025  0.032360  0.040684  0.026565
214  552.419513  1380.283204  12.284558  0.039652  0.829762  0.029691
215  866.710798  776.693806  12.857728  0.019329  1.289592  0.036914
216  1890.596509  264.754045  13.842092  0.031282  1.689662  0.031293
217  1627.666497  534.964392  15.528299  0.050415  2.645397  0.085461
218  751.665426  531.943687  12.888995  0.038373  0.872636  0.031620
219  794.799700  1941.864909  13.908153  0.028736  1.626547  0.051948
220  1843.130425  877.171642  16.111725  0.044879  2.806834  0.067600
221  1955.015114  509.330688  12.574265  0.021304  0.608599  0.039378
222  1301.514643  721.784329  12.263274  0.025976  0.555132  0.023820
223  344.573322  699.959223  13.071105  0.022331  0.608138  0.022508
224  1764.101529  890.610494  12.526559  0.029040  0.481179  0.043467
225  1990.206894  1180.184798  12.580229  0.018320  0.378929  0.034321
226  1629.592938  1301.263616  16.604671  0.040755  2.736568  0.047604
227  1046.624568  976.517126  12.345834  0.018673  0.269093  0.049643
228  1654.297528  1921.222042  17.126598  0.065031  2.912997  0.042906
229  1471.017640  240.462067  17.994250  0.060974  3.057804  0.065293
230  1232.993026  247.871834  12.805078  0.022303  0.341259  0.021290
231  645.972814  274.475859  18.415782  0.070324  3.404484  0.140937
232  1591.877698  1927.303654  16.217955  0.045820  2.070804  0.053254
233  1474.510504  1786.885372  14.499778  0.066534  1.261037  0.053859
234  1516.323647  710.374169  15.475028  0.045817  1.737968  0.053544
235  111.360091  853.621242  13.068531  0.029151  0.474969  0.029312
236  1618.939368  1859.821061  12.686551  0.042547  0.089351  0.018242
237  892.585145  462.737239  14.911554  0.032673  1.424477  0.036597
238  1921.709093  659.922737  14.071770  0.051685  0.641392  0.046194
239  1831.667260  10.245207  13.742057  0.046480  0.787194  0.021119
240  1703.503274  1112.722005  14.087637  0.025338  0.590858  0.028070
241  1074.315087  216.298435  16.441033  0.055156  1.780565  0.030694
242  560.889953  1603.364433  18.168231  0.137858  3.091234  0.138664
243  1493.586822  988.964111  13.809868  0.038442  0.588063  0.042168
244  1974.288818  467.490106  15.591548  0.033292  1.421141  0.036403
245  1652.749404  1439.423470  17.271716  0.063089  2.642982  0.088130
246  142.935891  197.671077  14.443871  0.070046  0.770296  0.040094
247  1136.930688  725.729793  15.048820  0.031284  1.358005  0.030545
248  1263.008328  550.877994  14.393719  0.026572  1.169239  0.033131
249  1441.541978  771.302172  13.741764  0.026108  0.799618  0.055437
250  435.882627  1376.744212  15.753011  0.055987  1.672145  0.044093
251  990.162225  1020.425220  14.012704  0.044798  0.582942  0.057973
252  486.352260  205.828492  15.549414  0.058359  0.977140  0.040541
253  1549.721597  703.716960  15.986191  0.028574  1.387278  0.062891
254  576.010452  327.652107  19.449607  0.125050  3.408707  0.133111
255  515.713314  1149.110873  14.815737  0.023443  0.694066  0.033707
256  679.366545  1187.902641  15.941234  0.050796  1.275908  0.066905
257  1946.608080  180.571193  14.321057  0.040735  0.568515  0.037468
258  332.504193  1726.444775  15.501913  0.027180  1.214479  0.026140
259  649.260356  1461.422090  15.125914  0.054572  0.796967  0.056182
260  823.730120  127.513112  17.674889  0.071750  2.436014  0.086786
261  1376.201090  798.203097  14.209353  0.084603  0.396641  0.044910
262  1599.345567  1637.005687  15.077431  0.034739  0.806359  0.077911
263  1222.851529  1170.244268  14.542201  0.024310  0.426208  0.032266
264  331.669955  28.842929  19.024199  0.082695  3.376263  0.081493
265  1566.406382  1025.777372  14.689863  0.058975  0.677506  0.045815
266  1612.099268  642.344763  17.891737  0.072195  2.331149  0.060437
267  1812.128643  1473.651262  18.411309  0.069282  2.704293  0.062967
268  1196.700187  1927.407489  15.315956  0.063184  0.738595  0.083150
269  1743.146157  1410.584800  15.489367  0.045080  1.018464  0.033346
270  168.235779  1614.748537  14.926012  0.027130  0.878968  0.059468
271  240.901349  771.353442  14.554251  0.025808  0.654853  0.044884
272  1124.108678  1267.798687  16.614096  0.086816  1.394655  0.064418
273  1825.948077  201.835372  16.050180  0.075619  1.714823  0.034495
274  944.938370  1781.328261  17.887350  0.085694  2.024098  0.074817
275  87.185404  2042.007574  15.772925  0.026983  1.012995  0.036872
276  1911.202887  768.873718  16.355775  0.055153  1.288763  0.064319
277  493.669887  972.923630  16.443007  0.069345  1.438283  0.067038
278  178.198800  447.853422  17.291455  0.109993  1.880974  0.063890
279  62.096858  1798.740220  15.656736  0.066162  0.742339  0.036541
280  425.181762  246.878806  15.798750  0.031068  1.339246  0.098335
281  1209.466655  1165.368279  17.910652  0.069362  2.048175  0.047315
282  1161.269863  215.560539  14.775590  0.035460  0.350709  0.032657
283  699.122095  1138.892619  15.312942  0.054358  0.389075  0.065987
284  66.452209  1542.504786  15.475998  0.032524  0.835388  0.035077
285  1450.723608  1078.062569  15.718903  0.062151  0.765817  0.066351
286  867.089652  1474.763881  17.436604  0.066559  1.920637  0.061785
287  1586.130906  959.409334  15.419955  0.055840  0.886973  0.061944
288  846.497181  543.920295  14.001244  0.038172  -0.041675  0.023960
289  1017.601745  1303.083217  15.714205  0.082430  0.711152  0.055613
290  678.553026  553.588164  16.011657  0.033632  0.962415  0.075206
291  139.346601  820.165583  16.146302  0.032318  1.001513  0.041006
292  1917.331358  273.737823  15.859310  0.029319  0.925981  0.068408
293  364.888404  1753.902969  15.545196  0.059018  0.709500  0.049950
294  1358.028462  2015.535650  17.465711  0.041371  1.867477  0.067403
295  741.105437  1886.552880  17.040850  0.055475  1.557260  0.089037
296  952.289184  810.469513  18.975808  0.101715  2.624604  0.094405
297  316.631166  1637.806761  18.802015  0.067695  2.666957  0.065407
299  997.369089  54.701385  19.947911  0.083093  3.394224  0.112667
2100  1423.705766  393.623722  15.483608  0.050952  0.332810  0.028617
2102  1600.681224  1226.368816  16.272545  0.056398  0.814284  0.029989
2103  850.258635  1137.748093  16.190887  0.063457  1.329928  0.073878
2104  1524.456707  1218.432854  16.891931  0.054519  1.181043  0.037415
2106  547.115395  627.981523  19.398244  0.132555  2.587256  0.099485
2107  1495.591919  864.364635  17.521314  0.057547  1.603878  0.056858
2108  1291.032932  1600.567160  17.944036  0.059248  1.946009  0.067665
2109  849.931910  1917.873233  16.355022  0.035036  0.944583  0.059105
2110  976.514792  706.340550  16.555758  0.068399  1.063878  0.073341
2112  1213.896729  1315.946218  17.664849  0.039849  1.520286  0.050930
2113  1709.156917  1244.766305  18.719065  0.077821  2.410281  0.148418
2114  161.650918  1655.945487  16.359483  0.064490  0.775511  0.059801
2115  944.635549  1155.333610  15.065208  0.029602  0.166524  0.034422
2116  1557.143538  456.996454  20.750555  0.262352  3.573496  0.154563
2117  1946.069209  1383.156744  17.839390  0.069857  1.645045  0.095735
2118  1527.917076  1931.881796  15.340521  0.055083  0.317461  0.028005
2119  1239.174155  1087.526108  16.916711  0.033929  1.195849  0.068756
2120  1127.834764  420.307998  16.279553  0.036078  1.030379  0.076450
2121  1000.457274  1233.418145  16.122322  0.068311  0.923938  0.053088
2122  459.748962  1919.132524  20.609507  0.232678  3.248745  0.150738
2123  1045.008916  1309.667949  16.456802  0.047855  0.888814  0.029288
2124  1263.348305  591.969683  19.252115  0.103563  2.453803  0.152688
2125  1717.034734  509.384578  17.379732  0.074764  1.504781  0.057955
2126  218.596694  1965.545680  19.553589  0.096290  2.605545  0.105403
2127  262.665549  1374.694881  15.608545  0.036860  0.251595  0.038919
2128  1181.737348  299.710141  17.626511  0.085866  1.548236  0.048679
2129  703.690941  1060.750443  19.449761  0.077530  2.442460  0.179612
2130  523.671097  591.782387  18.341968  0.079592  1.752234  0.072550
2131  1347.609876  468.773596  16.457621  0.060595  0.904564  0.039069
2133  1663.142282  778.542919  18.750998  0.140424  1.982017  0.086805
2134  508.656534  473.215208  19.007027  0.087662  2.514975  0.064605
2135  242.858204  1541.107536  16.684903  0.085387  1.060034  0.085859
2136  571.018852  1817.934810  15.456755  0.064364  0.591035  0.050732
2137  626.598817  952.930096  16.058021  0.031603  0.874945  0.041843
2138  1539.163032  1445.287718  17.278597  0.070921  1.104288  0.052522
2139  1026.260320  1137.547476  19.223580  0.067850  2.275120  0.087397
2141  1548.097122  419.245252  16.738050  0.036695  0.843108  0.056793
2142  1705.261805  942.043133  19.794850  0.127106  2.529395  0.183112
2143  861.796736  1889.998501  18.603617  0.066557  1.699588  0.122512
2144  1015.356846  254.805114  16.481533  0.034425  0.424424  0.079367
2145  957.825973  112.895630  20.068263  0.116913  2.745865  0.079557
2146  1460.508754  290.937401  16.458474  0.051661  0.613613  0.037535
2147  79.982149  2040.632412  17.731718  0.068902  1.389067  0.054155
2148  1160.253685  1431.546358  19.065686  0.112130  2.042710  0.106181
2149  756.368255  1317.223743  16.925438  0.080688  1.147418  0.043590
2150  1567.309491  1833.890905  20.388579  0.113409  2.714999  0.178099
2151  1760.886073  1713.250029  18.977242  0.096036  1.935484  0.229107
2152  1227.290237  1742.560667  17.478242  0.082805  2.126528  0.044534
2153  1783.508935  1536.738264  19.005950  0.061528  1.954718  0.119314
2154  487.393139  919.167948  18.483928  0.067740  1.510018  0.080618
2155  996.780542  162.569495  19.025663  0.128845  2.095739  0.120907
2156  571.028831  1318.835756  17.838758  0.046739  1.516501  0.051099
2157  1264.450372  440.852501  17.454930  0.038242  1.001199  0.076510
2158  803.655475  1721.445484  15.896514  0.065814  0.248730  0.047465
2160  1376.465722  235.538024  17.193981  0.097350  1.701503  0.057180
2161  870.711644  1118.348451  18.533415  0.064672  1.893684  0.052979
2162  1278.049542  939.268073  17.285464  0.046198  1.148268  0.038214
2163  804.991260  784.168590  17.155147  0.043888  1.217167  0.108938
2165  876.558381  1827.135939  17.269609  0.064459  1.946910  0.047476
2166  1521.318328  393.172287  15.027007  0.030656  -0.172874  0.048220
2167  1049.439747  966.745914  17.514764  0.050294  1.288801  0.104465
2168  429.735001  817.928582  17.041330  0.038192  0.910934  0.058963
2169  1233.120757  414.477823  16.552328  0.039215  0.544617  0.085705
2171  1185.371798  1861.924716  18.514956  0.050244  1.859486  0.054265
2172  1655.870571  1746.403837  18.081047  0.059868  1.464872  0.104333
2173  334.736145  1825.528533  19.905556  0.129483  2.742093  0.123704
2174  1369.194338  1889.195565  16.905832  0.046392  1.104619  0.050325
2175  1381.733133  1017.557304  16.666082  0.040631  0.932381  0.040770
2176  1190.538240  71.737455  17.561156  0.045369  1.175406  0.056812
2177  907.025682  1423.185378  17.007189  0.057008  1.071685  0.055639
2178  1775.082951  164.588193  20.156785  0.114669  2.966843  0.161156
2179  325.065693  1440.830996  19.033324  0.071540  1.902654  0.142458
2180  752.180594  1839.482552  19.057691  0.200524  2.240708  0.126691
2181  9.220328  1169.341461  18.544138  0.073418  1.823845  0.078723
2182  99.937490  474.972567  18.342993  0.078575  1.526117  0.049101
2183  260.848104  1631.779568  17.890444  0.084799  1.560795  0.076675
2184  1198.069907  1732.821334  17.435173  0.048105  1.214794  0.111887
2185  1887.354313  1503.682382  18.935629  0.068566  1.809049  0.099728
2186  1304.881630  1915.038991  16.539029  0.037791  0.587130  0.039949
2188  1882.371288  1723.522372  20.257529  0.168972  2.881560  0.130240
2189  65.907054  1799.525934  16.900175  0.044268  0.951736  0.046348
2190  304.634675  583.529248  19.815385  0.099386  2.281775  0.149484
2191  1930.453916  589.368102  18.071649  0.062403  1.533444  0.084193
2192  1435.840721  781.434370  17.054978  0.038200  0.473598  0.102982
2193  424.269424  583.232797  20.424880  0.131633  2.506121  0.178797
2194  1476.370255  1152.154794  17.696420  0.099191  1.038545  0.039894
2195  857.191067  2006.152167  18.571048  0.110210  1.590544  0.174807
2196  261.901162  1789.709178  17.684881  0.065756  0.789200  0.062139
2197  1154.457993  990.348652  16.290475  0.032953  0.152337  0.074819
2198  1956.579745  1501.321256  20.282729  0.083222  2.396742  0.137473
2200  1923.057045  930.916596  17.112738  0.043944  0.660631  0.034579
2201  82.563486  327.642784  18.933833  0.099761  1.708667  0.174953
2202  587.100885  1517.067031  19.050753  0.098207  1.526995  0.077440
2203  1088.912653  1741.500691  18.114863  0.049724  1.333812  0.099749
2204  1137.450491  593.774532  18.799814  0.097248  1.511966  0.058592
2205  522.212953  814.899608  17.745629  0.074383  0.840025  0.057310
2206  1215.681854  1945.576407  20.740164  0.120589  2.822469  0.265535
2207  1968.645895  282.300040  18.605878  0.174882  1.647632  0.068097
2208  507.513062  948.121208  18.626805  0.075099  1.621413  0.103582
2209  435.343972  405.376798  17.307074  0.044992  0.883530  0.056642
2211  1363.660321  632.237260  17.031903  0.065920  0.649748  0.093869
2212  824.927716  1413.845851  18.354639  0.073269  1.186971  0.076869
2213  1496.029557  806.672748  20.496126  0.167264  2.542652  0.131450
2215  458.108254  1737.337409  21.230166  0.217656  2.882264  0.144760
2216  1985.761991  96.037883  18.529731  0.061739  1.263768  0.073664
2218  1572.246575  973.165580  19.876764  0.102987  1.978576  0.178497
2219  1223.599204  1416.157866  16.640215  0.045131  0.409460  0.058160
2220  1568.880988  1468.994501  17.204306  0.095441  0.574832  0.039685
2221  1339.366208  1698.419222  18.423626  0.148342  1.548842  0.080728
2222  484.047091  1385.424618  18.449664  0.054942  1.153642  0.062743
2223  237.958696  1701.435253  19.052568  0.063161  1.946177  0.060924
2224  1079.849966  1309.315789  17.111984  0.046369  0.616384  0.041503
2225  1307.563584  196.185522  19.679777  0.101131  2.094727  0.159144
2226  4.796917  1946.467415  16.397386  0.037666  0.244751  0.065454
2227  1709.423870  827.262722  19.716149  0.153739  1.791421  0.131888
2228  36.480611  702.092338  17.678980  0.107072  1.441257  0.087005
2229  519.129675  1196.632860  17.830672  0.054467  1.020213  0.055897
2230  563.837580  1393.141535  18.375893  0.052841  1.442233  0.060207
2231  992.235205  755.192367  16.692685  0.048633  0.513313  0.042992
2232  294.749025  1626.491839  17.504559  0.038600  0.804065  0.061166
2233  824.981787  1296.797256  19.060402  0.114093  1.537478  0.136681
2234  635.105693  796.513056  21.692794  0.189612  3.351760  0.161478
2235  1326.286962  708.182633  18.006099  0.044084  1.181763  0.085519
2237  1082.832883  546.017476  17.221095  0.113245  0.803133  0.036738
2238  727.744297  1279.034980  18.740527  0.084470  1.411645  0.055282
2239  1389.829288  181.384702  20.186073  0.098356  2.302172  0.112731
2240  1789.226833  931.235437  18.216342  0.079901  1.201649  0.097259
2241  1651.350607  797.217838  18.825843  0.074260  1.675725  0.087506
2242  791.934086  1439.274450  16.761408  0.043506  0.257846  0.040885
2243  1279.125582  866.487121  18.521131  0.078516  1.246473  0.062378
2244  1133.060342  26.259892  17.251254  0.076752  0.627589  0.057607
2245  892.129244  276.362828  17.943392  0.060620  1.258569  0.090619
2246  1434.124421  901.055212  21.038342  0.116210  2.803538  0.138424
2247  895.472456  1345.238935  20.310146  0.307387  2.437212  0.097203
2248  1585.384537  1636.851874  17.813317  0.104728  1.090033  0.100284
2249  165.521906  1314.659714  19.962589  0.176205  2.185211  0.131201
2250  1220.737388  1752.470519  17.880363  0.048864  1.075458  0.085640
2251  1618.173206  945.015577  18.320724  0.045970  1.658227  0.115625
2252  67.484417  1946.686646  16.435044  0.043026  0.267531  0.033636
2253  975.853084  1760.524975  17.887879  0.105000  1.862796  0.048511
2254  808.594790  28.043240  18.186722  0.079179  1.242394  0.078029
2256  1824.472482  552.237013  18.728129  0.068119  1.210267  0.142506
2257  19.083878  1019.648405  18.051621  0.088796  0.795252  0.069597
2258  1892.847363  663.362473  16.997918  0.044255  0.386236  0.036429
2259  514.432737  1959.032366  18.937508  0.194725  1.050060  0.125567
2262  1829.310513  1871.676127  19.624209  0.072781  1.765110  0.094326
2263  1864.043923  713.067810  18.552550  0.051713  1.080659  0.148115
2264  792.784954  1023.233340  18.709758  0.074206  1.668737  0.152490
2265  959.418602  1346.866445  20.458677  0.163129  2.027913  0.193361
2266  322.028327  1990.269748  20.137887  0.087358  2.275007  0.200822
2267  8.063179  265.346434  19.373358  0.139281  2.121864  0.090937
2268  675.454584  1380.629533  21.005008  0.198115  2.740870  0.209485
2269  297.605179  1698.416409  18.579042  0.095522  1.553000  0.067925
2270  950.765781  1595.723572  19.621503  0.209340  1.441001  0.076820
2271  265.897499  142.664595  19.238723  0.074318  1.625731  0.080138
2272  1550.111960  376.586765  19.119160  0.113159  1.607590  0.083358
2274  171.112160  1072.578766  18.739859  0.057045  1.164515  0.154109
2275  1445.791653  268.480447  19.224146  0.127685  1.465205  0.123604
2276  96.687103  1378.738056  19.306513  0.199159  2.583617  0.072116
2277  24.215268  1723.692581  19.233629  0.070498  1.487317  0.099599
2278  992.916489  556.929535  19.040675  0.089977  1.428288  0.079678
2279  604.173924  1493.660241  18.443495  0.117898  1.259117  0.061262
2280  909.576889  1084.716737  18.524970  0.047695  1.236507  0.162663
2281  566.362556  954.953340  18.895959  0.056232  1.398322  0.082184
2282  946.249063  1814.418470  19.310182  0.108664  1.620068  0.071742
2283  899.801455  1643.879582  19.530919  0.065254  1.487390  0.065847
2284  1673.267663  1624.531761  18.718330  0.073071  1.248754  0.073056
2285  1123.261811  311.218226  18.605100  0.080653  1.456608  0.088711
2286  1131.222700  1458.504898  20.801871  0.102400  2.344517  0.129352
2287  1696.019153  552.489984  18.680283  0.051481  1.659061  0.143457
2288  791.328309  1995.128600  18.814918  0.094987  1.953854  0.118817
2289  989.179077  311.290438  19.527251  0.139567  1.765676  0.148331
2290  44.066820  129.797950  18.349014  0.057520  0.840743  0.071963
2291  431.987741  1732.881281  16.630434  0.040294  0.101051  0.046898
2292  1684.205558  523.821716  21.287610  0.367870  2.208447  0.153276
2293  201.963567  1690.019461  18.383402  0.053524  1.272468  0.053853
2294  573.403008  1188.907483  19.468972  0.075177  1.632557  0.075572
2295  1680.305309  962.442941  18.799377  0.066562  1.261310  0.067458
2296  817.205882  150.036619  19.786850  0.155843  1.774770  0.223246
2297  726.411562  413.226523  17.988423  0.059103  0.798704  0.051370
2299  1775.174489  326.544071  18.728106  0.082099  1.737017  0.081234
2301  1453.719490  1989.821898  18.918389  0.107004  1.236934  0.070018
2302  1862.860942  752.793055  17.829535  0.103198  0.657943  0.066703
2303  1255.729310  1720.712482  19.267192  0.134141  1.728435  0.071361
2305  224.171872  1632.215734  19.861774  0.121526  1.936650  0.124821
2306  1648.245995  1268.547590  20.584921  0.101995  2.087769  0.212587
2307  915.525243  923.820017  19.099409  0.075385  1.655916  0.056291
2308  1568.588021  1673.550755  18.541082  0.105815  1.200620  0.053716
2309  21.635909  1411.109765  19.120732  0.092345  1.424795  0.121437
2310  911.823707  1966.202197  19.292401  0.169622  1.381580  0.113997
2311  1241.860717  405.814418  16.820231  0.052154  0.013008  0.072639
2312  993.354654  256.596387  18.422223  0.070663  1.292189  0.085977
2313  367.449895  566.800297  18.830470  0.167195  1.284270  0.066889
2314  865.398002  401.164296  18.767773  0.094893  1.387218  0.076409
2315  398.162604  967.533073  17.687788  0.075638  0.392951  0.049325
2316  790.590558  732.524421  19.570565  0.184231  1.724409  0.156100
2317  1773.382568  687.994272  18.726829  0.073397  1.437225  0.060634
2320  1808.838919  537.203867  19.108638  0.146175  2.052265  0.119238
2321  1831.680137  901.885348  19.233683  0.078391  1.660626  0.071864
2322  1090.083334  817.433320  20.646591  0.285210  2.307166  0.116464
2323  1232.706113  1155.344326  19.480687  0.104919  1.367740  0.223134
2324  105.140924  1899.768799  17.720035  0.043247  0.758538  0.041317
2325  1857.453022  305.251301  20.467170  0.175201  2.308204  0.225747
2326  232.571148  292.830764  19.076150  0.156234  1.187060  0.191325
2327  1530.727551  1763.351105  18.529754  0.092400  1.019974  0.129640
2328  976.580479  17.367767  18.591186  0.085084  1.405004  0.081485
2329  1000.126498  100.505739  16.853929  0.069810  0.095148  0.034692
2330  154.242783  458.461954  19.448741  0.090714  1.534478  0.084558
2331  1448.830629  680.858402  18.960430  0.100375  1.483929  0.125410
2332  1467.538283  146.598010  18.101879  0.137966  0.954909  0.093905
2333  584.897711  1835.183381  20.634225  0.133007  2.277296  0.122186
2334  1969.061380  1483.637208  20.482406  0.102601  1.966940  0.092979
2336  1234.612617  1047.400072  18.826946  0.094166  1.389885  0.120014
2337  938.203629  347.697819  18.714012  0.129195  2.146644  0.081448
2338  2018.659529  601.807041  18.356806  0.045715  1.102503  0.050604
2339  1242.635872  836.288037  19.049524  0.186732  1.757255  0.097388
2340  1486.004939  1828.139195  18.114257  0.088093  1.034794  0.072490
2341  2035.668168  1215.792490  16.814829  0.061535  0.180008  0.037361
2342  347.651478  51.284357  19.233947  0.076458  1.856222  0.073554
2343  556.772025  1031.370700  20.270593  0.086279  2.177623  0.109684
2344  1087.648224  1135.984748  18.324752  0.050655  1.073690  0.070485
2345  544.889763  1938.368786  18.509981  0.089381  0.901423  0.076746
2346  1215.928846  229.142997  18.124318  0.112223  0.926677  0.099142
2347  1747.614088  934.573997  17.685735  0.063188  0.718429  0.066444
2348  697.097371  1474.706948  17.859819  0.100101  0.591371  0.105211
2349  1225.140308  756.932166  18.852518  0.061710  2.435912  0.064243
2350  74.935362  964.143595  18.876437  0.099393  1.475829  0.073186
2351  1594.792967  676.915834  19.706714  0.069905  1.535321  0.101236
2352  1534.899094  369.996481  20.354120  0.174695  2.246686  0.122480
2353  154.983932  1596.692375  19.344403  0.094744  1.303557  0.139693
2354  1936.330177  952.946966  18.832033  0.095071  0.788879  0.057306
2356  1681.070895  476.827673  19.817879  0.105036  1.678388  0.080608
2357  1929.589500  254.900970  20.708961  0.142810  1.802404  0.149750
2358  1105.972351  1831.566324  19.459985  0.147134  1.543539  0.146444
2359  197.495071  1611.023677  19.577850  0.162371  1.278888  0.073438
2360  1929.327356  426.278356  19.485216  0.253001  1.415251  0.240622
2361  77.071893  1484.951864  18.331233  0.057095  0.364533  0.104482
2362  1995.041003  1764.641584  19.631339  0.073106  1.413592  0.072892
2363  1067.136436  1888.023197  19.572580  0.135048  1.595556  0.069066
2364  152.143137  32.932796  19.184068  0.103334  1.522648  0.189616
2365  1688.767581  198.350477  20.022430  0.163427  1.588938  0.100240
2366  866.095413  1028.230901  20.448701  0.107272  1.639647  0.096415
2367  1220.933958  143.306602  19.401805  0.105938  1.027200  0.103942
2368  1869.171124  414.431809  19.740617  0.106148  2.169729  0.125432
2371  906.360770  1261.244370  18.263312  0.108229  0.431917  0.073611
2372  388.969087  895.270705  19.573022  0.172147  1.661515  0.094906
2374  316.254195  1033.887765  20.318932  0.089822  2.019014  0.134506
2376  1642.656390  1950.830267  19.434792  0.086402  1.990847  0.142209
2377  596.809037  324.544650  18.838489  0.098572  0.897132  0.075050
2379  963.492022  182.245433  19.518674  0.094021  1.275110  0.067132
2381  171.178641  1699.680720  20.467504  0.175721  1.760088  0.147616
2382  1827.175676  1096.710375  19.983591  0.115318  1.624052  0.094031
2383  1489.551085  1359.318965  20.713171  0.150136  1.851498  0.108488
2384  564.598179  1118.946200  20.695368  0.113873  1.730888  0.094656
2385  1063.015727  1728.492753  19.988401  0.123618  2.695028  0.147342
2386  1285.515066  916.139833  19.632383  0.082639  1.657015  0.121175
2387  664.205256  1454.037736  18.467935  0.092708  0.577194  0.078404
2388  1076.997093  2019.786439  19.270418  0.060643  1.150048  0.114959
2389  143.527493  594.353609  18.144248  0.100180  0.643605  0.125398
2390  50.785291  881.951127  19.610606  0.083199  1.268773  0.078214
2391  546.287158  25.398588  19.619368  0.098531  1.121793  0.152761
2392  923.466306  310.020174  19.634447  0.121151  1.397357  0.135261
2393  992.715073  1167.609850  20.185163  0.112128  1.829721  0.336378
2394  1521.772367  1092.272424  19.814499  0.192826  1.421017  0.261746
2395  1169.955949  693.804660  19.991630  0.089433  2.661615  0.130647
2396  436.480078  798.146612  19.933726  0.128972  1.445839  0.120675
2397  151.504053  7.662904  19.945458  0.123859  1.457549  0.083537
2398  1306.009943  1271.326663  19.521960  0.120183  1.332110  0.117380
2399  708.623210  1162.653981  17.963256  0.072260  0.260895  0.042349
2400  214.495482  1386.632598  19.398722  0.129990  1.485813  0.087852
2401  455.198030  353.276062  20.292420  0.135246  1.559413  0.161576
2402  1479.614419  2003.993747  19.048225  0.104342  1.153586  0.058516
2403  1543.317386  872.359641  19.801206  0.271374  1.697605  0.133013
2404  661.679023  175.380891  19.384093  0.125292  1.189909  0.102629
2405  1038.171314  1342.768204  18.621113  0.165029  0.912462  0.073266
2406  19.557038  1645.260354  19.954945  0.085497  1.664238  0.092917
2407  242.598948  1613.043962  20.016227  0.101311  1.556574  0.143575
2408  1406.542324  435.297764  20.390341  0.224138  1.404775  0.216471
2409  505.829220  397.395074  20.584542  0.172024  2.350265  0.221813
2411  278.016461  1254.910846  19.886374  0.116094  1.472889  0.127859
2413  428.573441  1454.100362  19.679261  0.081758  1.304282  0.167833
2414  354.235279  1956.256471  19.214687  0.095438  1.311488  0.150930
2415  1621.837759  1756.679625  19.328697  0.090696  1.408932  0.110830
2416  1676.561619  716.480872  19.383031  0.088526  1.696124  0.108539
2417  1158.445446  950.417227  19.591711  0.076191  1.340330  0.065787
2418  535.919193  1075.468948  17.321843  0.050362  0.095070  0.063819
2419  728.891679  420.611200  19.833523  0.104252  1.580253  0.096729
2421  1256.634527  1648.134311  19.384749  0.149021  1.864740  0.112961
2422  1472.493373  1326.288962  19.969424  0.088858  2.517750  0.196780
2423  1211.443513  1674.950112  19.716314  0.100166  1.717012  0.176780
2424  1940.826432  178.415870  20.942399  0.144955  1.960300  0.141081
2425  176.480854  1181.536725  19.903511  0.126512  2.721406  0.092494
2426  1714.056909  506.042589  18.949406  0.057729  0.866629  0.112850
2427  1547.422004  1208.546536  20.086392  0.089832  1.853906  0.224459
2428  702.002199  491.355190  20.244315  0.156877  2.011223  0.168852
2429  1011.105291  707.179924  19.590177  0.158721  1.296440  0.092563
2430  1952.030968  934.002959  18.628783  0.094260  0.603686  0.076261
2432  317.358620  1236.977371  19.599767  0.144476  1.519191  0.085395
2433  1692.868002  1698.748678  19.561594  0.211415  1.672202  0.192350
2434  1153.389016  229.639455  20.264695  0.135282  1.654022  0.138957
2435  5.457581  990.524856  19.168593  0.189186  1.052608  0.073667
2436  411.333890  1054.068557  18.051716  0.075313  0.129823  0.079190
2437  1272.849846  1798.993324  18.500487  0.068749  0.646582  0.110080
2438  738.080805  499.081357  20.028621  0.120364  1.382223  0.214667
2439  958.258167  1285.642616  20.404994  0.115190  1.971051  0.156402
2440  367.632608  1374.645423  20.128316  0.117705  1.724863  0.114352
2441  935.232453  1140.888475  19.306244  0.212651  1.776193  0.108226
2442  1870.475998  1715.349360  19.805423  0.146938  1.511263  0.079697
2443  310.565136  326.764689  19.708666  0.131090  1.509150  0.084585
2444  1761.647175  782.176517  20.818842  0.139711  2.031561  0.235374
2445  267.172199  1309.287457  19.340337  0.075856  1.302402  0.118569
2446  66.394446  302.181472  19.754505  0.110415  1.464741  0.107288
2448  353.631166  1634.904056  18.775196  0.092146  0.980788  0.076054
2449  502.668160  857.190656  20.722617  0.154251  2.076824  0.104774
2451  398.161576  479.163808  19.475720  0.168999  1.479545  0.101469
2453  533.805253  1623.284206  19.872768  0.118075  2.136057  0.117988
2454  1473.047247  816.774119  20.059997  0.111024  1.623549  0.124029
2455  335.732213  1708.072826  19.643135  0.117218  1.842956  0.075647
2456  591.160805  1338.329055  19.387417  0.078422  1.275656  0.112392
2458  466.829775  1836.072882  20.781110  0.155193  2.058078  0.129049
2459  252.574760  205.861588  19.563066  0.068287  1.448528  0.098435
2460  638.297330  907.900469  18.275878  0.068558  0.409420  0.113550
2461  410.128619  1022.586423  19.937273  0.111708  1.469332  0.114998
2463  942.906521  297.091575  20.120183  0.084507  1.738997  0.241710
2464  1346.329627  1464.831265  20.279302  0.108487  1.956632  0.179267
2465  905.314186  713.255388  20.064729  0.112433  1.495576  0.116632
2466  416.892839  1744.451666  20.238690  0.182617  2.524567  0.090910
2467  1065.167490  1206.727172  19.885062  0.073794  1.315974  0.084686
2470  1580.126241  839.508340  19.474180  0.165776  1.444581  0.110614
2473  1702.740426  855.982945  19.717896  0.152549  1.913422  0.108017
2474  1657.311619  1951.902608  20.701742  0.105484  1.881336  0.153791
2475  1562.077092  688.895536  20.333977  0.175571  1.803423  0.125683
2477  1750.440733  173.992266  19.714864  0.153129  1.025164  0.080919
2478  1731.358459  862.872992  20.377513  0.199832  2.158988  0.115751
2479  1394.185175  551.723978  19.277641  0.142326  0.998975  0.109126
2483  812.808673  1458.930616  19.032621  0.168065  0.493039  0.056273
2484  679.205759  1936.718363  20.605678  0.116301  1.727342  0.240579
2485  603.742271  73.467734  20.531896  0.182079  1.806495  0.111201
2486  255.224206  1362.453350  18.618753  0.094170  0.604695  0.051616
2487  1457.230587  591.236484  21.142030  0.153500  1.587812  0.183826
2488  497.106686  843.558246  20.209953  0.110392  1.325164  0.146755
2489  193.547850  1002.940487  19.913926  0.136313  1.328738  0.098316
2490  1972.297042  971.806455  20.765889  0.168400  1.738147  0.318866
2491  1586.197309  852.249236  18.566152  0.058241  0.615896  0.092561
2492  1036.288035  1233.329281  18.089506  0.067101  0.041718  0.043765
2493  947.516847  1783.801632  20.819736  0.134520  2.169032  0.146522
2496  364.161753  581.261209  21.317904  0.177573  1.754594  0.140304
2497  83.291285  1316.851400  20.084544  0.160540  1.502034  0.158060
2499  1953.644935  1513.669152  18.810248  0.068765  0.511796  0.060392
2501  706.796275  467.734841  20.066140  0.114068  0.911109  0.159143
2503  933.890235  1691.776039  20.777869  0.096119  1.892378  0.209539
2504  689.860898  1924.541492  20.576995  0.196857  1.748156  0.154148
2505  952.788604  8.048883  18.014724  0.062470  0.098861  0.083550
2506  726.421144  1849.109365  21.005060  0.230017  1.890248  0.169488
2508  1141.035009  1431.316627  20.195061  0.210830  2.330153  0.155091
2509  174.342172  1364.714952  18.683098  0.118386  0.628034  0.073571
2511  327.687192  522.825912  20.422688  0.137352  1.390192  0.118629
2512  1849.036255  421.378827  19.822695  0.188218  1.263960  0.124114
2516  593.625552  870.249148  19.302662  0.102968  0.833018  0.097829
2518  805.556933  1514.191082  20.102741  0.112830  1.873837  0.153972
2519  2005.931800  535.153807  19.579367  0.071870  1.100808  0.108059
2520  1846.461838  889.072069  19.334521  0.110058  0.992805  0.114219
2521  1673.409419  220.857015  21.094938  0.189679  1.613029  0.150604
2522  1713.843517  1930.980849  20.636626  0.109506  1.749742  0.155921
2523  1466.225666  1574.652925  20.911931  0.121702  1.843112  0.209865
2526  1186.650055  796.625381  21.430520  0.242980  2.328282  0.156593
2528  793.704131  1704.235917  19.508603  0.078238  0.585841  0.115528
2530  1321.472323  2.627615  19.841222  0.097882  1.122340  0.203385
2531  1243.327524  152.399121  19.919816  0.126181  1.382893  0.099241
2532  1750.064456  441.397500  20.492058  0.276512  2.090527  0.124515
2533  2002.270720  1339.734917  19.148927  0.144086  0.634183  0.078255
2534  1941.886666  815.967290  19.072579  0.212753  0.418725  0.142295
2535  1822.702518  1258.473064  20.793333  0.104899  1.556335  0.169290
2536  1611.325507  1100.202868  20.873430  0.198616  1.754894  0.234684
2539  1431.027475  850.277342  20.370630  0.181046  1.353904  0.155352
2540  1428.916286  1113.502526  19.381008  0.064553  0.746801  0.103896
2541  623.933872  1908.825897  19.975025  0.174299  1.379579  0.125712
2542  1985.126649  1607.161226  18.984900  0.109906  0.615759  0.115651
2544  407.697188  927.854952  20.348228  0.102547  1.290440  0.196547
2545  912.777203  69.591660  20.388353  0.159761  1.195573  0.188119
2546  1582.361466  242.730312  19.625690  0.175827  0.747574  0.180032
2547  1338.096978  245.230684  19.813746  0.139195  1.191400  0.114717
2549  947.097231  628.261541  18.550734  0.068982  0.200415  0.076091
2550  407.282176  1253.920890  20.698869  0.138232  1.470494  0.124197
2553  1787.281077  429.675642  19.938102  0.176123  1.054857  0.124743
2554  28.618182  199.941661  18.903372  0.120119  0.758126  0.091777
2558  680.635863  1343.320048  20.052032  0.087690  1.475122  0.220705
2559  1330.180259  798.911952  19.314262  0.068491  0.890311  0.130779
2560  362.421197  1318.280985  20.606737  0.204853  1.356439  0.104114
2562  137.717826  485.346937  18.890185  0.060313  0.852176  0.205963
2564  1274.094277  128.442650  21.204291  0.171567  1.614722  0.244297
2567  940.088723  1305.573022  20.395398  0.116360  1.694465  0.298803
2568  1930.014785  1299.819011  19.333761  0.097260  0.904927  0.113330
2570  1867.654129  1332.060591  20.000826  0.240780  1.596588  0.170672
2571  1251.080977  386.417112  19.695200  0.174140  1.377285  0.099916
2574  79.136335  644.270720  20.492848  0.247423  1.434757  0.132781
2576  673.942596  1661.445516  17.998187  0.042140  0.012211  0.055365
2577  769.582964  104.790560  20.769976  0.130920  1.446855  0.100909
2580  143.146600  982.656363  20.546765  0.127112  1.616930  0.105180
2584  1598.600392  1134.325306  19.629453  0.129920  1.030263  0.095477
2585  506.432524  799.200741  20.221522  0.118373  1.800418  0.175890
2586  1039.135265  1990.926487  20.551987  0.148224  1.378661  0.216472
2588  868.094035  357.824588  20.329487  0.207538  1.489502  0.151766
2589  1068.569022  1333.429863  20.270210  0.139322  1.312055  0.150034
2591  436.576699  484.118793  19.722171  0.103573  1.309549  0.078689
2592  1500.691482  1064.512257  20.248571  0.152161  1.390772  0.091278
2594  1817.186176  1031.542473  20.831622  0.217048  2.026684  0.307589
2595  46.154779  125.703468  21.140590  0.174192  2.490234  0.160803
2596  992.892650  1741.521789  19.240036  0.113208  0.966277  0.100169
2597  78.690229  436.431267  20.304719  0.251996  1.139417  0.205195
2598  415.360455  1732.921570  19.974493  0.240205  1.437146  0.201847
2599  1344.687038  1855.949806  19.777451  0.123732  1.344892  0.119310
2600  612.647697  315.672937  20.592364  0.119452  1.426756  0.129123
2601  540.833368  1114.960419  18.143817  0.102978  0.152229  0.107424
2602  420.322721  934.677169  20.515717  0.123870  1.492295  0.131873
2603  434.656098  207.519697  17.712667  0.070631  -0.107936  0.041625
2605  327.707952  1902.023677  20.286257  0.099967  1.422839  0.191576
2608  1995.601658  1716.023170  20.966929  0.116497  1.576540  0.234402
2609  1719.997550  322.222075  20.414247  0.193084  2.538218  0.185602
2611  321.318337  1126.086228  20.337866  0.101545  1.501365  0.145715
2612  1440.441194  226.228786  20.655189  0.119875  2.260603  0.215345
2613  588.718074  1873.351285  19.911144  0.152065  1.386268  0.097540
2614  1109.029193  29.659898  20.207125  0.121546  1.062750  0.208473
2615  218.781983  680.371274  19.419003  0.115028  0.695543  0.117227
2617  373.823731  1725.316236  20.391305  0.090718  1.559306  0.159197
2618  1681.748466  1732.999571  20.433777  0.214131  1.292299  0.107197
2619  1548.428084  768.362811  20.453202  0.240804  1.515138  0.102778
2620  702.660418  871.580692  19.579734  0.067376  0.856644  0.070917
2623  1097.703932  347.903848  20.710908  0.145061  1.492671  0.122737
2624  133.347980  415.602802  20.371408  0.305751  1.463140  0.199186
2626  2017.452648  1540.527399  20.866883  0.285975  1.539583  0.142850
2628  676.142437  1382.700073  19.988414  0.090704  1.221125  0.177302
2630  220.546518  1135.965924  19.885100  0.080856  1.627453  0.087694
2631  817.428105  933.620145  20.737455  0.140231  2.158468  0.156255
2633  1458.278289  7.538667  21.007481  0.148176  1.953378  0.117474
2634  1752.474201  450.740729  20.851486  0.105213  1.550275  0.176859
2636  618.701621  495.695646  20.432768  0.145233  1.619923  0.117375
2637  1017.405975  1363.529338  20.196222  0.108533  1.645521  0.092779
2638  886.898855  617.373022  20.671931  0.170232  1.510560  0.168746
2643  231.571017  1955.654182  20.523892  0.194175  1.196818  0.102451
2646  1167.320079  647.703109  18.699278  0.218278  0.246898  0.092764
2648  771.419166  613.664635  20.871329  0.138959  1.281512  0.149848
2655  533.656521  975.061264  20.224060  0.111560  1.183754  0.224495
2656  448.424817  24.937531  20.393608  0.139274  1.071435  0.213309
2660  1328.693967  784.298627  21.125060  0.154282  1.660620  0.196059
2677  1423.965226  1879.832332  18.795232  0.072373  0.072720  0.141470
2679  1380.244610  360.479541  19.723573  0.098185  0.793190  0.091979
2690  998.192837  186.880510  19.925932  0.089403  1.032914  0.194517
2693  964.006826  1409.956491  20.971651  0.187613  1.495612  0.168752
2696  433.697278  990.873788  20.645791  0.136267  1.473743  0.141747
2705  1108.698092  1799.633656  20.753637  0.294883  1.953931  0.125454
2706  1585.409944  640.493337  20.857592  0.101598  0.995141  0.095608
2714  1260.332556  1599.802808  19.474333  0.086572  0.734331  0.121109
2716  1743.606104  1867.263515  18.935075  0.073663  0.121143  0.066489
2718  1473.919316  489.257608  19.591623  0.092644  0.192117  0.142246
2720  162.206237  48.651415  20.678226  0.188795  1.165975  0.093906
2726  1460.372913  516.431475  20.631931  0.119253  1.411705  0.155497
2731  2.356075  500.762689  20.289724  0.241783  1.070212  0.167272
2734  861.948551  2045.933709  20.306742  0.237065  0.885945  0.110899
2735  793.692450  1009.166603  20.739596  0.183137  1.286605  0.200125
2743  249.590428  499.080462  19.790395  0.097659  0.566458  0.212100
2746  1655.651549  363.455156  20.125738  0.132778  1.053960  0.114066
2749  217.799756  131.119362  21.155003  0.140119  2.107245  0.299775
2750  1203.453486  574.275758  20.986825  0.148121  1.642663  0.203884
2751  1118.324924  1089.659580  20.935315  0.285106  1.858660  0.208395
2753  1528.757154  697.725748  20.129056  0.138518  1.240444  0.135982
2756  246.744428  1618.972292  19.948308  0.160587  1.244073  0.186249
2758  699.611873  1365.672071  21.044241  0.359236  1.407750  0.119098
2762  1732.546904  1671.532432  19.790723  0.139393  0.867775  0.084273
2765  709.488728  1980.008164  20.060969  0.135784  0.713009  0.171528
2773  1496.269912  570.639627  19.838708  0.118138  0.945623  0.092153
2776  717.466208  563.709804  21.887078  0.166190  1.510893  0.157666
2777  744.512207  674.141472  21.143845  0.122468  1.813539  0.267721
2788  350.867746  228.825259  20.626269  0.131051  1.266091  0.114365
2789  1119.720140  1713.773739  21.141900  0.279582  1.838923  0.140199
2801  1113.674298  470.110785  19.812139  0.137335  0.629894  0.204528
2802  1718.698960  28.631898  19.262613  0.079808  0.245924  0.126859
2803  631.295571  814.690962  21.305556  0.154463  1.094979  0.128741
2806  1686.944291  1462.624656  20.178873  0.135287  0.442665  0.086113
2813  856.438085  1434.688664  20.353435  0.120936  0.971178  0.094608
2814  1037.279002  804.261798  20.530188  0.148527  0.473458  0.154820
2818  2024.889353  778.202035  19.634362  0.093858  0.198569  0.076101
2819  1904.584161  444.802895  20.960652  0.125551  1.060985  0.189427
2822  1288.506253  469.401183  21.210277  0.242748  0.910581  0.118690
2824  723.895074  1980.288624  20.206616  0.217581  0.225278  0.144184
2825  1810.755748  1676.424945  20.026943  0.138330  0.055661  0.157838
2831  1300.593165  551.960294  20.843534  0.237216  1.722006  0.273458
2833  1957.661807  1196.113434  20.757460  0.206128  1.050354  0.132220
2835  779.233249  1741.248918  20.899566  0.110973  1.132494  0.317939
2838  100.349008  340.754977  19.946263  0.112549  0.561352  0.144450
2841  1012.663722  289.672228  19.690317  0.119418  0.674597  0.210713
2844  955.442915  1904.167415  20.753707  0.207532  0.866261  0.108039
2848  1353.463538  593.219080  20.411636  0.339471  0.928149  0.093874
2850  861.914239  1622.500034  21.018627  0.222769  0.946964  0.102001
2853  915.378507  1776.593204  19.449522  0.064239  0.298809  0.085220
2854  1915.374489  1679.450662  20.224540  0.090230  0.506606  0.176770
2855  1354.218899  1999.169147  19.982127  0.074472  0.550567  0.105593
2857  1318.227422  275.710866  20.584662  0.098375  0.814039  0.118525
2858  519.895988  1884.666590  20.490057  0.245762  1.810051  0.266542
2871  1459.952229  298.047538  20.841278  0.137809  0.760476  0.190400
2879  170.634908  1712.163714  20.241761  0.258407  0.600388  0.097929
2884  712.544944  1044.862577  20.724262  0.120072  0.418065  0.099636
2887  2005.128346  1375.573414  20.066231  0.141264  0.316280  0.106143
2901  505.734831  898.615588  20.878920  0.315934  0.580131  0.253281
