# id  x  y  V  eV  BV  eBV
10  985.860096  914.480620  20.155033  0.202561  1.436195  0.287382
11  882.279772  1072.111247  20.374652  0.207056  1.576723  0.178737
12  889.441731  1061.028495  20.442407  0.170666  1.552330  0.156673
13  935.365693  1080.173732  20.519513  0.139883  1.703851  0.202202
14  1124.468204  908.746301  20.311323  0.173606  1.647369  0.146029
15  955.615375  1011.073106  20.336981  0.159806  1.554251  0.193719
16  902.518477  1008.856801  20.406034  0.137445  1.475452  0.213712
17  1100.917678  1010.711695  20.362725  0.132353  1.587365  0.097106
19  1045.926420  1221.241958  20.451311  0.144664  1.614767  0.099812
110  1096.655155  1132.179763  20.456706  0.131156  1.509619  0.140554
111  919.563387  1003.317719  20.402405  0.121579  1.406680  0.108050
114  964.580782  976.712151  20.381061  0.125641  0.671016  0.308981
115  1038.204744  969.240576  20.339028  0.183488  1.423597  0.155884
116  1026.980925  970.086277  20.331136  0.112135  1.642804  0.163371
117  1014.643773  982.264402  20.343555  0.117491  1.447315  0.123019
118  937.864151  1131.174093  20.218154  0.134034  1.389959  0.105965
119  989.546414  948.230840  20.313367  0.122761  1.513448  0.123489
120  1116.692644  1014.573957  20.062218  0.148934  1.488156  0.115132
121  1068.569395  1113.683845  20.060858  0.238761  1.256257  0.255520
122  996.365046  1017.656832  20.414124  0.148350  1.207034  0.209813
123  990.761800  1093.115249  20.104069  0.111430  1.643443  0.094739
124  960.418243  1077.868360  20.457748  0.170885  1.539806  0.085605
125  949.135135  1055.871857  20.153985  0.145466  1.480408  0.085244
126  927.823319  1026.111181  20.108880  0.144534  1.194950  0.189683
127  1067.204137  939.976274  19.984965  0.085641  1.496166  0.165805
128  1045.391196  1017.337528  20.105938  0.101351  1.237733  0.188509
129  1028.840202  949.541683  20.094804  0.079328  1.625483  0.167740
130  1071.055954  926.344499  19.938972  0.098361  1.612076  0.109763
131  1153.711186  930.662502  19.960657  0.092156  1.379939  0.103990
132  877.339423  1013.403238  19.910790  0.097857  1.506595  0.080112
133  1068.798075  980.746916  20.011082  0.100560  1.529385  0.127685
134  1049.043866  1008.190648  19.992879  0.187471  1.485540  0.170006
135  1014.963466  996.784742  19.940643  0.117934  1.587597  0.169729
136  955.691786  1008.505119  19.728820  0.123182  1.305555  0.073613
137  1048.422461  1046.093046  19.753967  0.073920  1.618190  0.133848
138  961.114767  1180.430848  19.747993  0.075702  1.550321  0.071191
139  1074.213765  888.768430  19.752052  0.094198  1.582123  0.094082
140  1060.321075  1017.337528  19.739466  0.121765  1.349733  0.103527
141  1077.694833  1177.207706  19.593195  0.092608  1.487682  0.142191
142  994.214482  1052.313416  19.309301  0.209500  1.445878  0.141926
143  1104.773980  1085.967852  19.459347  0.071574  1.392024  0.109920
144  1039.713710  874.941624  19.399846  0.124680  1.437337  0.134468
145  1110.648893  1105.915228  19.532539  0.169433  1.303349  0.154959
146  991.039775  992.803246  19.272242  0.096257  1.396791  0.150890
147  1032.067748  1014.290084  19.158955  0.136013  1.101693  0.112766
148  1038.497997  933.620982  19.363464  0.088575  1.337431  0.068753
149  1066.510275  944.153764  19.498069  0.161335  1.404275  0.070418
150  957.172060  1019.052687  19.668422  0.085437  1.288099  0.067100
151  1057.227919  902.827930  19.579285  0.122148  1.434948  0.121874
152  1036.759532  1137.754030  19.375717  0.217389  1.470365  0.089653
153  876.749906  981.525729  19.486493  0.071256  1.268309  0.147556
154  996.194202  873.399316  19.315395  0.090415  1.216960  0.111961
155  959.498650  938.394644  19.142867  0.091532  1.333369  0.063011
156  878.598943  1021.317775  19.335695  0.065129  1.700671  0.218973
157  1090.242540  1024.638976  19.298907  0.065919  1.378758  0.116660
158  1015.921930  1099.812291  19.129651  0.110643  1.590029  0.115026
159  1071.466004  901.559747  19.235580  0.110630  1.419480  0.068987
160  939.548672  962.142966  19.261360  0.174626  1.498672  0.125879
161  1236.193116  1012.602307  19.238635  0.080003  1.383338  0.101182
162  1138.969375  1028.194591  19.180865  0.096675  1.326356  0.080107
163  1058.868490  1076.756808  19.039885  0.140139  1.281281  0.094125
164  1051.219681  1084.228116  19.147327  0.102730  1.325609  0.109196
165  869.777510  1037.806551  19.054036  0.156319  1.217217  0.099779
166  1029.337825  1194.833469  19.261429  0.106777  1.272285  0.068770
167  1212.226068  990.106685  19.184480  0.074116  1.304740  0.111126
168  992.716042  1053.552312  19.174788  0.071671  1.315171  0.085494
169  1019.344773  936.130519  18.941633  0.124814  1.397981  0.135386
170  853.773230  1014.937068  19.101052  0.143876  1.362113  0.079752
171  857.656566  1145.050890  19.073212  0.146275  1.275900  0.055189
172  851.205571  960.753582  18.859928  0.077366  1.172812  0.077005
173  1056.762655  1133.069435  18.875964  0.064985  1.280456  0.064848
174  1046.753382  1152.559145  18.737774  0.168707  1.299921  0.078000
175  1041.380598  1091.554345  19.073657  0.103230  1.221116  0.096997
176  978.537595  838.763172  18.920368  0.075869  1.332132  0.054158
177  1016.536945  992.614318  18.796481  0.111576  1.278659  0.100560
178  1053.012398  901.598044  18.886075  0.146061  1.366146  0.091174
179  968.684933  934.196101  18.898207  0.054616  1.311182  0.125171
180  896.789811  977.320837  18.846824  0.060992  1.213917  0.057765
181  1093.302354  976.990126  18.805669  0.113182  1.287519  0.088090
182  981.082255  919.421440  18.842307  0.106121  1.207972  0.072950
183  1030.853816  1031.310479  18.760755  0.061122  1.235782  0.066984
184  1063.164989  906.858824  18.783244  0.088619  1.333793  0.085135
185  955.791626  1025.031721  18.702263  0.123882  1.205081  0.115332
186  1124.555530  940.871905  18.777499  0.098788  1.263919  0.136735
187  961.118577  962.785055  18.707723  0.060661  0.982826  0.130421
188  944.006369  977.760727  18.724675  0.070359  1.307254  0.094154
189  1096.739185  1097.509724  18.601868  0.058298  1.311263  0.080611
190  960.833864  1052.918927  18.779654  0.075150  1.405629  0.064611
191  1061.671301  972.507136  18.596590  0.074403  1.309319  0.081757
192  1050.263204  1088.312607  18.497935  0.084892  1.368001  0.075804
193  1126.852772  932.123976  18.527942  0.122812  1.158772  0.079287
194  903.699128  1090.687857  18.622576  0.074358  1.151129  0.144009
195  1062.277038  1099.305308  18.546072  0.067119  1.437204  0.096773
196  1067.972219  894.313513  18.461703  0.083516  1.274006  0.079892
197  1048.085156  1095.102915  18.560421  0.106089  1.357229  0.093413
198  1029.208289  1025.957028  18.465237  0.055168  1.146563  0.084171
199  1090.488709  1083.026084  18.340623  0.085808  1.311017  0.064851
1100  1024.990269  989.835305  18.546322  0.096163  1.289989  0.060032
1101  1136.830321  1071.099187  18.424211  0.072114  1.226068  0.145940
1102  1022.498652  921.840742  18.342724  0.141209  1.326841  0.048652
1103  1087.284347  1016.541942  18.343951  0.094273  1.162996  0.081233
1104  817.363169  1019.148698  18.316213  0.114694  1.244654  0.070762
1105  1000.616346  1056.768246  18.222060  0.119907  1.174221  0.148277
1106  1061.007565  1049.084928  18.400877  0.087273  1.173466  0.072981
1107  988.754780  924.194959  18.370986  0.065355  1.176354  0.072290
1108  1005.154775  934.635930  18.295417  0.093079  1.235748  0.048229
1109  1101.964493  1090.429563  18.242396  0.076537  1.072949  0.106535
1110  990.910423  1043.994972  18.151136  0.100898  1.265009  0.061593
1111  1068.082094  961.467781  18.265385  0.071689  1.334971  0.130870
1112  892.081172  977.816965  18.217186  0.076256  1.211106  0.127677
1113  1133.734830  1018.307359  18.150874  0.058945  1.249671  0.108827
1114  1059.581317  1041.051320  18.102228  0.084575  1.100102  0.100809
1115  1005.637468  926.382264  18.248636  0.109322  1.181163  0.059206
1116  1007.884022  1063.692923  18.063561  0.090182  1.468748  0.141117
1117  983.659131  1021.127762  17.934874  0.100046  1.177404  0.064260
1118  858.752225  989.676524  18.146947  0.060449  1.236603  0.065234
1119  1172.051210  1017.081692  18.095561  0.045727  1.198519  0.054972
1120  1139.049288  1154.478367  17.944663  0.075252  0.989035  0.118799
1121  1025.566269  1034.659348  17.841552  0.074873  1.248472  0.055020
1122  1017.130127  1020.548772  17.874881  0.078563  1.236991  0.045015
1123  1009.244508  1035.877437  17.900254  0.044633  1.336103  0.048325
1124  849.508106  970.601923  18.015020  0.046322  1.165290  0.087856
1125  1000.951439  1199.311913  18.004350  0.065953  1.235576  0.145237
1126  1016.236319  927.365366  17.999477  0.074927  1.187637  0.051450
1127  882.144338  856.812237  17.928565  0.140752  1.227217  0.094860
1128  1022.735053  1028.273070  17.876406  0.052223  1.037763  0.091357
1129  1049.186304  999.918735  17.806882  0.053449  1.191994  0.074588
1130  944.389120  853.161370  17.709872  0.064120  1.195690  0.057177
1131  1083.583386  1108.094403  17.754563  0.057577  1.071225  0.076595
1132  1012.757484  982.547825  17.658658  0.041463  1.273550  0.072617
1133  1024.364913  1094.209495  17.579109  0.053897  1.209720  0.070237
1134  1021.748572  1062.352323  17.592353  0.042785  1.152738  0.087185
1135  1038.679040  1021.945139  17.660977  0.067744  1.280750  0.064537
1136  998.872412  923.955405  17.631516  0.039178  1.249786  0.081395
1137  1002.958889  980.039537  17.590814  0.060443  1.170424  0.078048
1138  1143.045612  1036.810179  17.521982  0.044540  1.240888  0.072003
1139  1128.929628  1126.872412  17.586815  0.049748  1.196969  0.051063
1140  1070.893220  1030.100890  17.484668  0.058497  1.108714  0.048943
1141  1054.097224  995.593073  17.522486  0.041657  1.236982  0.045082
1142  1192.201933  922.821427  17.369356  0.061206  1.267892  0.084710
1143  928.478454  965.180518  17.367605  0.050146  1.128054  0.057787
1144  1072.154972  1150.944010  17.398391  0.084575  1.145973  0.045377
1145  1091.643228  980.285174  17.267025  0.063926  1.325966  0.100490
1146  957.780316  1103.452385  17.321303  0.044382  1.218079  0.041006
1147  1010.341458  1067.303752  17.280117  0.074328  1.135102  0.069137
1148  1079.226962  1048.418775  17.345738  0.084308  1.088984  0.079561
1149  1105.839985  980.200550  17.291251  0.093598  1.124124  0.041689
1150  1102.996009  1006.598513  17.237910  0.077658  1.092668  0.055992
1151  1058.970808  796.115702  17.286169  0.093211  1.058331  0.045770
1152  1130.202296  905.672786  17.261584  0.066278  1.072867  0.049140
1153  949.409300  1155.966628  17.132998  0.035830  1.217821  0.054567
1154  998.485975  1052.123771  17.140426  0.060091  1.118009  0.039850
1155  1051.845489  1049.710920  17.078803  0.042623  1.236261  0.058881
1156  1080.610365  1123.716424  16.999522  0.039657  1.056856  0.042008
1157  1012.150374  956.116439  16.908571  0.042648  1.085066  0.105780
1158  1098.713457  1109.591593  16.927537  0.069863  1.055210  0.059607
1159  1012.139848  989.050102  16.913387  0.080890  1.076160  0.045628
1160  983.979807  1028.728975  16.842235  0.060263  1.196340  0.106030
1161  1016.224911  1129.361490  16.641845  0.099248  1.007048  0.062374
1162  1058.559836  1074.547671  16.835478  0.065409  1.063083  0.079206
1163  1019.604931  1116.070830  16.732051  0.061852  1.111777  0.048201
1164  1060.001198  898.955059  16.709803  0.033013  1.078867  0.053056
1165  1091.125432  890.961203  16.599785  0.064801  1.061604  0.053850
1166  956.953723  1038.576005  16.539742  0.037686  1.069254  0.038617
1167  1054.462628  1038.233887  16.519277  0.039349  1.042347  0.035399
1168  853.033738  1069.594460  16.452503  0.039147  1.110869  0.090610
1169  947.175567  1067.260170  16.427216  0.037400  1.013692  0.039602
1170  1087.314493  990.100173  16.290156  0.040243  1.132896  0.072467
1171  1032.274637  996.781015  16.376778  0.068556  1.036228  0.062161
1172  1008.852398  1099.802624  16.233850  0.059126  0.939126  0.050443
1173  1104.470159  931.358331  16.193224  0.069670  0.919455  0.049405
1174  959.302820  1116.187177  16.034050  0.045995  0.993113  0.048786
1175  923.919217  1003.919196  15.964882  0.046914  0.989480  0.040037
1176  954.628669  932.300554  16.001054  0.045759  1.027234  0.055014
1177  1038.055424  927.153787  15.950173  0.074429  0.990217  0.034116
1178  1227.953541  1026.846618  15.935973  0.066782  0.918524  0.112346
1179  971.741880  953.312932  15.827528  0.049960  0.859435  0.058443
1180  1028.327117  844.647875  15.842416  0.038422  0.918810  0.063490
1181  938.048676  855.352463  15.725202  0.052300  0.900226  0.052008
1182  1086.555628  1005.571891  15.666754  0.062349  0.994116  0.045931
1183  1079.124910  909.643162  15.585332  0.086769  1.012173  0.037942
1184  1173.595832  1122.761318  15.412635  0.058076  0.919017  0.050241
1185  982.117868  960.942531  15.350272  0.024694  0.838588  0.033022
1186  1014.715392  888.193004  15.138745  0.035259  0.802577  0.036719
1187  947.684127  1015.754793  15.018838  0.025014  0.823075  0.025711
1188  1135.958610  1036.407501  14.974738  0.052254  0.697076  0.056327
1189  1008.100024  1186.267095  15.042108  0.038998  0.799254  0.032046
1190  830.736445  920.352973  14.863119  0.035260  0.771414  0.037801
1191  1077.648835  1159.368970  14.725474  0.034969  0.729436  0.056188
1192  953.593897  873.224970  14.700039  0.053107  0.907715  0.050057
1193  1022.756004  954.472550  14.472449  0.040089  0.708398  0.031598
1194  1108.918968  1025.577554  14.326939  0.042391  0.619825  0.078392
1195  997.825843  944.338842  14.359975  0.042918  0.635942  0.021426
1196  992.232489  1069.606113  14.230419  0.031796  0.601448  0.035328
1197  987.618222  954.083246  14.225580  0.038407  0.642970  0.031930
1198  1090.390159  842.381251  14.030056  0.053942  0.597894  0.039536
1199  945.738732  974.292050  13.926878  0.028773  0.627331  0.039560
1200  1018.895032  1144.364012  13.713024  0.020051  0.494129  0.027834
1201  1101.065994  970.875863  13.690463  0.027482  0.516914  0.044053
1202  1009.728553  910.198047  13.621384  0.059733  0.500325  0.028483
1203  913.092792  1105.616712  13.596482  0.031978  0.481134  0.025179
1204  974.284636  877.899039  13.567238  0.058347  0.457795  0.039789
1205  1046.833193  991.166894  13.384380  0.033638  0.571631  0.035902
1206  1082.813030  1060.995154  13.078975  0.028955  0.465944  0.027469
1207  935.452692  1058.933760  13.089364  0.035742  0.419312  0.019478
1208  936.232653  965.159035  12.727517  0.018717  0.362562  0.030785
1209  954.204099  1066.890936  12.702798  0.038062  0.373229  0.036046
1210  1010.634629  930.528297  12.562938  0.039173  0.354815  0.030374
1211  900.548915  969.538908  12.353325  0.058037  0.331873  0.019358
1212  995.097313  931.131679  12.213303  0.027207  0.282906  0.027229
1213  952.348672  1026.569544  12.017684  0.053918  0.343432  0.063680
1214  934.288507  1191.474954  11.845494  0.031440  0.305583  0.025478
1215  1020.396401  917.792461  11.783382  0.024120  0.269488  0.033425
1216  1125.951078  905.041203  11.565974  0.039993  0.188950  0.018092
1217  943.956664  1073.643848  11.412782  0.022167  0.164224  0.033392
1218  1082.183864  925.397422  11.233282  0.019724  0.075639  0.036643
1219  995.510886  961.177108  11.154197  0.022142  0.064158  0.022734
1220  1138.215096  1148.321935  11.243431  0.058664  0.039356  0.035603
1221  1030.039204  1144.172913  10.829108  0.025670  -0.010635  0.022642
1222  1071.376978  938.664407  10.785062  0.025053  0.027487  0.028102
1223  1077.316096  923.762381  10.694851  0.028430  -0.004523  0.027410
1224  925.109965  1020.313313  10.460172  0.018158  0.015688  0.048216
1225  1085.612585  963.182572  10.478577  0.046561  0.019902  0.062032
1226  1013.146419  1095.352996  10.203806  0.024431  -0.028958  0.041872
1227  969.234924  909.570273  10.071503  0.022699  -0.061542  0.020912
1228  1079.507169  907.356058  9.907834  0.032734  -0.082050  0.027116
1229  1101.956280  1058.543780  9.666419  0.021151  -0.098836  0.020550
1230  906.982339  979.798651  9.459016  0.018591  -0.053494  0.030269
1231  1048.618988  1044.193628  9.168951  0.035856  -0.071845  0.024027
1232  935.746703  1090.955080  8.716588  0.020353  -0.130999  0.016321
1233  931.128463  983.008686  8.433342  0.035146  -0.117878  0.034256
1234  949.843149  1048.209244  7.577013  0.038630  -0.181564  0.016381
1235  811.913503  965.878661  6.233266  0.020843  -0.203186  0.039479
1236  845.083668  1022.685471  9.460374  0.021297  -0.156652  0.036186
1237  1144.966328  1031.315784  20.182404  0.150076  1.330957  0.183210
20  279.481874  1111.716501  6.886040  0.024457  -0.166912  0.018969
21  56.555798  1113.067391  7.133188  0.045968  -0.031627  0.063021
22  195.593772  1509.953530  7.856511  0.044097  -0.200936  0.025411
23  714.680943  8.198946  8.702295  0.024564  0.124806  0.015788
24  1535.068393  560.764194  8.253901  0.023266  -0.149733  0.018992
25  1394.637737  1225.451612  8.663201  0.024977  0.156835  0.053286
26  832.916162  103.297520  10.315502  0.050693  0.573202  0.027985
27  585.058765  492.062737  9.076851  0.027882  -0.088263  0.034087
28  878.907629  1004.454327  14.461397  0.046850  2.969453  0.026330
29  667.438303  1097.072433  9.711048  0.057145  0.237106  0.022731
210  1418.536596  374.967705  9.061842  0.016512  -0.232858  0.032155
211  1327.528946  1605.685223  11.267449  0.052566  0.879949  0.022419
212  610.962373  96.565551  12.403951  0.026977  1.273010  0.020788
213  1638.690879  883.825403  10.748772  0.018258  0.250609  0.037516
214  1477.669847  463.795796  10.832422  0.034445  0.109823  0.018719
215  602.147166  1808.547675  11.283296  0.019668  0.491290  0.057981
216  621.058409  1306.295074  16.512303  0.048008  3.276966  0.032805
217  681.028689  1177.740649  11.169172  0.022325  0.217065  0.019492
218  1107.930717  1102.782253  13.047148  0.029789  0.899950  0.034203
219  410.558980  681.469705  12.294288  0.027018  0.569368  0.030610
220  224.446383  1843.453593  15.173456  0.027507  2.174875  0.053031
221  952.764623  1239.237573  13.024400  0.020310  1.028257  0.026318
222  974.198860  1230.346041  12.449965  0.018203  0.347313  0.028919
223  1132.328006  1018.312644  11.916120  0.020214  -0.030675  0.025174
224  208.554852  1135.111292  14.217140  0.033366  1.144688  0.052878
225  1320.418233  881.321945  12.508562  0.051504  0.299459  0.020926
226  1580.453373  124.850316  12.948116  0.051055  0.511154  0.035714
227  1652.676353  1347.367151  12.062112  0.028943  0.187307  0.028176
228  338.090337  1593.018783  14.147825  0.031234  1.345787  0.029497
229  267.312315  538.211300  13.058250  0.025715  0.652550  0.058348
230  699.482615  1264.549366  15.828135  0.058846  1.734945  0.041823
231  1935.978216  469.850857  13.250569  0.032894  0.561260  0.038783
232  334.896100  1415.708825  14.911449  0.032716  1.281493  0.032896
233  1076.952486  868.533650  12.906451  0.026504  0.317817  0.046775
234  1670.740072  1377.694879  13.048543  0.039376  0.515588  0.026887
235  175.295290  410.935926  15.368434  0.028091  1.686125  0.060952
236  377.102250  590.434128  12.309006  0.022913  -0.024790  0.048058
237  1926.527611  1427.345881  15.168057  0.024520  1.437966  0.063839
238  214.143044  477.661338  18.248895  0.083741  3.066776  0.108704
239  425.945871  319.517553  14.153943  0.030273  0.657169  0.029053
240  442.839926  1488.186750  15.875014  0.055359  1.564907  0.038466
241  267.877181  1451.509271  13.864064  0.023983  0.502002  0.036845
242  1794.419635  38.568215  16.899385  0.034693  2.132078  0.052328
243  989.153161  1266.460078  18.039787  0.068517  2.845997  0.065082
244  1360.930343  550.809201  18.077595  0.099985  2.607804  0.097704
245  974.308390  226.723675  13.707897  0.052600  0.470741  0.040699
246  1835.174450  1158.749273  15.510143  0.072281  1.385211  0.042471
247  530.165416  1671.071571  18.902063  0.157587  3.567697  0.082329
248  1533.814405  1017.868602  13.893951  0.029538  0.452153  0.023367
249  1518.188473  1267.108683  13.518588  0.027789  0.300859  0.022569
250  605.970528  1610.431229  14.468956  0.030248  0.855706  0.056676
251  737.582015  1927.253622  13.003450  0.039814  -0.010975  0.042650
252  424.940112  102.318789  13.804293  0.043415  0.032074  0.053443
253  1502.756653  1337.163528  18.292079  0.100927  2.488414  0.047446
254  1646.465633  746.298697  14.372808  0.049356  0.572195  0.032368
255  348.407188  408.795822  16.562838  0.037956  1.665335  0.054803
256  1620.581267  1654.709151  15.043508  0.032630  0.879473  0.031174
257  1039.277113  52.796147  17.356189  0.088279  2.143855  0.038657
258  647.467115  1152.568646  14.649406  0.092209  0.742480  0.040025
259  274.677052  1199.276455  17.577705  0.123418  2.308986  0.068416
260  97.454252  759.562567  15.958512  0.038266  1.245131  0.062692
261  700.006425  1635.397367  18.660741  0.058639  2.754069  0.057928
262  583.417439  1008.661411  17.110209  0.034707  1.986400  0.060082
263  1847.520267  1397.198282  20.129036  0.169158  3.516705  0.135098
264  289.726603  1145.494971  19.987389  0.156660  3.412184  0.081711
265  1790.340895  1336.377464  15.273154  0.055129  0.713656  0.043164
266  1566.954043  64.307837  21.093593  0.327196  4.411675  0.155016
267  1715.365875  852.390814  15.071455  0.041908  0.803169  0.065800
268  1265.812187  1194.329439  18.533707  0.100045  2.688640  0.047309
269  428.667766  1230.003429  14.924247  0.047520  0.739933  0.065295
270  1536.965725  1635.002502  15.690881  0.038314  1.354738  0.025726
271  377.550763  1897.008765  15.304642  0.025123  1.039346  0.053894
272  949.742118  1790.029813  15.094750  0.024772  0.560913  0.063497
273  1097.992161  331.984685  15.964910  0.036460  1.012303  0.039122
274  594.385676  2043.327011  19.012407  0.127981  2.692438  0.069034
275  596.804966  281.248289  15.842588  0.050651  0.775487  0.031685
276  1136.898651  547.883695  15.439158  0.025438  0.674237  0.053862
277  1513.313435  1359.303122  17.199126  0.037617  1.882217  0.073683
278  1292.880907  303.548654  19.239866  0.094053  2.765977  0.118499
279  1003.531762  1077.053940  19.938842  0.134682  3.212454  0.078481
280  1215.877413  1525.442452  15.260662  0.032870  0.741716  0.059893
281  120.369609  1443.284434  16.415625  0.054485  1.248747  0.045917
282  807.253455  801.590122  15.909201  0.029314  1.041886  0.042338
283  773.541012  730.246540  15.558349  0.041064  0.833704  0.038000
284  1405.209300  363.194417  19.452454  0.092594  2.921406  0.160111
285  913.135015  1371.935569  17.036751  0.068529  1.500702  0.047571
286  1130.753887  733.075305  15.394958  0.047880  0.385580  0.063976
287  608.654005  785.234428  15.610561  0.035876  0.849320  0.044458
289  1276.651091  569.917085  16.114184  0.058585  0.850873  0.037711
290  1262.388935  801.794224  15.525100  0.054500  0.918168  0.043192
291  1800.218293  723.518525  15.671093  0.028583  0.711439  0.025550
292  1296.807969  967.055689  16.547174  0.049725  1.060600  0.102095
293  485.311739  711.222754  15.278371  0.052781  0.443430  0.040362
294  396.563817  1881.176164  19.501865  0.066733  2.981657  0.083142
295  411.463789  1492.117975  15.815454  0.028457  0.696091  0.030674
296  1988.838684  1410.084891  16.936911  0.044161  1.434385  0.068006
297  636.432374  637.093289  14.293045  0.022184  -0.059837  0.055982
298  1264.302305  1374.965928  14.895775  0.047023  0.343501  0.042958
299  1929.837264  1977.922011  16.212880  0.031258  0.938479  0.067467
2100  173.760343  507.495910  16.317713  0.036755  1.227661  0.045935
2101  1069.775365  1360.840062  14.609351  0.022677  -0.329602  0.038653
2102  402.497905  304.846715  18.951640  0.110787  2.420104  0.158282
2103  720.297317  1538.388539  16.577288  0.038032  0.858788  0.034626
2104  855.326004  1159.053082  16.427859  0.046703  0.990303  0.057539
2105  648.558443  857.684493  16.314610  0.082165  1.167691  0.040551
2106  1909.100843  368.553256  18.803322  0.083685  2.120047  0.107239
2107  1978.423111  1872.662185  16.898540  0.099538  1.416264  0.076959
2108  1217.952573  860.225955  16.833814  0.064071  1.008857  0.047041
2109  1694.413667  1252.778581  16.055812  0.029495  0.854402  0.033932
2110  660.975722  377.200093  18.862702  0.060484  2.380617  0.105533
2111  523.892972  352.217284  18.263013  0.085605  1.804812  0.074790
2112  200.183169  689.671309  17.592563  0.051830  1.548887  0.071883
2113  335.599632  1934.111336  16.896408  0.062511  1.096625  0.035512
2115  1219.108038  1767.362842  17.594776  0.094792  1.304844  0.076705
2116  1333.867288  1239.083396  15.822931  0.035112  0.446718  0.033530
2117  424.311247  1992.629891  17.976610  0.082345  1.521782  0.072290
2118  1763.989937  1469.876427  20.703979  0.174361  3.628976  0.178154
2119  393.229516  1945.460300  15.842320  0.063967  0.532027  0.039266
2120  1107.973467  1114.521894  18.129322  0.057022  1.718586  0.108471
2122  293.634356  1605.491527  16.142094  0.055357  1.536671  0.042527
2123  1945.225795  1919.905869  16.414980  0.031018  0.930006  0.062532
2124  981.628375  118.943763  16.532916  0.054330  1.287376  0.038507
2125  1771.559474  1040.574153  18.807255  0.053924  2.058747  0.068464
2126  462.364970  1523.763124  16.219277  0.080865  0.833550  0.050214
2127  6.374667  1497.341584  16.098559  0.050956  0.757600  0.071841
2128  1624.236986  1983.451109  16.649961  0.051995  0.839884  0.073899
2129  1912.447481  1194.535941  19.502932  0.092998  2.521891  0.168190
2131  1049.845899  580.772591  16.304868  0.054519  0.758385  0.039072
2132  20.379030  17.085828  19.802316  0.072950  2.899733  0.109562
2133  1281.592400  427.791858  15.206545  0.049682  0.204065  0.042497
2134  1174.953546  134.010618  15.492585  0.032039  0.581035  0.055580
2135  1639.042802  106.092256  15.693905  0.071851  0.349263  0.063644
2136  1769.116876  44.815475  18.153639  0.044764  1.880018  0.056464
2137  833.686944  1159.387701  17.393290  0.060749  1.322047  0.131035
2138  714.006091  434.156775  17.472916  0.098094  1.096959  0.091506
2139  693.574077  1744.430717  16.959584  0.074503  1.230664  0.103315
2140  1800.057761  1764.837732  17.319453  0.040199  1.000710  0.109741
2141  1961.150126  942.672878  19.775131  0.149549  2.644578  0.159838
2144  1712.196644  907.789357  18.682195  0.075670  2.260880  0.120045
2145  1890.879294  591.174311  18.933137  0.099607  2.196374  0.119241
2146  1073.246035  1206.148285  18.660222  0.069130  1.773352  0.073422
2147  149.937871  1035.171634  18.648444  0.083639  1.956366  0.148842
2149  1978.012197  720.680285  16.428769  0.066799  0.611581  0.107610
2150  158.454710  134.860929  18.983459  0.082186  2.178629  0.105878
2151  1737.026710  583.573087  17.312942  0.063551  1.017946  0.075098
2152  1775.987977  127.356779  19.540813  0.072330  2.220144  0.074446
2154  122.577044  1550.045256  18.078777  0.123329  1.310786  0.090542
2155  677.778579  528.204112  16.965729  0.045104  1.831874  0.053624
2156  1567.483798  374.422649  18.554128  0.094282  1.339748  0.053060
2158  108.335826  1942.314592  20.037740  0.104295  2.673172  0.151969
2159  1097.857343  94.444945  16.692995  0.074160  0.522917  0.053215
2161  1508.218956  1181.299510  16.840182  0.094815  1.319863  0.054849
2162  1157.250811  1782.773635  17.318691  0.087061  1.034212  0.037689
2163  425.144166  993.459397  19.443345  0.113350  2.688458  0.128803
2165  1072.299856  23.382039  18.233330  0.074909  1.415440  0.081492
2167  1942.545087  967.535494  17.637097  0.050524  1.051292  0.048439
2168  589.930337  234.498878  17.759991  0.056595  1.101002  0.088984
2169  176.640788  905.467002  20.819573  0.132473  2.757927  0.197823
2170  1022.814889  1719.833508  17.295385  0.037410  0.929551  0.057685
2171  1175.520494  1024.962667  21.122085  0.178821  2.940322  0.251643
2172  2007.190136  2034.463146  17.645723  0.108247  1.163089  0.082195
2173  61.456479  501.931863  16.884842  0.039105  0.756036  0.034048
2174  1078.910858  1226.006051  16.994190  0.052436  0.804618  0.073135
2176  846.761072  523.387654  18.520757  0.057220  1.544235  0.085152
2177  194.461869  781.853589  17.377527  0.057837  1.205719  0.070895
2178  198.026730  9.650622  16.357411  0.055408  0.362804  0.035344
2179  1073.184875  1947.675760  18.379041  0.058549  1.554116  0.059377
2181  262.178133  825.606513  16.890672  0.074449  0.850591  0.099982
2182  1043.501835  1783.203290  17.151312  0.074918  1.250304  0.077761
2183  1649.134145  883.399660  17.674688  0.086378  1.064908  0.072343
2184  383.686223  826.270817  17.500464  0.059131  0.966167  0.099365
2185  2012.326126  459.570537  18.949326  0.107429  2.092745  0.059435
2186  989.342330  4.129446  16.484346  0.041600  0.640419  0.059760
2187  1559.255756  1702.661683  18.042419  0.071810  1.291513  0.044961
2188  118.413222  434.365266  18.048472  0.045126  1.523198  0.106828
2189  2022.007480  675.907450  17.095049  0.042266  0.842724  0.054350
2190  969.673429  465.534493  17.004414  0.076493  0.962324  0.048221
2191  1092.667121  57.714856  17.126210  0.043147  1.043957  0.114136
2193  1814.976117  575.494832  18.026129  0.075472  2.062369  0.063687
2194  735.820792  1971.376273  19.663619  0.141307  1.972473  0.110647
2195  955.866986  303.033315  17.936383  0.074193  1.072064  0.045972
2196  1941.883836  397.650949  17.942360  0.088711  1.395294  0.043689
2197  297.670338  133.911839  17.624130  0.046559  0.798538  0.043988
2198  550.081985  1846.245788  20.173999  0.143287  2.696123  0.147682
2199  27.163248  7.731579  19.006802  0.061685  1.732551  0.087319
2200  629.091713  1281.496035  18.631339  0.053783  1.632560  0.056144
2201  1593.064439  419.354309  17.780740  0.075738  1.270738  0.045456
2202  1518.066950  615.532669  17.542393  0.071854  0.893221  0.057010
2203  795.526664  1478.402748  19.355532  0.119753  1.968244  0.115476
2204  1680.109819  312.665150  18.024568  0.048869  0.821926  0.118799
2205  278.165555  9.197301  19.296264  0.122839  1.768244  0.103326
2206  494.419006  560.563289  18.513138  0.066168  1.280479  0.050486
2207  59.235368  972.680286  20.287451  0.207020  2.384575  0.187575
2208  529.217689  2045.107311  18.313323  0.096363  1.863103  0.047976
2209  657.704927  460.163560  17.837114  0.068808  1.262611  0.063992
2211  1524.425371  16.094145  18.316103  0.124553  1.222549  0.098921
2212  239.043453  1388.465649  17.917937  0.052158  1.138854  0.053932
2213  1386.288078  1779.711648  18.192613  0.060552  1.101890  0.084737
2215  1099.967053  273.614033  18.486446  0.049634  1.275410  0.087023
2216  2004.327846  1205.734768  17.289142  0.040644  0.671806  0.051033
2217  572.441436  125.920200  19.307654  0.133801  1.667880  0.095722
2218  1018.945164  1349.284970  20.213652  0.201855  2.684430  0.217280
2219  854.979713  1129.434093  16.655429  0.095037  0.381575  0.039344
2220  580.662512  1278.104794  19.220362  0.109159  1.659505  0.059969
2221  1932.998169  1979.213533  20.019940  0.117719  2.218684  0.144243
2222  541.978278  1511.832956  18.724918  0.161424  1.645669  0.078436
2223  1957.259050  1300.649268  17.973228  0.058933  0.831801  0.085646
2224  606.170863  1584.624679  20.891773  0.110084  2.569947  0.156047
2225  1611.371231  1662.355773  17.251304  0.039684  0.517543  0.037812
2226  1696.157107  677.484363  17.711285  0.078152  1.067635  0.079527
2227  609.607713  441.663862  17.943351  0.073974  1.032725  0.085928
2228  81.318705  914.748160  18.407646  0.049315  1.311462  0.063716
2229  1011.230366  1219.570059  16.166433  0.070207  0.108148  0.053758
2230  906.947206  1681.189609  17.324769  0.071579  0.770161  0.094510
2231  1021.410324  1585.896184  18.619307  0.081233  1.322340  0.087277
2232  509.551674  1278.967808  17.773473  0.076122  1.532652  0.092349
2233  1518.530154  608.719429  18.460132  0.089004  2.237742  0.088309
2234  1627.054605  1006.477302  16.796014  0.039016  0.313165  0.054214
2235  1493.950312  195.640399  19.692420  0.119673  1.894820  0.105225
2236  245.910336  962.627093  18.401102  0.049581  1.161501  0.047813
2237  207.756381  984.183638  18.471240  0.085526  1.358159  0.066610
2238  1579.671083  957.905723  20.622938  0.101167  2.512797  0.093967
2239  1928.650865  1288.600064  20.770632  0.130835  2.688837  0.098604
2240  1485.645597  812.962762  21.008410  0.136329  2.580689  0.114933
2241  578.240303  1102.457006  17.618598  0.038542  1.086029  0.053593
2242  835.626732  688.531039  17.234086  0.079185  0.792944  0.079721
2243  1914.890497  835.725961  18.017138  0.064379  1.036221  0.042304
2244  662.934278  477.735943  19.950078  0.117362  2.029636  0.158170
2245  397.535380  1975.655630  19.681943  0.103369  1.995921  0.066788
2246  830.620370  1530.370621  20.036764  0.114949  2.175662  0.080984
2247  1626.520154  1670.750256  18.996038  0.077556  1.326953  0.063218
2248  1649.289449  616.529233  18.006638  0.078401  1.451930  0.071894
2249  1589.635549  701.375152  16.951475  0.060786  0.323771  0.056891
2251  36.951349  352.850120  19.684794  0.083845  1.781477  0.106881
2252  367.993228  1192.317405  20.746269  0.165031  2.398269  0.185175
2253  1870.871194  1926.206864  19.309425  0.119466  1.799618  0.083388
2254  915.951643  12.419498  15.776885  0.041007  -0.131741  0.045827
2255  551.231586  863.230506  17.655782  0.041402  1.124341  0.049707
2256  739.179755  975.278620  19.549199  0.076941  1.803986  0.122351
2257  257.535883  918.978037  17.308126  0.059816  -0.033566  0.059909
2258  1921.862438  1199.647780  19.265903  0.079107  1.158607  0.089305
2259  853.318995  174.863119  18.219564  0.045590  0.915821  0.064588
2260  1141.312528  37.772553  18.154059  0.079868  0.876234  0.064748
2261  1333.254144  64.276232  19.795447  0.128123  1.867668  0.202410
2262  682.041777  1724.446077  19.375748  0.177787  1.314288  0.148335
2263  1256.258598  2.549826  20.280024  0.125917  1.908334  0.123092
2264  1167.097608  1589.163205  19.399053  0.110341  1.968161  0.069345
2266  1157.487749  81.860872  20.690985  0.265099  2.137681  0.111244
2267  1616.545976  1471.116288  18.349173  0.064807  1.145380  0.138581
2268  1749.321108  1514.058400  19.730725  0.107565  2.075876  0.089304
2269  716.861994  1603.978790  19.193132  0.118673  1.337317  0.085449
2270  6.066808  678.753304  18.782593  0.081319  1.644628  0.064837
2271  899.283311  76.347603  20.450638  0.122355  2.047878  0.255718
2272  479.910424  449.693755  18.069717  0.075553  0.730895  0.073883
2273  1256.851060  2041.537687  19.449652  0.124703  1.504465  0.087743
2274  814.120946  2035.127138  20.139841  0.081690  1.997614  0.234583
2275  268.988796  148.662407  19.727507  0.122917  1.517734  0.139472
2276  1679.654850  238.384514  19.443663  0.093972  1.457624  0.070035
2277  893.280814  249.190377  21.131767  0.171088  2.507917  0.337042
2278  6.641002  900.336693  20.503399  0.158577  2.119826  0.186403
2281  102.963655  1083.177340  20.789018  0.114947  1.996837  0.253944
2282  1670.582760  1510.052814  18.008163  0.087973  0.834483  0.158425
2283  1370.179637  509.781478  18.604715  0.055698  0.819415  0.098258
2284  2003.192814  1621.011406  18.586943  0.070453  1.113130  0.073453
2285  950.235081  561.564656  19.370300  0.219758  1.376350  0.173237
2286  353.402248  1404.897532  18.399455  0.081697  1.089313  0.090540
2287  722.836352  637.198042  20.349080  0.155528  2.152424  0.291557
2288  1204.936163  1245.823824  21.639887  0.166755  1.933035  0.272719
2289  1742.732627  851.644801  19.214563  0.104390  2.252421  0.101043
2290  590.492558  141.275306  18.454008  0.071807  1.036776  0.062875
2291  1463.098282  73.259866  19.675558  0.162762  1.704183  0.139792
2292  796.469754  551.113016  18.723045  0.055001  1.334417  0.096455
2293  388.484054  397.786553  19.102742  0.102855  1.316626  0.099726
2294  630.328235  538.567019  17.907366  0.042044  0.795112  0.044951
2295  1684.934717  1493.545023  19.277709  0.101320  1.318619  0.118806
2296  180.971668  1217.764724  20.594876  0.135313  1.579370  0.244452
2297  513.448201  713.846354  19.537331  0.070536  1.512951  0.116210
2298  1840.818033  120.552602  19.138267  0.119725  1.176705  0.119579
2300  742.760535  522.139988  19.312998  0.142036  1.341206  0.073134
2301  1676.165314  56.328021  19.072238  0.123160  1.284495  0.082506
2302  1949.553074  1798.140159  18.759231  0.172846  1.202726  0.102625
2303  2016.969094  542.495826  18.969964  0.084311  1.347762  0.130004
2304  1100.953172  1966.142642  18.626442  0.076614  1.042693  0.111049
2305  1642.092314  775.966955  20.422032  0.107887  1.769540  0.108217
2306  145.355472  1438.390113  19.836192  0.076319  1.764319  0.154378
2307  953.473018  740.732246  18.999374  0.091703  1.095259  0.109159
2308  410.109004  214.421557  19.459123  0.120064  1.508173  0.087674
2309  1986.416339  1133.580068  18.478389  0.081230  0.929318  0.065005
2310  772.594746  1317.809003  20.946735  0.164355  2.556212  0.198070
2311  1440.741772  1932.470973  19.081200  0.150116  1.085313  0.134110
2312  1928.042426  1000.680908  19.605819  0.075731  1.737297  0.110771
2313  330.565545  42.438952  18.861451  0.103272  1.834422  0.110564
2314  194.837148  1980.515637  21.170511  0.232003  2.202751  0.264387
2315  461.919138  1036.001633  20.132077  0.117638  2.124689  0.171352
2316  1048.620003  848.206606  18.770640  0.074386  0.951831  0.067769
2317  35.848504  1785.830870  17.615133  0.064035  0.260337  0.044305
2318  1561.008606  1281.596286  19.100528  0.126385  1.118892  0.101554
2319  1409.989776  506.616778  19.520737  0.095811  2.190965  0.102110
2320  1963.554682  953.706391  18.930106  0.095684  1.160020  0.065274
2322  870.424372  497.037137  20.239439  0.179112  1.950653  0.156447
2323  229.053736  1077.024534  19.712141  0.111470  1.593348  0.237219
2324  1255.209937  801.634678  20.592515  0.170165  1.627932  0.141846
2325  2012.698995  209.456998  18.760545  0.152419  1.378443  0.133173
2327  1936.795156  996.732043  20.466335  0.133228  2.008002  0.127460
2328  1530.802203  1843.748706  20.878597  0.136500  2.340494  0.186171
2329  1001.347704  38.892176  17.594587  0.045758  0.341104  0.050711
2330  1302.843117  1528.240100  19.298372  0.096188  2.489038  0.113984
2331  1897.409718  124.437457  19.691603  0.078146  1.635536  0.100652
2332  1617.635224  1988.082812  18.797878  0.122739  1.065128  0.052326
2333  186.151520  1015.712565  19.877239  0.232101  1.713157  0.164018
2334  617.745406  664.120703  18.431066  0.069305  1.038160  0.084178
2335  252.633491  1502.992233  20.004016  0.104417  1.868919  0.098709
2336  582.944305  1111.201093  19.448618  0.096635  1.382519  0.170721
2337  1993.117807  1934.721938  19.475841  0.157764  1.649216  0.193588
2338  783.754555  76.881104  19.564514  0.097525  1.666517  0.217905
2339  796.238397  1596.856856  18.896311  0.079680  0.918996  0.082137
2340  327.677904  1168.250964  19.943748  0.239895  1.703008  0.102763
2341  1997.650405  610.960889  19.114340  0.088998  2.307940  0.059535
2342  234.037157  550.137156  19.493141  0.132419  1.565416  0.090250
2344  1532.557388  254.986775  20.201883  0.155200  1.694760  0.132799
2345  94.487724  639.253594  19.104352  0.083718  1.102555  0.076366
2346  1205.503949  1682.348495  19.525957  0.072867  1.823365  0.173222
2347  1934.453781  549.410846  19.074330  0.112056  1.853430  0.100987
2348  938.611194  1357.714159  19.515440  0.126041  1.292386  0.176556
2349  923.248207  1859.050444  18.851113  0.136401  1.101684  0.078076
2350  186.004072  153.381819  19.690830  0.124728  1.399030  0.104189
2351  156.049061  1577.974638  19.592474  0.070028  1.530143  0.087880
2352  1279.962371  1558.153435  17.370656  0.059706  0.293049  0.051499
2353  7.840095  862.082806  18.995183  0.074484  1.118468  0.071000
2354  1486.588475  1269.962474  20.884342  0.116407  2.277472  0.124188
2355  2029.698927  1435.999937  18.029907  0.079120  0.662122  0.048744
2356  1814.597432  1707.312351  19.756274  0.161217  1.362158  0.075720
2357  1166.307177  345.877427  20.055445  0.157867  1.829202  0.230842
2358  1543.109753  430.600496  20.078666  0.120835  1.388367  0.155841
2359  373.017262  1596.115355  20.663690  0.164866  1.628636  0.221350
2361  1757.677364  1456.377054  20.720053  0.144269  1.682167  0.102070
2362  1840.709845  434.173202  20.906814  0.156980  2.390766  0.200933
2363  1476.411188  1465.272825  20.374855  0.246321  1.752550  0.149441
2364  950.930473  1709.868405  20.119838  0.154616  1.567404  0.135845
2365  1360.021973  893.404552  19.722075  0.124543  1.726850  0.113661
2366  107.847069  135.794653  19.629583  0.107257  1.757593  0.116088
2367  1564.618177  2005.055345  20.007585  0.150617  2.264820  0.151928
2368  833.558485  948.668993  20.403040  0.146328  1.624462  0.148165
2369  1733.831105  1753.139918  19.913209  0.149567  1.546061  0.198908
2370  1931.990217  564.682999  19.866875  0.106514  1.304957  0.213006
2371  1559.533159  553.967389  19.872868  0.096679  2.147412  0.108132
2373  772.438704  2040.969481  21.192833  0.120535  1.625775  0.307984
2374  1486.950521  97.268257  20.189130  0.080013  1.910038  0.221474
2375  832.407236  1062.910354  19.478177  0.170866  1.061501  0.151308
2376  1177.489841  677.295415  19.639634  0.077815  1.341213  0.079066
2377  968.713650  1746.648623  20.919896  0.124750  2.100545  0.149670
2378  36.899419  39.522802  19.209774  0.062905  0.972355  0.103684
2379  978.845935  1356.440163  19.060961  0.064005  0.829417  0.062182
2381  1638.304247  1584.459180  20.310812  0.165783  1.467145  0.132904
2382  368.468519  1971.901189  19.884598  0.093821  1.194374  0.078848
2383  255.118177  391.598845  19.946154  0.085646  2.360820  0.115144
2384  579.657556  200.879735  20.561632  0.182256  1.659465  0.167427
2385  1361.649316  1233.816207  20.007035  0.109576  1.314257  0.156566
2386  651.419756  1863.290004  20.323667  0.193816  1.401144  0.249920
2387  223.071115  1568.272486  21.197048  0.111412  1.756363  0.175463
2388  1372.741549  609.174899  19.908888  0.087217  1.603235  0.215949
2389  237.341983  1624.149439  21.047207  0.143213  1.670916  0.124035
2390  1189.314143  512.224145  19.716454  0.130831  1.291995  0.154256
2391  1579.958003  1003.333244  20.389930  0.165156  2.460101  0.209355
2393  2046.776402  343.616321  20.619361  0.178835  1.973777  0.132408
2394  980.154426  1868.285743  20.111348  0.205379  2.017329  0.184111
2395  1664.597276  1097.625768  19.984964  0.132787  1.435515  0.104352
2396  1705.116781  1496.463382  19.627943  0.079028  0.863239  0.234890
2397  1592.067507  923.037703  19.971390  0.138243  1.018903  0.077427
2398  1378.758248  1699.905019  20.330173  0.144620  1.343631  0.171798
2399  1615.433188  176.065369  19.547183  0.078215  1.011031  0.151700
2400  716.840835  1001.922368  20.030419  0.154245  1.666419  0.129363
2401  198.896106  410.268072  20.379228  0.122160  1.707260  0.174456
2402  933.204953  1975.054570  19.779469  0.150303  1.359371  0.256585
2404  18.850190  1277.835986  20.668104  0.143943  1.422099  0.139275
2405  296.992276  622.680256  19.591784  0.156092  1.769478  0.167282
2406  188.860518  1105.222231  19.484244  0.095118  1.031652  0.062693
2407  433.733513  1014.751339  20.702496  0.183099  1.967737  0.167723
2408  1249.394996  0.462774  18.241319  0.091493  0.139083  0.073309
2411  1520.442619  1362.224973  18.013441  0.120788  0.367286  0.075556
2412  1121.734142  212.439776  17.531406  0.093926  -0.042963  0.052536
2414  696.396024  925.843719  20.701700  0.131184  1.736905  0.181589
2415  1524.392562  1830.369507  20.487147  0.189463  1.793016  0.182212
2416  1992.400890  1802.176036  19.885264  0.113281  1.408329  0.113140
2417  1800.513395  1535.852491  20.212861  0.164772  1.450181  0.144366
2418  1144.171679  12.196567  19.066785  0.070992  0.665954  0.063693
2420  1271.688189  1758.151809  19.883303  0.135132  1.466166  0.085575
2422  1732.791997  1896.857357  20.853158  0.229041  2.187459  0.120578
2424  1121.749868  145.481090  19.258689  0.060658  0.892646  0.064442
2425  1496.343571  1137.226161  19.928730  0.125059  1.538285  0.131723
2426  708.227791  1991.086092  19.555707  0.070096  1.329766  0.099195
2428  1434.137486  321.535017  19.725121  0.178042  1.531647  0.074190
2431  414.389171  500.408958  19.801610  0.106834  2.243828  0.127692
2433  1239.796148  1659.468333  19.427458  0.131119  1.201482  0.097151
2435  1221.044806  184.901731  19.838680  0.193732  2.355281  0.095527
2436  53.442456  770.160920  19.053974  0.071668  1.032193  0.167562
2437  571.311615  233.439955  20.019662  0.175663  1.624572  0.091109
2438  1938.585263  1361.891591  19.505234  0.161606  1.172243  0.107722
2439  494.552323  788.548714  20.651651  0.138975  1.569528  0.203719
2440  1119.247972  1471.932973  20.184536  0.189258  1.584564  0.078946
2442  1159.526352  553.780747  19.597825  0.091011  1.215842  0.098056
2443  706.963832  793.679746  19.919409  0.385865  2.651870  0.138896
2444  665.827851  1371.663970  18.755013  0.057698  0.707169  0.181468
2445  1506.632973  730.426521  20.087537  0.210082  1.601952  0.133369
2446  476.550854  66.813642  18.868842  0.064040  0.881867  0.074102
2447  652.579241  1453.440214  19.606444  0.086356  1.544472  0.150100
2448  264.682917  1682.476693  20.560280  0.177462  1.584248  0.163789
2450  420.625911  1704.552944  18.981963  0.087761  0.849248  0.061059
2453  1611.733109  370.060995  19.977849  0.119916  1.603022  0.124999
2455  273.198447  68.941517  20.050099  0.182570  2.132068  0.227272
2456  1525.775388  1650.548669  20.190747  0.116379  1.709151  0.274500
2457  104.202539  381.050503  19.697000  0.120318  1.303779  0.132992
2458  1947.363898  1259.251861  17.934412  0.063665  0.379672  0.116578
2459  679.195560  1192.403974  20.059358  0.197472  1.242132  0.101537
2461  1087.107914  1474.665000  18.547599  0.103023  0.467787  0.059746
2462  38.157755  82.424489  19.642386  0.105941  1.262638  0.147789
2463  1383.513410  1882.911213  18.888635  0.075985  0.603786  0.078383
2464  0.691242  1979.632840  19.718871  0.100303  1.464760  0.122808
2467  598.411156  73.226007  19.753085  0.078104  1.941176  0.170488
2468  1841.672669  1090.821355  19.784870  0.075286  1.396937  0.124910
2470  105.926248  1201.602254  19.976677  0.240606  1.780289  0.089937
2471  122.172939  1552.658368  18.635937  0.074116  0.845281  0.070082
2473  827.959629  349.481007  18.210102  0.055981  0.501537  0.145634
2481  1749.957590  1345.875000  21.410604  0.193661  2.008899  0.231095
2482  1533.322633  1615.187344  19.899655  0.262614  0.990288  0.103616
2483  579.224025  939.984818  20.817695  0.342791  1.710488  0.275409
2486  464.162519  1913.369416  20.108113  0.092292  1.171804  0.105360
2487  1460.515512  1859.206345  20.589943  0.209882  1.497389  0.100480
2488  2041.149983  709.706710  20.900052  0.137335  1.519452  0.134340
2489  809.505317  860.321770  20.787848  0.124573  1.721901  0.161775
2490  908.080103  769.420550  20.719640  0.110162  1.356394  0.154615
2492  558.743462  808.214705  20.511328  0.218646  1.348605  0.140799
2493  1946.045396  52.895028  20.155834  0.117526  1.325202  0.137475
2495  440.166050  1592.967532  19.747020  0.080175  0.703652  0.130127
2498  962.408332  929.331067  19.533607  0.135789  0.716680  0.156070
2501  918.031193  1495.979321  18.520575  0.057560  0.161840  0.095303
2502  1257.669600  1485.010106  21.266830  0.275598  1.801566  0.195097
2505  1325.634077  781.506167  19.851673  0.077423  1.165764  0.117124
2508  1983.749434  286.128610  19.957165  0.097243  1.010133  0.109556
2511  974.933892  1502.715424  20.529340  0.201270  1.712923  0.101819
2512  1636.428164  291.610441  20.828202  0.158135  1.364331  0.129850
2521  1625.609904  1891.410169  21.526848  0.311825  2.554318  0.171472
2526  506.910054  1129.095576  20.526059  0.115013  1.355520  0.158844
2527  311.377496  1697.108465  19.864037  0.112310  1.021574  0.218585
2529  1077.295349  628.753543  20.800709  0.200555  1.752809  0.341735
2530  1649.374647  1212.738335  21.048056  0.189053  1.871342  0.157826
2534  51.540303  143.658961  19.861243  0.147984  0.876430  0.173283
2536  1972.786458  1182.124241  19.264009  0.186699  0.810922  0.119295
2539  1949.320011  1100.574398  20.474610  0.141311  1.606490  0.122023
2540  1040.324563  1641.868681  20.057798  0.164609  1.308146  0.093070
2542  593.120825  1399.107195  20.537329  0.270979  1.475297  0.093767
2543  383.880083  1374.329617  20.882819  0.111595  1.988009  0.408377
2545  136.997379  1952.625087  21.534706  0.233077  1.706829  0.278624
2546  1679.256911  562.799362  21.003869  0.142558  2.112941  0.116439
2548  563.649209  1687.043818  19.706559  0.100430  0.966348  0.154380
2550  587.609890  287.915612  20.600235  0.170428  1.913510  0.174106
2551  1985.153554  820.515885  21.358606  0.157050  1.353428  0.295227
2553  1653.166222  1176.500798  19.398418  0.118496  0.938588  0.220041
2554  1331.032498  361.090711  19.567652  0.079544  0.725809  0.176878
2555  1369.651483  1075.016560  18.433698  0.091529  0.092876  0.083928
2556  765.393377  1409.463936  20.500499  0.247704  1.194085  0.145117
2558  1892.841846  1963.823231  21.110677  0.317280  2.473376  0.226947
2561  1386.986242  2033.049813  20.365273  0.134345  1.099648  0.203905
2562  1073.569786  554.740887  20.661374  0.149989  1.506920  0.156338
2563  1051.770947  1615.127060  20.892444  0.257311  1.495063  0.145546
2566  1142.474656  1249.904917  21.074569  0.311852  1.289553  0.209476
2567  634.201183  374.425255  20.243949  0.181528  1.361030  0.185199
2569  1113.027529  270.801630  20.642397  0.134156  1.896114  0.170054
2570  51.380071  107.945463  20.768082  0.143423  1.620090  0.168581
2571  1177.041937  17.391409  19.462389  0.078561  0.488345  0.114485
2572  587.042871  1894.055165  20.267948  0.159721  1.093618  0.107770
2573  1444.053136  852.587237  21.025529  0.120628  2.035980  0.175745
2574  668.397320  287.818342  19.913445  0.102302  1.067963  0.092854
2576  1344.906702  1687.496449  19.074589  0.070714  0.591089  0.067817
2578  1669.128666  1460.727914  20.334270  0.108804  1.017743  0.205609
2581  263.683348  1304.668039  21.210897  0.191821  1.612850  0.106944
2582  200.666042  1878.555002  19.844191  0.103682  0.773939  0.072112
2583  974.205696  1708.022275  21.032772  0.126790  1.763271  0.196371
2584  1523.654143  1306.140527  20.554048  0.130726  1.632523  0.191745
2585  336.927459  415.133814  18.624968  0.195173  0.114235  0.077850
2587  762.479829  1922.470382  20.789626  0.177965  1.757437  0.231550
2590  865.060878  1484.295213  18.378819  0.082336  0.090328  0.162197
2591  220.734550  587.466853  21.142797  0.227739  1.551758  0.190298
2592  432.922306  1969.156950  20.154404  0.246406  1.151827  0.282973
2595  748.775495  763.516592  20.175673  0.129819  1.464677  0.240290
2597  503.823144  1390.386632  20.857817  0.160254  2.018401  0.155369
2601  1721.915526  925.238166  20.059927  0.174624  0.414393  0.168490
2602  793.355040  1328.071897  20.224763  0.110542  1.279415  0.230928
2604  715.303036  1122.774347  19.991602  0.089897  0.442334  0.152318
2609  369.753172  1919.252617  20.557900  0.198368  0.734940  0.192643
2615  166.841150  1796.644169  19.452930  0.133546  0.198870  0.129291
2618  1744.082538  162.385618  21.018220  0.213240  1.654650  0.134856
2619  505.307038  1396.629810  21.307428  0.129263  1.492566  0.118151
2621  1515.275711  1866.740645  19.809365  0.108376  0.725549  0.163063
2625  712.048748  1990.758382  20.657656  0.103566  0.811581  0.207786
2626  1044.131607  459.423071  19.173347  0.100618  0.588287  0.140107
2635  2020.745095  1527.888317  20.738190  0.142827  1.072705  0.131818
2637  166.697219  619.964078  20.434468  0.125366  0.698921  0.345128
2638  720.745753  971.518976  20.969125  0.140907  0.848443  0.113755
2641  1902.962960  557.837894  20.660801  0.223347  1.033266  0.178786
2645  837.584208  1889.026967  20.555503  0.232331  0.845809  0.175133
2648  888.482727  229.632252  20.400684  0.166189  0.470347  0.181489
2651  1312.563173  1218.448380  20.061715  0.249676  0.504365  0.172323
2656  725.607560  1010.532742  19.264761  0.082305  0.390820  0.126222
2658  1839.934504  1170.094734  20.048092  0.163271  0.677517  0.151467
2660  322.069108  1838.765280  21.107589  0.153896  0.904275  0.240786
2661  467.173657  1299.991091  20.929346  0.101786  0.952705  0.148473
2665  419.285412  451.928624  20.794973  0.117259  0.650618  0.114001
2666  660.739111  1804.839783  20.445147  0.135740  0.185652  0.274653
2669  1545.333951  1775.897092  21.341007  0.196689  0.411251  0.163492
2671  631.248634  1995.062582  20.671319  0.143229  0.611795  0.188979
2681  1759.492923  3.735358  20.618445  0.158818  0.755705  0.139321
2684  131.679827  992.302785  19.980911  0.083886  0.325529  0.177987
