# id  x  y  V  eV  BV  eBV
11  913.086976  1031.576699  21.343028  0.176028  1.468899  0.161104
13  997.105111  957.132186  20.674984  0.194595  1.206861  0.172033
14  976.632402  1134.295450  20.733086  0.125404  1.297406  0.253589
15  1053.308662  862.033531  19.923302  0.194921  1.431756  0.182082
16  1042.779034  1152.847442  19.728354  0.144949  1.284324  0.132599
17  909.642691  1020.338586  19.447961  0.091746  1.280805  0.087316
18  933.303112  1104.418652  19.166639  0.080949  1.310393  0.081639
19  1022.422508  1139.062477  18.437446  0.053366  1.186343  0.047315
110  1100.477297  986.940252  17.750883  0.084511  1.225075  0.053556
20  1310.772521  702.187473  9.015049  0.027863  0.883846  0.018728
21  571.331680  543.758671  9.465487  0.020147  0.753235  0.021753
22  580.787265  953.709652  10.155118  0.020821  0.833746  0.032285
23  973.176300  1827.220487  11.877934  0.053924  1.603231  0.043227
24  509.206345  1245.713253  10.180315  0.033310  0.702955  0.017780
25  1214.352780  2035.656857  10.216948  0.047448  0.649606  0.036800
26  2017.225430  328.201776  13.742703  0.019855  2.388254  0.041926
27  1728.203980  1283.580797  10.676536  0.027881  0.646466  0.017861
28  1328.176892  905.858066  15.835571  0.051360  3.610621  0.087094
29  29.141423  614.842516  10.924922  0.049850  0.768119  0.024662
210  609.927872  1856.953378  11.510388  0.048621  0.892070  0.039536
211  2006.572457  1428.213407  14.328139  0.021611  2.484334  0.059699
212  1218.319132  129.351040  12.355174  0.019093  0.904013  0.037832
213  975.011104  850.486571  17.267188  0.056193  3.637791  0.058173
214  513.684945  1472.266427  12.067389  0.023643  0.679125  0.029080
215  819.081944  1189.099202  12.199802  0.039010  0.479959  0.037735
216  645.417405  1623.985279  12.727139  0.063038  0.897226  0.043277
217  121.768091  2039.460746  12.002929  0.020085  0.573051  0.023608
218  560.474380  236.708925  13.009452  0.037812  0.840885  0.020049
219  1747.625143  1766.246862  16.114733  0.029500  2.498543  0.031449
220  374.500963  913.910321  12.706666  0.028591  0.602308  0.037145
221  1136.171150  1817.318828  13.200940  0.041321  0.808664  0.019766
222  969.602755  1877.988157  16.395425  0.051238  2.309070  0.047405
223  524.651092  1141.000096  17.711819  0.052378  3.303915  0.059583
224  1.522222  1021.877381  13.196930  0.022420  0.679630  0.030884
225  992.958529  849.931563  12.780791  0.029544  0.257451  0.023862
226  1227.685189  1385.609697  13.659856  0.022097  0.977688  0.042614
227  214.158733  2010.368781  14.333921  0.046696  1.240295  0.031035
228  1396.400447  1049.216273  16.385521  0.037091  2.427430  0.043249
229  966.329580  294.668426  14.433562  0.034585  0.951375  0.058732
230  908.306237  1424.063818  20.607856  0.100808  4.645671  0.127497
231  1820.097415  950.777872  13.167267  0.042460  0.404994  0.024450
232  1097.776287  2009.421715  17.292495  0.084181  2.671986  0.041733
233  1101.392239  1581.520649  15.892627  0.040783  1.705720  0.065337
234  1077.365952  1532.569458  13.441928  0.037604  0.576520  0.032296
235  667.328097  2013.472978  13.530455  0.031219  0.746630  0.047827
236  1768.322495  1345.445459  16.561575  0.052506  2.164208  0.055855
237  233.291409  2006.914815  13.589441  0.044695  0.752131  0.033205
238  1502.375550  613.733893  14.614599  0.052288  0.992832  0.045452
239  98.657884  317.353050  17.870271  0.042133  2.639314  0.083163
240  781.442591  1655.814687  14.898107  0.035045  1.112532  0.030627
241  1857.644715  2036.429626  14.543665  0.025680  0.758487  0.021846
242  1199.886683  21.856788  14.440302  0.036725  0.707346  0.031567
243  1885.762323  25.932346  14.173308  0.024023  0.814546  0.023676
244  405.189448  328.310862  17.928893  0.075790  2.722278  0.058176
245  2014.670273  170.091296  15.323435  0.029129  1.226650  0.054597
246  1314.112835  1081.395645  18.253849  0.067461  2.949997  0.096766
247  729.859047  103.971539  17.049832  0.062694  2.384050  0.062754
248  1945.253439  68.074573  16.629268  0.092006  2.240241  0.107669
249  126.757017  850.803562  14.465290  0.030086  0.695040  0.040718
250  536.183010  1722.381150  15.305462  0.049355  1.171013  0.049272
251  52.676114  1970.133833  14.893742  0.023470  1.056328  0.037202
252  1367.872416  38.446745  14.085529  0.043937  0.251647  0.021180
254  1129.314035  895.149773  20.027763  0.103495  3.604794  0.119581
255  654.529348  1767.708301  16.632050  0.039758  1.817579  0.048906
256  829.451283  776.697336  16.158833  0.044633  1.458992  0.048734
257  1190.730975  1692.678995  19.267615  0.160674  3.134214  0.109165
258  344.628204  1376.303923  14.690385  0.034934  0.661658  0.047586
259  1544.216699  369.479612  15.490038  0.029848  1.063028  0.074379
260  1856.654250  1366.187225  18.417545  0.059536  2.530913  0.073153
261  1583.337753  2008.915530  17.180006  0.075470  1.990473  0.044309
262  460.984214  860.148382  17.896713  0.054828  2.470236  0.047863
263  666.138586  117.264493  18.690584  0.071653  2.796088  0.099714
264  873.137486  306.257771  18.741254  0.099303  2.684461  0.127105
265  1062.820398  1753.722069  13.822058  0.030215  0.166714  0.039711
266  1019.902469  775.049397  15.756300  0.048275  1.121253  0.110326
267  344.608953  1474.172788  19.668469  0.174490  3.409331  0.084685
268  1969.181789  1244.248867  16.005324  0.047363  1.272048  0.053402
269  863.163936  359.264263  14.604761  0.056117  0.698738  0.051076
270  491.580844  1255.172421  16.785183  0.038022  1.650641  0.034609
271  531.248986  1901.904954  14.875677  0.025232  0.854100  0.035138
272  1419.865921  891.260571  20.508711  0.217665  3.674929  0.230043
273  303.925711  1434.027420  17.419568  0.054964  2.063687  0.075538
274  377.659026  1326.764887  15.665001  0.043792  1.014174  0.038238
275  1153.803651  1186.152128  15.409474  0.057392  0.831376  0.031686
276  662.798543  214.972342  15.214279  0.038492  0.917613  0.041118
277  791.446125  1403.284978  15.126695  0.051299  0.747499  0.025071
278  1744.267590  351.727304  14.475345  0.057319  0.293805  0.035607
279  10.922997  123.143907  16.719991  0.063043  1.523490  0.045185
280  1915.706596  30.651414  18.714792  0.103228  2.735470  0.099578
281  361.620262  1006.797959  17.217937  0.042716  1.567433  0.056580
282  1110.089246  1048.798120  20.127906  0.096716  3.465292  0.159935
283  1104.671350  136.268957  15.440003  0.081385  0.916070  0.068491
284  414.193927  185.821918  16.532999  0.052325  1.408658  0.079023
285  1175.402253  676.941467  18.423721  0.110049  2.626302  0.057417
286  911.606227  1252.456827  15.345524  0.040806  0.680582  0.050484
287  1225.985989  1681.381218  14.491302  0.033429  0.074140  0.022478
288  2045.970232  1109.829412  16.296248  0.051604  1.176021  0.039922
289  566.655018  353.001410  17.201093  0.057816  1.707464  0.118413
290  1515.754712  203.891247  16.480308  0.035371  1.448863  0.036716
291  699.176864  649.258555  15.677290  0.033574  0.754359  0.040881
292  1608.024202  301.389462  16.824451  0.044218  1.514490  0.031937
293  1806.263018  1165.325301  15.376961  0.057639  0.742434  0.050410
294  1802.250802  1532.601665  18.316313  0.085583  2.209542  0.063712
295  737.589103  1837.575462  17.579345  0.039416  2.061932  0.062825
297  1179.056482  1874.416669  17.565034  0.078108  2.116445  0.057949
298  669.635203  529.491624  16.539774  0.052319  1.414676  0.030743
299  640.981434  363.061454  15.920473  0.073398  1.693950  0.032452
2100  1996.088492  753.175681  15.989817  0.051261  0.854092  0.051707
2101  803.652974  1622.070044  16.067491  0.032188  0.816390  0.031448
2102  1188.614265  1080.392994  18.078169  0.071182  1.931404  0.142816
2103  597.180445  2033.702081  16.539479  0.072493  1.196061  0.042006
2104  631.637480  499.917155  16.538869  0.062386  1.347526  0.091779
2105  1561.270381  1475.436872  20.821777  0.154334  3.263966  0.202405
2106  721.343266  865.793053  18.348816  0.112913  1.985449  0.091219
2107  1595.046650  1142.336121  16.027092  0.047036  0.736786  0.048831
2108  1949.322229  133.857355  16.156486  0.029046  0.724787  0.057468
2109  1931.370814  153.044145  18.220231  0.056616  2.063360  0.090844
2110  1453.117182  1458.284482  16.293622  0.045942  1.598816  0.086261
2111  746.348025  424.927327  16.274040  0.038115  0.964780  0.057583
2112  1281.513065  1928.858181  15.979306  0.040776  1.370757  0.061094
2113  1943.584363  1487.977996  16.683664  0.044140  1.209068  0.035932
2114  1901.789457  19.698082  15.927599  0.029246  0.710078  0.050241
2115  1137.931170  1080.966590  19.260687  0.107328  2.559645  0.105144
2116  690.073707  1465.492875  15.815580  0.050654  0.797246  0.033393
2117  519.323615  1483.614976  19.547266  0.096620  2.697987  0.083620
2118  893.297057  548.774579  17.854887  0.098696  2.069575  0.077826
2119  246.701938  635.983668  16.403826  0.040643  1.401539  0.044946
2120  736.664123  399.225438  16.367268  0.032656  1.364015  0.031834
2121  1639.196197  31.597866  20.925041  0.132832  3.201904  0.312480
2122  1443.518237  390.373038  20.893607  0.122105  3.671253  0.131173
2123  1477.789060  1756.206412  17.413923  0.062813  1.583761  0.067499
2124  141.019591  524.345948  16.743634  0.038183  1.104405  0.039139
2125  284.005760  393.988956  18.250773  0.055264  1.980758  0.072155
2126  437.364282  1205.430251  15.997998  0.036038  0.848493  0.038138
2127  214.948289  1628.795035  16.194426  0.048579  0.792174  0.061662
2128  1528.301276  1169.105474  19.465298  0.069021  2.533531  0.134855
2129  307.564320  48.616434  15.890662  0.049873  0.840095  0.055781
2130  1787.471644  400.578143  14.244338  0.067832  -0.324432  0.038825
2131  1313.726119  1473.386447  16.137754  0.052702  1.294735  0.035226
2132  1582.621594  587.247868  19.907408  0.077068  3.247911  0.106795
2133  756.483961  965.374515  17.190518  0.051203  1.371817  0.046736
2134  1220.620148  1958.343203  19.496507  0.093420  2.637975  0.158561
2135  1745.226948  815.438607  15.786288  0.034171  0.557524  0.043864
2136  34.235298  71.711670  16.653083  0.039050  1.376628  0.076742
2137  1160.260740  114.036450  16.660995  0.071495  0.824016  0.055504
2138  765.610209  308.466754  17.533583  0.069198  1.202550  0.061388
2139  1419.237037  470.885016  16.539180  0.047410  1.391399  0.049879
2140  1987.698725  1491.233493  19.661684  0.131833  2.765941  0.139790
2141  440.658046  1732.780098  14.754758  0.032032  -0.076216  0.024735
2142  811.543743  1310.992293  17.465449  0.057915  1.296747  0.079438
2143  340.256785  827.025250  16.724166  0.057409  1.173176  0.079255
2144  1170.788736  1324.686746  16.701329  0.039140  0.854659  0.047760
2145  437.623701  281.336674  19.558991  0.089991  2.252598  0.120247
2146  1226.411091  1858.825998  15.760258  0.026102  0.494937  0.059983
2147  1958.781043  377.277384  16.773879  0.044159  1.031264  0.040838
2148  1705.402795  341.522260  19.613173  0.104253  2.527637  0.101626
2149  425.615333  969.014113  16.494848  0.090107  0.675829  0.030866
2150  802.958024  249.415610  16.609334  0.058909  1.776222  0.037749
2151  629.050177  499.323504  16.540464  0.050416  1.093270  0.048115
2152  275.756413  229.956892  18.106859  0.051027  1.865264  0.065553
2153  1235.899114  1301.801790  18.585356  0.056077  1.957724  0.093524
2154  648.138826  1932.820395  17.791381  0.045469  1.399031  0.101345
2155  1007.584812  360.036153  15.681410  0.031970  0.232761  0.046835
2156  1903.610621  822.626329  18.369296  0.079624  1.796600  0.079621
2157  1423.711169  202.324245  17.155062  0.037711  1.241922  0.078340
2158  1224.940003  98.679888  15.947632  0.051119  0.556685  0.050690
2159  708.369989  1711.896650  17.500632  0.038487  1.291514  0.058764
2160  1148.399926  1172.510494  16.916131  0.054513  0.878532  0.048248
2161  1593.572407  936.809011  20.128911  0.126285  3.082582  0.256450
2162  1297.061363  633.763100  16.873666  0.038616  1.077049  0.034065
2163  1338.449108  802.686871  18.258779  0.061258  1.919238  0.091333
2164  1592.522453  538.226344  19.218789  0.060974  2.098077  0.246314
2165  1790.591087  835.888656  16.743241  0.091652  1.343940  0.044143
2166  866.271341  247.176791  18.434274  0.078248  2.025072  0.105825
2167  2024.752841  852.835719  16.576999  0.043147  1.000229  0.089339
2168  1278.622356  823.871727  15.577138  0.060760  0.244323  0.051450
2169  452.435841  995.608095  20.242483  0.194372  2.856704  0.164355
2170  1947.088163  1302.315557  18.293978  0.165143  1.956974  0.061548
2171  1063.428842  1032.226857  19.753829  0.132108  2.600328  0.162229
2172  1963.470178  1059.190274  16.354869  0.057864  0.738391  0.032533
2173  573.819838  26.827018  17.708998  0.060405  1.279209  0.078529
2174  1115.462860  1958.610020  15.721664  0.027281  0.319043  0.048000
2175  103.883559  1526.865608  21.014044  0.218177  3.414616  0.173053
2176  360.310602  1663.288736  20.127017  0.191544  2.725572  0.180832
2177  751.854617  1074.522510  19.028417  0.117921  2.286051  0.099190
2178  900.690383  1102.396586  14.716746  0.052616  -0.199928  0.062044
2179  1526.658719  905.764774  17.248695  0.056724  1.260764  0.034861
2180  410.151214  1236.502303  17.400972  0.065722  1.297726  0.047210
2181  705.234747  242.772140  15.992115  0.028134  0.400960  0.055005
2182  800.623791  292.102344  19.698431  0.072789  2.587065  0.108458
2183  214.949805  857.784358  16.734089  0.082621  1.244240  0.035692
2184  1318.142566  1.400605  19.249094  0.180814  2.448995  0.063849
2185  1325.753002  1084.232097  16.614096  0.055647  1.236409  0.058786
2187  1918.745701  1786.061527  17.014949  0.077026  1.201909  0.075064
2188  751.388812  210.114170  17.820949  0.063091  1.283416  0.096235
2189  39.344519  1335.908525  17.477430  0.056010  1.326252  0.043243
2190  1236.975768  1101.149323  14.593797  0.029796  -0.434876  0.024026
2191  1131.126287  1848.111506  20.234410  0.151947  2.745372  0.091337
2192  647.814434  630.065051  16.341223  0.034107  1.059188  0.046939
2193  601.674135  720.276971  17.606575  0.110725  1.024340  0.096116
2194  138.243666  751.916837  18.299238  0.048676  1.487539  0.047103
2195  1734.325655  11.971294  17.419879  0.089053  1.883472  0.055975
2196  834.300353  1886.902673  17.414203  0.142188  0.994147  0.060507
2197  1710.610920  342.487477  18.705423  0.090526  1.822300  0.098548
2198  1871.924054  1042.827621  17.069240  0.040672  0.950873  0.048747
2199  536.785492  1821.972933  15.454651  0.093222  -0.149252  0.028364
2200  936.260195  900.795470  19.517397  0.188246  2.231098  0.144729
2201  608.461747  1593.996072  18.063413  0.161431  1.454287  0.092698
2202  1592.986801  1143.101874  17.089767  0.035225  1.054233  0.049122
2203  83.716063  490.398716  18.910013  0.082015  1.693334  0.078936
2204  388.483704  1411.148317  16.807166  0.037151  0.737504  0.054699
2205  2046.436611  232.501659  17.385602  0.058819  0.937985  0.059119
2207  1202.804252  189.033477  17.617659  0.060079  1.168839  0.067266
2208  1182.805617  930.895459  20.494418  0.185663  2.796512  0.089187
2209  952.007077  720.627237  19.579198  0.078796  2.338514  0.100610
2210  969.094705  309.149896  16.616131  0.053743  0.579024  0.067357
2211  778.093047  123.327664  17.552180  0.054255  0.988677  0.044584
2212  199.873958  87.646736  17.236589  0.068591  1.011790  0.113416
2213  228.224808  33.477972  17.253479  0.036595  1.360556  0.098859
2214  141.601294  241.249894  19.597968  0.112919  2.232884  0.096926
2215  1368.731771  1372.699939  17.407339  0.106120  1.042806  0.047531
2216  1148.287274  187.700906  19.712456  0.110984  2.222748  0.181071
2217  1156.629560  387.707919  18.189735  0.054473  1.382016  0.129595
2218  1061.655710  1511.057662  16.959422  0.046679  1.070874  0.037762
2219  1661.188396  1599.142846  17.199371  0.070310  0.838829  0.081041
2220  688.683050  889.806983  19.997912  0.148656  2.267307  0.155544
2221  1040.362514  967.279011  18.447905  0.076652  1.533478  0.079751
2222  335.914168  1461.014580  17.539392  0.072258  1.604567  0.095347
2223  553.831623  1111.448617  20.939054  0.215459  2.651130  0.267416
2224  1287.640425  890.687120  18.412265  0.068220  1.542662  0.051692
2225  597.153938  937.995642  15.481062  0.041642  -0.192244  0.035747
2226  1816.834100  1363.023104  20.511928  0.086702  2.594290  0.100568
2227  1693.760774  1289.949123  18.882213  0.077166  1.845494  0.065161
2228  426.258716  596.553226  19.137275  0.119405  1.923250  0.072836
2229  1595.765938  338.502034  17.596639  0.139961  1.595894  0.086447
2230  740.889057  172.230877  16.841045  0.091552  0.862026  0.034357
2231  1036.442776  2039.601920  20.740980  0.131681  2.554704  0.138698
2232  617.681499  1919.119556  15.244348  0.027693  -0.114609  0.032737
2233  1477.828138  1742.202854  17.145335  0.053103  0.896317  0.065177
2234  1887.974771  1382.455514  20.079310  0.155895  2.640455  0.157852
2235  1367.156194  550.084370  17.146237  0.085506  1.074054  0.078937
2236  1113.280831  1987.641630  17.345286  0.060626  0.928033  0.048121
2237  1664.218211  1389.908700  17.025155  0.076576  0.887257  0.092622
2238  1433.286107  1644.261299  18.474293  0.071017  1.384017  0.051254
2239  1075.896834  506.345824  19.428681  0.103615  2.167787  0.090718
2240  1967.955987  1611.613457  17.436712  0.084051  1.343307  0.054319
2241  1919.600540  806.328803  18.252820  0.063191  1.474589  0.091849
2242  384.674363  11.492047  18.565631  0.138033  1.661336  0.054460
2243  489.933801  53.133286  19.763930  0.191989  2.213850  0.174811
2244  119.211593  1016.394844  17.082656  0.066226  0.762259  0.036475
2245  291.764888  1106.556686  17.119745  0.037323  0.829840  0.070705
2246  1707.190865  458.843340  16.444504  0.044029  0.241873  0.049415
2247  1279.826365  1395.060202  18.861190  0.105750  1.886953  0.098078
2248  1676.769379  1701.125668  16.567382  0.079833  0.544588  0.056151
2249  2034.819736  1263.277439  20.629350  0.136682  3.017836  0.091920
2250  1568.941284  1271.555035  17.241762  0.061033  0.825160  0.074060
2252  1990.028084  1193.064118  17.456752  0.100196  1.091741  0.060106
2253  151.210668  1483.655062  19.426902  0.106674  2.070806  0.218007
2254  1939.733936  1844.481483  17.416622  0.041990  0.917858  0.044556
2255  188.370455  313.605134  17.865331  0.076827  1.168794  0.108737
2256  770.154123  152.397752  20.124390  0.140327  2.652534  0.110994
2257  464.129169  610.177072  17.001598  0.060259  1.010690  0.082521
2259  550.055118  1040.849959  16.449781  0.035198  0.361491  0.065692
2260  1211.302190  1459.038738  18.705337  0.133700  1.680747  0.057505
2263  640.132399  302.311694  16.937800  0.072939  0.904546  0.038290
2264  1331.187376  1263.046167  15.541592  0.042767  0.057416  0.060549
2265  1181.087263  1458.419979  17.241566  0.075264  0.934149  0.050375
2266  201.270496  264.310709  19.464437  0.137057  1.979400  0.134244
2267  258.781387  573.822868  18.007302  0.055082  1.224807  0.063986
2268  919.055511  269.526629  20.021593  0.100612  2.042027  0.143686
2269  453.066253  448.883226  17.917218  0.060944  2.284661  0.070920
2270  598.634151  1218.997727  17.808788  0.084111  1.094718  0.048658
2271  1141.766799  1308.541178  17.088564  0.051490  0.519008  0.052412
2272  156.541216  1616.735439  16.250706  0.048281  0.122506  0.034676
2274  932.614751  1256.644620  20.457441  0.104535  2.260370  0.152681
2276  61.574667  1049.749471  17.737016  0.054457  0.959922  0.055919
2277  163.662942  1179.157938  18.241609  0.054513  1.141026  0.047780
2278  1749.055866  1687.997527  17.062842  0.125149  0.387653  0.042669
2279  1018.049330  1115.974427  18.295738  0.081937  1.965138  0.057590
2280  902.651295  119.653466  17.616470  0.065100  0.962900  0.103333
2281  54.533772  171.846458  18.384113  0.096693  1.247038  0.050612
2282  1082.782906  829.599535  18.894181  0.079432  1.380045  0.095751
2283  516.864324  225.232240  17.813017  0.108645  0.761063  0.063319
2284  1462.836104  1890.964893  18.024556  0.047527  1.009667  0.059305
2285  1800.576532  254.868176  18.643554  0.093107  1.216158  0.122529
2286  2019.222772  13.313369  19.711709  0.249078  2.134719  0.110678
2288  1158.656515  1960.540485  18.751334  0.082324  1.602941  0.069231
2289  1719.023791  1359.862515  18.925699  0.077144  1.583657  0.100275
2290  860.634673  1539.804567  18.473419  0.086327  1.106786  0.053469
2291  821.282477  1222.142224  18.114286  0.045272  1.239298  0.053220
2292  536.997144  1349.302178  18.132468  0.045254  1.428310  0.051384
2296  1918.751904  1961.577150  17.925860  0.045050  0.896326  0.041586
2297  61.490415  1861.236019  18.386598  0.139587  1.232225  0.048753
2298  565.839795  694.296486  19.606808  0.090844  1.876497  0.111380
2299  1378.707690  430.307513  16.839307  0.067603  0.093888  0.060277
2300  356.319715  955.645217  19.965794  0.189196  2.354694  0.171411
2301  1661.524921  1068.225700  18.282743  0.085871  1.170153  0.084408
2302  820.649280  1916.642843  17.671593  0.067716  0.908131  0.046323
2303  132.675167  258.939746  21.125716  0.233616  2.484457  0.247952
2304  1374.805123  682.278182  15.987414  0.064515  -0.132902  0.040492
2305  774.137748  478.992223  18.053989  0.052469  1.203175  0.055388
2306  1702.425582  1127.293746  17.856876  0.051642  1.706252  0.077297
2307  1470.831910  511.573615  16.527083  0.090931  0.369528  0.054273
2308  1113.511284  2016.792365  17.975960  0.121007  1.443532  0.055229
2309  270.741659  198.020018  19.264823  0.107061  1.771358  0.112024
2310  816.314589  1209.300834  18.803834  0.140438  1.553646  0.068913
2311  1022.320173  1560.953751  19.210837  0.056945  1.827886  0.143043
2312  1897.462858  1012.093245  17.942312  0.087549  0.910556  0.055866
2313  888.704798  778.909593  18.156254  0.054579  1.174214  0.076534
2314  1192.089604  1014.353370  17.932671  0.120580  1.073564  0.079975
2315  2040.480709  232.988449  19.069483  0.106377  1.913738  0.143970
2316  817.472760  116.358130  17.522793  0.055108  0.897467  0.061918
2317  44.146779  1942.851614  17.452873  0.055578  0.631487  0.070185
2318  510.170012  1376.051348  15.676783  0.092205  -0.218070  0.042324
2320  242.356348  532.574800  17.411277  0.044132  0.599053  0.059298
2321  774.346922  734.760890  16.566311  0.048605  0.363231  0.053093
2322  1333.523170  1239.929350  19.599251  0.097096  2.001893  0.134578
2323  871.683050  1422.964907  17.825548  0.143257  1.775709  0.073875
2324  74.569075  722.309473  17.687840  0.053721  0.910370  0.068985
2325  572.413745  400.154917  17.936121  0.047486  1.298015  0.072762
2326  83.888083  1417.686193  17.097683  0.049199  0.463800  0.043369
2327  511.360634  1617.282215  18.255261  0.169321  1.062279  0.095144
2328  114.169633  566.922981  17.974770  0.091918  0.777896  0.132831
2329  190.729700  1829.763461  16.777006  0.058635  0.392833  0.048813
2330  558.422649  1382.504609  19.223599  0.140691  1.757926  0.091203
2331  304.424522  804.259664  17.653255  0.073837  1.111884  0.049969
2333  1437.643222  841.109694  17.861443  0.061914  0.967986  0.134366
2334  1314.329994  648.538615  17.776420  0.114883  1.454416  0.077863
2336  1153.136993  1612.294339  17.939340  0.086301  1.261784  0.125454
2337  1451.369625  611.876178  17.904967  0.086368  0.705030  0.072224
2339  511.264544  957.194620  18.456053  0.164369  1.360790  0.078789
2340  595.041564  58.092099  19.440810  0.081404  1.550413  0.142443
2341  684.589251  1669.388401  20.791746  0.154867  2.312479  0.256925
2342  234.904869  562.178016  17.721021  0.078537  0.942029  0.075214
2343  1137.823038  857.531789  17.619776  0.088367  0.862910  0.041388
2344  650.848993  1425.325508  19.916279  0.119466  2.036103  0.085144
2345  1072.833007  1166.484034  17.856578  0.123464  1.175654  0.067458
2346  1259.295774  121.090837  18.115661  0.064540  1.387929  0.172897
2347  442.432986  1347.790731  16.883126  0.057949  0.185917  0.061578
2349  1373.061941  1318.597195  17.635498  0.071086  0.762115  0.106518
2350  866.471496  1834.943784  17.823370  0.079815  0.916724  0.075980
2351  403.284007  608.339964  17.767696  0.052367  0.909477  0.048640
2352  163.841693  1842.962537  18.559356  0.108459  1.354806  0.074975
2353  1029.785300  1500.916857  17.845166  0.055676  1.092402  0.049826
2354  1508.160252  1568.854996  16.898898  0.047209  0.511235  0.066880
2355  390.362393  272.693752  18.037850  0.117181  1.224218  0.068484
2356  1785.774042  1731.314752  18.383792  0.058281  1.116337  0.078061
2357  1111.961528  779.283746  15.849946  0.047612  -0.383414  0.041201
2358  116.042320  455.337365  16.434955  0.034644  -0.086693  0.051107
2359  1236.706970  1137.480768  18.244677  0.101695  0.983153  0.140804
2360  1678.884563  1989.152154  17.843679  0.084060  1.117920  0.075229
2361  180.406541  559.426231  18.626332  0.080935  1.504445  0.123157
2362  825.365830  1959.241125  18.249267  0.083454  1.167331  0.124495
2363  1866.339184  1240.331073  20.584194  0.096033  2.446861  0.128033
2364  1011.079695  437.552288  19.387422  0.067390  1.929905  0.099624
2365  725.406300  1208.778898  17.467774  0.054427  0.891224  0.081226
2367  1457.749432  1619.631981  16.802959  0.049320  0.387172  0.085549
2369  1658.753341  2042.352412  17.850517  0.046350  0.651671  0.071374
2370  465.420647  823.686905  18.553268  0.103351  1.070007  0.083200
2373  39.912588  1671.224781  16.269197  0.043400  -0.227524  0.043653
2375  1394.064614  412.775491  19.539883  0.177714  1.675348  0.086635
2376  1185.107553  977.773916  18.460901  0.052822  1.098339  0.154448
2377  847.438410  940.269786  18.776468  0.109331  0.860339  0.068545
2378  178.388278  1852.156207  18.437587  0.106076  1.308770  0.070149
2379  894.108869  522.134612  18.077107  0.088572  1.069211  0.112392
2380  1934.232960  651.815459  18.739730  0.117316  1.284427  0.125232
2381  1010.560192  1364.740384  19.220094  0.089120  1.570415  0.101582
2383  787.011782  1227.809011  18.319868  0.109881  1.054485  0.082608
2384  1155.572544  9.505162  18.468200  0.125815  1.008032  0.071541
2385  1788.654071  2016.712243  20.966279  0.120063  2.547606  0.123169
2386  203.529136  55.010545  18.451695  0.126737  0.739291  0.086835
2387  1075.347902  1988.888534  18.915997  0.055931  1.890421  0.066877
2389  1339.804674  343.667225  20.030520  0.269273  1.508890  0.101550
2391  1504.323812  1592.695477  19.864972  0.127907  1.955573  0.098102
2392  1127.294628  443.051044  18.615033  0.156087  1.308459  0.148467
2394  620.311365  1433.324780  18.275327  0.049646  0.873371  0.089281
2396  1314.930820  316.314209  18.414945  0.061290  0.967476  0.100179
2397  734.057993  1017.664955  18.702538  0.055224  1.148552  0.067768
2398  1875.483075  2047.540939  19.308002  0.068981  1.135978  0.123347
2399  388.009562  201.900736  18.738460  0.068702  1.575171  0.080710
2400  1198.574382  1918.304717  18.814185  0.080346  0.910480  0.162487
2401  1558.565807  8.987561  17.990637  0.103779  0.673704  0.064432
2402  1797.837021  716.759912  21.471262  0.253979  2.734140  0.281690
2403  766.908450  1251.257782  18.455839  0.099297  1.753625  0.057208
2404  943.992105  529.301628  19.823546  0.086326  1.657748  0.071691
2405  1533.314326  326.536379  19.879803  0.133556  1.735222  0.107382
2406  1549.490134  1602.680562  20.831990  0.242763  2.254880  0.160476
2407  572.620975  1385.765334  18.435462  0.075076  1.191011  0.050336
2408  1902.930386  722.333196  19.985759  0.188259  1.829346  0.116464
2409  1879.053367  2041.153101  18.853864  0.084015  1.307761  0.062765
2410  1236.220677  58.971614  20.956755  0.192620  2.460812  0.122490
2411  1157.520688  1521.648677  18.885703  0.080856  2.102873  0.059158
2412  1243.350450  1933.223446  18.780757  0.072610  1.062059  0.070029
2413  1395.508758  2047.603656  18.344411  0.073703  0.982142  0.085000
2414  601.135678  607.199274  18.848961  0.130682  1.072969  0.154173
2415  1916.596592  635.693217  19.373079  0.130816  1.288664  0.101929
2416  1174.612600  606.175551  19.604834  0.071724  1.694986  0.099241
2417  1946.804377  874.299234  19.814750  0.169593  1.894281  0.079644
2418  1616.087311  1158.617173  18.530779  0.090470  1.151761  0.065287
2419  735.098940  1096.481749  17.573733  0.049002  0.658317  0.048085
2420  2001.583212  235.449644  20.134043  0.086464  1.842997  0.105776
2421  1197.456698  899.181325  19.421314  0.110501  1.445883  0.070201
2422  0.444664  207.653939  16.755138  0.062933  0.086685  0.070190
2424  1306.590630  1611.746874  19.587373  0.091443  1.691861  0.126489
2425  553.675587  616.980943  18.594765  0.064708  1.202888  0.080698
2426  329.398400  1309.106635  18.543497  0.101003  0.908281  0.063162
2427  934.611085  1387.066485  18.761754  0.073056  1.013853  0.056910
2428  94.407449  1047.761724  20.702405  0.245737  1.770558  0.255258
2429  585.942917  859.552501  18.731283  0.152734  1.166202  0.076194
2430  34.166255  993.917407  20.490744  0.122196  2.142697  0.098884
2431  831.798959  690.992746  20.173062  0.099600  1.994004  0.127893
2432  127.946336  1224.952289  20.156890  0.174260  1.969979  0.147254
2433  1149.911563  1886.209559  19.511570  0.081605  1.654197  0.075109
2434  46.946148  1975.222081  18.320969  0.099685  1.014649  0.060166
2435  463.209987  383.144036  18.587335  0.070335  0.955045  0.052287
2436  855.958117  516.983878  20.035045  0.232850  1.670492  0.169560
2437  16.586939  1198.477571  18.430743  0.102708  0.804547  0.086485
2438  1650.287381  1837.368509  19.145161  0.104590  1.604716  0.131725
2439  1834.837119  630.454925  18.626864  0.063174  1.910568  0.126608
2440  497.345291  81.555759  18.770544  0.062743  1.226619  0.071086
2441  1124.921732  615.437447  18.407434  0.101469  0.976359  0.119050
2443  502.109770  1369.846645  19.377690  0.099880  1.359667  0.088224
2445  2018.093550  1040.908939  19.816633  0.124148  2.090509  0.161439
2446  1022.168902  1707.591457  18.132654  0.081221  0.763257  0.083225
2447  1940.879923  395.248059  18.129313  0.064436  0.859608  0.044245
2449  842.755388  1981.752325  20.078354  0.086206  1.996749  0.131382
2450  402.033343  1602.212348  17.932071  0.073030  0.629621  0.070246
2451  1232.593983  1805.466060  19.404028  0.097862  1.587849  0.109752
2452  411.962793  2003.418816  18.817454  0.075176  0.995751  0.068439
2453  133.078157  1380.958048  17.543205  0.068270  0.420664  0.063992
2454  1805.407864  1452.935295  20.284321  0.092143  1.617170  0.295677
2455  1202.068563  1893.240467  17.646485  0.085385  0.611748  0.101736
2456  619.062759  600.517271  18.422672  0.049787  1.122849  0.094182
2457  219.642720  1510.918536  18.168414  0.047195  0.973014  0.045225
2458  522.751374  1077.573932  19.366899  0.104683  1.522580  0.075134
2460  316.466947  1966.958652  17.618812  0.077980  0.467115  0.093284
2461  1711.200829  675.620833  18.690126  0.058777  1.336573  0.220609
2462  793.785166  1722.835499  20.420226  0.090689  2.369402  0.235879
2463  1261.795586  2002.165234  18.206551  0.050187  1.690464  0.112799
2464  1078.394691  28.972348  18.657552  0.055848  1.869265  0.098714
2465  1364.679394  1128.039080  21.013683  0.107093  2.420200  0.273010
2466  910.032863  755.418490  18.460229  0.104011  0.960739  0.063474
2467  248.708095  795.295774  19.344630  0.086040  1.335583  0.166391
2468  752.141146  1838.137941  20.215361  0.194042  1.993937  0.118464
2469  698.276859  48.768448  19.389670  0.178052  1.215630  0.093086
2470  842.053525  1413.290463  20.267292  0.085808  2.046161  0.155948
2471  1592.579273  848.352633  18.788727  0.125490  1.043266  0.065772
2472  1012.898563  1264.968859  18.988760  0.081914  1.606777  0.099054
2473  120.340122  46.491502  18.056551  0.056599  0.823920  0.044691
2474  844.932979  1179.236533  20.081112  0.199090  2.026667  0.229726
2475  145.244411  967.414183  18.180727  0.051779  0.940015  0.055252
2476  1428.425255  288.812501  18.214980  0.047524  1.182031  0.080876
2477  1182.303118  1195.334155  20.614154  0.123712  1.955234  0.162112
2478  251.309241  315.041770  19.555411  0.084708  1.523503  0.122233
2480  1852.323216  1427.463418  18.358953  0.072776  1.126297  0.075503
2481  1184.990514  1791.931681  18.739886  0.056864  1.185979  0.086337
2482  715.220549  987.262195  18.998372  0.062353  1.378780  0.085749
2483  708.182680  660.708162  18.173290  0.130850  0.827515  0.095373
2484  219.914736  1734.542894  18.285422  0.071836  1.589964  0.083014
2485  1894.571452  722.634170  20.143193  0.158861  1.764757  0.113973
2486  393.022696  1766.915160  18.614164  0.074607  1.773587  0.131191
2487  280.573576  1547.528584  18.732974  0.052194  1.134580  0.086137
2488  1943.487812  13.731283  18.652682  0.101692  0.915631  0.129565
2489  262.963583  1866.414627  18.253324  0.046013  1.113371  0.074025
2490  482.041011  747.667961  17.981892  0.079316  0.583971  0.117358
2491  908.556266  1780.861834  18.837660  0.084813  0.772046  0.100516
2492  1911.818134  195.708860  18.801925  0.077626  0.913314  0.106827
2493  799.541230  1431.439170  21.600218  0.161810  2.548391  0.243661
2494  1701.779713  636.962151  18.547271  0.075315  0.888728  0.080338
2495  1224.954409  1612.603552  18.548375  0.050008  2.123815  0.049700
2496  676.653999  1848.258698  17.741181  0.106649  0.648640  0.125204
2497  1049.174470  1103.736788  19.661971  0.068252  1.499551  0.119502
2498  1532.637778  1054.564838  18.829107  0.061434  1.168000  0.138633
2499  192.967102  1227.826560  18.495136  0.171098  0.933676  0.069252
2501  1028.662608  599.303845  19.521877  0.065831  1.327874  0.114312
2502  1659.482465  1003.877856  16.857988  0.094034  -0.033045  0.088678
2503  479.682704  1371.530656  18.830357  0.055731  1.053228  0.186398
2504  1182.150070  1324.256128  19.932732  0.186703  1.740201  0.178769
2505  1838.850004  491.022892  20.382385  0.119526  1.982145  0.101850
2506  1715.986700  731.894262  18.604341  0.050098  1.416975  0.065508
2507  1357.999815  2040.640640  18.436456  0.059642  1.320222  0.081861
2508  1027.396820  1522.166990  19.763839  0.105993  1.597745  0.074397
2509  666.538737  162.276586  18.662882  0.054398  1.105781  0.139675
2510  1703.898257  1202.225580  18.313438  0.153039  1.068080  0.053904
2511  1302.401173  881.472641  21.328554  0.177501  2.255466  0.156696
2512  1502.595015  416.838401  18.631848  0.087601  1.101783  0.065234
2513  295.189971  1827.615801  19.757699  0.081068  1.446985  0.147619
2514  399.541039  710.637178  18.712386  0.053422  0.734949  0.092976
2515  793.298008  515.793302  17.070885  0.043989  -0.063031  0.077481
2516  1480.409892  1956.820458  19.595040  0.106378  1.371884  0.070598
2517  1894.102928  68.791675  19.658806  0.098297  1.109209  0.174611
2518  254.554704  558.866235  18.613714  0.054007  0.629469  0.061865
2519  1594.993289  1377.187681  19.432869  0.175810  1.236342  0.179336
2520  1550.663551  220.839055  20.608673  0.179744  1.770752  0.103102
2521  569.305490  1795.047817  20.300904  0.201392  1.656265  0.139652
2522  1340.609051  136.875278  20.185903  0.176067  1.468916  0.091028
2524  1611.387420  956.079583  17.998064  0.060787  0.301285  0.065770
2525  1367.774238  1848.444092  18.870037  0.084181  0.569665  0.097548
2527  1769.226253  1569.348886  19.378833  0.134014  1.658871  0.108860
2529  952.484062  252.691531  19.721319  0.098179  1.504118  0.085051
2530  1609.390907  769.265642  18.305677  0.097665  0.596990  0.095995
2531  1918.469135  1497.758567  19.008181  0.084989  0.921215  0.080772
2532  440.830177  454.705014  19.299061  0.067476  1.066815  0.078231
2533  551.061590  656.835084  19.949078  0.164358  1.449852  0.074113
2534  1892.889689  1576.734467  18.935125  0.107803  1.350852  0.124567
2535  1263.833426  373.084833  17.495748  0.040689  0.330312  0.099802
2536  184.672440  1595.219752  20.113129  0.145250  1.407512  0.083317
2538  1078.785620  1149.194676  19.615936  0.184872  1.499889  0.126065
2539  856.952963  1858.220288  19.537872  0.157091  1.165493  0.128100
2540  451.644057  1026.569515  20.554365  0.239354  1.645679  0.093940
2541  1375.142745  587.962011  18.448060  0.080405  0.755199  0.071373
2542  751.466949  166.198541  18.850309  0.068381  1.499517  0.093430
2543  1399.552059  1648.618545  19.238719  0.149606  1.047987  0.102962
2544  1796.953614  283.362775  19.118698  0.075642  1.045496  0.068155
2545  741.278069  1909.733143  18.368559  0.083590  0.467130  0.111509
2546  527.623589  1553.098598  19.379346  0.087395  1.333689  0.107781
2547  1798.152202  1904.053729  19.332862  0.107800  1.090944  0.082298
2548  1224.780893  160.417441  19.404915  0.131850  1.386300  0.153322
2549  1259.285563  407.322224  18.860950  0.077575  1.008970  0.115581
2550  1543.164468  550.961805  20.756521  0.167506  1.996209  0.199476
2551  1619.133408  188.328973  19.553145  0.111738  1.226136  0.077411
2552  1139.115644  834.614655  19.077440  0.157611  1.645505  0.091784
2553  1806.738655  919.965753  18.990946  0.086763  1.213658  0.088789
2554  2025.672050  176.148421  19.399782  0.121207  1.298145  0.098370
2555  399.931509  1263.102491  19.680297  0.131417  1.111786  0.164243
2556  398.380298  477.158203  19.328525  0.148356  1.019599  0.117904
2557  1705.726110  313.710241  20.167560  0.200488  1.914266  0.158061
2559  5.092743  1248.024571  18.778145  0.116747  0.947113  0.158952
2561  1654.350916  579.735785  19.467966  0.115791  1.178763  0.067162
2562  15.201492  1540.361836  18.746517  0.119381  0.874657  0.111523
2563  776.608573  870.544159  19.925492  0.140639  1.683515  0.124522
2564  1629.163721  162.682915  19.617193  0.080013  1.335970  0.106598
2565  782.118465  1178.874497  19.454987  0.170282  1.666934  0.082916
2566  2002.233135  1839.763024  20.260758  0.165196  1.873529  0.215840
2567  1407.134600  365.200644  18.223608  0.065912  0.643508  0.070111
2569  566.004068  44.287138  17.653480  0.071475  0.156922  0.045661
2571  1709.737087  1341.496201  19.391322  0.179436  1.048026  0.158985
2572  477.271458  465.011921  19.151056  0.155070  0.985521  0.128224
2573  958.874875  298.857668  18.957353  0.121053  0.941014  0.064374
2574  511.916607  27.139383  18.820292  0.116082  0.871668  0.105147
2575  1175.147320  1620.115911  19.318155  0.085987  1.015202  0.089366
2576  1048.550177  169.053454  19.610864  0.105087  1.070104  0.148752
2579  607.436180  1516.006289  19.081047  0.123656  1.076519  0.095086
2580  629.459871  1472.124052  19.671992  0.250702  1.153554  0.112130
2582  1820.427354  576.482582  20.040404  0.080981  1.434601  0.147769
2583  1251.226960  1985.683415  20.121341  0.132418  1.530391  0.155855
2584  181.891058  539.224029  19.722373  0.183766  2.133098  0.126701
2586  648.217088  120.296835  17.845492  0.039603  0.032071  0.106639
2587  3.289012  1360.285561  18.774514  0.072815  0.761811  0.072062
2588  2031.522034  281.321098  19.261360  0.087510  1.431602  0.123301
2589  1158.501562  1325.571648  19.975924  0.078073  1.294846  0.173483
2590  116.578584  1278.432196  19.018183  0.135582  1.125994  0.142901
2591  1607.527946  412.355949  18.082124  0.055014  0.557143  0.071319
2593  1874.042651  1748.077894  20.723359  0.249321  2.032502  0.183614
2594  710.671587  1183.233641  19.699806  0.111968  1.391523  0.093704
2596  116.383612  1905.494709  18.991992  0.067226  0.973662  0.067447
2597  20.488525  677.489229  19.506213  0.101646  1.651909  0.088780
2598  649.537658  94.115499  20.530065  0.098767  1.869629  0.189569
2599  213.160298  1890.140410  18.596250  0.100676  0.631595  0.119726
2600  1831.927087  2027.250737  19.572405  0.102362  1.153375  0.207609
2601  148.963060  330.740827  18.491237  0.084101  0.477677  0.058032
2602  1470.328857  225.409740  19.260547  0.067772  1.191322  0.089532
2603  461.480000  786.460685  20.735457  0.280027  2.164551  0.107673
2604  1746.370127  173.547057  17.015562  0.064627  -0.389915  0.080475
2605  77.859539  1875.326332  20.118811  0.110319  1.825418  0.092067
2606  1600.788190  258.265005  20.384819  0.244297  1.406387  0.140327
2607  1701.152576  333.633944  18.802119  0.081279  1.059874  0.061595
2608  541.148916  1883.842781  19.060918  0.063107  1.683356  0.115813
2609  1854.431302  1779.502314  19.696285  0.067744  1.365930  0.086186
2610  1726.726516  1083.201649  20.971412  0.176229  2.521937  0.192986
2611  620.552662  1129.081313  19.471418  0.182129  1.105581  0.109119
2612  1188.630249  109.507673  18.692435  0.153818  0.656265  0.080410
2613  1968.261444  1922.580001  19.015925  0.056247  1.060944  0.080169
2614  535.689916  915.691103  19.335091  0.098720  1.044669  0.112386
2615  662.101203  635.761701  19.259153  0.097915  1.766132  0.101097
2618  2029.517738  461.952857  17.388210  0.068778  0.000567  0.087565
2619  722.159061  1015.471933  19.496144  0.082975  1.202484  0.181140
2620  1781.924378  1593.255317  19.055292  0.091740  1.659032  0.083459
2621  1351.233082  1540.469361  19.148021  0.093479  1.127463  0.162764
2622  1727.423436  1972.326440  19.835456  0.127274  1.348547  0.111592
2623  1840.367150  313.229712  18.012231  0.074662  0.220396  0.119017
2625  692.394094  1201.365419  19.046525  0.068474  1.060518  0.104622
2626  992.834424  30.360786  18.352959  0.091950  0.655553  0.052164
2627  901.731830  386.666657  19.864003  0.114116  1.659956  0.132338
2628  720.184351  1341.040426  19.449267  0.136879  1.295987  0.171635
2629  1801.788448  1767.316633  18.475563  0.126457  0.281018  0.125100
2631  871.985320  574.660597  19.150004  0.110703  1.087889  0.082295
2633  869.303964  1643.255509  19.077492  0.140787  1.031748  0.082853
2634  1778.138521  196.501533  19.283330  0.064871  0.977571  0.080450
2635  1351.639380  1213.614200  19.266113  0.082188  0.855545  0.060309
2637  1979.126359  1502.685707  19.863901  0.089408  1.354738  0.117853
2638  286.342089  1154.434232  19.776315  0.095835  1.185732  0.125735
2639  621.064731  1102.066906  17.336787  0.065073  -0.161440  0.061299
2641  1278.508532  1126.329865  19.733180  0.159846  1.353632  0.124851
2643  1407.662040  1471.709167  19.215152  0.201666  1.325380  0.078525
2646  868.303716  1377.083937  18.788362  0.064081  0.823618  0.073827
2647  1632.603102  936.667394  19.330302  0.154335  1.168253  0.106380
2648  274.004579  1661.824177  19.193556  0.069038  0.862965  0.100502
2650  1567.582459  875.763640  19.141518  0.122414  1.070279  0.099930
2651  381.448555  447.217451  19.932658  0.156884  1.387561  0.092212
2652  483.834788  407.689567  20.189753  0.172500  1.504655  0.109301
2653  1380.107566  854.420533  19.239219  0.117494  1.110091  0.079162
2654  825.468204  502.085664  20.620780  0.118612  1.783081  0.103436
2655  1896.946108  1364.730963  19.228599  0.089323  0.937920  0.085948
2656  936.452139  457.336738  18.554089  0.095102  0.926619  0.091203
2657  1900.860682  66.397073  19.277877  0.088308  1.125894  0.106733
2658  1669.854972  1239.495724  19.424872  0.149394  1.050367  0.075672
2659  802.537467  2043.444941  18.490459  0.101093  0.370532  0.110152
2660  482.832218  1189.839089  19.450524  0.074910  1.219418  0.113376
2661  1527.837017  1236.774369  17.942601  0.165422  0.801041  0.112804
2662  1842.105038  847.394711  19.279667  0.117184  1.150389  0.184728
2664  1535.635885  233.412511  18.893338  0.079690  1.434746  0.059774
2665  971.221429  1409.437479  19.568619  0.089882  2.455824  0.090728
2666  1077.526942  1539.456142  19.196627  0.062517  1.046788  0.089401
2667  314.455002  828.945803  19.661970  0.074174  1.304896  0.084128
2668  689.706899  597.528416  18.746124  0.100815  0.957236  0.156133
2669  1838.617324  1493.166979  18.861133  0.135565  0.839165  0.067351
2670  1064.860620  553.598020  19.541187  0.068141  1.107949  0.125699
2671  1451.342358  591.329926  19.769890  0.156878  1.509121  0.080979
2672  1230.649035  290.768835  19.087433  0.073846  1.097248  0.105201
2673  408.107253  135.054086  21.175157  0.301742  2.691604  0.163686
2674  1752.094670  1323.528295  20.134305  0.152025  1.427672  0.078534
2675  807.638599  1885.395341  18.649036  0.077042  0.780094  0.083815
2676  70.844220  1129.788898  19.351891  0.152616  1.086887  0.068322
2677  974.588820  2022.263697  19.530226  0.078359  1.464070  0.092699
2678  1406.649758  1221.480915  19.554822  0.160213  1.245422  0.103457
2679  1020.980216  469.902213  21.438394  0.157636  2.134144  0.209499
2680  160.228707  1219.973626  17.858803  0.045057  0.310351  0.072358
2682  135.053756  419.365992  19.586371  0.128112  1.460424  0.104502
2683  875.882566  1102.363179  18.654180  0.155539  0.845489  0.051247
2684  604.366965  1838.012212  20.840907  0.156786  1.842749  0.248808
2685  1713.859447  1107.538987  17.903649  0.065359  0.436171  0.079647
2686  2008.882372  542.474642  20.186912  0.168911  1.393853  0.101380
2687  33.628087  1807.482221  19.403292  0.065657  1.982585  0.121140
2688  93.150646  1204.163698  19.353180  0.122994  1.853348  0.088934
2689  90.326435  958.921191  16.559500  0.050429  -0.330967  0.032073
2690  612.101295  1417.101765  19.775839  0.143837  1.176848  0.151969
2691  1838.830881  606.468105  19.326130  0.130717  0.768625  0.161922
2692  1121.753033  1959.946531  20.891676  0.120624  2.095638  0.247610
2693  1000.881375  1577.520692  19.145660  0.088957  1.228597  0.093093
2694  1970.144433  58.363509  18.417280  0.098381  0.731492  0.081707
2695  1500.884606  114.441851  20.747820  0.212382  2.257101  0.210876
2696  1420.397524  376.153044  20.081954  0.107065  1.685452  0.082119
2697  1054.337532  1237.958859  18.602813  0.088163  0.731234  0.100566
2699  458.389708  148.301550  19.097557  0.159706  1.089169  0.060052
2700  1545.963041  1146.639196  20.360767  0.097355  1.798951  0.195603
2701  193.774492  1745.320857  20.643198  0.108235  1.637229  0.169300
2702  859.223488  694.220634  18.957459  0.057793  0.493662  0.110471
2703  25.294993  1198.179875  19.758205  0.112263  1.159938  0.086788
2704  793.082916  487.164572  19.867381  0.139331  1.087151  0.126833
2707  757.248012  799.173853  20.286405  0.175546  2.106369  0.229477
2708  1766.500730  308.875507  17.248150  0.069832  -0.160372  0.038137
2709  92.652602  109.632435  20.152448  0.077938  1.113148  0.108460
2710  999.898063  1177.586910  18.086745  0.067517  0.295105  0.077057
2712  1863.866837  2000.227734  19.393496  0.184643  1.113383  0.126684
2713  1069.696354  1476.408545  20.111701  0.148879  1.193009  0.156334
2714  764.885618  1333.332969  20.191270  0.137400  1.635518  0.244865
2716  432.350793  1460.635589  20.993028  0.222620  1.504140  0.179003
2717  1131.004070  770.083755  20.105066  0.106084  1.036230  0.150051
2718  1421.521915  1881.712550  20.581392  0.130890  1.440295  0.245944
2719  188.791521  723.691636  20.179927  0.166688  1.501244  0.103304
2720  838.314833  1665.799626  19.594880  0.109797  0.979953  0.134770
2722  1696.519967  1210.379336  19.814190  0.096498  0.979482  0.075179
2723  1445.703487  970.597561  19.622709  0.132224  1.200113  0.098914
2724  1559.591876  1202.246422  19.561639  0.098793  1.133338  0.075518
2725  796.672634  571.885629  17.761018  0.056751  -0.087306  0.052420
2726  210.545901  393.997039  20.099258  0.113968  1.308456  0.212725
2727  1785.490922  1093.014514  19.815158  0.092079  1.999736  0.090952
2728  16.975803  2004.731660  20.079705  0.144016  1.153531  0.144500
2729  1806.602057  97.737233  18.469941  0.056765  0.246026  0.063753
2730  883.301924  1422.116852  20.595669  0.231162  1.526004  0.200947
2731  367.559822  1583.431972  19.596822  0.168802  1.269015  0.136275
2732  732.900596  767.712634  20.549001  0.219356  1.878872  0.165722
2733  1034.227620  1545.754830  20.086674  0.140486  1.494134  0.230110
2734  280.560993  845.993998  19.439489  0.078678  0.996718  0.127318
2736  521.272552  138.797303  19.380039  0.160681  1.129288  0.112474
2737  200.377230  1888.742765  19.606256  0.157235  0.635558  0.162914
2738  384.072428  946.780216  20.131800  0.125428  0.949822  0.143441
2739  1227.959844  1348.504348  19.461694  0.064250  0.976912  0.106132
2740  1342.250558  993.475742  20.373507  0.155954  1.514835  0.144684
2741  1862.520503  717.296574  19.305290  0.065003  0.816474  0.116958
2742  725.827649  1184.257077  20.547217  0.169480  1.244978  0.216926
2744  1175.622584  636.990950  20.530638  0.115766  1.555990  0.216734
2745  52.267437  1175.836653  19.890885  0.102334  1.417057  0.119979
2746  789.816951  777.868402  19.638166  0.069119  1.244467  0.078621
2747  474.711782  1601.300303  19.567912  0.177878  0.938954  0.092147
2748  1062.462584  1938.968527  17.893403  0.081655  -0.001684  0.044519
2749  152.611979  1126.479070  20.122526  0.093662  2.503187  0.145976
2750  1987.063600  1369.023537  19.834435  0.182288  1.088673  0.150813
2751  224.905604  857.261616  19.653603  0.089737  1.298930  0.104223
2753  595.872089  1934.236826  17.985602  0.100849  -0.089132  0.041237
2754  632.434422  1610.369050  19.619414  0.090266  1.043307  0.124583
2756  1085.124411  1770.459486  19.939979  0.150273  1.463577  0.121909
2757  226.327474  35.533961  20.128932  0.119427  1.020325  0.147466
2758  1542.230838  50.595040  17.210936  0.056478  -0.439280  0.041635
2759  1192.240992  1428.159264  19.130456  0.107518  0.627780  0.098486
2760  672.160543  903.630613  19.790553  0.146251  1.916825  0.098498
2761  907.204531  1469.193031  20.804698  0.153372  1.627632  0.198362
2762  1060.774615  1644.782272  20.057290  0.136715  1.461689  0.186692
2763  1201.226924  1616.911341  20.333446  0.125285  1.712468  0.142584
2764  1587.589579  1855.803108  20.278579  0.132502  1.456653  0.108016
2765  630.559990  1844.215990  20.014488  0.186284  1.287193  0.089449
2766  1115.137981  932.646376  19.864255  0.168426  1.083067  0.202887
2767  856.844954  934.342747  20.109440  0.132930  1.421313  0.132141
2768  2034.653860  1042.222594  20.298566  0.118284  1.396184  0.249780
2769  1805.039495  399.364462  20.030835  0.092080  1.250021  0.110634
2771  1667.663599  51.465005  19.808159  0.131977  1.107749  0.267640
2772  760.457885  1890.217772  19.545804  0.178787  1.328052  0.067181
2773  1154.312654  1885.624419  19.722634  0.124831  1.330845  0.106801
2774  1896.753510  306.920762  20.263990  0.151085  1.447567  0.157684
2775  65.411301  1628.962930  19.663060  0.173513  1.071598  0.145073
2778  1524.057215  1443.610728  20.079656  0.204248  0.954001  0.167350
2780  1566.544471  1800.998186  20.339652  0.288667  2.725887  0.152151
2781  656.381124  613.016868  20.022050  0.174621  1.344244  0.092202
2782  978.407813  1289.200401  20.788805  0.158148  1.366032  0.331945
2783  50.537593  1471.151689  20.298770  0.135660  0.999514  0.133559
2784  1167.437959  1247.394099  20.139121  0.172502  1.548945  0.080920
2785  1405.631801  1764.181564  20.600621  0.131286  1.842633  0.184168
2786  1381.176776  1399.411606  20.598081  0.092582  1.221256  0.155637
2787  643.549789  745.411128  20.576806  0.143207  1.587573  0.166062
2789  799.934474  233.919811  19.952035  0.108711  0.999032  0.077241
2790  829.132872  593.626236  18.158930  0.112265  0.219362  0.128362
2791  1597.831279  1320.328238  19.862342  0.171271  1.256161  0.169722
2792  287.296257  1184.493068  20.153397  0.131697  1.583927  0.097449
2793  1328.782202  725.499987  20.301886  0.248500  1.004124  0.091119
2794  1598.627055  65.686854  20.035683  0.104603  1.193506  0.246757
2795  1596.900959  40.325975  20.035825  0.143842  0.873862  0.079159
2797  1987.483808  355.592301  20.646145  0.293779  1.386591  0.184306
2798  1862.044933  763.524573  19.784276  0.182985  1.443901  0.105839
2799  1619.747999  875.452698  20.214375  0.205373  1.220489  0.255567
2800  923.343729  339.207051  19.183595  0.074087  0.721392  0.120305
2801  812.206546  752.823366  19.945454  0.108939  0.988340  0.167916
2802  18.859315  583.026276  19.825409  0.127915  1.739409  0.142160
2803  1062.066927  1295.828946  19.996756  0.108463  1.047647  0.101121
2804  103.284801  1212.096933  19.933451  0.088736  1.316739  0.217839
2805  1731.198697  1049.011932  19.982697  0.120126  1.253275  0.178200
2806  206.319190  1179.224697  19.432898  0.075122  0.728086  0.219142
2807  1841.663410  451.787519  19.595106  0.065631  1.028876  0.084011
2808  945.998092  1962.309963  20.435245  0.162603  1.307144  0.260121
2810  1563.681104  2020.315125  20.038606  0.125733  1.035716  0.089328
2812  2038.626690  862.783865  19.845547  0.165955  1.107167  0.124617
2813  1313.221269  1053.888092  18.104872  0.069531  0.049922  0.114426
2814  594.613932  1289.593642  21.351263  0.257980  2.058811  0.358109
2815  1264.774873  904.698535  20.522071  0.173427  1.898088  0.102442
2816  1670.469296  248.899951  19.560688  0.132441  1.131233  0.128306
2818  872.734773  691.735333  17.761990  0.061208  0.109390  0.040064
2819  1764.005040  1211.741443  19.743713  0.087832  1.123931  0.122018
2820  728.246589  305.767565  20.539258  0.115321  1.860436  0.107813
2824  157.625515  446.856194  17.611879  0.078650  -0.112898  0.062630
2825  1821.984439  53.418702  19.915122  0.083062  1.270891  0.079126
2826  704.074461  38.401806  20.230416  0.118847  1.504073  0.201533
2828  1059.294538  1565.836943  18.614811  0.058981  0.444555  0.099744
2829  1956.940501  50.764365  19.320528  0.095666  0.762502  0.068212
2830  1090.282797  210.508550  20.586397  0.111022  1.264700  0.181260
2831  966.554327  788.380915  19.787117  0.112853  1.920944  0.085165
2832  2035.517200  998.609801  19.093294  0.114112  0.664317  0.110932
2833  218.674035  850.395000  19.874735  0.151469  1.839006  0.151291
2834  1453.183037  1064.818541  18.681920  0.111130  0.520324  0.068049
2835  235.420814  635.450863  18.867254  0.136949  0.796047  0.081446
2838  384.276117  159.663899  19.509630  0.092949  1.299154  0.075106
2839  789.037437  1378.810032  19.168149  0.059637  0.872289  0.078866
2840  1693.151782  1565.872255  19.487589  0.111131  0.968415  0.079826
2841  1797.293084  1860.774574  19.679326  0.248816  1.187325  0.106642
2842  1794.058493  115.708433  19.640970  0.136083  1.124438  0.088551
2844  206.690381  1418.634400  20.889934  0.226994  1.904949  0.174950
2845  231.164799  422.844184  19.827679  0.126223  1.084995  0.270801
2846  1239.858541  1765.160513  19.731322  0.123464  1.448391  0.089225
2847  144.101233  1274.572205  18.008020  0.132254  0.001844  0.071065
2848  991.559994  1151.448925  20.053429  0.213190  1.861320  0.157834
2849  34.315345  5.524621  19.779747  0.259038  0.836550  0.216987
2850  1472.863437  1322.538065  19.536271  0.112631  1.061975  0.122477
2851  834.439511  217.509727  19.232658  0.107062  0.739753  0.080612
2852  192.563172  1690.764832  20.023885  0.157258  1.491038  0.080694
2853  677.982880  1645.418646  19.745295  0.171120  1.251501  0.079268
2854  210.509294  2023.878099  19.840020  0.092331  0.889113  0.147330
2856  1151.601105  913.390514  20.479981  0.180057  1.193586  0.082486
2857  73.504981  736.970639  21.214767  0.125250  2.208893  0.136930
2858  350.961190  505.513967  19.955286  0.200607  0.963828  0.124662
2859  1397.724647  1965.356359  19.718604  0.097816  0.891981  0.110788
2860  1156.245359  1167.247878  19.854201  0.155916  0.954713  0.121602
2862  452.187090  1353.519897  20.319988  0.168451  1.376266  0.092714
2863  1610.990602  676.869177  19.666416  0.142306  0.993977  0.175936
2865  807.007403  1230.083598  18.850463  0.115708  0.571013  0.052594
2866  1579.102652  674.290164  18.917746  0.118343  0.614972  0.090757
2867  916.708025  704.772171  19.749001  0.072068  1.247664  0.125065
2868  248.228872  285.158119  19.314348  0.065307  1.069078  0.062788
2869  618.286621  42.060784  20.079475  0.081649  1.051477  0.160418
2870  1669.283488  976.667150  20.212749  0.137504  1.523814  0.166889
2871  10.164373  1480.359372  20.011282  0.146081  1.004785  0.214342
2872  68.691472  1263.845932  19.843040  0.083419  1.062468  0.149821
2873  1195.757009  1359.597627  18.872912  0.101436  0.563684  0.090970
2875  728.824574  1445.659934  19.401024  0.086137  1.190265  0.088081
2876  208.296355  1944.678982  19.940254  0.136030  1.723291  0.214795
2877  1746.477818  1201.994739  19.848374  0.211572  1.013816  0.173090
2879  845.937572  1393.267612  19.324901  0.156197  1.165118  0.115792
2880  1391.190409  1536.871321  19.199999  0.145012  0.789238  0.075290
2881  1814.600621  1037.305347  20.019639  0.212181  1.218565  0.176610
2883  678.168616  867.937377  19.579299  0.064912  0.882597  0.084384
2885  1781.538183  1386.692141  20.102069  0.110656  1.287341  0.126168
2886  255.000080  1167.614746  19.280023  0.151241  1.288389  0.089572
2889  346.337072  1296.861403  20.241773  0.187739  1.264601  0.118719
2891  488.867061  1240.424438  19.624831  0.126661  1.092151  0.146268
2892  160.968856  1491.107874  16.850368  0.098944  -0.411698  0.043841
2895  698.031604  1700.365845  18.771164  0.095139  0.323385  0.105151
2896  256.635145  132.161164  20.122728  0.133859  1.079652  0.159191
2897  1628.820420  1258.118572  19.550624  0.121914  1.643760  0.188018
2898  1802.510542  1357.316237  20.095290  0.247403  1.246465  0.153813
2899  1276.568806  71.612051  20.168758  0.082322  1.519838  0.190170
2900  483.318565  1352.509833  20.334776  0.136935  1.485552  0.103467
2901  1240.337460  628.872684  19.509407  0.106053  0.918199  0.106411
2902  122.433323  1964.212594  16.925682  0.075985  -0.466175  0.062214
2903  515.289507  1918.363145  20.132756  0.099085  2.074054  0.176030
2905  44.547716  1704.867196  18.954810  0.226146  1.185859  0.075032
2906  232.505922  613.208547  19.666972  0.107870  1.416357  0.126854
2907  602.507289  1799.070095  19.802936  0.108810  1.245996  0.172139
2908  625.483955  2019.742042  21.443135  0.178906  2.190326  0.186707
2909  316.880556  1671.947087  20.202788  0.179517  1.882490  0.211800
2910  590.020716  1933.491933  20.021902  0.220315  1.040762  0.116934
2911  1152.565594  1972.259010  20.954992  0.104388  1.793076  0.109460
2912  939.082974  930.390363  20.130605  0.203630  0.742834  0.171793
2913  1252.855806  718.380434  20.721867  0.191913  1.705651  0.142546
2914  643.787062  211.615152  19.809671  0.101613  1.428140  0.107272
2915  896.075045  1574.279155  20.106874  0.092023  2.470178  0.120890
2917  416.392355  1388.870165  19.686596  0.098258  2.260411  0.158966
2920  905.968081  1842.629778  18.163916  0.065496  0.331057  0.078134
2921  588.748135  16.888299  19.731842  0.204288  2.084326  0.127621
2924  1277.346102  1241.204538  19.735451  0.086600  1.506940  0.094217
2925  287.226052  1849.084477  19.649428  0.115237  1.441896  0.176644
2926  1533.774033  295.182669  20.089955  0.096811  0.924734  0.236326
2927  107.013453  182.773521  19.279595  0.065212  0.730250  0.097113
2929  1585.352569  134.319333  20.089677  0.265786  1.400995  0.102056
2930  327.769220  933.302401  19.961742  0.144983  2.525143  0.155239
2931  364.948550  11.287009  20.065928  0.236157  0.986028  0.150820
2932  1129.557864  871.616735  19.670709  0.086719  1.091247  0.117179
2933  1837.492633  1669.196574  20.505111  0.133440  1.021583  0.193765
2935  190.738893  1789.421962  20.673972  0.131623  1.514172  0.228579
2936  1004.207720  275.406971  20.210837  0.116268  1.428534  0.088307
2937  1702.469095  1172.007205  19.827670  0.121586  0.948866  0.106288
2938  101.748721  1574.724004  19.657371  0.160382  1.136690  0.129760
2939  529.717480  1136.993860  19.337061  0.112562  0.956258  0.133886
2940  1411.561667  134.663388  19.313727  0.196477  0.979702  0.131348
2941  1294.554196  254.755196  18.779028  0.100288  0.446577  0.059418
2942  1045.130655  908.545385  20.332437  0.170489  1.386045  0.133487
2943  1002.730240  1783.348220  19.991565  0.165932  0.979555  0.242387
2944  216.668928  1517.173818  18.085203  0.051821  0.119895  0.059824
2945  509.221537  2026.127052  17.134984  0.105182  -0.350550  0.088175
2947  1747.665487  1235.286320  20.198599  0.169551  1.261558  0.113580
2948  1489.395153  315.945797  19.602885  0.193263  1.193710  0.097778
2949  435.386207  1844.114010  20.698814  0.222309  2.536832  0.096067
2950  1151.189797  961.893373  20.010863  0.160649  1.197368  0.098680
2951  1296.416001  1692.527988  19.695108  0.172926  1.194788  0.141787
2953  1438.968884  631.933539  19.985420  0.102936  0.724973  0.100135
2955  648.924512  1318.626767  20.281320  0.145209  1.132471  0.104916
2956  706.450826  1217.385182  20.808467  0.173584  1.484825  0.119037
2957  1957.848804  1831.531564  19.694998  0.101061  0.860057  0.159532
2959  1631.835166  1486.243283  18.187085  0.079197  -0.160516  0.082410
2960  150.415439  441.075224  20.956032  0.110015  1.548676  0.196646
2961  431.351886  311.814164  20.127252  0.159760  1.675613  0.184164
2963  373.711643  49.975052  20.703818  0.273754  1.695448  0.139508
2964  140.450838  995.126512  20.457738  0.096864  0.993071  0.139702
2965  1230.574505  751.766106  20.158136  0.152585  1.100233  0.149737
2966  583.581384  1738.787986  20.790680  0.189518  1.743995  0.246764
2967  1617.789119  1374.595244  20.010214  0.267084  1.229042  0.117709
2968  1898.575644  1412.737833  20.569054  0.136833  1.262468  0.104997
2970  640.065108  324.272865  20.213139  0.191437  1.460384  0.179031
2971  570.902574  1162.594036  20.399886  0.136421  1.204263  0.221287
2972  1086.560597  1508.970509  21.708742  0.165768  1.690098  0.266642
2973  771.409039  1924.350271  20.758667  0.287907  2.268446  0.171429
2974  266.592940  585.813543  20.592563  0.182102  1.214075  0.112022
2977  1399.124468  674.992417  20.551145  0.103278  1.120256  0.181924
2978  114.128844  706.636140  20.620838  0.100945  1.120157  0.135626
2981  229.304412  922.324891  20.499738  0.100999  1.287443  0.184415
2986  1241.425361  596.815676  18.657317  0.196052  0.322793  0.109117
2988  528.549727  239.338583  20.436780  0.168303  1.552607  0.148849
2989  88.063464  108.246867  19.810830  0.104162  0.633968  0.159843
2990  1338.328749  763.150066  19.893213  0.185882  0.958419  0.166061
2993  172.380388  811.038361  20.994029  0.210736  1.582551  0.200118
2995  47.842257  1809.364518  21.448782  0.248900  1.621569  0.221152
2996  975.117114  1833.002822  21.058643  0.279364  2.140645  0.210059
2997  318.303206  1640.598354  21.128299  0.303566  1.901696  0.322791
2998  879.197680  173.747579  18.648226  0.056855  -0.050059  0.077761
2999  1157.622588  1835.769146  20.116582  0.127466  1.043208  0.202888
21001  2029.490070  545.213186  20.827985  0.181206  1.116145  0.111776
21002  1439.578819  1487.819598  20.883797  0.183108  2.187057  0.312145
21005  28.000124  1714.624862  20.540167  0.307971  1.175652  0.171788
21007  409.512118  1026.930276  20.249945  0.084416  1.178141  0.181007
21009  1196.099291  832.321744  20.542384  0.115313  1.342613  0.184548
21010  1824.874284  90.315027  20.936966  0.277373  1.355239  0.209183
21011  1508.865382  851.082733  19.479533  0.130688  0.624412  0.082924
21014  924.878557  335.851473  20.554545  0.254728  1.825668  0.294069
21016  1422.598781  522.295123  20.939358  0.156792  1.078620  0.184639
21017  398.383192  1728.286204  18.961269  0.092974  0.374155  0.076816
21019  843.245550  825.642606  19.360803  0.087019  0.127696  0.154146
21023  1239.722286  1797.670391  18.802777  0.058518  0.013214  0.065687
21024  1095.026442  1762.629487  20.529551  0.201634  1.734819  0.293402
21025  840.372895  1968.910969  20.463014  0.180931  0.734389  0.187709
21026  794.663143  1411.418930  20.348906  0.174275  2.043399  0.175650
21027  1114.095589  388.594471  20.312218  0.150415  1.491759  0.181549
21029  442.944131  119.768806  20.490848  0.165081  1.810653  0.117932
21030  1082.472528  1790.930405  18.459196  0.145781  0.270063  0.087826
21031  408.506103  1099.071752  18.921913  0.134286  0.258775  0.132586
21032  1771.786297  1372.894434  18.943702  0.106904  0.114564  0.080264
21033  1452.609138  1327.911257  19.491979  0.078381  0.432621  0.098644
21034  1047.872631  1744.010442  20.446712  0.124363  1.891038  0.097890
21035  1554.768606  535.468630  20.953720  0.194999  1.588896  0.267746
21036  1220.052730  1417.810794  20.207627  0.152021  1.074905  0.117080
21038  1935.318094  316.199176  20.579583  0.205586  0.946264  0.232141
21039  979.976089  1556.340080  21.436163  0.226834  1.748571  0.139003
21040  78.010097  1168.805844  20.668741  0.130152  1.456178  0.109794
21041  331.034547  317.648348  20.033397  0.095649  0.964911  0.263275
21043  221.375037  1451.418604  20.147226  0.253477  0.899255  0.120387
21045  195.830375  638.755148  20.627557  0.119178  2.654757  0.177260
21046  1650.438461  1511.059834  19.040418  0.098376  0.223449  0.132804
21048  195.453601  1063.459692  19.666562  0.075225  0.782650  0.092301
21049  736.116881  1830.501045  19.820934  0.203190  0.947415  0.105173
21050  1779.717481  1752.590991  20.702602  0.132081  1.210016  0.101116
21051  502.867094  210.860633  20.769775  0.305484  1.352891  0.154361
21052  424.008530  167.087892  20.923707  0.128240  1.844411  0.250567
21053  2043.098684  563.257054  20.315316  0.199420  1.143916  0.100315
21055  1637.365352  421.612106  20.808299  0.157248  2.881464  0.157876
21056  212.333527  2038.402490  18.581359  0.059141  0.174876  0.054150
21057  1585.425030  1218.013815  20.655313  0.298228  2.060850  0.102993
21060  898.083327  986.414140  19.403883  0.133671  0.583136  0.090390
21063  147.139460  1552.342543  20.614734  0.122090  1.980754  0.134544
21065  1295.507692  609.566388  19.702929  0.130742  0.671185  0.112119
21067  1969.804857  356.823459  20.543414  0.146526  1.151928  0.094113
21069  1896.913679  268.620664  20.024376  0.113126  1.113052  0.133582
21070  1277.878739  180.454990  17.618721  0.042010  -0.370312  0.052200
21071  1384.175754  1145.711696  20.812745  0.131675  2.296757  0.214318
21072  78.143502  69.588270  21.018705  0.179382  1.478606  0.219538
21074  715.270008  1881.869325  19.651444  0.114672  0.592137  0.100444
21075  1299.002319  1785.236945  20.499419  0.161862  1.151715  0.097891
21076  442.670899  77.094069  20.921992  0.164834  1.617965  0.135419
21079  234.228395  614.211251  20.156829  0.106042  0.802324  0.160595
21081  171.479728  1210.390127  20.373316  0.110448  1.582341  0.166898
21083  514.953830  1680.513420  19.530826  0.120132  0.678940  0.100898
21084  116.730818  221.664651  19.481775  0.068894  0.607224  0.164923
21085  250.729250  896.834362  20.749757  0.194612  1.417825  0.131561
21086  755.392131  1247.096956  20.425570  0.189832  1.023074  0.119330
21091  446.752362  1844.888910  21.157259  0.127276  1.372654  0.114956
21092  1113.408806  1568.781554  18.621261  0.123283  0.121976  0.142062
21094  1292.464104  383.909472  20.106320  0.085978  1.095475  0.111224
21095  782.861107  537.644302  21.336516  0.271133  1.269999  0.186264
21096  438.130422  130.291095  20.517959  0.139411  1.697640  0.212445
21097  953.593688  416.715099  20.602235  0.143538  1.604286  0.118283
21101  168.327234  1214.685823  21.164509  0.206044  1.893307  0.151134
21102  228.230343  220.430937  18.273955  0.049591  0.003915  0.113023
21103  831.190920  59.660740  21.026619  0.187025  1.262551  0.175801
21104  641.671952  1418.573812  20.162694  0.123119  0.833039  0.156320
21106  179.089230  292.907979  19.962774  0.096468  0.674046  0.141407
21108  1860.330302  384.520566  20.524205  0.148977  1.313976  0.125111
21109  362.268253  1805.946511  20.352249  0.155153  1.673138  0.110374
21110  1493.027893  1355.538866  20.253130  0.342663  1.423096  0.211458
21112  556.662608  42.706152  19.622440  0.093673  0.757665  0.125197
21115  82.046080  267.840257  20.531806  0.090576  1.318422  0.143033
21117  1039.377753  758.256238  20.924709  0.283091  1.787099  0.097110
21118  857.201106  1978.355264  18.809343  0.080596  0.204370  0.062182
21120  454.488256  1742.429136  20.256487  0.215786  1.216662  0.103263
21121  2031.149529  1303.089483  20.402886  0.106564  2.271895  0.213245
21123  1907.749093  878.138795  20.794547  0.249663  1.509968  0.368267
21125  488.945394  226.099639  20.484619  0.108763  1.885644  0.190488
21126  909.852211  1651.078536  18.958785  0.126938  0.267632  0.075828
21128  751.212532  1773.526780  20.183236  0.190929  1.146148  0.085851
21129  1011.636069  207.191181  19.425840  0.087382  0.400744  0.079968
21130  1599.910067  4.062355  21.169825  0.238098  1.742106  0.294487
21132  1880.797456  1684.497995  20.842207  0.272968  1.944258  0.100160
21136  741.578339  1724.854933  21.025610  0.346177  1.536275  0.161844
21137  865.900506  1912.130752  20.827168  0.128013  1.445495  0.141448
21139  2009.190153  1832.844623  20.747358  0.132320  1.383183  0.101607
21140  630.800924  411.898906  20.338870  0.132357  1.399790  0.103649
21141  434.404838  1670.544451  20.471531  0.105383  1.388893  0.130160
21143  1387.842571  1253.852441  18.468165  0.124311  -0.127827  0.068463
21144  985.623909  302.910153  20.319425  0.098202  1.200117  0.091494
21145  1278.574577  1875.519931  20.614385  0.300712  0.944101  0.181395
21147  1064.826709  385.805808  19.641429  0.076339  0.679456  0.126979
21149  440.114038  1240.003483  20.571566  0.122370  1.052289  0.144858
21150  849.560083  857.114995  20.531523  0.252455  1.420384  0.199713
21152  1657.871854  298.164046  19.683478  0.227482  0.956982  0.189166
21153  883.618114  1988.079072  20.659168  0.124242  1.415677  0.100548
21154  64.266499  231.143151  20.578178  0.230852  0.831231  0.104749
21155  1090.035396  331.239100  20.984897  0.280352  1.116490  0.208748
21156  53.959476  436.795942  20.192221  0.154402  0.937057  0.162418
21159  1671.111736  17.448915  20.700085  0.121705  1.261804  0.166409
21161  597.520414  838.194832  20.619660  0.175202  1.247196  0.108414
21162  1873.517065  1902.779882  20.610613  0.121143  1.644510  0.205854
21163  145.509858  1419.767037  20.630350  0.260912  0.858383  0.176010
21164  93.882421  1515.881526  20.346466  0.184317  0.949357  0.126106
21165  1078.219401  837.973353  20.491270  0.091725  1.209097  0.169337
21166  2005.302744  659.259705  20.495780  0.131014  1.279878  0.113931
21167  954.573380  1172.570516  17.924985  0.090456  -0.290699  0.048389
21168  470.183960  477.008470  20.969628  0.181604  2.561452  0.129396
21169  685.501304  1231.158249  19.629820  0.086856  0.807910  0.089297
21174  1564.673693  155.172116  20.207615  0.107278  1.038648  0.088496
21175  1960.203165  223.192091  20.478169  0.161124  1.173978  0.092854
21176  108.363302  171.017733  20.095030  0.248006  1.237093  0.179564
21177  1291.356765  1012.897089  17.715040  0.054159  -0.251075  0.071650
21179  899.362489  67.892092  20.303869  0.233581  1.032544  0.134457
21180  816.798377  945.543733  19.435153  0.071747  0.934110  0.119962
21181  1465.317579  1581.475183  20.687609  0.132907  1.253648  0.108106
21182  1713.944928  873.749736  19.367408  0.166057  0.634366  0.081492
21183  616.500744  1215.287196  20.122594  0.307100  1.189842  0.100674
21184  405.911879  1426.266951  19.057871  0.093962  0.364235  0.178217
21188  1602.051041  1938.284454  19.582289  0.125859  0.712440  0.132405
21189  820.194825  1295.769520  20.917287  0.168960  1.249079  0.225085
21190  1593.050035  1320.897973  20.122628  0.200774  1.356381  0.210736
21191  1387.003950  567.342573  19.205317  0.220522  0.553243  0.073961
21194  398.172786  1179.651350  18.738251  0.095656  0.214624  0.094947
21195  1780.907524  1933.711095  19.988150  0.173154  0.552431  0.226740
21196  658.869625  1789.367943  18.539545  0.113070  -0.069344  0.092087
21197  588.458799  512.234029  20.651681  0.224783  1.174769  0.148129
21198  1412.084227  721.451373  20.306396  0.104395  1.000926  0.142378
21199  493.051526  2010.277033  20.693757  0.097211  1.407280  0.144645
21200  775.639024  1608.568833  20.184077  0.204928  0.727523  0.142677
21201  381.166854  1137.022731  20.798618  0.374024  1.408234  0.243925
21202  836.095919  1973.159286  20.446770  0.104441  1.034815  0.122970
21204  612.389818  1767.931529  20.683921  0.265206  1.780895  0.174206
21205  1766.768786  854.832609  20.439745  0.167042  1.146142  0.160123
21206  1643.756731  1632.081819  20.432348  0.089833  1.138522  0.186035
21207  1784.711767  901.039439  20.658236  0.116645  1.010518  0.199069
21208  966.542774  346.086753  20.462530  0.175578  1.202358  0.188527
21212  1775.835017  833.769784  17.976919  0.048214  -0.268724  0.072440
21213  1732.355935  1834.040483  21.239670  0.232851  1.732675  0.209524
21215  1511.565438  1904.525497  20.455140  0.092597  1.101952  0.116793
21216  712.907562  207.154068  20.480586  0.167235  1.105135  0.280388
21217  969.864894  76.640663  18.200868  0.114492  -0.274510  0.045321
21219  1586.762630  496.780621  20.323546  0.089302  1.141962  0.192676
21224  1568.589912  16.055818  20.227024  0.091012  1.252716  0.120749
21225  371.007582  1586.241765  20.655124  0.150101  1.147223  0.106341
21226  78.605789  421.054657  20.271888  0.128424  0.945561  0.189648
21229  424.439167  705.441354  20.175137  0.119086  0.801211  0.144953
21230  723.995564  215.261032  19.262308  0.168294  0.658826  0.119460
21232  1022.075488  601.933071  18.744244  0.057107  0.319402  0.100449
21233  564.065134  504.116288  18.831885  0.118997  0.327995  0.062173
21234  1530.289525  23.487979  20.844645  0.127310  2.645658  0.155992
21235  177.878000  606.595355  20.741825  0.121202  1.210881  0.196791
21238  705.758821  401.500325  20.899546  0.173651  1.762009  0.140189
21239  1802.854626  526.503846  20.465253  0.112048  2.228586  0.150150
21240  1034.831560  514.461253  20.500734  0.135254  1.259407  0.170130
21241  1071.998085  1080.041691  20.797183  0.105831  1.456024  0.149781
21247  1085.113201  1949.719886  20.893728  0.128165  1.200679  0.130418
21249  399.685576  1952.507498  18.329252  0.067823  -0.019336  0.077176
21250  474.737093  1320.150930  17.325050  0.084506  -0.543919  0.108777
21252  1742.308805  603.003688  20.380098  0.111887  1.104641  0.117359
21253  1166.581865  1471.121284  20.839195  0.120399  1.438502  0.233389
21254  809.993058  1070.036330  20.909285  0.154606  1.212403  0.332235
21255  564.555071  1012.340100  20.814662  0.120648  1.375710  0.126486
21257  1439.064698  1068.834583  20.845154  0.114188  1.299319  0.179793
21258  337.163416  1970.063367  20.289375  0.178631  1.069564  0.234867
21260  1880.044821  1418.664690  20.388150  0.129163  1.379691  0.149077
21261  1986.978621  1191.954462  20.181298  0.224983  1.333036  0.088780
21262  817.771774  1857.137694  20.887557  0.123317  2.003714  0.117095
21264  54.543309  189.702709  20.390837  0.151745  0.634606  0.228632
21265  1513.511910  1225.006557  21.292219  0.412423  1.669234  0.390329
21266  198.597237  297.745811  20.579660  0.126829  1.674296  0.160775
21267  847.158998  1151.235932  21.044897  0.142514  1.514840  0.122393
21269  1656.565248  1382.464149  20.722821  0.114402  1.004792  0.209543
21271  1849.375864  1444.214093  19.705490  0.201675  0.520334  0.157982
21272  1827.066513  1610.596383  19.156187  0.166535  0.513583  0.102304
21275  249.946155  1588.973524  21.208602  0.161919  0.935083  0.255359
21276  1106.925075  1786.451311  20.212944  0.194053  0.839349  0.081363
21278  1601.022586  1970.866372  21.475183  0.125403  1.257112  0.130429
21279  1088.201365  1492.698126  21.227117  0.190940  1.255048  0.165639
21284  1640.302773  276.743907  20.850471  0.171483  0.838625  0.122612
21286  1745.364144  550.684888  21.080998  0.169965  1.400487  0.125869
21287  58.306170  1690.004295  18.383833  0.055763  -0.244083  0.086891
21288  1717.808813  1121.571759  18.658490  0.101207  -0.343174  0.145080
21291  1081.708330  186.002610  20.298697  0.118704  0.497318  0.251028
21292  1872.116077  2000.663906  21.186181  0.203203  0.690375  0.295569
21297  277.655747  1032.258190  21.346258  0.193153  2.126579  0.355566
21299  718.566671  1648.486270  20.778574  0.158983  0.980535  0.169099
21301  1735.189211  316.535124  20.975409  0.267820  2.683493  0.129989
21302  442.380773  19.039928  20.731929  0.348446  1.367588  0.231101
21303  1465.907789  270.898878  20.968151  0.169793  1.130305  0.201595
21305  1292.306974  1135.878341  20.022812  0.163698  0.786282  0.202011
21308  1396.933850  1292.347254  21.115427  0.165879  1.183356  0.119731
21310  1636.310847  1384.300658  20.730857  0.233825  1.051262  0.133137
21315  1231.797264  1416.015853  20.640178  0.163945  0.590832  0.118690
21317  1427.362635  1923.800627  21.194470  0.339425  0.937485  0.309858
21320  1241.341285  1630.447899  21.209459  0.172317  1.295160  0.243868
21321  1349.008842  390.557918  21.301409  0.112521  1.327513  0.113237
21323  1676.304776  620.939753  21.711788  0.180999  1.847260  0.298026
21324  88.410641  273.821345  20.908125  0.107943  1.052215  0.119964
21325  1067.907099  1737.920752  21.119297  0.128295  1.467471  0.222018
21326  1180.998947  440.065946  19.538360  0.126200  0.372341  0.199355
21327  1836.614950  1239.660026  20.382163  0.403923  1.784974  0.266192
21329  1052.261644  1952.231057  21.591301  0.348831  1.587531  0.282477
21331  1700.353299  1999.455682  20.915864  0.214162  1.454290  0.149584
21335  1885.905966  1412.466063  20.378519  0.361271  1.322401  0.304587
21339  1831.777815  623.521926  18.806727  0.085553  -0.011326  0.070552
21343  338.830972  1869.527906  20.726360  0.114205  0.908081  0.114006
21347  1903.651326  1170.344533  21.179048  0.251955  1.569219  0.146315
21349  1467.495177  390.992678  20.025764  0.193425  0.580478  0.110194
21351  1662.536640  1974.159383  21.167782  0.165305  1.151005  0.200792
21353  742.805620  334.596951  21.107912  0.163540  1.352427  0.183990
21356  1172.220396  339.464232  21.069248  0.200966  1.481984  0.236027
21360  1432.861869  622.563468  20.914882  0.311064  1.286205  0.145380
21365  377.682790  1172.644987  20.690730  0.180967  0.714641  0.219497
21369  2031.368992  1842.634700  20.247732  0.187089  0.695608  0.273124
21371  311.477187  138.301158  21.215848  0.233509  2.297482  0.259588
21373  917.031317  1387.402055  21.030700  0.187720  1.280187  0.228918
21374  1021.662245  1704.401156  20.313567  0.170808  0.512089  0.104354
21376  1672.970409  199.765911  21.011490  0.157703  0.817492  0.300742
21379  1610.535295  110.450860  18.715032  0.098432  -0.202153  0.079280
21381  1737.283077  1501.740609  19.785407  0.099229  0.506951  0.100713
21385  1218.991767  448.230641  19.861342  0.211031  0.426986  0.129615
21386  944.817661  1193.765013  19.857080  0.079094  0.537322  0.117403
21388  1152.661113  1.649670  20.189582  0.132955  0.599319  0.097503
21395  795.198714  1437.538144  21.395808  0.256987  1.973046  0.475725
21398  1454.764634  1489.738822  21.748590  0.185547  1.802636  0.168623
21400  1745.561885  1349.834745  20.084433  0.199266  0.688757  0.098043
21401  1194.634634  476.415646  19.973200  0.142413  0.428069  0.131974
21404  1112.380787  1509.316988  19.324947  0.066058  0.440134  0.080894
21408  167.381329  974.319966  19.801969  0.112527  0.772371  0.159091
21412  13.473766  1053.322537  20.324010  0.100262  0.593193  0.118292
21417  696.870122  1684.676779  21.377160  0.184768  1.478474  0.164294
21418  311.358523  1017.137441  21.522087  0.159781  1.122613  0.244397
21420  330.852661  629.687360  18.670753  0.080537  -0.307459  0.095322
21426  47.826105  1437.989984  20.391634  0.087462  0.847987  0.096784
21429  279.886073  689.563976  19.814564  0.155263  0.734992  0.072041
21431  1934.895389  953.885615  18.906999  0.056844  -0.093805  0.079162
21435  1972.647398  410.413774  20.935196  0.305114  2.322993  0.156064
21443  581.068862  1062.672633  21.047646  0.121584  1.343305  0.251869
21445  378.768345  1002.424173  21.072920  0.159998  1.731412  0.169376
21449  1358.016316  1140.985993  20.200789  0.098013  0.788730  0.094940
21457  1736.855084  472.161432  19.040316  0.092828  0.073081  0.065895
21461  908.266768  1348.389601  20.573406  0.130114  0.743960  0.101473
21466  814.241199  312.590225  21.399672  0.224234  1.657932  0.231285
21467  1968.184465  140.459353  21.344385  0.132739  1.665974  0.197658
21473  1239.363533  1602.512862  20.848150  0.167456  1.060670  0.139783
21475  546.351364  1829.563164  21.233133  0.228158  1.439312  0.204696
21480  859.498459  1857.261637  19.777370  0.153160  0.586268  0.074097
21481  1613.021949  770.973351  21.159669  0.153328  1.329843  0.246276
21483  288.982039  1579.248660  20.536270  0.247906  0.821113  0.167701
21484  9.550144  1017.139879  21.031829  0.191519  1.562500  0.127246
21486  1919.988073  196.340687  21.165868  0.246554  1.365892  0.141987
21487  1905.101151  1236.392972  21.483705  0.191531  1.654635  0.141260
21490  1895.867044  299.231495  19.525126  0.088961  0.387784  0.094176
21492  1444.458974  69.826517  21.160039  0.148148  0.931314  0.156530
21493  100.222650  1519.517133  20.244683  0.102185  0.824528  0.183767
21494  2000.967324  1878.428398  21.317020  0.136131  1.564368  0.309900
21495  927.307194  1502.065773  20.807816  0.149082  0.669208  0.205175
21498  1129.164493  248.378231  19.373614  0.061231  0.184745  0.154365
21500  1418.999705  934.062953  20.998268  0.482803  2.660344  0.147260
21504  1904.099955  200.795136  19.794298  0.073700  0.480156  0.132886
21505  920.314825  1011.609169  20.600515  0.216348  0.881733  0.144184
21506  27.898358  801.524111  20.964547  0.209000  1.002992  0.232250
21508  1267.790004  1378.503109  20.391263  0.133362  0.867259  0.165677
21510  331.184390  1090.012031  20.772497  0.217398  1.046577  0.182372
21513  620.907393  1288.356224  21.354875  0.326185  0.841338  0.296725
21517  1194.229978  7.128116  19.357612  0.069645  0.001743  0.186320
21520  132.474166  312.141898  21.134418  0.339188  1.608511  0.138066
21521  481.849473  586.298088  20.545975  0.106213  1.116809  0.242170
21524  656.986433  244.239827  18.604028  0.184626  -0.100303  0.151410
21528  2029.966130  147.239620  21.408613  0.266779  1.300795  0.174287
21529  244.352969  820.885848  20.779366  0.248223  1.153755  0.281678
21531  1753.298117  1451.327596  21.827190  0.330154  1.381547  0.143905
21532  680.106794  957.779376  20.592625  0.325107  2.194969  0.122151
21533  1466.023231  1807.063343  20.576925  0.099236  0.910396  0.154243
21534  814.030752  769.325496  21.045585  0.213067  1.572464  0.151687
21535  1730.198217  1617.270055  19.954676  0.139225  0.859691  0.232305
21539  856.638392  1587.281024  19.906519  0.119518  0.487056  0.087796
21540  720.188598  577.160981  20.676099  0.144703  1.187745  0.184025
21542  38.088300  1152.043905  21.366452  0.260165  1.117094  0.201013
21545  817.034924  866.529978  20.807679  0.126983  1.102559  0.150711
21546  1451.630569  991.952678  21.540432  0.236323  2.207896  0.257428
21547  1541.069174  674.920176  21.089029  0.182083  1.093770  0.120689
21549  329.375581  1637.145769  20.556510  0.131673  1.139759  0.099189
21551  1895.763997  599.523215  19.282571  0.175236  0.254144  0.063521
21554  1224.076368  1521.839679  21.305144  0.395878  1.203421  0.163725
21555  1039.507483  1937.199100  20.764480  0.292573  0.383718  0.320147
21556  661.971567  944.888397  20.523147  0.243195  1.063357  0.103757
21557  204.649767  679.252789  21.360451  0.236823  1.442810  0.306288
21558  23.272446  1013.137134  20.221402  0.143228  0.972767  0.142186
21559  1206.962145  1735.614651  21.146534  0.247069  1.399571  0.146337
21560  464.947530  1593.268990  20.529001  0.196560  1.123808  0.112476
21562  77.896022  1689.385825  21.393437  0.131041  2.080648  0.120756
21564  751.039332  280.610354  19.113905  0.058552  -0.017294  0.094138
21566  354.701221  1295.281974  20.216177  0.146005  0.970971  0.163596
21569  689.670855  789.281878  21.106227  0.166430  1.534855  0.186548
21571  1525.028657  1728.423216  18.469637  0.179128  -0.041005  0.051720
21572  1295.393991  1580.121771  20.937178  0.154990  1.572470  0.208259
21573  1678.529560  1002.519514  20.203322  0.164135  0.646967  0.092946
21583  1013.643648  134.944439  18.620038  0.075365  -0.231568  0.059174
21587  233.168909  1386.385935  20.852750  0.223492  1.210510  0.186224
21590  1317.108482  2035.212419  20.884784  0.249427  1.997330  0.166643
21592  795.179954  1440.241861  20.229955  0.122160  0.399712  0.200566
21594  589.315922  1436.640559  21.844146  0.220719  1.463363  0.224038
21597  494.323013  678.020902  22.075810  0.273757  1.448312  0.200096
21599  1156.850228  500.096436  21.296805  0.169304  1.128925  0.431495
21606  1748.105831  783.686881  20.194364  0.104937  0.727040  0.089569
21608  512.806422  992.905800  20.524802  0.233400  0.978908  0.137422
21609  1402.473021  1289.243024  20.763672  0.118505  1.027246  0.202416
21611  1276.193337  688.168719  20.746949  0.098003  1.074513  0.106597
21612  775.331970  969.520626  21.114698  0.308143  1.526755  0.168475
21613  1665.475363  419.977079  20.343622  0.199411  0.843534  0.160745
21616  1396.153883  369.271339  21.507877  0.122611  0.935753  0.256283
21619  1746.512961  1566.888968  19.691123  0.095211  0.471658  0.123914
21620  773.003236  1741.806674  21.090528  0.178105  1.079054  0.158720
21621  1489.218142  829.487906  19.130805  0.174005  -0.015830  0.115277
21622  853.128833  682.092765  21.045036  0.144341  1.302951  0.117095
21624  1434.467006  977.404911  18.846683  0.120498  -0.150641  0.151188
21625  860.963934  209.812235  21.135740  0.244228  1.258331  0.233907
21630  1402.738694  1895.919562  21.181557  0.169243  1.385993  0.180355
21631  1079.607836  757.816846  20.511508  0.280399  1.455586  0.173504
21633  227.567052  1637.675003  19.864595  0.137013  -0.027645  0.270485
21641  647.288983  522.119206  20.926256  0.281711  0.639485  0.139230
21646  1410.262809  55.270657  19.023016  0.069171  -0.060189  0.120730
21649  1095.130914  1412.479616  19.647711  0.147156  0.145785  0.094447
21652  1822.983023  1496.883311  20.230535  0.091119  0.121831  0.262588
21655  1131.790151  887.369602  21.354041  0.288417  0.622142  0.211937
21658  1416.749674  189.804374  20.730303  0.128957  0.725173  0.184694
21661  1218.702815  1363.861038  19.764794  0.093702  0.156281  0.134048
21662  210.540465  1167.352471  19.572422  0.177275  -0.128058  0.106354
21669  111.884209  493.998383  19.595075  0.066957  -0.172347  0.167114
21671  722.586938  548.295791  20.172649  0.106646  0.258989  0.224650
21672  1918.667948  1395.584608  19.689319  0.102163  -0.151945  0.137689
21674  1436.797651  1567.458395  20.311187  0.125713  0.492828  0.147645
21681  448.833813  1893.513979  19.702151  0.117353  0.127255  0.093325
21684  1734.975213  241.958776  21.375010  0.294334  1.352816  0.417084
21689  315.929538  498.634764  21.103033  0.113313  0.948582  0.125645
21692  708.428632  1603.312750  21.019237  0.100285  0.891819  0.147147
21699  632.936881  357.845935  20.278076  0.094309  0.340904  0.124362
21701  681.175138  57.471194  21.339004  0.191977  1.842020  0.404449
21703  426.467810  1670.487084  20.891271  0.115111  0.676530  0.132093
21709  1952.968494  16.241615  21.178463  0.109057  0.679533  0.173713
21711  1609.140489  489.133909  20.234049  0.116769  0.690101  0.197164
21716  1833.939887  860.679301  20.181840  0.247978  0.446248  0.087788
21717  92.205854  247.493814  19.359099  0.178138  -0.003930  0.091492
21718  1382.815563  934.573292  20.114377  0.095155  0.213076  0.224206
21723  960.328322  1381.151863  21.591822  0.219868  1.412353  0.220979
21727  1588.512216  1757.372838  20.319569  0.244146  0.505771  0.236635
21730  1778.169587  1666.401477  21.968882  0.199262  1.642982  0.154533
21735  856.092930  1187.886151  20.050874  0.201955  0.156587  0.183999
21736  1805.151192  529.253962  20.843340  0.130882  0.535775  0.115862
21740  1803.189381  204.319978  21.324194  0.459345  0.499886  0.138590
21743  1698.293450  1575.842029  20.999078  0.160385  1.031611  0.204930
21746  693.741803  1433.528158  20.802569  0.217333  1.114055  0.201694
21747  288.876252  1751.530063  21.321690  0.207317  1.206530  0.179956
21754  431.148724  1156.427851  20.378158  0.097332  0.540824  0.206035
21756  732.977902  1554.790191  19.008679  0.088562  -0.099302  0.129187
21757  109.636642  1430.691720  20.761222  0.284651  0.929965  0.139787
21758  1045.238621  1433.626008  21.683410  0.152073  1.056690  0.172673
21766  1547.732596  1853.375240  20.109156  0.114447  0.258514  0.091415
21768  366.567144  970.392418  20.944753  0.238870  0.436726  0.325313
21773  1046.911966  1196.444683  21.519003  0.194671  1.004434  0.140691
21777  2002.501182  520.142424  20.087726  0.105755  -0.122022  0.152116
21780  1497.779818  1174.822179  21.046014  0.187752  1.228164  0.192046
21781  1187.217895  1447.936986  21.025046  0.253087  1.125009  0.242427
21786  1045.283192  1992.315989  21.210546  0.218841  0.952542  0.319236
21789  387.908505  388.735291  20.533443  0.194059  0.729967  0.357080
21796  1935.568824  489.656053  21.001625  0.127509  0.744775  0.188013
21805  316.610299  1531.115728  20.009533  0.201157  0.393953  0.105120
21806  1466.674626  1967.296383  20.711052  0.197526  0.898503  0.161204
21808  1977.752579  849.517173  19.412824  0.102870  0.205708  0.165398
21809  567.259586  687.071891  20.876457  0.132512  1.032099  0.245781
21811  480.742508  279.107766  20.531427  0.128007  0.402435  0.125423
21813  1461.938047  664.294814  21.597907  0.142691  1.217099  0.263408
21817  136.615880  330.658126  21.292788  0.213065  1.034224  0.216852
21819  956.224295  1016.867856  20.616062  0.129432  0.491892  0.152935
21826  2014.450790  1070.153273  20.016089  0.137606  0.421001  0.148732
21827  522.997803  242.325425  19.983650  0.127404  0.318294  0.095945
21831  352.658867  1830.156558  20.164316  0.122245  0.410433  0.112641
21838  52.870999  1591.920448  20.150229  0.162487  0.222139  0.235190
21842  327.887075  716.539429  20.611071  0.096302  0.050301  0.198655
21847  1037.477802  415.551502  20.891753  0.121695  0.915581  0.159591
21854  1133.378327  1071.466844  20.454472  0.088129  0.152448  0.154383
21856  1647.587149  1658.381001  19.976166  0.129811  0.089934  0.093666
21858  1076.516370  285.220274  20.976839  0.268273  0.492696  0.185162
21863  363.624892  1310.338664  19.919388  0.097292  -0.110270  0.156904
21866  939.087334  1236.767858  21.221462  0.116000  0.939118  0.424744
21869  1920.510995  1491.953194  20.543112  0.146407  0.796663  0.143033
21871  236.283113  348.196255  19.494893  0.118586  -0.039105  0.104756
21876  1888.851158  101.542480  21.104080  0.185918  1.082493  0.292664
21878  160.346893  1521.416494  20.385880  0.086556  0.247015  0.195328
21881  1436.588040  1756.726282  20.689818  0.336440  1.036564  0.113031
21886  439.792424  479.841330  20.378763  0.196018  0.317093  0.225072
21891  1457.370379  398.223154  20.700000  0.189417  0.669247  0.138033
21895  1758.064012  984.591614  21.145829  0.138889  0.413557  0.110491
21900  1384.568633  1070.379498  20.773283  0.191457  0.269412  0.096267
21902  1874.896447  1788.163914  20.043737  0.078925  0.001240  0.110784
21906  1702.801438  869.736664  20.644638  0.105643  0.376446  0.180402
21907  1637.864889  2046.747058  20.791518  0.173033  0.326884  0.106231
21911  1647.905535  968.270066  20.785530  0.229778  0.617436  0.115264
21914  502.413452  470.872714  21.418586  0.291163  0.178475  0.179678
21917  994.041902  1890.192732  20.442892  0.162888  0.169746  0.134825
21920  1948.612845  1848.055480  20.206939  0.138303  0.238573  0.158074
21925  1857.713643  922.863407  20.710515  0.207270  0.512631  0.123034
21926  670.476727  820.958082  20.524474  0.136102  0.104761  0.124846
21929  822.738167  1211.722578  20.124883  0.137065  0.114704  0.121293
21932  53.739009  1174.275597  21.368317  0.160345  0.491596  0.125732
21936  421.210361  1070.994442  21.643182  0.263217  0.814281  0.129067
21942  1407.575785  751.756927  20.125585  0.171381  0.014942  0.145989
21943  1747.470097  876.471766  21.179070  0.466880  0.346933  0.102617
21944  168.281941  1017.229807  20.693338  0.136463  0.350206  0.091379
21946  101.692792  349.650888  20.822428  0.137520  0.116861  0.128121
21951  1947.553014  976.243859  21.094166  0.198527  0.582200  0.271586
21954  190.415658  1279.325019  20.682815  0.307901  0.626580  0.230491
21961  630.692218  1316.461694  20.259688  0.130847  0.203258  0.088645
21963  173.211221  1030.221181  20.978051  0.189014  0.113222  0.116006
21968  2035.428051  1116.776996  20.697895  0.268987  0.455125  0.138001
21972  1622.367543  758.031660  20.575413  0.259742  0.146315  0.130617
21973  640.010741  1686.130902  20.599218  0.197268  0.311396  0.173955
21974  1152.112749  23.518127  21.272741  0.431829  0.744676  0.159958
21979  1565.074338  236.143960  21.034873  0.148631  0.577462  0.122389
21981  1119.167429  1749.053912  21.212844  0.502215  0.650371  0.151892
22007  445.901558  257.659811  20.991016  0.146122  0.380586  0.167801
