# id  x  y  V  eV  BV  eBV
15  1053.308662  862.033531  20.116947  0.107364  1.359858  0.184561
16  1042.779034  1152.847442  19.847449  0.102382  1.380599  0.123075
17  909.642691  1020.338586  19.477994  0.090590  1.265252  0.121183
18  933.303112  1104.418652  19.325938  0.108992  1.223695  0.078732
19  1022.422508  1139.062477  18.968673  0.200518  1.018015  0.082459
110  1100.477297  986.940252  18.360774  0.105513  0.910792  0.058268
111  1031.648276  1046.092964  17.710209  0.042773  0.877527  0.054613
112  1116.792525  906.558935  17.348750  0.080182  0.898507  0.077247
113  1066.537943  984.455967  16.854643  0.035643  0.781492  0.040296
114  1136.471183  1063.802184  16.158194  0.073051  0.781597  0.027836
115  967.983186  983.985357  14.640703  0.045856  0.771611  0.031580
20  1310.772521  702.187473  9.059920  0.020823  0.848850  0.042270
21  571.331680  543.758671  9.470482  0.032038  0.722987  0.026348
22  580.787265  953.709652  10.225235  0.045420  0.837437  0.018201
23  973.176300  1827.220487  11.785431  0.043577  1.533299  0.024204
24  509.206345  1245.713253  10.165237  0.017398  0.672706  0.027559
25  1214.352780  2035.656857  10.246786  0.022862  0.664326  0.020661
26  2017.225430  328.201776  13.669882  0.024668  2.443592  0.065043
27  1728.203980  1283.580797  10.593515  0.050617  0.734359  0.027278
28  1328.176892  905.858066  15.982468  0.068408  3.387298  0.036233
29  29.141423  614.842516  10.846895  0.033642  0.839959  0.031555
210  609.927872  1856.953378  11.513372  0.033199  0.870564  0.043766
211  2006.572457  1428.213407  14.427372  0.038373  2.458926  0.026112
212  1218.319132  129.351040  12.318484  0.020186  0.894431  0.042219
213  975.011104  850.486571  17.347408  0.061161  3.648147  0.096504
214  513.684945  1472.266427  12.095955  0.045340  0.710826  0.028776
215  819.081944  1189.099202  12.095283  0.037051  0.482276  0.033031
216  645.417405  1623.985279  12.897737  0.032376  0.876904  0.044239
217  121.768091  2039.460746  11.970412  0.029068  0.511822  0.032303
218  560.474380  236.708925  13.015657  0.027423  0.865226  0.018940
219  1747.625143  1766.246862  16.194755  0.038160  2.467470  0.045423
220  374.500963  913.910321  12.781225  0.040084  0.725333  0.042103
221  1136.171150  1817.318828  13.152148  0.029978  0.847206  0.023910
222  969.602755  1877.988157  16.389948  0.094237  2.366709  0.033706
223  524.651092  1141.000096  17.822253  0.045467  3.353575  0.041020
224  1.522222  1021.877381  13.188258  0.043469  0.722188  0.053916
225  992.958529  849.931563  12.781229  0.024691  0.252585  0.048861
226  1227.685189  1385.609697  13.630809  0.050065  0.948546  0.042400
227  214.158733  2010.368781  14.349085  0.035816  1.289683  0.023707
228  1396.400447  1049.216273  16.359224  0.082324  2.407800  0.040328
229  966.329580  294.668426  14.395925  0.023883  0.892179  0.028966
231  1820.097415  950.777872  13.177995  0.037542  0.400791  0.038228
232  1097.776287  2009.421715  17.333444  0.054602  2.864306  0.108454
233  1101.392239  1581.520649  15.969826  0.035049  1.785743  0.045009
234  1077.365952  1532.569458  13.464261  0.022194  0.496805  0.044907
235  667.328097  2013.472978  13.566148  0.021012  0.634376  0.043754
236  1768.322495  1345.445459  16.578832  0.033430  2.114147  0.051020
237  233.291409  2006.914815  13.607435  0.043014  0.721393  0.033129
238  1502.375550  613.733893  14.699822  0.030353  0.967282  0.054572
239  98.657884  317.353050  17.792508  0.042415  2.649633  0.080828
240  781.442591  1655.814687  14.874288  0.031527  1.022578  0.023458
241  1857.644715  2036.429626  14.589985  0.023094  0.761821  0.031655
242  1199.886683  21.856788  14.488620  0.038720  0.675328  0.021491
243  1885.762323  25.932346  14.231413  0.067052  0.754176  0.040238
244  405.189448  328.310862  18.005161  0.049738  2.646497  0.065042
245  2014.670273  170.091296  15.278480  0.049347  1.378258  0.047346
246  1314.112835  1081.395645  18.399633  0.059284  2.941507  0.059871
247  729.859047  103.971539  16.975754  0.081292  2.241710  0.054491
248  1945.253439  68.074573  16.839615  0.040912  2.223600  0.082784
249  126.757017  850.803562  14.492258  0.046701  0.737671  0.026327
250  536.183010  1722.381150  15.365170  0.031417  1.323212  0.074056
251  52.676114  1970.133833  14.932714  0.028242  1.006559  0.038174
252  1367.872416  38.446745  14.025585  0.075761  0.290354  0.038798
254  1129.314035  895.149773  19.870560  0.152137  3.682341  0.128783
255  654.529348  1767.708301  16.662582  0.059953  1.863088  0.057802
256  829.451283  776.697336  16.117868  0.029719  1.459028  0.036516
257  1190.730975  1692.678995  19.214018  0.098511  3.274346  0.111761
258  344.628204  1376.303923  14.628529  0.029586  0.812252  0.069222
259  1544.216699  369.479612  15.513659  0.061905  1.010855  0.029237
260  1856.654250  1366.187225  18.264870  0.048901  2.582098  0.189901
261  1583.337753  2008.915530  17.171091  0.069655  1.931431  0.049819
262  460.984214  860.148382  17.878391  0.081831  2.483406  0.052056
263  666.138586  117.264493  18.688271  0.059484  2.695707  0.084999
264  873.137486  306.257771  18.650555  0.057712  2.963276  0.106191
265  1062.820398  1753.722069  13.849061  0.085232  0.233786  0.021652
266  1019.902469  775.049397  15.805318  0.039545  1.162591  0.031797
267  344.608953  1474.172788  19.603330  0.204505  3.467251  0.111983
268  1969.181789  1244.248867  15.991384  0.040078  1.277590  0.036799
269  863.163936  359.264263  14.661899  0.034142  0.733968  0.066588
270  491.580844  1255.172421  16.790658  0.082804  1.700317  0.042662
271  531.248986  1901.904954  14.899361  0.049101  0.902919  0.030097
272  1419.865921  891.260571  20.112271  0.243365  3.673138  0.137744
273  303.925711  1434.027420  17.369561  0.080979  1.776227  0.086387
274  377.659026  1326.764887  15.644820  0.029454  0.940065  0.092148
275  1153.803651  1186.152128  15.343307  0.071813  0.780309  0.064289
276  662.798543  214.972342  15.208675  0.030568  0.961890  0.062771
277  791.446125  1403.284978  15.121523  0.038173  0.736280  0.038993
278  1744.267590  351.727304  14.554757  0.030087  0.294046  0.022461
279  10.922997  123.143907  16.808524  0.037002  1.540611  0.099776
280  1915.706596  30.651414  18.799358  0.084856  2.673414  0.063798
281  361.620262  1006.797959  17.324398  0.059588  1.619704  0.082658
282  1110.089246  1048.798120  20.269728  0.181462  3.593607  0.170629
283  1104.671350  136.268957  15.606694  0.061401  0.937179  0.055559
284  414.193927  185.821918  16.466868  0.059164  1.313088  0.081895
285  1175.402253  676.941467  18.454729  0.082625  2.338301  0.106872
286  911.606227  1252.456827  15.341432  0.024898  0.661864  0.031532
287  1225.985989  1681.381218  14.440237  0.024656  0.016507  0.036287
288  2045.970232  1109.829412  16.413787  0.055994  1.213838  0.030568
289  566.655018  353.001410  17.095473  0.079465  1.693693  0.064468
290  1515.754712  203.891247  16.394143  0.039427  1.417771  0.056624
291  699.176864  649.258555  15.645244  0.027937  0.780417  0.057271
292  1608.024202  301.389462  16.821042  0.037193  1.513582  0.034891
293  1806.263018  1165.325301  15.289619  0.031032  0.755669  0.027326
294  1802.250802  1532.601665  18.193214  0.059265  2.177337  0.073559
295  737.589103  1837.575462  17.650823  0.115932  2.048919  0.070135
297  1179.056482  1874.416669  17.516892  0.114245  2.026383  0.050918
298  669.635203  529.491624  16.596056  0.071237  1.318242  0.048954
299  640.981434  363.061454  15.835667  0.046084  1.575429  0.047931
2100  1996.088492  753.175681  16.049950  0.063272  0.612662  0.070000
2101  803.652974  1622.070044  16.084829  0.037300  0.896487  0.082851
2102  1188.614265  1080.392994  17.965479  0.102233  1.869333  0.062632
2103  597.180445  2033.702081  16.643466  0.036074  1.019443  0.051460
2104  631.637480  499.917155  16.672576  0.044375  1.314839  0.093469
2105  1561.270381  1475.436872  20.659318  0.103639  3.310840  0.151290
2106  721.343266  865.793053  18.201773  0.068994  2.054685  0.140915
2107  1595.046650  1142.336121  16.046283  0.055295  0.783590  0.064877
2108  1949.322229  133.857355  16.199043  0.046847  0.802720  0.061482
2109  1931.370814  153.044145  18.302806  0.081236  2.159456  0.054104
2110  1453.117182  1458.284482  16.308442  0.057126  1.530306  0.046699
2111  746.348025  424.927327  16.383081  0.076738  0.894348  0.049276
2112  1281.513065  1928.858181  15.898036  0.061491  1.327640  0.087845
2113  1943.584363  1487.977996  16.622582  0.043861  1.166837  0.047210
2114  1901.789457  19.698082  15.899131  0.045629  0.786333  0.050210
2115  1137.931170  1080.966590  18.839295  0.146232  2.702912  0.119968
2116  690.073707  1465.492875  15.840302  0.040586  0.904973  0.051711
2117  519.323615  1483.614976  19.498975  0.077452  2.724484  0.088670
2118  893.297057  548.774579  17.977874  0.047405  1.975292  0.059452
2119  246.701938  635.983668  16.280884  0.058987  1.502773  0.034733
2120  736.664123  399.225438  16.337319  0.040489  1.351588  0.053618
2121  1639.196197  31.597866  20.752121  0.261757  3.563869  0.231511
2123  1477.789060  1756.206412  17.470397  0.039760  1.760219  0.080848
2124  141.019591  524.345948  16.700060  0.038711  1.180847  0.062107
2125  284.005760  393.988956  18.114554  0.096343  1.963613  0.080746
2126  437.364282  1205.430251  16.033647  0.031030  0.781042  0.030873
2127  214.948289  1628.795035  16.169170  0.027903  0.812556  0.041377
2128  1528.301276  1169.105474  19.682911  0.162887  2.891401  0.145817
2129  307.564320  48.616434  15.836114  0.074527  0.754577  0.041891
2130  1787.471644  400.578143  14.272037  0.036890  -0.298835  0.053657
2131  1313.726119  1473.386447  16.102268  0.041881  1.234310  0.046476
2132  1582.621594  587.247868  19.936265  0.090086  2.873391  0.165600
2133  756.483961  965.374515  17.151745  0.038003  1.462109  0.036763
2134  1220.620148  1958.343203  19.639762  0.129378  2.908534  0.145295
2135  1745.226948  815.438607  15.828301  0.036123  0.527676  0.057882
2136  34.235298  71.711670  16.642708  0.048708  1.262230  0.071880
2137  1160.260740  114.036450  16.653003  0.047030  0.898981  0.051013
2138  765.610209  308.466754  17.494172  0.070190  1.219580  0.069525
2139  1419.237037  470.885016  16.376256  0.035751  1.431835  0.046606
2140  1987.698725  1491.233493  19.676443  0.073922  2.759506  0.086644
2141  440.658046  1732.780098  14.804349  0.036392  -0.098233  0.047355
2142  811.543743  1310.992293  17.408475  0.044662  1.260755  0.099890
2143  340.256785  827.025250  16.756004  0.043447  0.949139  0.032437
2144  1170.788736  1324.686746  16.662017  0.095336  0.938767  0.071017
2145  437.623701  281.336674  19.636306  0.083621  2.417298  0.119881
2146  1226.411091  1858.825998  15.766199  0.037257  0.484140  0.043522
2147  1958.781043  377.277384  16.832085  0.038587  1.053729  0.040019
2148  1705.402795  341.522260  19.472578  0.068075  2.735741  0.112660
2149  425.615333  969.014113  16.607004  0.050215  0.688715  0.032312
2150  802.958024  249.415610  16.728700  0.091201  1.697747  0.064496
2151  629.050177  499.323504  16.638660  0.062518  1.130397  0.060690
2152  275.756413  229.956892  18.190810  0.048518  1.728947  0.070211
2153  1235.899114  1301.801790  18.765480  0.076242  1.924097  0.146239
2154  648.138826  1932.820395  17.784330  0.070506  1.506231  0.055504
2155  1007.584812  360.036153  15.736904  0.059871  0.128254  0.048883
2156  1903.610621  822.626329  18.384911  0.091991  1.795035  0.076506
2157  1423.711169  202.324245  17.041624  0.070292  1.216585  0.035611
2158  1224.940003  98.679888  16.031070  0.028830  0.574616  0.042094
2159  708.369989  1711.896650  17.490051  0.097630  1.112811  0.091311
2160  1148.399926  1172.510494  16.876833  0.076504  0.833073  0.036565
2161  1593.572407  936.809011  19.862455  0.107562  2.528282  0.097762
2162  1297.061363  633.763100  16.914586  0.055205  1.131414  0.055495
2163  1338.449108  802.686871  18.235660  0.099598  1.825488  0.057520
2164  1592.522453  538.226344  19.315702  0.088432  2.339063  0.117122
2165  1790.591087  835.888656  16.577756  0.068512  1.705438  0.105920
2166  866.271341  247.176791  18.547505  0.080142  2.123746  0.051556
2167  2024.752841  852.835719  16.627331  0.044594  1.118400  0.034074
2168  1278.622356  823.871727  15.545232  0.027354  0.300556  0.047846
2169  452.435841  995.608095  20.187880  0.090816  2.664725  0.122961
2170  1947.088163  1302.315557  18.482189  0.132956  1.973025  0.053167
2171  1063.428842  1032.226857  19.756004  0.130489  2.649214  0.174921
2172  1963.470178  1059.190274  16.291478  0.033238  0.717064  0.046294
2173  573.819838  26.827018  17.607487  0.076279  1.339785  0.047382
2174  1115.462860  1958.610020  15.774516  0.033273  0.384423  0.047857
2175  103.883559  1526.865608  20.972520  0.221951  3.296558  0.259738
2176  360.310602  1663.288736  19.941473  0.139429  3.039196  0.104297
2177  751.854617  1074.522510  19.103173  0.072215  2.081835  0.072305
2178  900.690383  1102.396586  14.803093  0.044587  -0.295988  0.024270
2179  1526.658719  905.764774  17.147224  0.064022  1.247485  0.044103
2180  410.151214  1236.502303  17.296094  0.059802  1.207982  0.068063
2181  705.234747  242.772140  15.890246  0.050473  0.470741  0.054308
2182  800.623791  292.102344  19.664892  0.161861  2.648815  0.124946
2183  214.949805  857.784358  16.774294  0.034119  1.302099  0.071302
2184  1318.142566  1.400605  19.445884  0.083169  2.524549  0.137418
2185  1325.753002  1084.232097  16.657784  0.045307  1.232971  0.059806
2187  1918.745701  1786.061527  17.092152  0.088601  1.228031  0.057647
2188  751.388812  210.114170  17.879457  0.051530  1.465394  0.070728
2189  39.344519  1335.908525  17.348488  0.056194  1.332631  0.048463
2190  1236.975768  1101.149323  14.544397  0.038507  -0.427891  0.030584
2191  1131.126287  1848.111506  20.397251  0.089722  2.749224  0.118335
2192  647.814434  630.065051  16.345128  0.052088  1.021369  0.068911
2193  601.674135  720.276971  17.508995  0.089043  0.987977  0.053287
2194  138.243666  751.916837  18.347096  0.057534  1.597404  0.065220
2195  1734.325655  11.971294  17.272082  0.052250  1.884797  0.089150
2196  834.300353  1886.902673  17.594045  0.046158  0.998604  0.041478
2197  1710.610920  342.487477  18.642665  0.062389  1.742394  0.105122
2198  1871.924054  1042.827621  17.188178  0.086873  0.880291  0.076987
2199  536.785492  1821.972933  15.519592  0.044677  -0.168617  0.043076
2200  936.260195  900.795470  19.623251  0.244554  2.295108  0.122562
2201  608.461747  1593.996072  17.836016  0.066135  1.351260  0.061138
2202  1592.986801  1143.101874  17.152902  0.040869  1.014836  0.048475
2203  83.716063  490.398716  18.938517  0.080586  1.908025  0.072891
2204  388.483704  1411.148317  16.803226  0.039747  0.889162  0.080584
2205  2046.436611  232.501659  17.276964  0.106905  0.887856  0.106839
2207  1202.804252  189.033477  17.642678  0.042348  1.335709  0.113996
2208  1182.805617  930.895459  20.241724  0.103400  3.016035  0.105798
2209  952.007077  720.627237  19.771356  0.078136  2.400463  0.143088
2210  969.094705  309.149896  16.634615  0.055109  0.459092  0.096514
2211  778.093047  123.327664  17.555061  0.049943  0.922261  0.043512
2212  199.873958  87.646736  17.159100  0.072759  0.812609  0.086259
2213  228.224808  33.477972  17.169338  0.071725  1.197522  0.041313
2214  141.601294  241.249894  19.756289  0.114561  2.248045  0.120034
2215  1368.731771  1372.699939  17.435186  0.072271  0.978869  0.056503
2216  1148.287274  187.700906  19.765529  0.080609  2.284594  0.107381
2217  1156.629560  387.707919  18.205300  0.059318  1.277384  0.062365
2218  1061.655710  1511.057662  16.975895  0.035416  1.105233  0.059631
2219  1661.188396  1599.142846  17.268702  0.084022  0.846856  0.132369
2220  688.683050  889.806983  20.080245  0.097794  2.573574  0.218464
2221  1040.362514  967.279011  18.552610  0.054358  1.547643  0.053242
2222  335.914168  1461.014580  17.558535  0.055825  1.739169  0.067614
2224  1287.640425  890.687120  18.374149  0.066193  1.430942  0.096981
2225  597.153938  937.995642  15.374852  0.046402  -0.195003  0.039143
2227  1693.760774  1289.949123  18.957128  0.134639  1.838700  0.075298
2228  426.258716  596.553226  19.224593  0.099181  1.931876  0.110104
2229  1595.765938  338.502034  17.615368  0.049402  1.649800  0.055557
2230  740.889057  172.230877  16.896780  0.054647  0.930466  0.108346
2231  1036.442776  2039.601920  20.773074  0.166472  2.716060  0.117976
2232  617.681499  1919.119556  15.251428  0.053202  -0.042488  0.055336
2233  1477.828138  1742.202854  17.202545  0.108554  0.985171  0.069056
2234  1887.974771  1382.455514  19.745560  0.179358  2.194489  0.187018
2235  1367.156194  550.084370  17.058181  0.034055  1.175609  0.064218
2236  1113.280831  1987.641630  17.399868  0.042794  0.927982  0.071872
2237  1664.218211  1389.908700  16.970786  0.039809  0.792628  0.063368
2238  1433.286107  1644.261299  18.554388  0.135294  1.497596  0.052276
2239  1075.896834  506.345824  19.510416  0.096630  2.043809  0.072590
2240  1967.955987  1611.613457  17.521914  0.037030  1.429310  0.065875
2241  1919.600540  806.328803  18.219573  0.081840  1.499804  0.069261
2242  384.674363  11.492047  18.332212  0.176415  1.713545  0.140126
2243  489.933801  53.133286  19.742034  0.164847  2.527186  0.214419
2244  119.211593  1016.394844  17.091712  0.051881  0.876339  0.065057
2245  291.764888  1106.556686  17.254987  0.058655  0.904718  0.055344
2246  1707.190865  458.843340  16.408187  0.069635  0.159601  0.049416
2247  1279.826365  1395.060202  18.869347  0.090232  1.777435  0.102297
2248  1676.769379  1701.125668  16.409624  0.059751  0.565824  0.051792
2249  2034.819736  1263.277439  20.517524  0.145905  2.913633  0.214277
2250  1568.941284  1271.555035  17.218600  0.054866  0.987925  0.046571
2252  1990.028084  1193.064118  17.323147  0.084689  1.137489  0.036728
2253  151.210668  1483.655062  19.341680  0.104022  1.986676  0.186083
2254  1939.733936  1844.481483  17.455139  0.056819  0.926400  0.081652
2255  188.370455  313.605134  17.892542  0.104660  1.408081  0.085474
2256  770.154123  152.397752  20.239440  0.151766  2.563381  0.095913
2257  464.129169  610.177072  17.104689  0.049319  1.186408  0.105514
2259  550.055118  1040.849959  16.545285  0.040334  0.315309  0.060700
2260  1211.302190  1459.038738  18.739326  0.104934  1.604057  0.061628
2263  640.132399  302.311694  17.054626  0.061268  0.856401  0.042216
2264  1331.187376  1263.046167  15.632115  0.061745  -0.002872  0.080111
2265  1181.087263  1458.419979  17.231673  0.049368  0.964762  0.084402
2266  201.270496  264.310709  19.484715  0.162001  2.156591  0.152764
2267  258.781387  573.822868  17.999302  0.049806  1.235051  0.063034
2268  919.055511  269.526629  20.005010  0.103546  2.149804  0.134308
2269  453.066253  448.883226  17.970758  0.057720  2.348445  0.103682
2270  598.634151  1218.997727  17.775990  0.068875  0.977428  0.073113
2271  1141.766799  1308.541178  17.225712  0.043665  0.571733  0.049442
2272  156.541216  1616.735439  16.172075  0.077797  0.151200  0.071444
2274  932.614751  1256.644620  20.376495  0.219220  2.303242  0.121131
2276  61.574667  1049.749471  17.731870  0.058034  0.931287  0.055718
2277  163.662942  1179.157938  18.142063  0.072619  1.080168  0.100592
2278  1749.055866  1687.997527  16.861975  0.081317  0.315451  0.074986
2279  1018.049330  1115.974427  18.024472  0.137600  2.238583  0.077714
2280  902.651295  119.653466  17.635083  0.083973  1.011710  0.054690
2281  54.533772  171.846458  18.286923  0.054622  1.299341  0.071397
2282  1082.782906  829.599535  18.838172  0.090646  1.393825  0.089646
2283  516.864324  225.232240  17.728951  0.050541  0.724622  0.061781
2284  1462.836104  1890.964893  18.124654  0.113126  0.915425  0.065084
2285  1800.576532  254.868176  18.748273  0.086062  1.307295  0.130645
2286  2019.222772  13.313369  19.880149  0.072615  2.188893  0.111332
2288  1158.656515  1960.540485  18.746387  0.089792  1.694716  0.078264
2289  1719.023791  1359.862515  18.843366  0.056081  1.501684  0.062858
2290  860.634673  1539.804567  18.600550  0.119788  1.146717  0.064220
2291  821.282477  1222.142224  18.030872  0.044786  1.064080  0.087562
2292  536.997144  1349.302178  18.056014  0.059805  1.277153  0.121530
2295  453.533561  12.289440  21.336261  0.300578  2.448486  0.195345
2296  1918.751904  1961.577150  18.025179  0.114924  0.881487  0.041173
2297  61.490415  1861.236019  18.236737  0.053251  1.264025  0.077167
2298  565.839795  694.296486  19.500205  0.147670  1.854184  0.108496
2299  1378.707690  430.307513  16.731850  0.061656  0.248016  0.041506
2300  356.319715  955.645217  20.157581  0.095468  2.436516  0.189681
2301  1661.524921  1068.225700  18.367995  0.068523  1.140906  0.074791
2302  820.649280  1916.642843  17.871687  0.046563  0.946018  0.149099
2304  1374.805123  682.278182  16.059553  0.029580  -0.096457  0.061391
2305  774.137748  478.992223  18.176760  0.079840  1.081215  0.072190
2306  1702.425582  1127.293746  17.926775  0.064317  1.760644  0.098618
2307  1470.831910  511.573615  16.607353  0.032542  0.393220  0.051887
2308  1113.511284  2016.792365  18.088016  0.049497  1.368422  0.047620
2309  270.741659  198.020018  18.785053  0.102333  1.768814  0.112036
2310  816.314589  1209.300834  18.859490  0.063481  1.461431  0.066937
2311  1022.320173  1560.953751  19.067687  0.076586  1.651231  0.143031
2312  1897.462858  1012.093245  17.900797  0.067708  0.780568  0.074742
2313  888.704798  778.909593  18.181911  0.074193  1.164900  0.091869
2314  1192.089604  1014.353370  18.006204  0.118332  1.083769  0.051995
2315  2040.480709  232.988449  19.282568  0.104858  1.629230  0.095669
2316  817.472760  116.358130  17.607587  0.083272  0.872045  0.070130
2317  44.146779  1942.851614  17.469336  0.056279  0.614390  0.057985
2318  510.170012  1376.051348  15.520831  0.077590  -0.295733  0.039653
2320  242.356348  532.574800  17.371970  0.039876  0.733365  0.040981
2321  774.346922  734.760890  16.674295  0.067806  0.263106  0.048042
2322  1333.523170  1239.929350  19.553211  0.099294  1.895397  0.089625
2323  871.683050  1422.964907  17.836604  0.048707  1.754300  0.079830
2324  74.569075  722.309473  17.702523  0.088435  0.788797  0.085214
2325  572.413745  400.154917  17.926035  0.074662  1.428235  0.057336
2326  83.888083  1417.686193  17.243241  0.093470  0.433322  0.086290
2327  511.360634  1617.282215  18.099872  0.093709  1.088222  0.129416
2328  114.169633  566.922981  18.076989  0.051168  0.804885  0.067073
2329  190.729700  1829.763461  16.786236  0.058048  0.289006  0.044548
2330  558.422649  1382.504609  19.149258  0.074527  1.755952  0.097359
2331  304.424522  804.259664  17.718096  0.088260  1.133027  0.112917
2333  1437.643222  841.109694  17.868806  0.041903  0.984821  0.046363
2334  1314.329994  648.538615  18.037140  0.091670  1.533427  0.105339
2336  1153.136993  1612.294339  17.860934  0.057124  1.237033  0.062476
2337  1451.369625  611.876178  17.606899  0.100432  0.730117  0.084397
2338  278.498039  444.800590  20.675389  0.154313  2.522543  0.220715
2339  511.264544  957.194620  18.564174  0.081554  1.163363  0.154081
2340  595.041564  58.092099  19.306871  0.070001  1.570380  0.089042
2342  234.904869  562.178016  17.805396  0.071393  0.948479  0.045172
2343  1137.823038  857.531789  17.483710  0.079246  0.802519  0.048550
2344  650.848993  1425.325508  20.154189  0.099267  2.248614  0.185323
2345  1072.833007  1166.484034  18.103489  0.093286  0.966185  0.063922
2346  1259.295774  121.090837  17.848137  0.129248  1.451510  0.061243
2347  442.432986  1347.790731  16.981125  0.054588  0.177168  0.032388
2349  1373.061941  1318.597195  17.557419  0.039441  0.809865  0.077306
2350  866.471496  1834.943784  17.884210  0.044209  0.908500  0.079429
2351  403.284007  608.339964  17.789405  0.072329  0.898090  0.086557
2352  163.841693  1842.962537  18.633291  0.102694  1.269683  0.086479
2353  1029.785300  1500.916857  17.818489  0.056148  0.965912  0.044882
2354  1508.160252  1568.854996  16.921295  0.039363  0.567780  0.054454
2355  390.362393  272.693752  18.187372  0.088753  1.220875  0.066184
2356  1785.774042  1731.314752  18.441797  0.090216  1.053509  0.048325
2357  1111.961528  779.283746  15.817923  0.038018  -0.265851  0.029353
2358  116.042320  455.337365  16.588259  0.087261  0.017306  0.084622
2359  1236.706970  1137.480768  18.223912  0.051852  0.989188  0.048310
2360  1678.884563  1989.152154  17.872484  0.094761  1.028021  0.066361
2361  180.406541  559.426231  18.763382  0.105004  1.530952  0.094409
2362  825.365830  1959.241125  18.049206  0.100908  1.215021  0.042955
2364  1011.079695  437.552288  19.262967  0.110220  1.825281  0.069094
2365  725.406300  1208.778898  17.424942  0.070361  0.643739  0.099205
2367  1457.749432  1619.631981  16.903603  0.050125  0.572482  0.069618
2369  1658.753341  2042.352412  17.797975  0.101146  0.607203  0.078283
2370  465.420647  823.686905  18.551234  0.087488  1.035258  0.080318
2373  39.912588  1671.224781  16.218070  0.067590  -0.241990  0.052609
2375  1394.064614  412.775491  19.877338  0.085630  1.721965  0.119196
2376  1185.107553  977.773916  18.398267  0.079101  1.201878  0.101352
2377  847.438410  940.269786  18.686293  0.160694  1.047213  0.103166
2378  178.388278  1852.156207  18.374779  0.082492  1.283856  0.104087
2379  894.108869  522.134612  18.135260  0.105806  0.972182  0.116090
2380  1934.232960  651.815459  18.724750  0.100529  1.271939  0.088063
2381  1010.560192  1364.740384  19.267894  0.060233  1.508583  0.101191
2383  787.011782  1227.809011  18.092237  0.072243  0.978256  0.051103
2384  1155.572544  9.505162  18.431678  0.068933  1.005724  0.105370
2386  203.529136  55.010545  18.465994  0.047345  0.957524  0.073001
2387  1075.347902  1988.888534  18.922128  0.068859  1.853876  0.055860
2389  1339.804674  343.667225  19.695031  0.114505  1.704754  0.115771
2391  1504.323812  1592.695477  20.060273  0.075747  1.571469  0.225977
2392  1127.294628  443.051044  18.546240  0.130161  0.985310  0.141686
2394  620.311365  1433.324780  18.193484  0.072014  0.968616  0.061915
2396  1314.930820  316.314209  18.249579  0.061963  0.953505  0.053154
2397  734.057993  1017.664955  18.724703  0.070374  1.246397  0.100821
2398  1875.483075  2047.540939  19.062916  0.140110  1.127189  0.095685
2399  388.009562  201.900736  18.650982  0.070342  1.773876  0.055471
2400  1198.574382  1918.304717  18.877980  0.139096  1.085753  0.058687
2401  1558.565807  8.987561  18.057377  0.062093  0.598238  0.072640
2403  766.908450  1251.257782  18.411982  0.100672  1.701550  0.070930
2404  943.992105  529.301628  19.799782  0.080794  1.897083  0.121946
2405  1533.314326  326.536379  19.918460  0.101504  2.000792  0.102755
2406  1549.490134  1602.680562  20.819405  0.145155  2.270324  0.121375
2407  572.620975  1385.765334  18.412284  0.070010  1.155316  0.055462
2408  1902.930386  722.333196  19.639520  0.216698  1.797244  0.208733
2409  1879.053367  2041.153101  19.011703  0.171651  1.313606  0.103096
2411  1157.520688  1521.648677  18.640648  0.067414  2.195490  0.116550
2412  1243.350450  1933.223446  18.702021  0.075407  0.981274  0.083859
2413  1395.508758  2047.603656  18.255627  0.105836  1.076792  0.080685
2414  601.135678  607.199274  18.843924  0.062137  1.143911  0.057268
2415  1916.596592  635.693217  19.255056  0.077527  1.506527  0.084419
2416  1174.612600  606.175551  19.583971  0.085281  1.923899  0.098759
2417  1946.804377  874.299234  20.034594  0.141122  2.010153  0.107560
2418  1616.087311  1158.617173  18.538546  0.097713  1.021720  0.101642
2419  735.098940  1096.481749  17.621016  0.080060  0.584140  0.062303
2420  2001.583212  235.449644  20.003046  0.105455  2.180549  0.129078
2421  1197.456698  899.181325  19.557199  0.092003  1.295339  0.184215
2422  0.444664  207.653939  16.826431  0.082949  0.075779  0.041889
2424  1306.590630  1611.746874  19.573796  0.071070  1.522205  0.089126
2425  553.675587  616.980943  18.451526  0.140329  1.100884  0.057343
2426  329.398400  1309.106635  18.543959  0.112660  0.910308  0.088190
2427  934.611085  1387.066485  18.648359  0.080779  1.047632  0.077521
2429  585.942917  859.552501  18.581246  0.140439  1.069807  0.106444
2431  831.798959  690.992746  19.660948  0.282922  1.990518  0.081706
2432  127.946336  1224.952289  20.299306  0.089563  2.238892  0.090636
2433  1149.911563  1886.209559  19.455956  0.081105  1.509658  0.126336
2434  46.946148  1975.222081  18.644616  0.116637  0.775143  0.086153
2435  463.209987  383.144036  18.774807  0.071562  1.003972  0.058889
2436  855.958117  516.983878  20.030046  0.131450  1.953500  0.100718
2437  16.586939  1198.477571  18.362255  0.065807  0.898103  0.052234
2438  1650.287381  1837.368509  19.188604  0.140872  1.542672  0.149624
2439  1834.837119  630.454925  18.651727  0.074132  1.898310  0.124062
2440  497.345291  81.555759  18.967487  0.094859  1.031818  0.062076
2441  1124.921732  615.437447  18.407106  0.052581  0.945539  0.054574
2443  502.109770  1369.846645  19.377096  0.169769  1.355516  0.115731
2445  2018.093550  1040.908939  20.021351  0.159702  1.708160  0.091065
2446  1022.168902  1707.591457  18.058786  0.052702  0.811963  0.056964
2447  1940.879923  395.248059  18.080025  0.077604  0.861004  0.132526
2448  276.001652  107.545490  20.270726  0.225234  2.098882  0.191482
2449  842.755388  1981.752325  20.119054  0.185484  1.746909  0.137065
2450  402.033343  1602.212348  17.870671  0.107761  0.539284  0.075201
2451  1232.593983  1805.466060  19.507346  0.078870  1.777508  0.141398
2452  411.962793  2003.418816  18.692891  0.081376  0.837240  0.152094
2453  133.078157  1380.958048  17.413202  0.069582  0.415073  0.055480
2454  1805.407864  1452.935295  20.308179  0.128656  1.924153  0.091278
2455  1202.068563  1893.240467  17.690447  0.059428  0.468716  0.067340
2456  619.062759  600.517271  18.444861  0.063015  1.134050  0.081203
2457  219.642720  1510.918536  18.142612  0.073841  0.922510  0.081259
2458  522.751374  1077.573932  19.476147  0.169364  1.501027  0.073525
2460  316.466947  1966.958652  17.657496  0.085904  0.338041  0.069802
2461  1711.200829  675.620833  18.798747  0.067764  1.089755  0.087661
2462  793.785166  1722.835499  20.408163  0.084555  2.304636  0.098756
2463  1261.795586  2002.165234  18.247063  0.064701  1.413631  0.085703
2464  1078.394691  28.972348  18.461089  0.126976  1.622461  0.102029
2466  910.032863  755.418490  18.315309  0.073646  1.039626  0.072242
2467  248.708095  795.295774  19.376618  0.073325  1.348978  0.132485
2468  752.141146  1838.137941  20.104808  0.093220  2.036950  0.089379
2469  698.276859  48.768448  18.999252  0.099034  1.166556  0.064272
2470  842.053525  1413.290463  20.173517  0.186020  2.128734  0.168684
2471  1592.579273  848.352633  18.530521  0.097829  1.078566  0.050758
2472  1012.898563  1264.968859  19.173922  0.090302  1.422741  0.164445
2473  120.340122  46.491502  18.057206  0.046510  0.874372  0.072803
2474  844.932979  1179.236533  20.154238  0.107629  1.692812  0.096200
2475  145.244411  967.414183  18.239193  0.102625  0.864272  0.063683
2476  1428.425255  288.812501  18.155739  0.093738  1.224004  0.076655
2477  1182.303118  1195.334155  20.560586  0.150798  2.332895  0.244669
2478  251.309241  315.041770  19.446066  0.137484  1.761144  0.169710
2480  1852.323216  1427.463418  18.283841  0.064751  1.366576  0.103825
2481  1184.990514  1791.931681  18.671017  0.052558  1.111341  0.063184
2482  715.220549  987.262195  19.197920  0.075325  1.547100  0.110626
2483  708.182680  660.708162  18.277879  0.057994  0.949057  0.076123
2484  219.914736  1734.542894  18.510144  0.084095  1.461943  0.061466
2485  1894.571452  722.634170  20.124662  0.160154  1.827891  0.129321
2486  393.022696  1766.915160  18.360037  0.172207  1.783542  0.154852
2487  280.573576  1547.528584  18.660674  0.089709  1.163040  0.111375
2488  1943.487812  13.731283  18.622195  0.089634  1.118962  0.114645
2489  262.963583  1866.414627  18.241930  0.057630  1.373647  0.062841
2490  482.041011  747.667961  18.026182  0.065534  0.529658  0.096229
2491  908.556266  1780.861834  18.766402  0.101160  0.975194  0.097635
2492  1911.818134  195.708860  18.623802  0.072935  1.183291  0.091824
2494  1701.779713  636.962151  18.430067  0.060408  0.954806  0.047196
2495  1224.954409  1612.603552  18.487662  0.109375  2.321577  0.085601
2496  676.653999  1848.258698  17.799324  0.056025  0.650363  0.067442
2497  1049.174470  1103.736788  19.560625  0.071768  1.468620  0.139462
2498  1532.637778  1054.564838  18.881968  0.066449  1.096149  0.129587
2499  192.967102  1227.826560  18.494204  0.048684  1.132576  0.079638
2501  1028.662608  599.303845  19.661504  0.182564  1.367735  0.130777
2502  1659.482465  1003.877856  17.008773  0.047597  0.071809  0.073275
2503  479.682704  1371.530656  18.824923  0.088578  1.165793  0.110430
2504  1182.150070  1324.256128  19.828680  0.138345  1.897350  0.125300
2505  1838.850004  491.022892  20.488167  0.133297  1.863815  0.092870
2506  1715.986700  731.894262  18.641564  0.060462  1.322233  0.093752
2507  1357.999815  2040.640640  18.443426  0.090318  1.308115  0.114043
2508  1027.396820  1522.166990  19.848950  0.114205  1.640532  0.123335
2509  666.538737  162.276586  18.696540  0.087148  1.046981  0.079699
2510  1703.898257  1202.225580  18.184971  0.090462  0.909157  0.050225
2512  1502.595015  416.838401  18.655161  0.118867  1.034089  0.052456
2513  295.189971  1827.615801  19.743526  0.069817  1.388902  0.074117
2514  399.541039  710.637178  18.697880  0.056259  0.858608  0.081142
2515  793.298008  515.793302  17.017119  0.039053  -0.038558  0.044944
2516  1480.409892  1956.820458  19.784754  0.186541  1.138953  0.120290
2517  1894.102928  68.791675  19.295730  0.117283  1.259971  0.095221
2518  254.554704  558.866235  18.558630  0.086201  0.586450  0.120374
2519  1594.993289  1377.187681  19.242815  0.155802  0.916160  0.094282
2520  1550.663551  220.839055  20.554073  0.122728  1.611372  0.104305
2521  569.305490  1795.047817  20.407451  0.134943  1.775652  0.138014
2522  1340.609051  136.875278  20.110149  0.118400  1.638196  0.285796
2523  871.189482  707.123678  21.545001  0.224701  2.540290  0.160353
2524  1611.387420  956.079583  17.974675  0.063014  0.147187  0.077483
2525  1367.774238  1848.444092  18.571157  0.139759  0.816752  0.087541
2527  1769.226253  1569.348886  19.391481  0.134254  1.435477  0.173573
2529  952.484062  252.691531  19.592664  0.099244  1.406403  0.126153
2530  1609.390907  769.265642  18.388220  0.059187  0.668461  0.059048
2531  1918.469135  1497.758567  19.316582  0.139378  0.992736  0.131296
2532  440.830177  454.705014  19.319727  0.141740  1.024549  0.077132
2533  551.061590  656.835084  19.853410  0.090166  1.520675  0.141190
2534  1892.889689  1576.734467  19.119469  0.064141  1.459888  0.094319
2535  1263.833426  373.084833  17.443122  0.045822  0.233009  0.066122
2536  184.672440  1595.219752  19.890157  0.107414  1.424117  0.074396
2537  1825.001340  660.354220  20.319232  0.122376  1.741320  0.091183
2538  1078.785620  1149.194676  19.685941  0.153856  1.486512  0.075716
2539  856.952963  1858.220288  19.998273  0.194922  1.216554  0.123032
2540  451.644057  1026.569515  20.655354  0.188906  1.601138  0.108860
2541  1375.142745  587.962011  18.626630  0.080538  0.823612  0.070000
2542  751.466949  166.198541  18.879811  0.111204  1.399006  0.114306
2543  1399.552059  1648.618545  19.216360  0.095671  1.018207  0.106525
2544  1796.953614  283.362775  19.246371  0.136348  1.004422  0.090623
2545  741.278069  1909.733143  18.314827  0.073185  0.643374  0.094694
2546  527.623589  1553.098598  19.618261  0.123883  1.379131  0.090867
2547  1798.152202  1904.053729  19.291361  0.121218  1.151244  0.082241
2548  1224.780893  160.417441  19.420278  0.173642  1.230499  0.156534
2549  1259.285563  407.322224  18.865147  0.061322  0.899118  0.100012
2550  1543.164468  550.961805  20.920629  0.151917  1.840561  0.128953
2551  1619.133408  188.328973  19.511421  0.091817  1.177502  0.119074
2552  1139.115644  834.614655  19.031139  0.107536  1.549575  0.074551
2553  1806.738655  919.965753  19.273138  0.079077  0.918496  0.174876
2554  2025.672050  176.148421  19.380964  0.114078  1.350471  0.137954
2555  399.931509  1263.102491  19.711774  0.108419  1.376731  0.112328
2556  398.380298  477.158203  19.485983  0.068889  1.183431  0.120934
2557  1705.726110  313.710241  20.297721  0.140300  1.829748  0.144445
2558  1815.019341  1140.437321  21.355730  0.123492  2.328071  0.219059
2559  5.092743  1248.024571  18.930204  0.068656  0.977445  0.067867
2561  1654.350916  579.735785  19.395349  0.139528  1.214818  0.118559
2562  15.201492  1540.361836  18.788330  0.100333  1.136915  0.157797
2563  776.608573  870.544159  20.003545  0.099080  1.613298  0.119960
2564  1629.163721  162.682915  19.692272  0.101016  1.071755  0.091032
2565  782.118465  1178.874497  19.702615  0.126687  1.836533  0.081121
2566  2002.233135  1839.763024  20.118399  0.137249  1.818890  0.098661
2567  1407.134600  365.200644  18.400302  0.094444  0.689321  0.068869
2569  566.004068  44.287138  17.723811  0.074557  0.104563  0.055022
2571  1709.737087  1341.496201  19.776694  0.220778  1.390832  0.143376
2572  477.271458  465.011921  19.339599  0.164509  1.058934  0.125218
2573  958.874875  298.857668  19.003722  0.062025  1.010062  0.107927
2574  511.916607  27.139383  18.607284  0.144465  0.815114  0.090268
2575  1175.147320  1620.115911  19.138912  0.159847  1.098405  0.167278
2576  1048.550177  169.053454  19.713436  0.116605  1.183353  0.103063
2579  607.436180  1516.006289  19.234214  0.129607  0.939667  0.062654
2580  629.459871  1472.124052  19.687642  0.189000  1.147022  0.095068
2582  1820.427354  576.482582  19.822058  0.157311  1.511463  0.097235
2583  1251.226960  1985.683415  20.226455  0.141620  1.538733  0.208283
2584  181.891058  539.224029  19.856751  0.176438  2.290727  0.133427
2586  648.217088  120.296835  17.722213  0.062696  0.192036  0.069422
2587  3.289012  1360.285561  18.640151  0.098345  0.795733  0.074890
2588  2031.522034  281.321098  19.324418  0.064308  1.362897  0.164693
2589  1158.501562  1325.571648  19.872236  0.107651  1.634026  0.087815
2590  116.578584  1278.432196  19.208511  0.088657  0.945824  0.123170
2591  1607.527946  412.355949  18.133889  0.084480  0.607049  0.046002
2592  108.974287  634.381527  20.972558  0.170239  2.151018  0.455358
2593  1874.042651  1748.077894  20.739364  0.182627  1.967120  0.100532
2594  710.671587  1183.233641  19.620391  0.143889  1.322515  0.151472
2596  116.383612  1905.494709  18.927440  0.096459  0.854993  0.080619
2597  20.488525  677.489229  19.416728  0.065909  1.733445  0.083616
2598  649.537658  94.115499  20.688428  0.103398  1.941284  0.175452
2599  213.160298  1890.140410  18.541251  0.097276  0.645315  0.057529
2600  1831.927087  2027.250737  19.462603  0.069210  0.992432  0.112383
2601  148.963060  330.740827  18.443766  0.076132  0.417638  0.072929
2602  1470.328857  225.409740  19.428382  0.183048  1.182591  0.133309
2603  461.480000  786.460685  20.759488  0.139787  1.827751  0.135088
2604  1746.370127  173.547057  17.061550  0.051765  -0.309476  0.051995
2605  77.859539  1875.326332  20.177099  0.108156  1.824529  0.161423
2606  1600.788190  258.265005  20.408205  0.222467  1.766908  0.096031
2607  1701.152576  333.633944  18.907454  0.069839  1.094303  0.102326
2608  541.148916  1883.842781  19.108002  0.162075  1.422923  0.137087
2609  1854.431302  1779.502314  19.607150  0.179640  1.343350  0.106297
2611  620.552662  1129.081313  19.195322  0.066371  1.050539  0.078238
2612  1188.630249  109.507673  18.600909  0.056135  0.848712  0.054474
2613  1968.261444  1922.580001  19.022066  0.084566  1.057104  0.146081
2614  535.689916  915.691103  19.470142  0.083752  1.050713  0.135110
2615  662.101203  635.761701  19.227842  0.161395  1.767154  0.207508
2618  2029.517738  461.952857  17.447480  0.090170  0.025189  0.054789
2619  722.159061  1015.471933  19.100929  0.143571  1.218927  0.109664
2620  1781.924378  1593.255317  19.163325  0.087753  1.867034  0.117505
2621  1351.233082  1540.469361  19.254967  0.142426  1.272076  0.136304
2622  1727.423436  1972.326440  19.686792  0.098680  1.502134  0.096569
2623  1840.367150  313.229712  17.939654  0.052926  0.214798  0.109765
2625  692.394094  1201.365419  19.022557  0.107130  1.152421  0.068613
2626  992.834424  30.360786  18.305134  0.056423  0.733325  0.083442
2627  901.731830  386.666657  19.882011  0.213209  1.808186  0.131610
2628  720.184351  1341.040426  19.584633  0.104011  1.200292  0.161181
2629  1801.788448  1767.316633  18.252343  0.049821  0.443440  0.069519
2631  871.985320  574.660597  19.478627  0.155318  1.189431  0.118446
2633  869.303964  1643.255509  19.198780  0.066775  1.028004  0.074529
2634  1778.138521  196.501533  19.110372  0.156457  1.089360  0.112409
2635  1351.639380  1213.614200  19.067520  0.063629  0.768290  0.070895
2636  221.520379  187.258593  21.147490  0.362390  2.277297  0.175044
2637  1979.126359  1502.685707  19.869938  0.093858  1.190612  0.110296
2638  286.342089  1154.434232  19.954434  0.079597  1.314589  0.130422
2639  621.064731  1102.066906  17.357968  0.066004  -0.007272  0.073984
2641  1278.508532  1126.329865  19.942287  0.125751  1.078742  0.189793
2643  1407.662040  1471.709167  19.140647  0.115137  1.167583  0.099263
2646  868.303716  1377.083937  18.851574  0.098203  0.973128  0.108321
2647  1632.603102  936.667394  19.624056  0.093002  1.055681  0.136211
2648  274.004579  1661.824177  19.154754  0.060371  1.110553  0.126808
2650  1567.582459  875.763640  19.074175  0.142334  1.160267  0.072544
2651  381.448555  447.217451  20.062127  0.075828  1.796054  0.149819
2652  483.834788  407.689567  20.114249  0.213007  1.458852  0.155496
2653  1380.107566  854.420533  19.104550  0.062406  0.936232  0.080543
2655  1896.946108  1364.730963  18.917599  0.125114  1.099610  0.064635
2656  936.452139  457.336738  18.705719  0.145786  0.823133  0.054513
2657  1900.860682  66.397073  18.974170  0.126261  1.085941  0.077168
2658  1669.854972  1239.495724  19.523323  0.084862  1.175709  0.126471
2659  802.537467  2043.444941  18.200750  0.084018  0.454375  0.067309
2660  482.832218  1189.839089  19.217847  0.085424  0.782633  0.229290
2661  1527.837017  1236.774369  18.283580  0.063856  0.679360  0.069172
2662  1842.105038  847.394711  19.144496  0.059188  1.195648  0.099430
2664  1535.635885  233.412511  18.923273  0.070008  1.471467  0.060806
2665  971.221429  1409.437479  19.646579  0.159790  2.517986  0.099202
2666  1077.526942  1539.456142  19.185918  0.065918  0.915440  0.074658
2667  314.455002  828.945803  19.484610  0.102958  1.079758  0.170417
2668  689.706899  597.528416  18.792814  0.137615  0.725599  0.190623
2669  1838.617324  1493.166979  18.985641  0.110825  0.963453  0.178576
2670  1064.860620  553.598020  19.512407  0.092059  1.052730  0.107689
2671  1451.342358  591.329926  19.792480  0.084829  1.417337  0.099101
2672  1230.649035  290.768835  19.258909  0.125363  1.042597  0.150723
2674  1752.094670  1323.528295  20.110218  0.138489  1.389105  0.093781
2675  807.638599  1885.395341  18.753902  0.108519  0.728416  0.051915
2676  70.844220  1129.788898  19.412193  0.091747  1.097642  0.062984
2677  974.588820  2022.263697  19.439337  0.064028  1.677261  0.103104
2678  1406.649758  1221.480915  19.404485  0.099348  1.362403  0.067429
2680  160.228707  1219.973626  17.757531  0.097273  0.205138  0.089488
2682  135.053756  419.365992  19.545598  0.078883  1.396277  0.090240
2683  875.882566  1102.363179  18.693583  0.076445  0.867948  0.070959
2685  1713.859447  1107.538987  17.983484  0.043403  0.364846  0.108209
2686  2008.882372  542.474642  19.979744  0.167426  1.339205  0.152489
2687  33.628087  1807.482221  19.565828  0.078420  2.057855  0.136694
2688  93.150646  1204.163698  19.645092  0.104668  1.986914  0.084206
2689  90.326435  958.921191  16.640524  0.035559  -0.293026  0.077267
2690  612.101295  1417.101765  19.807462  0.146728  1.234524  0.146010
2691  1838.830881  606.468105  19.206960  0.069765  1.101040  0.060834
2693  1000.881375  1577.520692  19.109387  0.079264  1.176618  0.058078
2694  1970.144433  58.363509  18.386248  0.118976  0.770571  0.123813
2696  1420.397524  376.153044  20.237820  0.134980  1.805155  0.126129
2697  1054.337532  1237.958859  18.650835  0.057712  0.748980  0.082094
2699  458.389708  148.301550  19.090044  0.064806  1.091039  0.070683
2701  193.774492  1745.320857  20.510478  0.365298  2.164415  0.113800
2702  859.223488  694.220634  18.962108  0.055246  0.487596  0.140858
2703  25.294993  1198.179875  19.860057  0.104754  1.140283  0.106532
2704  793.082916  487.164572  19.647732  0.129153  1.132769  0.162065
2706  1432.796446  174.450278  20.598981  0.156242  1.411543  0.143115
2707  757.248012  799.173853  19.800153  0.112331  1.945634  0.108160
2708  1766.500730  308.875507  17.306982  0.057780  -0.245894  0.041187
2709  92.652602  109.632435  19.990934  0.129757  1.016097  0.155600
2710  999.898063  1177.586910  18.004312  0.045825  0.208759  0.053475
2712  1863.866837  2000.227734  19.658595  0.270464  1.349515  0.123883
2713  1069.696354  1476.408545  20.273427  0.129324  0.795862  0.244954
2714  764.885618  1333.332969  20.552023  0.110477  1.289259  0.088353
2715  81.741415  228.392746  20.561330  0.250863  1.811639  0.129313
2717  1131.004070  770.083755  19.994275  0.139402  1.472081  0.153637
2719  188.791521  723.691636  20.431276  0.120715  1.578284  0.141077
2720  838.314833  1665.799626  19.669342  0.126238  1.097179  0.171674
2722  1696.519967  1210.379336  20.083062  0.179898  1.101276  0.146732
2723  1445.703487  970.597561  19.636430  0.134448  1.074898  0.083599
2724  1559.591876  1202.246422  19.571339  0.076649  1.145894  0.094783
2725  796.672634  571.885629  17.739718  0.067758  0.135396  0.082524
2726  210.545901  393.997039  20.019767  0.099357  1.248803  0.242968
2727  1785.490922  1093.014514  19.777674  0.139347  1.939138  0.150646
2728  16.975803  2004.731660  20.052297  0.139765  1.115030  0.091368
2729  1806.602057  97.737233  18.551183  0.058390  0.274228  0.072114
2730  883.301924  1422.116852  20.621232  0.100219  1.376483  0.118584
2731  367.559822  1583.431972  19.673223  0.077589  1.214697  0.165308
2732  732.900596  767.712634  20.821927  0.156414  1.775317  0.122429
2733  1034.227620  1545.754830  20.069188  0.119939  1.326161  0.128942
2734  280.560993  845.993998  19.442313  0.150154  1.177159  0.126100
2736  521.272552  138.797303  19.472096  0.135572  0.918802  0.100234
2737  200.377230  1888.742765  19.784709  0.089504  1.001492  0.089082
2738  384.072428  946.780216  20.126987  0.140830  1.248580  0.196179
2739  1227.959844  1348.504348  19.446069  0.104414  1.019756  0.129043
2740  1342.250558  993.475742  20.411759  0.135793  1.178694  0.119828
2741  1862.520503  717.296574  19.259347  0.105361  0.921766  0.071042
2742  725.827649  1184.257077  20.562691  0.143815  1.332264  0.103358
2745  52.267437  1175.836653  19.785026  0.225342  1.413879  0.105800
2746  789.816951  777.868402  19.743478  0.085401  1.093925  0.177080
2747  474.711782  1601.300303  19.841720  0.173248  1.130502  0.125848
2748  1062.462584  1938.968527  17.988275  0.045827  -0.087180  0.051632
2750  1987.063600  1369.023537  19.711193  0.126266  1.083472  0.187316
2751  224.905604  857.261616  19.711380  0.075158  1.005035  0.119205
2753  595.872089  1934.236826  18.026604  0.069463  0.116254  0.071987
2754  632.434422  1610.369050  19.791461  0.102649  1.022391  0.156845
2756  1085.124411  1770.459486  20.204357  0.077789  1.249093  0.114809
2757  226.327474  35.533961  19.744755  0.085385  1.177713  0.090489
2758  1542.230838  50.595040  17.105268  0.090545  -0.400269  0.093921
2759  1192.240992  1428.159264  19.377384  0.061791  0.838048  0.066942
2760  672.160543  903.630613  19.819523  0.156838  1.703302  0.132945
2762  1060.774615  1644.782272  20.197155  0.139779  1.442596  0.109760
2763  1201.226924  1616.911341  20.099768  0.094007  1.500443  0.189851
2764  1587.589579  1855.803108  20.342173  0.091815  1.399180  0.095282
2765  630.559990  1844.215990  19.962787  0.106529  1.219619  0.092489
2766  1115.137981  932.646376  20.237337  0.122198  1.441378  0.168288
2767  856.844954  934.342747  19.898554  0.115181  1.445369  0.098517
2768  2034.653860  1042.222594  20.514718  0.154732  1.157559  0.084097
2769  1805.039495  399.364462  19.900380  0.192928  1.210703  0.141410
2771  1667.663599  51.465005  20.300716  0.094142  1.235111  0.105918
2772  760.457885  1890.217772  19.470073  0.136241  1.455013  0.142644
2773  1154.312654  1885.624419  20.320499  0.132652  1.333470  0.143139
2774  1896.753510  306.920762  20.282416  0.186005  1.206505  0.245812
2775  65.411301  1628.962930  19.600963  0.126035  1.267448  0.180071
2778  1524.057215  1443.610728  19.716977  0.152482  1.662108  0.255256
2781  656.381124  613.016868  19.945064  0.117392  1.287956  0.077111
2783  50.537593  1471.151689  20.031471  0.097033  1.115822  0.124483
2784  1167.437959  1247.394099  20.406747  0.205101  1.441055  0.086871
2789  799.934474  233.919811  19.951792  0.172271  0.975775  0.122010
2790  829.132872  593.626236  18.240696  0.060787  0.162159  0.094456
2791  1597.831279  1320.328238  19.838038  0.074028  0.976583  0.119339
2793  1328.782202  725.499987  19.942676  0.145774  1.182195  0.107149
2794  1598.627055  65.686854  20.091791  0.107573  1.136914  0.139643
2795  1596.900959  40.325975  19.958243  0.079706  1.101956  0.114029
2798  1862.044933  763.524573  19.815169  0.073523  1.570896  0.114088
2799  1619.747999  875.452698  20.079852  0.111516  1.120767  0.153999
2800  923.343729  339.207051  19.172405  0.066490  0.803106  0.134137
2801  812.206546  752.823366  19.742632  0.305824  1.134519  0.081571
2802  18.859315  583.026276  19.888502  0.091926  1.857275  0.146498
2803  1062.066927  1295.828946  20.009436  0.257305  1.183534  0.129617
2804  103.284801  1212.096933  19.880692  0.076337  0.959507  0.130300
2805  1731.198697  1049.011932  20.119007  0.107080  1.242049  0.124368
2806  206.319190  1179.224697  19.461110  0.070722  1.220264  0.184168
2807  1841.663410  451.787519  19.721958  0.081949  0.972375  0.158842
2810  1563.681104  2020.315125  19.916059  0.111973  0.844747  0.199966
2812  2038.626690  862.783865  19.446740  0.091295  1.029188  0.076471
2813  1313.221269  1053.888092  18.148109  0.081247  0.027214  0.058752
2814  594.613932  1289.593642  20.732420  0.147600  1.992881  0.120054
2815  1264.774873  904.698535  20.249330  0.134535  1.871217  0.081669
2816  1670.469296  248.899951  19.532521  0.112876  1.293545  0.131862
2818  872.734773  691.735333  17.666991  0.066751  0.002979  0.064514
2819  1764.005040  1211.741443  19.994648  0.145079  1.307265  0.131408
2820  728.246589  305.767565  20.334149  0.137645  1.559337  0.142218
2824  157.625515  446.856194  17.515016  0.039427  -0.131037  0.068970
2825  1821.984439  53.418702  19.713524  0.166982  0.977213  0.102510
2826  704.074461  38.401806  20.583940  0.203120  1.327131  0.087016
2828  1059.294538  1565.836943  18.591544  0.098657  0.566455  0.076782
2829  1956.940501  50.764365  19.084244  0.097160  0.798811  0.105298
2830  1090.282797  210.508550  20.601527  0.096305  1.320450  0.130011
2831  966.554327  788.380915  19.782029  0.092931  1.998855  0.110488
2832  2035.517200  998.609801  18.836829  0.128356  0.585239  0.080581
2833  218.674035  850.395000  19.792446  0.194066  1.956490  0.097460
2834  1453.183037  1064.818541  18.819077  0.098848  0.479852  0.056796
2835  235.420814  635.450863  19.087909  0.085557  0.948179  0.080416
2838  384.276117  159.663899  19.473717  0.173700  1.296388  0.183184
2839  789.037437  1378.810032  19.265511  0.075732  0.811279  0.066857
2840  1693.151782  1565.872255  19.513546  0.111451  1.029726  0.122047
2841  1797.293084  1860.774574  19.967462  0.152797  1.907280  0.214426
2842  1794.058493  115.708433  19.631679  0.084967  1.273260  0.096603
2845  231.164799  422.844184  19.896429  0.133658  0.930864  0.112940
2846  1239.858541  1765.160513  19.717547  0.237705  1.228457  0.186174
2847  144.101233  1274.572205  18.080088  0.081310  0.004858  0.048690
2848  991.559994  1151.448925  19.873603  0.175178  2.143040  0.142021
2849  34.315345  5.524621  20.080259  0.139743  1.058476  0.155118
2850  1472.863437  1322.538065  19.411184  0.200585  1.004550  0.096004
2851  834.439511  217.509727  18.960367  0.076076  0.731196  0.064353
2852  192.563172  1690.764832  20.022991  0.140236  1.686460  0.105141
2853  677.982880  1645.418646  19.714768  0.128574  1.165373  0.074178
2854  210.509294  2023.878099  19.635909  0.068247  1.178558  0.170144
2855  427.863142  1415.106812  20.879558  0.268884  1.735562  0.212838
2856  1151.601105  913.390514  20.238312  0.149301  1.254325  0.082104
2858  350.961190  505.513967  19.907876  0.127194  1.393651  0.139089
2859  1397.724647  1965.356359  19.808063  0.092700  1.035046  0.130417
2860  1156.245359  1167.247878  20.175402  0.086908  1.077675  0.144715
2862  452.187090  1353.519897  20.325862  0.100838  1.870421  0.203500
2863  1610.990602  676.869177  20.068652  0.117284  1.172976  0.151988
2865  807.007403  1230.083598  18.468388  0.112681  0.501988  0.090368
2866  1579.102652  674.290164  18.890618  0.083834  0.562293  0.055513
2867  916.708025  704.772171  19.759180  0.088684  1.240277  0.104764
2868  248.228872  285.158119  19.278513  0.115427  1.087367  0.112538
2869  618.286621  42.060784  20.103570  0.115674  1.062763  0.170140
2870  1669.283488  976.667150  19.807241  0.115410  1.169237  0.079536
2871  10.164373  1480.359372  20.063408  0.147036  1.160564  0.138359
2872  68.691472  1263.845932  19.764799  0.086834  1.227248  0.072709
2873  1195.757009  1359.597627  18.834122  0.061135  0.690362  0.117264
2875  728.824574  1445.659934  19.375953  0.136446  1.156908  0.085096
2876  208.296355  1944.678982  19.770813  0.210839  1.112771  0.090177
2877  1746.477818  1201.994739  19.886033  0.102916  1.109075  0.182533
2879  845.937572  1393.267612  19.554289  0.102114  1.004077  0.105835
2880  1391.190409  1536.871321  19.281222  0.133520  0.995308  0.096745
2881  1814.600621  1037.305347  20.206351  0.174204  1.081373  0.094738
2883  678.168616  867.937377  19.447974  0.098365  1.195232  0.160106
2885  1781.538183  1386.692141  19.993218  0.176787  1.217610  0.113289
2886  255.000080  1167.614746  19.504447  0.126402  0.815087  0.164496
2889  346.337072  1296.861403  20.443247  0.102705  1.414517  0.204147
2890  1596.156501  441.950032  21.058285  0.263087  2.016329  0.234458
2891  488.867061  1240.424438  19.974699  0.148794  1.125771  0.118132
2892  160.968856  1491.107874  16.969226  0.077041  -0.344340  0.047524
2895  698.031604  1700.365845  18.819160  0.070447  0.543389  0.105678
2896  256.635145  132.161164  20.112666  0.201298  1.062644  0.128615
2897  1628.820420  1258.118572  19.311639  0.130279  1.578861  0.122721
2898  1802.510542  1357.316237  20.009143  0.074211  1.158522  0.120098
2899  1276.568806  71.612051  20.120564  0.134012  1.167491  0.119272
2900  483.318565  1352.509833  20.162776  0.229091  1.550049  0.203949
2901  1240.337460  628.872684  19.171356  0.109985  1.055529  0.123114
2902  122.433323  1964.212594  16.970115  0.038986  -0.583339  0.074626
2903  515.289507  1918.363145  19.985790  0.169613  2.368103  0.113798
2905  44.547716  1704.867196  19.574431  0.121157  1.414787  0.194937
2906  232.505922  613.208547  19.458864  0.117782  1.298006  0.119525
2907  602.507289  1799.070095  19.851981  0.145609  1.250568  0.089787
2909  316.880556  1671.947087  19.922372  0.081505  1.927728  0.152932
2910  590.020716  1933.491933  19.793294  0.118988  0.982353  0.110617
2912  939.082974  930.390363  20.084060  0.109844  1.491023  0.168147
2914  643.787062  211.615152  19.737852  0.104048  1.149808  0.148729
2915  896.075045  1574.279155  20.048347  0.085851  2.354679  0.146531
2917  416.392355  1388.870165  19.679893  0.105837  2.178804  0.098492
2920  905.968081  1842.629778  18.137999  0.089229  0.119646  0.049051
2921  588.748135  16.888299  20.295025  0.127714  2.637818  0.334803
2924  1277.346102  1241.204538  19.773148  0.097806  1.429134  0.125367
2925  287.226052  1849.084477  19.444963  0.165289  1.455458  0.099658
2926  1533.774033  295.182669  19.667584  0.134279  1.145054  0.162915
2927  107.013453  182.773521  19.256040  0.097326  0.856586  0.060454
2929  1585.352569  134.319333  20.303969  0.098167  1.413144  0.087858
2930  327.769220  933.302401  19.987318  0.117902  2.379567  0.107428
2931  364.948550  11.287009  20.012025  0.108969  1.423287  0.147251
2932  1129.557864  871.616735  19.833311  0.178833  1.058621  0.093052
2933  1837.492633  1669.196574  20.478329  0.113567  1.333046  0.212269
2934  1985.786468  1455.144053  20.824429  0.106032  1.768222  0.204750
2936  1004.207720  275.406971  20.235275  0.087577  1.520422  0.185767
2937  1702.469095  1172.007205  19.798168  0.117156  1.119450  0.148602
2938  101.748721  1574.724004  19.749889  0.124283  1.143772  0.124302
2939  529.717480  1136.993860  19.460510  0.103421  0.942253  0.065866
2940  1411.561667  134.663388  19.354183  0.117040  0.726195  0.154079
2941  1294.554196  254.755196  18.747096  0.076212  0.394332  0.064450
2942  1045.130655  908.545385  20.224679  0.143957  1.519839  0.222598
2943  1002.730240  1783.348220  20.027440  0.189445  1.472851  0.172234
2944  216.668928  1517.173818  18.166189  0.076746  0.198661  0.063072
2945  509.221537  2026.127052  17.179195  0.036822  -0.189956  0.088489
2947  1747.665487  1235.286320  20.274679  0.126686  1.474720  0.161360
2948  1489.395153  315.945797  19.651938  0.176224  1.142937  0.079730
2949  435.386207  1844.114010  20.177824  0.086021  2.422040  0.111278
2950  1151.189797  961.893373  20.123137  0.096875  1.218834  0.199119
2951  1296.416001  1692.527988  19.917282  0.179903  0.658038  0.198479
2953  1438.968884  631.933539  19.917779  0.076459  0.807734  0.127325
2954  958.060438  623.544964  20.230493  0.146475  1.349497  0.166636
2955  648.924512  1318.626767  19.867702  0.200755  1.027189  0.084571
2957  1957.848804  1831.531564  19.604307  0.171159  0.700818  0.111113
2959  1631.835166  1486.243283  18.150033  0.105637  -0.264231  0.098289
2961  431.351886  311.814164  20.500150  0.201446  1.188758  0.106907
2962  939.335907  823.494839  20.768266  0.337168  1.308851  0.163949
2964  140.450838  995.126512  20.041737  0.239390  0.949257  0.221644
2966  583.581384  1738.787986  20.599490  0.225879  1.423541  0.258109
2967  1617.789119  1374.595244  20.137128  0.105680  1.402887  0.135765
2970  640.065108  324.272865  20.262019  0.316225  1.710197  0.282904
2971  570.902574  1162.594036  20.339341  0.102072  0.695954  0.198588
2978  114.128844  706.636140  20.755376  0.293634  1.289815  0.131741
2979  1322.514505  1919.115470  20.657409  0.169456  1.412794  0.169802
2981  229.304412  922.324891  20.625079  0.115327  1.473639  0.136617
2986  1241.425361  596.815676  18.699239  0.060896  0.090373  0.081623
2988  528.549727  239.338583  20.332635  0.120937  1.272147  0.152998
2989  88.063464  108.246867  19.925056  0.119278  0.843062  0.115855
2990  1338.328749  763.150066  19.694773  0.125107  0.756708  0.176385
2998  879.197680  173.747579  18.544594  0.088981  0.049849  0.056331
21001  2029.490070  545.213186  20.742603  0.114374  1.133379  0.142317
21002  1439.578819  1487.819598  21.041376  0.139238  1.386932  0.205738
21005  28.000124  1714.624862  20.449038  0.114161  1.226874  0.137386
21006  176.135145  485.022850  21.406236  0.158262  1.839286  0.120196
21007  409.512118  1026.930276  20.154986  0.128053  1.027867  0.222989
21010  1824.874284  90.315027  20.776355  0.129770  1.337909  0.117426
21011  1508.865382  851.082733  19.500314  0.063462  0.561742  0.096151
21017  398.383192  1728.286204  18.970526  0.124363  0.237583  0.103448
21018  1326.434312  1966.825723  21.030722  0.140167  1.564474  0.147192
21019  843.245550  825.642606  19.282375  0.177680  0.271666  0.097521
21021  164.552255  14.556152  20.376083  0.234188  1.623496  0.107303
21023  1239.722286  1797.670391  18.798562  0.099885  0.475403  0.119785
21026  794.663143  1411.418930  20.250951  0.211242  1.733903  0.167188
21027  1114.095589  388.594471  20.423436  0.124577  1.276903  0.094834
21029  442.944131  119.768806  20.349705  0.238186  1.934659  0.096406
21030  1082.472528  1790.930405  18.636477  0.065265  0.244276  0.064237
21031  408.506103  1099.071752  19.029174  0.076616  0.260406  0.114577
21032  1771.786297  1372.894434  18.860052  0.074950  0.406492  0.183164
21033  1452.609138  1327.911257  19.311160  0.088199  0.575852  0.101787
21036  1220.052730  1417.810794  19.897041  0.167601  0.943690  0.172125
21040  78.010097  1168.805844  20.521030  0.137428  1.145187  0.129261
21041  331.034547  317.648348  20.222883  0.139798  1.377813  0.298456
21043  221.375037  1451.418604  20.304395  0.217187  1.465220  0.299785
21045  195.830375  638.755148  20.396976  0.103917  2.478891  0.113800
21046  1650.438461  1511.059834  18.990498  0.065778  0.263096  0.159057
21048  195.453601  1063.459692  19.687139  0.137922  0.595221  0.077072
21049  736.116881  1830.501045  19.761693  0.193435  0.716889  0.104527
21050  1779.717481  1752.590991  20.242984  0.178357  1.195225  0.250107
21053  2043.098684  563.257054  20.100854  0.144321  1.145641  0.122876
21056  212.333527  2038.402490  18.588658  0.051629  0.168182  0.093120
21060  898.083327  986.414140  19.290474  0.088834  0.955898  0.151719
21061  1745.608138  1080.026398  20.634862  0.243253  1.303837  0.236190
21064  1839.018894  58.458435  21.178176  0.153606  0.973483  0.442699
21065  1295.507692  609.566388  20.101019  0.145774  0.689542  0.081728
21069  1896.913679  268.620664  20.025537  0.182809  1.099282  0.075548
21070  1277.878739  180.454990  17.621697  0.061597  -0.278966  0.049274
21074  715.270008  1881.869325  19.667110  0.092713  0.482166  0.089679
21075  1299.002319  1785.236945  20.817764  0.235667  1.174676  0.120493
21079  234.228395  614.211251  20.266396  0.133094  1.022565  0.197343
21081  171.479728  1210.390127  20.478353  0.098309  1.716878  0.187911
21083  514.953830  1680.513420  19.472900  0.161515  0.821187  0.113588
21084  116.730818  221.664651  19.666826  0.097799  0.540477  0.113613
21089  488.957301  1092.379605  20.938664  0.139380  2.049963  0.186889
21092  1113.408806  1568.781554  18.752961  0.081568  0.212121  0.100648
21093  2014.495450  662.791214  20.756423  0.135878  1.750223  0.275853
21094  1292.464104  383.909472  19.939152  0.182563  1.138910  0.110676
21096  438.130422  130.291095  20.765818  0.171184  1.850463  0.093730
21097  953.593688  416.715099  20.645950  0.187860  1.861621  0.128063
21102  228.230343  220.430937  18.156339  0.079418  -0.162807  0.055751
21104  641.671952  1418.573812  20.416628  0.132066  1.130923  0.120713
21106  179.089230  292.907979  19.704253  0.083312  0.562865  0.193155
21108  1860.330302  384.520566  20.647426  0.189262  1.099556  0.140964
21109  362.268253  1805.946511  20.775072  0.163681  1.597798  0.118165
21112  556.662608  42.706152  19.429839  0.149950  0.737675  0.073144
21115  82.046080  267.840257  20.434146  0.101724  1.195126  0.122072
21118  857.201106  1978.355264  18.734113  0.115671  0.232676  0.063493
21119  1638.911090  29.454293  20.718479  0.164638  2.005819  0.130575
21123  1907.749093  878.138795  20.752717  0.152340  1.309549  0.208496
21125  488.945394  226.099639  20.456023  0.101993  1.860360  0.166060
21126  909.852211  1651.078536  18.821522  0.107270  0.430311  0.097710
21128  751.212532  1773.526780  20.488790  0.112647  1.057305  0.164399
21129  1011.636069  207.191181  19.333374  0.079584  0.227932  0.150209
21139  2009.190153  1832.844623  20.768910  0.103569  1.497324  0.263380
21140  630.800924  411.898906  20.240021  0.165458  1.310403  0.168487
21141  434.404838  1670.544451  20.264545  0.236141  1.264653  0.105932
21143  1387.842571  1253.852441  18.320820  0.082058  -0.134712  0.047155
21144  985.623909  302.910153  20.086646  0.226778  1.021461  0.188583
21147  1064.826709  385.805808  19.715081  0.073707  0.596895  0.079477
21149  440.114038  1240.003483  20.638645  0.174655  1.361485  0.088529
21152  1657.871854  298.164046  19.967870  0.161580  0.988374  0.125064
21156  53.959476  436.795942  20.500568  0.221458  1.231292  0.108161
21161  597.520414  838.194832  20.464061  0.097247  1.030309  0.183431
21162  1873.517065  1902.779882  20.513119  0.130918  1.798540  0.179670
21163  145.509858  1419.767037  20.392067  0.227646  1.002674  0.238101
21164  93.882421  1515.881526  20.075382  0.087571  1.082874  0.145328
21165  1078.219401  837.973353  20.458238  0.155472  1.153222  0.097567
21166  2005.302744  659.259705  20.637674  0.117595  1.497967  0.181855
21167  954.573380  1172.570516  17.927502  0.079162  -0.306236  0.060826
21169  685.501304  1231.158249  19.493726  0.194679  0.698637  0.071599
21170  1269.999846  882.046064  20.947315  0.150088  1.504863  0.228489
21171  1609.395019  1805.243053  21.074756  0.270431  1.565565  0.118185
21172  484.226851  349.588794  21.042788  0.287456  1.769329  0.271460
21174  1564.673693  155.172116  20.208345  0.076542  0.853403  0.136834
21175  1960.203165  223.192091  20.461966  0.137005  1.348254  0.105952
21177  1291.356765  1012.897089  17.711758  0.080749  -0.276479  0.040696
21180  816.798377  945.543733  19.484101  0.066741  0.605617  0.098395
21182  1713.944928  873.749736  19.387274  0.096821  0.632738  0.078467
21183  616.500744  1215.287196  20.445001  0.128847  1.319234  0.132934
21184  405.911879  1426.266951  18.929857  0.064424  0.185153  0.057253
21187  1319.012382  1728.878195  20.449386  0.173435  1.077093  0.207927
21188  1602.051041  1938.284454  19.493120  0.144138  0.429521  0.180748
21189  820.194825  1295.769520  20.882489  0.166148  1.482085  0.245314
21191  1387.003950  567.342573  19.486188  0.074636  0.724605  0.148859
21192  122.511173  816.325631  20.848697  0.239562  2.305175  0.146464
21193  26.786671  2044.965968  20.530127  0.169246  1.330406  0.179342
21194  398.172786  1179.651350  18.651882  0.054059  0.425556  0.152334
21195  1780.907524  1933.711095  20.440331  0.126071  0.913427  0.120722
21196  658.869625  1789.367943  18.590783  0.051928  -0.121753  0.133633
21197  588.458799  512.234029  20.109471  0.167954  1.185441  0.140940
21198  1412.084227  721.451373  20.385070  0.106847  1.173376  0.118161
21200  775.639024  1608.568833  20.285530  0.088652  0.762461  0.180599
21201  381.166854  1137.022731  19.952847  0.325000  1.423517  0.104621
21202  836.095919  1973.159286  20.467552  0.120608  0.942948  0.189529
21207  1784.711767  901.039439  20.632389  0.102315  1.193957  0.191571
21208  966.542774  346.086753  20.356467  0.153270  1.097544  0.106220
21212  1775.835017  833.769784  18.040939  0.059156  -0.178728  0.084745
21215  1511.565438  1904.525497  20.397195  0.135361  0.987525  0.207719
21216  712.907562  207.154068  20.690821  0.104837  1.002894  0.195854
21217  969.864894  76.640663  17.991190  0.069036  -0.363690  0.072103
21219  1586.762630  496.780621  20.638709  0.101982  1.162742  0.204956
21222  1897.745877  1516.543774  20.436468  0.086384  1.318600  0.263971
21224  1568.589912  16.055818  20.529331  0.186687  1.194814  0.100518
21225  371.007582  1586.241765  20.561509  0.101611  1.120795  0.185832
21226  78.605789  421.054657  20.227509  0.132211  1.228042  0.175047
21229  424.439167  705.441354  19.874215  0.159186  1.049257  0.131208
21230  723.995564  215.261032  19.217268  0.097248  0.471624  0.137640
21232  1022.075488  601.933071  18.693640  0.073912  0.219485  0.062552
21233  564.065134  504.116288  18.707535  0.108377  0.401708  0.093474
21234  1530.289525  23.487979  20.845494  0.123618  2.251536  0.178222
21238  705.758821  401.500325  20.481157  0.272341  1.932394  0.223309
21239  1802.854626  526.503846  20.510966  0.106915  2.507066  0.262121
21240  1034.831560  514.461253  20.321829  0.236494  1.233346  0.088158
21241  1071.998085  1080.041691  20.609914  0.094239  1.315696  0.130789
21244  1301.433092  930.749866  20.580115  0.265452  1.674210  0.099099
21249  399.685576  1952.507498  18.576212  0.057114  -0.050408  0.072372
21250  474.737093  1320.150930  17.407641  0.039097  -0.442043  0.083018
21252  1742.308805  603.003688  20.667713  0.238792  1.003791  0.127729
21253  1166.581865  1471.121284  20.877811  0.099003  1.974965  0.234995
21260  1880.044821  1418.664690  20.495544  0.147287  1.652232  0.278904
21261  1986.978621  1191.954462  20.587764  0.262919  1.507457  0.154900
21262  817.771774  1857.137694  20.499008  0.148827  2.083980  0.171662
21264  54.543309  189.702709  20.288961  0.146880  1.477134  0.185333
21267  847.158998  1151.235932  21.207148  0.140129  1.179925  0.110625
21268  1678.322758  1743.666936  20.912740  0.114377  1.447609  0.134743
21269  1656.565248  1382.464149  20.747501  0.107424  1.358021  0.094273
21271  1849.375864  1444.214093  19.677658  0.120076  0.837164  0.109001
21272  1827.066513  1610.596383  19.077537  0.096023  0.436457  0.139881
21276  1106.925075  1786.451311  20.241930  0.148993  0.743854  0.097089
21279  1088.201365  1492.698126  21.143451  0.270012  1.257861  0.140117
21284  1640.302773  276.743907  21.238562  0.221176  0.957636  0.157629
21287  58.306170  1690.004295  18.303262  0.060927  -0.279756  0.108906
21288  1717.808813  1121.571759  18.557306  0.052365  -0.257131  0.095850
21291  1081.708330  186.002610  20.134087  0.137363  0.429241  0.215064
21292  1872.116077  2000.663906  20.924497  0.154017  1.215000  0.112924
21295  98.486633  1407.216948  20.569843  0.310082  0.752144  0.153104
21305  1292.306974  1135.878341  20.307132  0.097888  0.544428  0.102949
21326  1180.998947  440.065946  19.267911  0.084402  0.167012  0.074811
21332  1622.008829  826.170736  21.172899  0.116342  1.441631  0.194659
21335  1885.905966  1412.466063  20.963348  0.138566  1.142857  0.233387
21339  1831.777815  623.521926  18.632464  0.079403  -0.025650  0.059538
21349  1467.495177  390.992678  19.933471  0.160669  0.584274  0.198481
21355  1452.750092  1144.662420  20.926392  0.266253  0.836383  0.116234
21365  377.682790  1172.644987  20.458075  0.150518  1.195662  0.159416
21368  795.264119  270.674250  21.124016  0.117112  1.186109  0.176480
21369  2031.368992  1842.634700  20.208364  0.101244  0.808847  0.180690
21379  1610.535295  110.450860  18.560751  0.115485  -0.077935  0.082935
21381  1737.283077  1501.740609  19.917984  0.085825  0.432519  0.088082
21385  1218.991767  448.230641  19.893816  0.080021  0.775190  0.122191
21386  944.817661  1193.765013  19.988529  0.077604  0.493463  0.088406
21388  1152.661113  1.649670  20.043214  0.100690  0.613641  0.099445
21400  1745.561885  1349.834745  19.997984  0.098504  0.809691  0.091563
21401  1194.634634  476.415646  19.855762  0.077758  0.517250  0.133688
21404  1112.380787  1509.316988  19.346124  0.101883  0.378803  0.070920
21408  167.381329  974.319966  19.802966  0.196332  0.610492  0.118192
21410  309.253078  930.391613  20.506202  0.417596  1.302504  0.124909
21420  330.852661  629.687360  18.838292  0.129707  -0.315756  0.088390
21426  47.826105  1437.989984  20.368024  0.096277  0.799159  0.157121
21429  279.886073  689.563976  19.757907  0.091785  0.455247  0.117278
21431  1934.895389  953.885615  19.052037  0.112158  -0.030331  0.091926
21432  111.878684  773.419170  21.032862  0.307818  1.199523  0.141157
21443  581.068862  1062.672633  20.647300  0.198372  1.707629  0.147404
21449  1358.016316  1140.985993  20.347695  0.099389  0.696895  0.136379
21457  1736.855084  472.161432  19.170003  0.143638  0.154199  0.090198
21463  460.514275  2008.662882  21.536993  0.239644  2.215921  0.356419
21475  546.351364  1829.563164  20.420493  0.250515  1.428566  0.119728
21480  859.498459  1857.261637  20.043566  0.109371  0.428423  0.075879
21490  1895.867044  299.231495  19.627736  0.161052  0.406224  0.133666
21493  100.222650  1519.517133  20.566389  0.139337  0.800746  0.266201
21498  1129.164493  248.378231  19.255902  0.088276  0.101703  0.083025
21504  1904.099955  200.795136  19.951351  0.092071  0.663425  0.141914
21505  920.314825  1011.609169  20.346532  0.180758  0.980207  0.167299
21517  1194.229978  7.128116  19.383120  0.083087  0.137155  0.075346
21521  481.849473  586.298088  20.792751  0.151694  1.068332  0.126781
21524  656.986433  244.239827  18.552092  0.064826  -0.155777  0.090416
21533  1466.023231  1807.063343  20.737157  0.230635  1.206090  0.122339
21534  814.030752  769.325496  21.037358  0.407861  1.490434  0.360629
21535  1730.198217  1617.270055  19.723482  0.120807  0.544581  0.205055
21539  856.638392  1587.281024  20.005926  0.113294  0.667880  0.165174
21543  686.937716  1307.624951  21.091636  0.311390  1.677535  0.117446
21549  329.375581  1637.145769  20.602102  0.156054  1.475797  0.168277
21551  1895.763997  599.523215  19.374121  0.071895  0.097486  0.071448
21558  23.272446  1013.137134  20.484157  0.106941  1.029777  0.163779
21559  1206.962145  1735.614651  20.494840  0.374502  1.150533  0.190445
21562  77.896022  1689.385825  20.696170  0.234231  2.211335  0.243170
21564  751.039332  280.610354  18.997048  0.109057  0.065235  0.078048
21566  354.701221  1295.281974  20.250964  0.099916  0.963589  0.199851
21570  91.140130  903.267393  21.329959  0.294699  1.359879  0.173241
21571  1525.028657  1728.423216  18.838900  0.094222  -0.173490  0.143477
21572  1295.393991  1580.121771  21.045177  0.173654  1.055623  0.177628
21573  1678.529560  1002.519514  20.112993  0.136453  0.556826  0.142020
21583  1013.643648  134.944439  18.720779  0.097150  -0.213374  0.118149
21585  516.167344  954.840887  20.937671  0.267182  0.867937  0.270231
21592  795.179954  1440.241861  20.101617  0.168534  0.585239  0.186040
21606  1748.105831  783.686881  19.970474  0.116203  0.665329  0.120222
21611  1276.193337  688.168719  20.429944  0.105417  1.056846  0.229558
21619  1746.512961  1566.888968  19.732723  0.137142  0.412257  0.124613
21621  1489.218142  829.487906  19.035973  0.106800  0.071785  0.066304
21624  1434.467006  977.404911  18.713299  0.100551  -0.241878  0.098784
21631  1079.607836  757.816846  20.591002  0.132651  1.193149  0.145788
21632  67.933094  1836.501719  20.733160  0.260327  1.158501  0.217374
21633  227.567052  1637.675003  20.153549  0.172505  0.113765  0.109304
21646  1410.262809  55.270657  19.178996  0.133267  -0.170617  0.075760
21649  1095.130914  1412.479616  19.668698  0.138068  -0.035442  0.075580
21652  1822.983023  1496.883311  20.232587  0.169403  0.359023  0.120003
21661  1218.702815  1363.861038  19.752230  0.120956  0.046510  0.072238
21662  210.540465  1167.352471  19.771779  0.075761  -0.062735  0.128577
21669  111.884209  493.998383  19.441746  0.134373  0.097450  0.127298
21671  722.586938  548.295791  20.440890  0.154092  0.330086  0.191161
21672  1918.667948  1395.584608  19.661829  0.097267  0.165538  0.070596
21674  1436.797651  1567.458395  19.985467  0.087086  0.439919  0.091274
21681  448.833813  1893.513979  19.693855  0.103241  -0.023835  0.257205
21689  315.929538  498.634764  20.953542  0.160310  0.884211  0.162011
21699  632.936881  357.845935  20.341143  0.166768  0.362044  0.147541
21709  1952.968494  16.241615  20.636078  0.287042  1.019232  0.148002
21716  1833.939887  860.679301  20.325478  0.134114  0.443039  0.161346
21717  92.205854  247.493814  19.587829  0.088160  -0.059751  0.073701
21718  1382.815563  934.573292  20.097173  0.182080  0.288682  0.147519
21719  57.727849  1050.769960  20.954396  0.298242  0.615371  0.134312
21735  856.092930  1187.886151  20.357234  0.150354  0.499755  0.154522
21744  1218.599533  884.080466  20.438878  0.360747  1.529856  0.230761
21754  431.148724  1156.427851  20.310400  0.156651  0.253022  0.178093
21756  732.977902  1554.790191  18.917008  0.071072  -0.302545  0.105525
21759  108.920269  381.837827  20.619784  0.119015  0.986458  0.172169
21765  840.206000  969.927805  21.701484  0.189947  1.025099  0.427105
21766  1547.732596  1853.375240  19.785068  0.109572  0.273282  0.080210
21777  2002.501182  520.142424  19.921131  0.124917  -0.079747  0.099625
21780  1497.779818  1174.822179  21.168244  0.123519  1.035682  0.108508
21789  387.908505  388.735291  20.966558  0.175679  0.716914  0.112389
21796  1935.568824  489.656053  20.870004  0.134320  0.595716  0.259528
21801  915.041724  634.952577  20.969028  0.164419  0.726931  0.279366
21805  316.610299  1531.115728  20.502790  0.131444  0.429161  0.112373
21806  1466.674626  1967.296383  20.701349  0.220915  1.017805  0.125380
21808  1977.752579  849.517173  19.922504  0.169775  0.513719  0.226741
21811  480.742508  279.107766  20.470112  0.120965  0.564478  0.199925
21812  1477.580884  610.888906  20.931551  0.263286  0.729075  0.180601
21819  956.224295  1016.867856  20.666779  0.098762  0.333216  0.208232
21826  2014.450790  1070.153273  20.233784  0.130284  0.475532  0.122138
21827  522.997803  242.325425  20.295319  0.091985  0.204178  0.182656
21831  352.658867  1830.156558  19.872221  0.139363  0.514578  0.102023
21838  52.870999  1591.920448  20.362027  0.103780  0.644082  0.141186
21842  327.887075  716.539429  20.830123  0.162744  0.503888  0.199073
21845  1124.936942  1040.372975  21.151984  0.487274  1.277557  0.186753
21856  1647.587149  1658.381001  19.961936  0.144516  0.013901  0.136848
21859  1501.554681  938.282748  21.000197  0.214884  0.650145  0.120652
21863  363.624892  1310.338664  19.815564  0.192038  0.023602  0.081328
21871  236.283113  348.196255  19.462134  0.136758  -0.315935  0.123729
21878  160.346893  1521.416494  20.262661  0.103551  0.059066  0.144768
21891  1457.370379  398.223154  20.726775  0.101562  0.483138  0.146834
21902  1874.896447  1788.163914  19.995923  0.084777  0.204722  0.163496
21906  1702.801438  869.736664  20.773691  0.137593  0.362453  0.118840
21917  994.041902  1890.192732  20.237610  0.249276  0.254259  0.126164
21920  1948.612845  1848.055480  20.046249  0.088646  0.070656  0.180906
21926  670.476727  820.958082  20.170375  0.252443  0.185211  0.138613
21927  1121.248818  2008.131154  20.833492  0.197249  0.452629  0.162378
21929  822.738167  1211.722578  20.080504  0.171130  0.322423  0.101439
21942  1407.575785  751.756927  20.455021  0.131230  0.166407  0.092398
21946  101.692792  349.650888  20.673040  0.233442  0.207023  0.121918
21950  1816.481211  150.879157  20.914224  0.313974  0.259951  0.285154
21961  630.692218  1316.461694  20.007199  0.098591  -0.015587  0.097408
21963  173.211221  1030.221181  20.744416  0.228946  0.438993  0.151338
21968  2035.428051  1116.776996  20.850669  0.162740  0.176258  0.223981
21972  1622.367543  758.031660  20.691969  0.310449  0.207855  0.143527
21976  1189.983234  858.157435  21.051798  0.154793  0.658557  0.166538
22000  1775.496675  1383.193800  21.371800  0.198750  0.456481  0.165402
