# id  x  y  V  eV  BV  eBV
115  970.654740  1075.832709  21.749513  0.201528  1.217183  0.309789
119  933.328650  954.896691  21.559027  0.225998  1.707228  0.316550
144  979.736842  1008.211415  20.990224  0.197554  1.690024  0.189355
165  1065.673687  962.270822  20.974577  0.120051  1.954735  0.261717
168  1144.367411  951.187476  20.867325  0.121576  1.489075  0.140738
169  1041.313567  1032.122204  20.881376  0.146122  1.619562  0.240343
170  984.816845  1010.981335  20.672820  0.104808  1.254990  0.131307
171  989.044777  959.245722  20.310424  0.209170  1.442005  0.150092
174  1183.742546  1118.009815  21.104266  0.233299  1.486711  0.128975
175  981.008200  1083.890627  20.759716  0.132264  0.984934  0.246275
176  953.927967  1011.007427  20.667385  0.180174  1.459136  0.114215
178  1062.643589  1125.505536  20.527908  0.133834  1.795182  0.174352
179  983.924347  997.795062  20.690764  0.204607  2.051516  0.372723
181  1075.212554  900.099543  20.603616  0.128329  1.504295  0.287352
182  1002.438226  952.396042  20.871578  0.095252  1.633206  0.272941
183  971.274117  1168.502845  20.515972  0.108554  1.542895  0.147810
184  977.583432  1063.842898  20.569886  0.140987  1.470406  0.119018
185  996.338156  927.647928  20.692203  0.214317  1.638933  0.158575
186  971.204403  1023.033344  20.606646  0.196938  1.398651  0.110412
187  1017.060147  1074.474660  20.533559  0.091211  1.515365  0.177023
188  968.980869  1000.638177  20.586280  0.099861  1.152454  0.201872
189  863.764972  1044.254167  20.557254  0.089835  1.414681  0.123525
190  1042.706022  1004.551127  20.494772  0.167915  1.705213  0.137921
192  988.467671  932.360008  20.471154  0.130959  1.622245  0.234200
193  1154.574848  1042.940744  20.667721  0.130870  1.615167  0.136779
194  1041.485865  891.354522  20.423032  0.244230  1.642461  0.218488
195  1211.605012  930.316902  20.255840  0.094067  1.411146  0.117676
197  803.010130  1016.788500  20.340805  0.100166  1.607480  0.236647
198  1062.870405  1175.928852  20.410176  0.088836  1.481952  0.103350
199  1093.986406  856.772792  20.408791  0.152111  1.448501  0.098628
1100  1048.235581  1069.374566  20.274713  0.166045  1.547334  0.182147
1101  1054.147645  1108.335309  20.548937  0.155426  1.524990  0.160550
1102  1158.087373  921.475789  20.231131  0.112326  1.539258  0.101164
1104  1062.531686  1049.998172  20.210702  0.081172  1.767036  0.173238
1105  1008.822231  1051.674747  19.942558  0.137038  1.514281  0.083975
1106  1031.558861  1135.735931  20.014180  0.081661  1.474714  0.145568
1107  997.676442  1112.386355  20.229906  0.078287  1.210861  0.161717
1108  980.558643  1172.332052  19.845289  0.116072  1.579607  0.105212
1109  1113.596191  1020.707410  20.175603  0.227984  1.470836  0.163804
1110  1154.432553  1108.540908  20.129976  0.075592  1.225466  0.101681
1111  1028.806820  1140.555633  20.099097  0.111129  1.537450  0.192940
1112  1083.531756  1067.475456  19.821883  0.090431  1.356865  0.090000
1113  959.222088  1026.198221  19.997535  0.111218  1.700856  0.119219
1114  1077.418189  979.353354  19.981591  0.082469  1.517979  0.155582
1115  1243.461509  1020.677345  19.847000  0.106755  1.496039  0.145915
1116  936.480195  960.981463  19.849611  0.087002  1.401975  0.092891
1117  1064.105902  1059.486147  20.081024  0.138109  1.381705  0.099966
1118  924.828897  1048.868884  19.797278  0.078072  1.248809  0.160526
1119  1120.301609  973.646377  19.522306  0.151174  1.382148  0.099203
1120  952.992072  1131.218002  20.000481  0.142229  1.403692  0.082731
1121  1054.280929  877.864223  19.793850  0.108713  1.251567  0.138997
1122  1033.757532  1115.891876  19.640056  0.069100  1.360196  0.174019
1123  1058.881044  1039.805338  19.544540  0.156713  1.263916  0.201311
1124  1036.634132  1066.700493  19.680878  0.071758  1.444744  0.068356
1125  924.095939  997.894390  19.531534  0.065784  1.420999  0.100579
1126  912.207196  926.757990  19.678009  0.089775  1.259414  0.136355
1127  1075.410657  980.838810  19.322608  0.100802  1.357727  0.072146
1128  904.582144  1102.360986  19.405816  0.144581  1.680876  0.184616
1129  995.566961  1067.636920  19.388094  0.115845  1.361292  0.097312
1130  970.086605  1010.044518  19.403641  0.127344  1.260734  0.137743
1131  861.400351  972.937011  19.285114  0.137121  1.468453  0.122960
1132  1205.583933  1033.039114  19.338719  0.072881  1.591146  0.110089
1133  898.513736  886.776730  19.075211  0.164769  1.408622  0.065853
1134  1083.385815  961.896858  19.292872  0.142785  1.515877  0.151512
1135  934.203187  978.982810  19.098817  0.107090  1.369773  0.070071
1136  980.395766  1056.930345  19.393855  0.186507  1.350769  0.104213
1137  986.752983  1102.307615  19.111169  0.108210  1.253690  0.056284
1138  1058.662892  946.781901  19.037640  0.092843  1.322008  0.118731
1139  982.648914  985.440010  19.102710  0.101953  1.450947  0.081754
1140  904.855941  1000.864215  19.059437  0.087399  1.339591  0.105435
1141  1086.384210  941.430374  18.920619  0.060892  1.438019  0.085938
1142  1127.912673  1054.991299  18.961744  0.099439  1.246935  0.106705
1143  1045.280563  955.168256  18.941641  0.078439  1.271383  0.078134
1144  1146.138481  1214.584463  19.046787  0.070557  1.283742  0.077173
1145  1085.700649  983.077458  18.836526  0.144742  1.195465  0.109462
1146  1165.175788  1050.426266  18.908031  0.061038  1.592242  0.189969
1147  1023.224955  934.101115  18.752433  0.081734  1.417490  0.056337
1148  1026.694902  1046.369812  18.719194  0.054668  1.325807  0.069641
1149  1143.849759  969.076183  18.685876  0.065692  1.316765  0.091433
1150  1059.372524  1139.366298  18.512315  0.054392  1.093681  0.142194
1151  1047.335977  1014.171361  18.592623  0.049753  1.338122  0.067418
1152  1059.889705  948.277924  18.327524  0.052153  1.492140  0.091974
1153  1149.336166  1068.651233  17.997190  0.094342  1.422382  0.102566
1154  1115.350958  1031.777280  18.235738  0.049853  1.344954  0.085769
1155  1077.703291  1067.059855  18.057559  0.075993  1.310190  0.068819
1156  1181.903974  1012.940370  18.114080  0.050777  1.273737  0.055683
1157  1138.421637  1035.453481  18.146136  0.053999  1.313755  0.070524
1158  1008.242340  977.506058  17.989333  0.125191  1.293070  0.074610
1159  926.947000  1068.208906  18.003298  0.078785  1.251678  0.056682
1160  1143.308861  1075.535831  18.080532  0.053358  1.348006  0.108595
1161  918.052700  1203.761951  17.855163  0.052631  1.297346  0.051724
1162  1226.543821  990.618829  17.754997  0.085155  1.260350  0.071551
1163  1009.402429  1038.393344  17.772641  0.139255  1.457974  0.086074
1164  1051.464929  1074.115011  17.627249  0.041630  1.259839  0.068459
1165  993.636925  990.952366  17.557547  0.051248  1.254134  0.052569
1166  1058.238423  890.143068  17.427107  0.084420  1.222191  0.042599
1167  1003.103130  978.947461  17.373737  0.050396  1.166357  0.085296
1168  993.988465  1081.434931  17.269068  0.050000  1.284596  0.062781
1169  999.772611  1027.810898  17.257457  0.063374  1.348184  0.093192
1170  990.389903  1021.949624  17.155781  0.076307  1.107625  0.049039
1171  892.658770  1079.130337  17.155829  0.043944  1.171051  0.055589
1172  984.413901  989.957427  17.030604  0.035990  1.206159  0.052149
1173  907.042447  994.775327  16.935598  0.088942  1.185001  0.069483
1174  1086.680699  1102.186373  16.766234  0.063432  1.143827  0.059425
1175  894.479708  1072.210801  16.600269  0.045881  1.125877  0.032119
1176  972.622090  976.717292  16.541644  0.042411  0.986101  0.079426
1177  1077.478769  1094.860227  16.440605  0.042328  1.078286  0.038902
1178  979.172004  1027.527025  16.378630  0.039964  1.017038  0.032061
1179  997.892690  902.570414  16.281791  0.040392  1.127525  0.049985
1180  972.469699  1143.266570  16.146999  0.049590  1.164090  0.053164
1181  1052.901724  1019.081728  16.127992  0.050408  0.942822  0.035482
1182  1079.404544  974.446490  15.892403  0.045454  1.022799  0.045701
1183  1029.864571  1007.148667  15.808910  0.042398  0.975638  0.047305
1184  1013.093130  1189.640991  15.777977  0.067594  1.002391  0.046978
1185  1073.170801  918.858424  15.708009  0.043222  0.968142  0.050508
1186  1010.285752  1029.589709  15.503498  0.054364  0.895521  0.029741
1187  1095.418778  1044.448092  15.395815  0.066402  0.960725  0.055054
1188  994.941542  1066.917745  15.278449  0.034068  1.034953  0.090810
1189  1038.191534  1181.656371  15.234326  0.028596  0.842104  0.058362
1190  1061.920645  1102.802412  15.114301  0.046648  0.836601  0.046927
1191  911.314268  1012.532859  15.173994  0.046117  0.872358  0.027706
1192  995.737702  1084.160143  14.710925  0.036270  0.734073  0.025294
1193  1153.972081  997.541622  14.659598  0.031433  0.735376  0.085488
1194  1197.509222  1122.447688  14.654030  0.023984  0.719494  0.054111
1195  1083.463209  1109.060997  14.399851  0.045780  0.676457  0.038537
1196  958.765240  898.781184  14.289604  0.038224  0.742052  0.060242
1197  1013.468221  1042.742723  14.256365  0.032076  0.691170  0.024309
1198  1105.026294  1108.951470  14.107484  0.040048  0.615119  0.057845
1199  1007.247073  839.149711  13.918652  0.021490  0.577331  0.032204
1200  1180.050780  955.578429  13.850641  0.041738  0.591624  0.023029
1201  848.634860  935.133962  13.748002  0.022244  0.548484  0.021231
1202  956.283945  1103.917117  13.479504  0.043398  0.467976  0.045826
1203  927.843144  965.989192  13.326203  0.020824  0.508236  0.024916
1204  983.872328  1007.488594  13.252448  0.021541  0.447634  0.023760
1205  933.991322  1010.503250  13.178772  0.030651  0.473500  0.023404
1206  1070.560727  1157.890642  12.924218  0.027309  0.379013  0.023995
1207  1163.309691  1040.974868  12.829001  0.020934  0.362013  0.019792
1208  887.376527  1011.848991  12.606209  0.027108  0.316566  0.035232
1209  1045.670420  956.901929  12.458706  0.030488  0.152249  0.066123
1210  1065.110876  1028.883763  12.367860  0.029423  0.247850  0.026495
1211  1084.529930  1014.412657  12.154096  0.024052  0.200842  0.018523
1212  1001.890365  922.638356  12.103325  0.034858  0.182860  0.035622
1213  1170.922537  1107.465605  11.810460  0.044031  0.084413  0.032605
1214  1137.528484  962.863186  11.789233  0.033900  0.152237  0.026191
1215  1018.363986  1142.898934  11.502918  0.047205  0.141528  0.059712
1216  854.405386  1007.788319  11.499229  0.027935  0.194702  0.043318
1217  985.645568  1148.006420  11.374666  0.025522  0.093096  0.039512
1218  1023.563858  1135.718195  11.095526  0.039465  0.078532  0.033502
1219  1183.937987  994.400461  10.951496  0.038203  -0.000434  0.027998
1220  921.240781  935.046472  10.694878  0.023631  0.016244  0.045145
1221  1113.838858  883.014779  10.322983  0.041369  0.031882  0.017040
1222  1043.119063  975.912653  10.095071  0.019699  0.087035  0.047590
1223  935.218708  1088.554762  9.963128  0.023752  -0.062136  0.043866
1224  1164.793119  848.238203  9.482568  0.021302  -0.046521  0.032764
1225  1006.301266  1008.920965  9.237042  0.039062  -0.075100  0.031141
1226  1053.614592  976.698348  8.705555  0.016759  -0.058882  0.018367
1227  1078.268027  982.016676  7.087391  0.038972  -0.124094  0.016203
20  409.637079  191.789609  10.678750  0.025571  2.018395  0.023825
21  584.206973  996.287997  10.947689  0.042185  1.956860  0.032002
22  311.270921  650.823486  10.124439  0.019360  1.081179  0.027991
23  1601.144766  1846.570261  8.603046  0.028211  -0.047448  0.042265
24  715.589209  356.770155  8.653115  0.017383  0.040591  0.023332
25  1358.657627  763.384232  12.641777  0.026059  2.286149  0.022892
26  2039.407044  1119.979977  12.075996  0.027080  1.806906  0.054586
27  330.566095  1654.093956  9.252930  0.017925  0.011957  0.039836
28  1817.984121  809.101823  8.867755  0.030050  -0.059752  0.035669
29  230.345509  2007.282320  15.160203  0.026987  3.458891  0.030187
210  1250.799172  488.826318  10.305359  0.023331  0.420225  0.021758
211  746.726420  365.210748  10.757668  0.035173  0.670367  0.023742
212  710.230360  1373.748840  10.126185  0.024156  -0.090193  0.023455
213  1119.524156  1616.309827  10.191781  0.043126  0.282846  0.023077
214  380.114659  1274.573466  10.876559  0.033166  0.181755  0.028608
215  665.659513  1127.657539  11.056164  0.031418  0.318971  0.040743
216  1912.208502  933.731907  10.554778  0.027234  -0.042848  0.024325
217  1935.885271  1116.831904  14.843855  0.039606  2.302850  0.039402
218  1047.869693  57.295863  14.694731  0.026674  1.967129  0.028566
219  1018.428672  571.582685  12.068902  0.029652  0.605606  0.029410
220  551.791780  801.203471  16.349199  0.044759  2.779378  0.042107
221  1971.369817  1016.927032  15.227907  0.025278  2.132193  0.042895
222  1992.264436  1656.289407  12.209658  0.021992  0.175854  0.075132
223  976.331041  817.800341  12.933348  0.035125  0.543065  0.022549
224  393.663513  942.747027  11.942665  0.022309  0.155289  0.048230
225  741.748808  893.503945  13.765170  0.044792  1.160455  0.037782
226  1741.331221  954.696106  13.659186  0.042128  1.031617  0.055385
227  896.480339  330.556742  15.715571  0.060286  2.347416  0.031169
228  151.465292  534.676513  12.256733  0.019880  0.435162  0.032993
229  1504.875648  1851.524477  12.418253  0.023247  -0.006254  0.032994
230  1392.275834  453.750729  11.807805  0.022501  -0.170926  0.025120
231  1906.605579  18.488381  12.777016  0.038929  0.295536  0.030022
232  1651.392361  1672.439972  12.235843  0.022595  -0.207234  0.026294
233  1541.068534  51.721158  12.638869  0.022885  0.060999  0.019900
234  1652.834937  216.701437  18.938049  0.151428  3.544602  0.064744
235  1516.235335  1460.961731  12.495714  0.040920  0.015852  0.030275
236  799.313141  352.598394  13.363919  0.046905  0.598328  0.038656
237  1475.053164  921.243985  12.676031  0.029001  0.792518  0.045335
238  1905.616038  742.765903  15.007792  0.068701  1.350463  0.032868
239  1606.511448  1453.116658  13.688773  0.022860  0.316755  0.044210
240  1560.892239  1239.351947  16.489090  0.038345  1.890254  0.041511
241  1534.529453  1912.362741  13.521059  0.038820  0.438992  0.035767
242  1329.860805  1022.250502  19.710589  0.134039  3.888687  0.091613
243  936.009279  63.683663  14.590940  0.029860  0.850402  0.023751
244  1661.243272  1468.115719  14.211046  0.030490  0.651522  0.054590
245  1897.294750  928.959678  13.759836  0.036125  0.377185  0.045718
246  2001.312977  1047.032687  13.335758  0.027487  0.463220  0.032991
247  487.242002  123.758299  12.505736  0.053960  -0.290334  0.020645
248  144.065368  1526.756387  14.838847  0.031085  1.204069  0.036716
249  1807.407570  1066.393577  13.826734  0.048817  0.603213  0.031552
250  571.328520  1714.965834  14.276991  0.028425  0.722389  0.026710
251  872.765836  735.818153  13.260441  0.047667  0.410798  0.027096
252  24.099864  1880.969855  13.707651  0.024948  0.180854  0.044663
253  1428.385851  126.443787  16.970968  0.063875  1.984879  0.035488
254  1644.485925  958.091170  12.714067  0.071308  -0.388011  0.020642
255  1020.040456  1500.207876  17.753297  0.121495  2.359341  0.040554
256  1605.411234  673.269111  14.291303  0.051272  0.387833  0.043980
257  1947.034100  1140.582013  14.443351  0.036279  0.349122  0.029363
258  2039.040696  646.842767  13.223276  0.026993  -0.248577  0.038332
259  1585.795302  191.060678  13.764559  0.024876  0.252509  0.034631
260  1228.701163  534.702024  14.337421  0.025199  0.770071  0.030851
261  1998.645756  504.612262  18.757270  0.069712  3.215501  0.053928
262  1552.741478  953.963714  14.176877  0.023045  0.399794  0.032208
263  1319.818009  2035.271648  15.544720  0.025415  1.339535  0.060267
264  328.871504  1050.127050  14.842094  0.038775  0.864925  0.058843
265  296.145665  1139.907971  13.610558  0.041107  0.161371  0.022391
266  1774.630125  648.775560  14.093286  0.041288  0.330416  0.038283
267  213.221147  157.337283  14.440460  0.048979  0.415325  0.031710
268  1815.464821  1666.560057  13.792953  0.027722  0.425724  0.039876
269  521.604936  608.425193  16.299325  0.037090  1.706467  0.043229
270  1708.502782  910.268667  14.094853  0.044125  0.444570  0.051443
271  1363.785940  1918.317485  16.324684  0.039143  1.711365  0.046168
272  614.810464  1486.636702  19.882847  0.150759  3.258818  0.117039
273  1889.494340  367.062729  19.557511  0.083716  3.009221  0.072168
274  1414.716990  1973.836407  18.128043  0.051147  2.172193  0.080909
275  682.144176  369.625730  14.578309  0.035762  0.642651  0.027090
276  627.900280  1042.748214  16.713238  0.076638  1.552137  0.048212
277  1110.652637  268.790385  14.821317  0.044918  0.441962  0.037484
278  1038.601917  723.799817  17.061088  0.107208  1.755947  0.054065
279  256.536853  210.234370  15.043964  0.030778  0.693980  0.034340
280  1660.094975  840.727723  15.104191  0.071624  0.559280  0.037587
281  1126.409769  283.226688  16.414129  0.032462  1.450199  0.034232
282  96.730836  1481.192512  14.830449  0.046614  0.550041  0.043713
283  1094.493161  1581.586476  18.150653  0.072788  2.313043  0.064960
284  1674.636991  103.156643  19.547517  0.071449  3.152450  0.119049
285  1807.846664  1231.757517  15.179415  0.030912  0.752690  0.027018
286  1518.521721  184.559523  15.263502  0.042352  0.842886  0.049671
287  1009.247164  993.911244  15.354301  0.061710  0.659285  0.024135
288  1116.897405  2007.391111  16.365848  0.063761  1.187383  0.082678
289  1806.404770  1550.392575  17.008200  0.043651  1.750542  0.057796
290  795.089603  1252.220081  16.920527  0.047264  1.555416  0.072983
291  1822.719326  241.202024  14.535358  0.052064  0.154445  0.024708
292  1130.243777  279.437933  15.303317  0.072853  0.803340  0.043630
293  1298.541595  1903.127244  15.124489  0.027014  0.788984  0.024339
294  264.334284  1050.395344  17.447075  0.061961  1.995901  0.105189
295  1930.850540  1906.994810  15.943040  0.029048  0.932717  0.078245
296  954.506512  1319.510288  18.958090  0.095462  2.918841  0.084633
297  1261.045808  1201.340330  16.145679  0.048352  1.105049  0.030009
298  1884.707753  1152.373791  15.930459  0.030076  1.142351  0.032000
299  167.752185  1183.610283  14.526488  0.027712  0.234638  0.054711
2100  547.978230  617.170695  15.980782  0.038258  0.945339  0.044486
2101  1091.999242  1415.367847  18.088657  0.062056  1.881307  0.091206
2102  18.043400  1129.176594  16.527571  0.039042  1.196264  0.094591
2103  744.360635  1296.667261  15.977225  0.034692  0.688124  0.053532
2104  1452.826463  42.412667  15.671602  0.050001  0.705879  0.029632
2105  258.782267  1487.920398  17.266017  0.043931  1.372064  0.104291
2106  49.310492  1476.098515  20.686244  0.119094  3.234943  0.221234
2107  525.778993  616.869414  17.411698  0.056762  1.509740  0.062230
2108  163.448043  663.943228  18.247367  0.105406  1.997557  0.057166
2109  31.148034  762.430983  19.675509  0.112416  2.887459  0.157543
2110  1808.967868  1696.449445  16.709887  0.031448  1.156681  0.036463
2111  1110.186753  474.272135  19.189162  0.078803  2.667247  0.093306
2112  1141.478817  1909.101481  19.969355  0.094320  3.037940  0.081484
2113  1844.543277  52.560718  19.706101  0.075388  2.840609  0.083114
2114  889.629686  12.981564  15.522564  0.051601  0.627398  0.030250
2115  364.505642  1252.512118  17.731636  0.079384  1.859687  0.104617
2116  324.191644  178.144354  14.715983  0.028752  -0.146580  0.042788
2117  1806.397277  1707.087231  15.634177  0.061456  0.676641  0.069294
2118  453.598277  1073.851065  20.533940  0.095931  3.413268  0.155869
2119  1539.137533  1535.993926  19.102010  0.087251  3.136446  0.214534
2120  170.886483  179.647690  15.327339  0.028819  0.557363  0.024503
2121  101.492724  249.537548  15.914656  0.028437  1.647296  0.036729
2123  1258.565566  255.696970  16.688997  0.031435  1.041793  0.064049
2124  1820.841676  1095.408554  15.620412  0.029106  0.520764  0.039679
2125  630.565758  180.078305  15.742555  0.032964  0.605174  0.076979
2126  131.397493  654.036819  15.680901  0.027151  0.588583  0.037494
2127  597.638190  880.888456  15.879081  0.080540  1.250466  0.054967
2128  447.220369  1032.667625  15.673762  0.031751  0.546389  0.055527
2129  834.228649  1970.341410  15.889502  0.056254  0.622979  0.052620
2130  1225.607612  1947.949191  19.355057  0.189366  2.706615  0.153755
2131  1004.655616  1099.747239  15.552552  0.035133  0.594277  0.039731
2132  1108.979708  1173.340081  15.521829  0.031159  0.425919  0.050528
2133  758.313570  200.424413  15.360112  0.036267  0.464471  0.073201
2134  266.391116  1926.873688  14.562990  0.038510  -0.008762  0.024864
2135  190.304127  1493.303856  15.084406  0.078227  0.357085  0.067694
2136  1297.334594  1036.480101  20.516865  0.162380  3.331607  0.237141
2137  1590.901874  1415.380503  16.970872  0.081877  0.927915  0.039204
2138  313.548878  562.621241  21.018514  0.295160  3.032747  0.317678
2140  1855.477672  1983.151476  19.343994  0.129061  2.260601  0.091388
2141  1373.124638  791.118127  16.542296  0.054015  1.076848  0.047570
2142  823.818593  859.054450  18.211550  0.101198  1.566893  0.062175
2143  1422.728199  742.640520  16.973651  0.079446  1.025315  0.051793
2145  1039.653287  843.601027  17.366678  0.057972  1.015489  0.090644
2146  470.891880  595.546762  16.655238  0.080939  0.882391  0.063765
2147  893.136471  1980.532129  16.294775  0.036834  0.524004  0.041215
2148  2041.213743  1019.586782  18.946306  0.092830  2.313123  0.096584
2149  156.315746  935.384190  16.400538  0.035302  0.680283  0.066164
2151  8.645075  760.765940  20.136921  0.159089  2.551008  0.101871
2152  1869.158657  650.336212  18.461179  0.141040  1.951470  0.132952
2154  1917.924698  294.220386  19.885949  0.100951  2.819229  0.093569
2155  1083.313103  1490.719163  19.071555  0.095604  1.978588  0.080884
2156  1276.943446  1982.606986  16.639042  0.066977  1.161297  0.058207
2157  1885.398690  1619.344171  18.613102  0.061193  1.584256  0.122998
2158  1124.499475  1933.522049  15.444894  0.060098  0.058552  0.037341
2159  326.489980  1080.424442  18.866010  0.065895  1.910582  0.144362
2160  497.429019  627.790718  14.641104  0.033446  -0.437245  0.059109
2161  147.357320  148.832932  16.180397  0.045653  1.426127  0.043694
2162  1691.493177  472.188710  19.748561  0.075493  2.422800  0.190652
2163  271.845155  383.633475  16.788602  0.081054  0.702113  0.076510
2164  1583.409650  417.674650  16.657383  0.060519  0.851098  0.052341
2165  831.751698  842.914586  14.211172  0.022903  -0.403108  0.040080
2166  1317.013146  1313.994799  18.952339  0.107933  2.000865  0.088148
2167  349.355461  2034.714462  15.989589  0.101568  0.396094  0.028573
2168  1787.576200  1652.901196  16.699654  0.060954  1.074279  0.042199
2169  85.726685  1940.951704  19.134449  0.102110  2.298576  0.101227
2170  29.723997  1543.394738  19.408839  0.085538  2.377865  0.170471
2172  888.800619  1993.313370  19.239798  0.062062  2.089352  0.131745
2173  411.442782  542.883342  19.617557  0.219758  2.337737  0.091905
2174  1786.164198  1779.572622  17.501811  0.094219  1.244784  0.042883
2175  1043.787107  795.444726  17.631071  0.111219  1.373325  0.037636
2176  1332.000152  62.107552  17.422392  0.137081  1.307845  0.126244
2177  750.188154  104.708386  18.858169  0.079827  2.294577  0.108757
2178  485.592424  392.690408  19.308337  0.123556  2.167633  0.120523
2179  916.492722  1875.990536  17.811492  0.078707  1.454700  0.071109
2180  240.880737  1539.054395  17.880332  0.046863  1.395300  0.113216
2181  1415.615269  1517.562456  17.726168  0.129632  1.419209  0.059508
2182  875.209265  1294.879996  17.721083  0.090820  1.423743  0.076257
2183  454.739144  1652.957429  15.522051  0.027698  0.046458  0.047094
2184  1843.192591  1675.621657  19.325628  0.101681  2.160477  0.075845
2185  1767.121758  1374.422203  16.890464  0.054324  1.115800  0.063954
2186  651.250747  1248.468171  17.049628  0.088030  1.655365  0.036142
2187  1987.728023  855.258206  16.188351  0.057572  0.596571  0.033091
2188  1481.539583  42.285574  17.960820  0.072436  1.839376  0.082379
2189  1117.727731  1101.985921  17.075244  0.072539  1.068272  0.063693
2190  333.523417  493.392357  17.262952  0.040657  1.064120  0.052373
2191  190.159401  2025.742178  16.421144  0.034402  0.578845  0.047211
2192  1324.062493  873.757238  17.086357  0.042050  0.880805  0.047929
2194  703.697047  575.253593  20.425340  0.164483  2.647388  0.101212
2195  187.453072  1033.107089  17.559070  0.076301  0.802393  0.076068
2196  690.264338  1259.020809  19.891894  0.094735  2.380550  0.108042
2197  135.754635  1104.184429  18.847802  0.100727  1.851695  0.173016
2198  161.333955  1504.549156  16.242886  0.072775  0.382969  0.066044
2199  282.175030  1769.694063  18.571250  0.077375  1.330074  0.070573
2200  1325.394447  2028.802435  20.229527  0.110654  2.614093  0.087180
2201  1071.613921  1659.694279  20.992926  0.252045  2.697934  0.110903
2202  421.958410  262.797145  19.395699  0.168543  2.229109  0.104264
2204  1450.652046  92.856338  18.381343  0.100331  1.561511  0.120896
2206  870.423360  129.359392  18.983672  0.084841  1.658804  0.163949
2207  614.618323  786.774347  19.708778  0.094340  2.186262  0.083394
2208  645.753216  685.057330  19.132931  0.097922  1.849860  0.126691
2209  477.079619  753.013601  19.291202  0.071715  2.256441  0.150340
2210  1231.795970  835.942545  17.520536  0.038794  0.843885  0.069570
2211  1829.169082  2015.120179  19.685019  0.075380  2.173582  0.076200
2212  1797.849452  493.507509  17.721287  0.047983  1.159625  0.064991
2213  449.385474  521.396803  19.438768  0.065913  2.064912  0.153073
2214  590.348235  1522.834463  17.668991  0.070961  0.953861  0.080146
2215  1768.983319  1184.027086  18.042490  0.083148  1.326132  0.057411
2216  1073.737140  441.985474  16.790687  0.084283  0.423053  0.046083
2217  1085.049273  1751.293016  16.937359  0.055524  0.644841  0.056915
2218  1381.379533  511.040565  16.568895  0.054653  0.589884  0.036790
2219  1571.395903  1044.457170  18.183656  0.084595  1.483281  0.111992
2220  1279.613490  1188.536123  16.756062  0.098452  0.537403  0.050526
2221  322.149784  559.979928  18.117500  0.054413  1.111924  0.125769
2222  1344.896694  525.425408  17.359661  0.052833  1.255906  0.079617
2223  949.354295  623.020887  16.037583  0.053047  0.034366  0.059790
2224  1913.384571  960.713537  17.274790  0.084430  0.833810  0.046821
2225  1947.290497  237.055555  18.278131  0.067580  1.430440  0.071771
2226  10.548299  1569.610629  18.209942  0.073224  1.178197  0.082879
2227  963.350947  1417.616408  17.559066  0.037665  1.252941  0.059789
2228  755.539173  459.370019  16.658034  0.044653  0.235919  0.071832
2229  1078.500937  605.303911  20.708448  0.113518  2.455848  0.236994
2230  121.669906  1033.828723  19.446804  0.074104  1.769356  0.159941
2231  368.210208  1130.994565  20.081340  0.117407  2.432557  0.210169
2232  1851.475030  509.041146  17.276176  0.132657  1.182446  0.042691
2233  1177.556408  1985.809906  20.111744  0.101870  2.633712  0.264443
2234  1782.042582  2009.731011  17.579425  0.081009  1.868171  0.041166
2235  165.830653  415.202627  17.025507  0.069392  0.793224  0.085421
2236  1774.926062  956.163571  18.345472  0.059619  1.587669  0.057655
2237  42.870275  1262.333832  17.801763  0.071312  0.984277  0.096462
2238  256.976829  181.715933  19.983084  0.109211  2.203855  0.110942
2239  1848.287165  1721.935719  18.202282  0.088027  1.092563  0.060354
2240  1118.887266  1627.122013  17.100939  0.084908  0.724039  0.046388
2241  924.408730  1066.799417  19.611680  0.191452  1.908732  0.076861
2242  607.213675  28.995838  16.685371  0.033125  0.355039  0.053206
2243  1964.166857  1960.244702  18.171255  0.088087  1.261073  0.062801
2246  173.032147  541.037448  18.830488  0.054488  1.712953  0.131021
2247  43.551704  1633.391141  20.462087  0.086353  2.985890  0.233119
2248  615.407439  765.087334  19.885438  0.160183  2.077143  0.091806
2249  982.306250  258.687571  17.718164  0.069198  1.030808  0.085781
2250  1891.565296  1835.492305  17.575999  0.049247  1.036576  0.041472
2251  745.781513  1628.050260  16.887599  0.041474  0.439318  0.057166
2252  1302.469404  1725.644806  16.252366  0.049282  0.412635  0.035676
2253  1590.515677  26.705849  17.382478  0.053957  0.998321  0.038690
2254  989.614644  1972.893216  17.378846  0.055740  0.840372  0.054970
2255  1192.366709  1946.782503  17.281825  0.039264  0.881804  0.074574
2256  1040.943961  1612.459618  19.006721  0.126054  1.693447  0.057264
2257  1795.920017  1464.097568  17.150397  0.043477  1.786804  0.064919
2258  674.845522  1002.887350  19.695957  0.172473  2.364647  0.109149
2259  1953.026220  1827.688048  17.205238  0.051663  0.735234  0.060012
2260  550.895954  1291.912139  17.246024  0.099210  0.952215  0.055491
2261  643.581913  1385.701935  16.567121  0.078867  0.626252  0.066997
2262  1890.392615  699.628760  17.879929  0.048004  2.057196  0.092815
2263  130.290460  90.523920  19.562066  0.084174  1.985239  0.154331
2264  1926.326584  405.829281  20.422412  0.160347  2.740540  0.150762
2265  163.702501  1668.425034  19.441172  0.211974  1.928904  0.092529
2266  1255.288370  793.476802  19.165415  0.128640  2.256583  0.183193
2267  94.441979  1610.036900  17.340587  0.073502  1.107025  0.072676
2268  1416.692962  517.108192  20.481822  0.273820  2.442000  0.117782
2270  459.856131  1530.339070  16.928467  0.043037  0.121408  0.054054
2271  281.008344  1159.170115  18.117179  0.070443  1.660976  0.091589
2272  1405.251055  386.052063  17.218488  0.043255  0.351751  0.044797
2273  1565.316190  1562.809502  18.440769  0.113532  1.683863  0.066599
2274  1603.244732  1937.024173  17.730758  0.051229  0.828646  0.060177
2275  1939.102548  1911.736240  17.522159  0.043058  0.353449  0.103920
2277  534.652432  1469.814691  18.349744  0.071746  1.284369  0.059461
2278  1262.191814  1206.818361  20.697198  0.231934  2.338534  0.141805
2279  1321.566401  1958.676676  18.193426  0.080351  1.971920  0.066875
2281  1434.796481  513.173176  17.644431  0.057533  0.992756  0.047904
2282  1279.159887  406.215663  18.783454  0.092474  1.309563  0.058949
2283  1561.137313  1371.340971  18.331198  0.075864  1.896757  0.100824
2284  1938.600543  1114.238428  18.234975  0.146972  1.668008  0.057827
2285  582.845238  1700.099166  18.257555  0.085987  1.001960  0.075539
2286  1291.883543  1883.282601  20.787062  0.137039  2.560562  0.219011
2287  928.127494  1943.503901  18.564213  0.064280  1.188033  0.051620
2288  1756.596426  1030.988873  20.025227  0.158871  1.999049  0.188044
2289  1698.708180  969.983486  19.778617  0.138574  1.825525  0.103424
2290  1899.234510  1247.269106  17.729254  0.048608  0.749403  0.054407
2291  1039.218272  1380.386452  19.323333  0.059980  1.465892  0.144039
2292  972.641966  1541.114188  19.808855  0.134354  2.110604  0.191533
2293  272.289976  1679.081489  15.807669  0.040887  -0.320123  0.067553
2294  801.437832  1846.029872  17.381554  0.079765  0.795155  0.063021
2296  1723.319452  719.502740  17.844786  0.082764  1.099725  0.065811
2297  1665.975106  1767.515342  17.732242  0.068556  0.621649  0.079039
2298  373.887132  1657.460446  17.112380  0.036471  0.509005  0.055730
2299  1608.696129  1123.639170  18.716168  0.053630  1.254260  0.077285
2300  1850.582885  654.673006  17.879395  0.041889  1.812171  0.056122
2301  375.905024  1749.208481  18.643440  0.054257  2.170312  0.081605
2302  358.186563  1604.991773  20.693575  0.098127  2.300471  0.097304
2303  813.631069  922.521491  18.138915  0.086261  1.380082  0.080444
2304  666.574173  705.097112  16.868892  0.041998  0.089409  0.043576
2305  693.842145  1875.720302  17.732509  0.046730  0.670920  0.113664
2306  3.691474  512.411448  18.524747  0.112960  0.982725  0.073717
2307  794.282109  1144.644863  18.224944  0.054646  2.048496  0.111191
2308  1776.421266  589.993571  17.999100  0.081337  0.878406  0.064222
2309  1065.447897  80.830119  19.424982  0.089018  1.730724  0.141337
2310  1603.286544  954.098563  16.990256  0.064017  0.380915  0.118375
2311  735.234527  276.259868  18.209779  0.130500  1.399993  0.109590
2312  1940.732775  1660.285642  18.595459  0.096152  1.278933  0.088894
2313  476.566700  1439.563052  17.779729  0.100669  0.853835  0.083648
2314  239.292072  1473.040810  19.341900  0.180536  1.620820  0.094664
2315  1390.077546  740.169782  18.644730  0.064716  1.956249  0.158039
2316  725.179862  932.752105  17.048010  0.081470  0.564984  0.092674
2320  1996.960912  504.066012  18.337589  0.100104  0.900161  0.072502
2321  1824.326995  1788.043892  19.267873  0.078756  1.799951  0.084541
2322  2040.923944  939.696705  18.760941  0.079550  1.450505  0.058654
2323  592.022050  1400.279728  19.076886  0.113320  1.414711  0.079739
2325  1772.902721  1510.310569  20.918432  0.116991  3.224445  0.318748
2326  1801.839964  623.788855  17.711121  0.055118  0.957108  0.057708
2327  325.707713  2020.478383  20.387885  0.124083  2.214778  0.095191
2328  572.833910  1787.953457  18.948042  0.154028  1.479843  0.105533
2330  445.982105  935.884071  17.645469  0.072540  1.011503  0.055197
2331  655.269341  21.181870  19.286813  0.110130  1.613411  0.111178
2333  1384.044799  154.923988  16.222796  0.037730  -0.243228  0.058315
2334  1878.497802  1593.235951  19.232463  0.122494  1.585263  0.121154
2335  47.063793  299.382383  20.034910  0.087873  2.044782  0.101667
2336  1764.416802  1847.967288  20.181560  0.148317  1.887136  0.191559
2337  1863.414183  594.271439  18.718668  0.086325  1.159699  0.070155
2338  50.967982  4.230449  18.360018  0.062363  1.063315  0.064558
2339  399.281290  789.058674  17.850831  0.061869  0.955997  0.062997
2340  46.218517  1387.925213  16.897834  0.048111  0.131149  0.055488
2341  579.629377  1958.544572  19.090768  0.143312  1.554435  0.129943
2342  1831.524938  1657.363081  17.125779  0.068647  0.586722  0.055999
2343  2029.642997  587.061777  17.165189  0.053751  0.436837  0.047524
2344  925.821529  61.386481  20.090113  0.202486  2.559262  0.212271
2345  1957.929757  1070.052609  20.153792  0.143033  1.794141  0.136163
2346  1608.817322  1185.238576  19.358135  0.087298  1.643840  0.070545
2347  949.204489  627.092658  18.229368  0.053246  1.017757  0.054191
2351  554.776678  1360.697554  18.973864  0.180716  1.263146  0.127021
2352  48.098839  64.904083  18.377561  0.113414  1.948411  0.120643
2353  1313.045873  529.245721  17.256583  0.090103  0.520508  0.038595
2354  1652.005470  102.591634  17.298146  0.056104  0.529756  0.072073
2356  195.655972  702.517729  18.281742  0.110740  1.135825  0.061969
2357  1841.128504  1870.572158  20.379826  0.176710  2.124282  0.219364
2358  1522.468357  266.221108  19.639314  0.128880  1.672894  0.110093
2359  1446.693284  1236.972775  18.193012  0.086765  1.519488  0.078806
2360  444.037784  1129.383364  18.287681  0.060224  0.808243  0.060088
2361  252.116767  1658.866894  18.535847  0.060788  1.109721  0.068787
2362  25.761378  152.451428  19.157539  0.086530  1.473263  0.135974
2363  1882.989674  1490.260230  18.373716  0.089014  1.486358  0.059407
2364  1696.088293  1940.403985  17.828278  0.042951  0.759190  0.071483
2365  1254.470373  1552.179939  18.168141  0.049723  1.058340  0.054829
2366  431.208047  383.356271  17.264697  0.089298  -0.046119  0.054063
2367  586.275719  145.598193  18.953222  0.054182  0.797389  0.126107
2368  270.935668  2008.110951  19.801888  0.155579  1.571786  0.090487
2369  256.833774  993.729318  19.529738  0.185052  1.166085  0.118135
2370  1300.944448  1433.706186  19.352914  0.060724  1.093235  0.104095
2372  1777.914693  268.341468  19.549632  0.095804  1.362485  0.135935
2373  1662.278040  1831.205800  18.796293  0.058386  1.060756  0.094759
2374  430.595677  137.383038  19.323107  0.069890  2.405200  0.132367
2375  442.728622  413.055033  18.931216  0.071792  1.224530  0.054097
2376  1000.281046  1103.268096  18.012922  0.087805  0.478056  0.055928
2377  445.376443  1040.008895  18.533447  0.062644  1.216105  0.063636
2378  162.866406  355.703876  18.853964  0.072491  1.405298  0.064714
2379  16.992402  1705.830425  19.102967  0.106431  1.059560  0.186737
2380  1194.333120  749.220958  20.053378  0.127606  1.206689  0.210751
2381  338.966161  162.095665  18.875332  0.135183  0.892041  0.079909
2382  535.381175  479.954313  17.530158  0.128420  0.270164  0.092759
2383  1357.783492  1193.155068  19.693449  0.086802  1.370522  0.085783
2384  121.547454  883.272388  20.291533  0.086381  2.353557  0.160602
2385  1691.630270  219.054842  18.821289  0.113621  1.347750  0.119902
2387  92.634981  1455.535394  19.012710  0.118172  2.037888  0.121572
2388  841.280625  910.078570  20.285151  0.109635  1.656850  0.206488
2389  1953.638226  1023.319637  19.825067  0.239541  1.746169  0.094785
2390  2028.251683  877.879994  20.166519  0.107665  1.951816  0.112367
2391  1674.585244  213.008007  19.009805  0.075407  1.280465  0.093297
2392  1259.765401  1268.776649  19.209243  0.093400  0.889943  0.154443
2393  1302.267363  533.159698  19.277494  0.077455  1.230387  0.095241
2394  1823.601002  1615.095222  19.711841  0.141733  1.324832  0.203541
2395  41.409385  504.650954  19.259871  0.077660  1.326488  0.124073
2396  1373.628166  167.943783  19.112950  0.107595  1.142061  0.065946
2398  852.970105  526.610318  19.103134  0.122589  1.056274  0.104917
2399  438.605635  698.639179  20.222932  0.133310  1.681295  0.224167
2400  1434.676558  1721.935660  19.293693  0.058850  1.157609  0.062343
2401  897.134776  1973.876728  19.934559  0.132166  1.613109  0.085785
2402  735.753330  95.593252  20.077652  0.084631  1.636710  0.117308
2403  938.602902  723.108832  19.963889  0.154074  1.682086  0.088435
2404  1843.164690  1207.738514  18.989260  0.092959  0.960118  0.057664
2405  706.664947  188.205230  19.093419  0.063860  1.463159  0.069659
2406  1035.084518  1292.724830  18.853933  0.055293  1.067880  0.063655
2407  1889.801337  1654.859370  20.349477  0.098620  1.741431  0.094360
2408  684.546517  1709.258309  19.276481  0.137345  1.552725  0.064683
2409  254.676847  1570.194057  20.133084  0.118842  1.693883  0.146229
2410  887.427477  766.282734  19.010721  0.087174  0.869460  0.119847
2411  1888.304736  1051.053785  19.502110  0.244103  1.606083  0.226914
2412  455.605239  1826.143238  19.964105  0.191035  1.259004  0.185645
2413  999.479844  1071.883916  19.730251  0.087254  1.595461  0.128375
2414  170.423982  1425.063114  16.949126  0.110558  0.020467  0.063495
2415  1275.220283  370.837308  18.615400  0.070000  0.856425  0.105226
2417  1331.466151  487.680567  18.406198  0.119747  0.729795  0.046629
2418  1575.443402  316.184605  19.770451  0.119862  1.581843  0.073246
2420  740.621741  460.469867  18.996115  0.098429  1.085527  0.064985
2421  735.725275  1709.836226  19.635674  0.181064  1.682521  0.183138
2422  324.080099  1374.527609  19.658863  0.074083  1.477388  0.075621
2423  1953.401573  689.287223  20.407249  0.176878  2.049063  0.168942
2424  1829.263802  783.986473  20.169061  0.164666  1.638069  0.196742
2425  1426.262655  1960.108103  20.067599  0.154056  1.814585  0.124559
2426  1260.886757  1958.272962  18.644991  0.102550  1.026312  0.146896
2427  1572.222784  705.672793  20.431346  0.114400  1.501768  0.162227
2428  265.087991  1386.531567  20.563087  0.094039  1.930232  0.137927
2429  1803.769993  1699.529710  18.971420  0.077553  1.107778  0.076852
2430  1151.720549  1884.092230  19.129643  0.127378  1.663045  0.147645
2431  1207.166020  1295.623589  18.473253  0.154879  0.857660  0.060756
2432  1096.957795  465.831992  18.665866  0.062755  1.340785  0.061783
2433  299.623548  1744.008426  18.759239  0.147712  1.521059  0.117588
2434  1249.309750  1765.889567  19.430167  0.071973  1.935571  0.101098
2435  420.376300  1740.568737  20.474918  0.110794  1.787346  0.100634
2436  1543.690026  1575.788108  20.993270  0.161302  2.668438  0.168201
2437  1356.909320  1197.970119  16.826013  0.035387  -0.316966  0.057737
2438  1248.942934  1990.155425  19.342211  0.096787  1.333699  0.066573
2439  1065.271821  618.223152  19.404748  0.068160  1.475988  0.088651
2441  70.220351  1922.519824  19.010382  0.065586  0.990168  0.080131
2442  1795.847374  1778.615579  19.169226  0.123675  1.193140  0.077762
2443  1551.890700  474.011076  17.742762  0.124525  0.273049  0.054788
2444  615.898075  898.039650  19.375376  0.072450  1.493838  0.065161
2446  399.596504  1083.760934  18.880515  0.076223  1.133196  0.118708
2447  930.150116  1490.757180  19.171479  0.087374  1.195143  0.149979
2449  1581.143248  152.968495  17.692273  0.071035  0.275692  0.044283
2450  369.824131  277.143476  18.977778  0.120829  1.197648  0.059383
2451  879.412374  105.226668  18.763528  0.113173  1.130096  0.066246
2452  235.446441  764.464856  17.364349  0.103798  -0.067282  0.108221
2453  1529.069263  979.305708  19.078611  0.143284  1.054507  0.115577
2454  653.213284  1952.880407  19.983516  0.111689  1.625225  0.155898
2455  1262.493185  91.768105  19.722198  0.163154  1.489121  0.122032
2456  457.515893  57.009454  20.000813  0.176640  1.687345  0.082671
2457  847.401071  404.440394  18.195669  0.068856  0.415074  0.089808
2458  742.386296  113.639183  20.771995  0.149420  1.641578  0.232336
2460  177.647627  1395.449214  18.847432  0.065118  1.274443  0.142771
2461  835.289194  2028.095102  19.620833  0.111066  1.517748  0.089235
2462  864.929447  1869.804164  19.578547  0.135304  1.310106  0.070901
2463  1159.251809  633.413618  17.381417  0.057917  0.097076  0.069441
2465  1349.150024  829.142025  18.717698  0.088847  1.077447  0.080781
2466  1942.880222  1777.743926  19.117011  0.116287  0.994014  0.118059
2468  377.544811  795.461411  17.481184  0.099475  0.303688  0.114035
2469  1067.011553  2047.349257  20.411054  0.182330  1.909250  0.200042
2470  1890.904053  486.283043  20.104230  0.116719  1.423697  0.119244
2471  1351.727798  1984.530129  20.088066  0.110839  1.841980  0.150530
2472  1874.680943  1574.220689  19.134462  0.081870  1.447260  0.105568
2473  320.175161  1956.799779  18.980583  0.103842  1.093419  0.117407
2474  1494.739195  1537.963575  19.971661  0.131935  1.359484  0.193949
2475  1395.859694  1634.932242  19.945262  0.108834  1.783285  0.129098
2476  119.409297  1457.658247  18.586122  0.073461  1.116756  0.050378
2477  144.133211  1467.667106  20.247949  0.160148  1.883148  0.125251
2478  220.789093  581.105029  18.529978  0.079486  1.001842  0.061753
2480  1209.265309  1381.831439  18.316962  0.054651  0.929840  0.084641
2482  1013.715730  129.356801  18.235917  0.092347  0.668726  0.094585
2483  1329.573799  198.079425  18.541106  0.075313  1.268024  0.054228
2484  1916.674113  400.337318  20.920398  0.210115  2.031982  0.147153
2485  1974.990759  1622.401065  18.622931  0.052648  1.693830  0.129708
2486  347.995175  262.863910  18.956610  0.109081  0.952031  0.195769
2487  40.743286  238.270259  20.637583  0.143203  1.878746  0.198083
2489  630.612051  876.530448  19.114213  0.088695  1.134801  0.118826
2490  861.929646  604.985324  17.109026  0.048714  -0.028989  0.078240
2491  698.504716  341.253293  18.777718  0.106049  1.594045  0.097084
2493  1086.332621  86.823243  19.249755  0.113484  0.846957  0.087187
2494  1219.098269  639.227754  19.034433  0.160825  1.416590  0.102885
2495  1374.002606  829.901740  17.413073  0.115025  0.065608  0.040358
2496  61.059711  1830.394768  18.694856  0.097206  0.958642  0.111579
2497  1480.267833  145.128167  18.426238  0.062275  1.031117  0.058198
2498  1252.078298  465.754871  17.921455  0.064880  0.723732  0.058209
2499  1219.350451  705.029911  18.859843  0.057666  1.354460  0.087542
2500  589.175088  1126.797597  15.875488  0.060202  -0.464803  0.039780
2501  562.976795  1709.879107  19.141805  0.080243  1.072911  0.076858
2503  835.385906  1595.081021  20.211978  0.115255  1.840330  0.171679
2504  1444.939262  6.166574  20.454523  0.090105  1.808971  0.120484
2505  845.320662  536.879709  20.083204  0.187396  1.655492  0.132671
2506  182.912734  1146.064652  20.416023  0.187111  1.432550  0.183719
2507  515.602697  816.615422  19.409438  0.108276  1.233242  0.095880
2508  736.477290  1683.246061  19.201419  0.079193  1.450359  0.144720
2509  1718.165398  435.560916  18.996097  0.181519  0.851286  0.084047
2514  1654.466885  306.760393  19.969556  0.085815  1.343550  0.101654
2515  1982.309030  1344.384829  19.553089  0.068205  1.159331  0.138826
2517  119.009321  417.613829  19.872417  0.129846  1.423324  0.081378
2518  923.793742  73.586930  19.990066  0.135340  2.319482  0.088154
2520  879.426302  933.702489  19.730139  0.114598  1.677632  0.094789
2521  689.489956  473.339062  20.169639  0.141516  1.360279  0.085469
2522  1999.129725  1426.804689  20.136269  0.164307  1.403062  0.165305
2524  149.973211  1805.248025  19.831931  0.096081  1.356170  0.113592
2525  110.067751  113.098800  20.036444  0.084465  1.340032  0.193687
2526  1524.962369  1195.360765  19.655532  0.117465  1.259561  0.079478
2527  116.927375  1118.516914  20.134293  0.129946  1.311307  0.124130
2528  1821.761877  699.871269  19.566525  0.161296  1.383547  0.254910
2529  1311.803214  573.767196  19.321079  0.105930  1.097675  0.085478
2532  472.151877  1256.555878  20.304864  0.159904  1.468690  0.161253
2536  1633.269464  1751.490263  19.956381  0.151244  0.977796  0.142085
2537  825.942767  577.833614  19.501710  0.113075  0.971864  0.073475
2540  922.961662  250.393456  20.022265  0.178765  1.710676  0.161994
2541  1196.419044  1713.577033  19.969598  0.205827  1.491099  0.122337
2542  14.793964  1441.792408  18.926200  0.072805  0.685303  0.116752
2543  1396.902567  1039.521138  19.386457  0.086427  0.972585  0.064977
2544  267.949044  513.151250  19.310122  0.124496  0.965871  0.109363
2545  429.955512  1582.115423  20.075196  0.104142  1.452701  0.103679
2546  1516.219428  1018.471401  20.313800  0.210364  1.320015  0.145884
2548  113.504171  1892.787603  17.799010  0.100541  0.078334  0.046518
2549  442.216893  336.805793  19.911552  0.099028  1.556310  0.110728
2550  1918.095708  1714.665549  20.318318  0.109199  1.593374  0.219635
2551  245.562594  558.447966  20.675128  0.167183  1.553906  0.150297
2552  1066.204279  801.334851  20.711910  0.121235  1.607006  0.185014
2553  232.579999  386.762427  19.968317  0.086656  1.432793  0.195336
2555  463.088225  1350.328879  18.341884  0.092477  0.560171  0.105810
2556  273.528398  517.533987  20.663909  0.263602  1.712572  0.109721
2557  1526.128203  1135.522083  20.770297  0.106309  1.243348  0.214959
2559  1276.736645  86.957316  19.411018  0.111666  1.338994  0.144336
2560  1326.335474  374.338240  19.886030  0.156125  2.277989  0.189146
2561  437.500850  1302.158947  20.440692  0.094696  1.660281  0.125613
2562  716.114990  1275.701200  19.495533  0.144147  1.188246  0.082065
2564  637.107101  1538.701313  18.969458  0.174104  0.716697  0.152559
2566  556.580759  1011.814801  20.074699  0.156553  0.801424  0.209613
2567  671.361915  349.498831  19.963706  0.107093  1.164187  0.121427
2568  530.995161  1203.031358  19.736755  0.136384  0.881365  0.124757
2569  100.529042  192.757289  19.963340  0.091364  1.566794  0.129822
2570  522.274858  853.701785  19.556126  0.107885  1.023500  0.080771
2573  1413.613550  1791.798920  17.552107  0.041974  -0.153641  0.128011
2574  1829.611286  346.240123  17.595178  0.044955  -0.098535  0.097863
2575  1943.729072  1422.446803  19.677987  0.074943  1.258345  0.111862
2576  1794.961613  913.763510  19.645976  0.114540  1.059591  0.078447
2577  622.193532  1948.994131  19.580365  0.124362  1.197043  0.213601
2578  420.732924  809.392988  20.287120  0.228322  1.999333  0.182797
2580  1068.462649  1905.993562  19.815696  0.121819  1.235975  0.153735
2581  1673.278966  1473.916483  16.999222  0.039622  -0.377149  0.090799
2583  523.189351  219.631598  18.124467  0.061725  0.309256  0.050947
2584  1143.207664  214.211029  20.294916  0.213763  1.348995  0.151562
2585  876.618662  1948.609578  21.001522  0.136836  1.947027  0.198151
2586  670.870198  660.382742  20.123816  0.079844  1.367557  0.103232
2588  28.608840  822.722238  19.874788  0.139818  1.152038  0.067670
2589  341.821978  279.849988  19.393575  0.109070  1.280100  0.099426
2592  449.063167  258.120954  19.631933  0.141521  1.087901  0.071442
2593  672.807107  1420.368187  21.204559  0.115192  2.045190  0.115738
2594  1463.349550  132.220141  19.494305  0.102171  1.104990  0.070225
2595  1858.634734  1397.140540  19.671438  0.087531  2.391612  0.109896
2596  1931.531731  683.479711  20.643720  0.183947  1.508542  0.130745
2598  148.902467  233.264352  19.421468  0.109316  1.473932  0.084139
2599  1266.686463  573.708858  19.518881  0.106033  1.488345  0.233865
2600  301.299201  794.853627  19.800266  0.128376  1.111902  0.170232
2601  372.762944  1420.341733  18.122006  0.063506  0.214195  0.052291
2602  132.626148  1324.205980  19.934429  0.228630  1.373332  0.080235
2603  1497.080298  883.152789  19.138314  0.078546  0.911970  0.078683
2604  881.998401  163.417155  19.296254  0.068325  1.020305  0.147219
2605  570.364701  1242.556586  18.021161  0.066445  0.236071  0.087325
2606  192.811717  1145.620722  20.263408  0.081996  1.471554  0.207836
2609  381.394363  1648.427428  20.089010  0.081484  1.335477  0.116181
2610  64.415329  1079.739570  19.815317  0.083033  1.243043  0.095215
2612  326.103456  174.201455  19.420212  0.144725  1.106725  0.230531
2614  1922.702639  1939.713645  20.580183  0.137611  1.490286  0.151514
2615  620.286606  351.609401  19.663208  0.171600  1.294589  0.163831
2616  1264.386149  337.066273  20.402890  0.115258  1.528911  0.194388
2617  404.833155  417.741454  19.707188  0.208999  0.971408  0.147947
2618  732.903883  101.027637  21.206522  0.241565  2.518450  0.137184
2619  1191.467155  661.472945  19.791295  0.084570  1.132063  0.089295
2621  576.090493  861.057923  17.856255  0.081030  0.216246  0.057992
2623  631.427817  1480.400485  17.491766  0.078518  0.021805  0.045391
2624  382.304094  726.170618  19.494535  0.110817  1.068312  0.146015
2625  1780.300348  14.837106  20.062239  0.206587  1.640771  0.141743
2626  984.390541  1615.115721  19.901825  0.131776  1.570593  0.127380
2628  1840.345679  669.307791  20.461719  0.147588  1.996858  0.249082
2629  600.713354  985.481720  20.258910  0.132213  1.460738  0.105395
2630  1919.834290  860.418584  20.252917  0.081067  1.341258  0.245612
2632  1647.406498  249.960248  20.017457  0.122754  1.798962  0.100657
2633  1305.610509  1495.980828  21.173536  0.110587  2.089307  0.180191
2634  296.833146  871.267475  19.162119  0.182076  1.027515  0.114700
2635  651.088334  1134.739135  20.170907  0.100419  1.409825  0.113136
2636  1006.433498  1001.586380  20.405266  0.111159  1.227341  0.217306
2637  1122.130838  1515.102292  20.623084  0.132309  1.951217  0.135598
2638  1221.279793  1691.172964  19.947582  0.263746  1.600871  0.118516
2639  440.779432  521.005958  19.641813  0.254032  1.789016  0.138076
2640  175.513134  1644.659409  19.660799  0.093002  1.070448  0.079275
2641  1284.740099  2003.650744  20.213317  0.101723  1.292821  0.142335
2642  1364.522367  1981.867610  21.068253  0.102936  1.891907  0.196708
2643  633.744087  1409.277799  20.095168  0.223006  2.229230  0.203344
2644  1599.466490  1569.800351  20.479538  0.134229  1.543403  0.187434
2646  1312.083859  1006.927023  20.537411  0.140315  1.665407  0.118049
2647  753.396326  1164.719077  19.962967  0.186527  2.360026  0.077098
2648  1018.653259  1276.550914  20.504542  0.106319  1.575597  0.185794
2650  947.933516  571.398732  20.107802  0.171450  1.825544  0.123404
2651  1809.482101  1373.443033  20.203061  0.161641  1.316222  0.146879
2652  1729.200462  928.839022  19.800618  0.205769  1.472917  0.218091
2653  1881.277559  1252.982543  20.273117  0.105469  1.337173  0.197209
2654  745.121724  152.569064  20.040398  0.080846  1.256999  0.098232
2655  859.934707  1439.773190  19.215480  0.074389  0.846193  0.059889
2656  1313.910495  1601.954904  19.521482  0.083297  1.316312  0.081102
2657  342.223884  736.974550  20.882415  0.187089  1.916028  0.270218
2658  1903.732450  1338.673302  19.479049  0.101395  1.070414  0.068527
2659  585.348229  800.145318  19.433949  0.084256  1.503949  0.177767
2661  1726.606324  1581.261732  17.334305  0.051452  -0.201925  0.049996
2662  277.034568  873.554307  20.926553  0.171152  1.953684  0.289034
2664  639.494056  112.819104  17.632254  0.050921  0.083483  0.059587
2665  1515.800084  1832.807397  19.176240  0.116598  0.941567  0.087724
2666  1987.749207  2008.616145  19.843903  0.148970  1.301698  0.099472
2667  681.090103  898.569870  20.203943  0.117576  1.338383  0.080079
2668  843.678672  509.083786  19.894741  0.091064  1.215756  0.162903
2669  439.023453  1810.921301  20.369399  0.123955  1.195916  0.127690
2671  1860.202273  678.874959  18.144537  0.099674  0.281456  0.068365
2672  1788.131639  1647.389784  19.066418  0.298846  0.930180  0.145563
2673  664.921529  710.425971  20.427872  0.290002  1.441419  0.240588
2675  889.902628  1445.960193  20.286322  0.108854  1.159308  0.087929
2676  1850.996420  396.986701  20.383929  0.230296  1.268942  0.137086
2678  1537.600453  410.203261  20.879811  0.138077  1.371135  0.210747
2679  531.491860  1305.471876  20.709508  0.114547  1.571497  0.096291
2684  1123.776662  772.560701  20.766476  0.194700  1.630791  0.155546
2685  614.403034  455.851977  20.497459  0.121835  1.112786  0.225446
2689  499.675056  620.196536  20.661920  0.104512  1.446762  0.093991
2692  1904.878825  96.825933  19.937094  0.146460  1.101249  0.120143
2694  1212.345429  701.841961  20.754724  0.200441  2.843805  0.192799
2695  3.213356  854.361633  20.078592  0.131437  0.887847  0.141913
2697  604.580171  686.422099  20.787348  0.210369  1.622539  0.148709
2699  1705.249492  1081.624748  21.199978  0.162256  1.395403  0.339941
2700  517.624692  603.697256  18.123004  0.085062  -0.172280  0.105394
2702  198.869757  564.104215  20.837075  0.207460  1.515597  0.223593
2704  166.022553  43.073611  20.540821  0.227121  2.240886  0.293506
2705  355.279160  1872.163602  20.655627  0.163208  1.110518  0.217222
2710  1345.958369  642.419233  20.614701  0.196247  1.622405  0.168874
2711  791.654986  741.756690  20.324754  0.096955  1.299545  0.106747
2712  721.896762  1999.374688  18.706717  0.075005  0.261076  0.079927
2715  220.616238  848.993813  19.946980  0.095513  0.884359  0.085874
2718  1318.970134  167.185501  19.441515  0.067132  0.690909  0.124350
2720  497.354014  1292.856781  20.814582  0.249175  1.467533  0.191650
2722  1713.906565  822.105461  20.588728  0.132061  1.370017  0.226829
2723  962.188247  1795.136800  20.283015  0.253592  1.455386  0.174607
2724  255.426130  20.157969  19.161440  0.145560  0.714514  0.074823
2727  851.601422  1710.624861  19.696365  0.180477  0.842442  0.106100
2730  2032.831160  1114.835274  21.080776  0.155450  1.760150  0.157358
2733  1311.467001  1421.945869  19.877860  0.124012  0.581207  0.125439
2735  1053.372194  389.761977  18.959082  0.064332  0.078199  0.080376
2736  986.500725  1381.589946  20.259873  0.125866  1.349399  0.220237
2740  1361.837171  1784.231284  20.439719  0.187433  1.041023  0.160227
2745  1483.459149  1462.138396  20.138050  0.119063  1.296298  0.210468
2747  1587.362790  2042.169318  20.431126  0.115535  1.281526  0.123110
2748  1619.672490  834.912163  20.901322  0.183374  0.972910  0.369446
2749  140.362333  1999.686224  20.497672  0.193107  1.180737  0.192736
2750  341.990607  190.949678  21.367211  0.120679  1.627997  0.142055
2752  1013.507442  487.427322  19.534794  0.117417  0.764070  0.084533
2753  878.321436  1395.788612  19.638927  0.203783  0.296010  0.198101
2754  1957.271133  624.559824  21.335606  0.142041  1.691772  0.149763
2755  1959.076949  859.937752  20.288318  0.102419  1.066206  0.146425
2757  1813.650038  1166.659420  20.943742  0.155749  1.406966  0.219334
2758  888.204276  1198.007114  18.872489  0.111700  0.351089  0.082034
2760  193.796115  822.571180  20.249949  0.151288  1.337521  0.110999
2762  697.037787  940.420769  19.797827  0.132918  1.271553  0.207375
2764  1340.298977  428.036967  20.286588  0.088222  1.241531  0.186136
2766  939.696939  1157.154012  21.021635  0.246098  1.717966  0.146781
2767  1080.054341  1521.613055  20.474833  0.203860  1.277204  0.254889
2769  1141.903008  1597.522043  20.724853  0.104085  1.667463  0.099468
2771  1459.443906  51.675553  20.394157  0.116156  1.118037  0.136832
2774  330.943360  839.006966  17.436672  0.040452  -0.243119  0.069442
2776  1324.257501  26.074900  20.450001  0.385666  1.226976  0.185835
2777  1220.553632  1637.572485  20.935238  0.187748  1.852503  0.147838
2780  1544.379205  937.182618  21.011618  0.149129  1.395220  0.152202
2782  1852.532833  595.983447  20.492489  0.131234  1.409509  0.097608
2783  202.453099  1425.522864  20.737217  0.249367  1.337068  0.147896
2785  580.453170  1024.942555  20.981699  0.170076  1.684881  0.263055
2786  140.939218  920.938070  20.265004  0.110660  1.654121  0.087693
2789  428.362566  1624.325692  20.769871  0.164712  1.809625  0.235112
2790  226.271579  533.593290  18.774992  0.172895  0.130534  0.067026
2791  682.256411  1317.274370  20.332741  0.132108  2.287065  0.191625
2794  1304.194952  1819.776259  19.883077  0.169343  0.754492  0.105277
2799  1302.272846  1080.717059  20.674769  0.216402  1.007281  0.096469
2800  1674.073218  1150.545262  20.807213  0.100630  1.565838  0.120467
2802  1750.028416  1233.150511  18.116054  0.078799  -0.094029  0.075966
2803  544.626158  1910.413759  21.030288  0.106283  2.515650  0.234454
2804  1309.689458  405.982677  20.288179  0.101960  1.390485  0.143922
2805  345.096479  905.231802  20.855954  0.142237  1.529707  0.159192
2806  228.929859  623.606450  20.358077  0.100945  1.334492  0.099487
2807  1730.367299  1484.908227  21.047415  0.198908  1.745561  0.313286
2810  2041.643594  1252.589824  19.322236  0.070299  0.600508  0.076032
2812  1802.302618  1051.697666  19.435993  0.069032  0.522039  0.156162
2813  1992.341146  1238.041492  20.463654  0.096174  1.124226  0.104871
2814  461.349339  1253.578720  21.177085  0.117757  1.389047  0.146986
2816  1739.055565  646.165026  20.246401  0.171335  1.278278  0.132809
2822  1426.664697  2007.129465  19.984668  0.152244  0.969796  0.083316
2828  797.408881  1697.494801  18.222648  0.083870  0.141765  0.105261
2831  285.717004  1592.954658  18.211670  0.124635  -0.135294  0.076266
2832  1193.897320  1935.486856  19.625538  0.093132  0.856106  0.129035
2833  681.960780  642.271316  20.478649  0.263988  1.219991  0.107246
2834  1549.678325  538.406144  20.248723  0.093965  1.466678  0.149527
2837  1103.452039  26.331364  19.265041  0.127912  0.498516  0.074184
2838  562.073812  762.301161  18.177383  0.057197  -0.072690  0.100680
2839  1354.709324  519.121447  20.826539  0.219496  1.847420  0.186066
2841  1219.274560  839.177575  21.228473  0.148796  1.408547  0.153024
2842  1505.892156  913.860692  20.611397  0.134973  1.487703  0.131415
2844  132.751859  1278.058399  20.473989  0.133312  1.407468  0.089300
2846  1130.173874  1882.389078  20.168165  0.213674  1.474639  0.180925
2847  1927.353073  927.421322  19.030785  0.112161  0.291284  0.073222
2851  1963.881845  117.943790  20.233418  0.085538  0.802407  0.282950
2852  964.058662  4.816606  20.948725  0.204176  2.062960  0.275316
2853  1498.432534  120.778895  20.790128  0.128881  1.038914  0.268732
2854  1762.636096  1584.420032  18.245699  0.059442  0.173032  0.099512
2855  234.883821  1308.245857  19.413714  0.076113  0.542129  0.098305
2856  1062.417609  1525.721011  20.617653  0.099107  1.252717  0.236653
2858  256.689465  362.318690  20.363816  0.112034  1.204296  0.111537
2861  804.054296  1594.219178  20.046606  0.078772  1.221885  0.170737
2862  300.721890  1698.774609  20.570357  0.142181  1.891088  0.117869
2866  729.704456  1062.503870  20.971660  0.130801  1.522217  0.148980
2867  771.756091  234.737804  20.463344  0.159187  2.573170  0.137668
2868  237.304809  1556.468430  20.741885  0.169692  2.019909  0.199805
2869  1969.361093  1930.508339  19.143547  0.180421  0.737541  0.186469
2871  812.888421  1328.214935  20.336100  0.131858  1.865107  0.262492
2872  512.474102  1466.409958  19.192896  0.102595  0.358480  0.072018
2873  587.537194  1857.006115  20.423453  0.149128  1.253189  0.116538
2874  234.189939  1988.047790  19.969022  0.146465  0.951274  0.108861
2875  729.469748  1252.650379  19.406275  0.146894  0.923624  0.128027
2879  1717.707023  470.813507  21.210096  0.496876  1.431582  0.175922
2880  926.132447  678.922545  18.899197  0.104337  0.275098  0.117622
2883  568.736318  1476.723727  20.583074  0.099134  1.640008  0.154062
2886  733.693455  1711.690132  20.529070  0.154095  1.050497  0.111362
2889  1040.945037  1094.807677  20.406438  0.221387  0.587128  0.237780
2890  857.517416  881.040836  20.483758  0.153948  0.701863  0.200652
2891  832.086989  1245.509884  20.758474  0.101305  1.224831  0.117948
2894  1663.700793  1591.866568  19.854672  0.189718  0.676959  0.178804
2895  1384.836097  576.480074  21.126759  0.183567  1.835539  0.165647
2901  897.466563  604.968647  21.275699  0.195412  1.704883  0.167171
2903  105.078617  0.353005  20.056346  0.141463  0.886897  0.176717
2907  1707.225246  965.652216  21.155153  0.330626  1.255778  0.277828
2909  768.498787  1375.747509  19.553840  0.124655  0.341934  0.084521
2912  252.426783  138.349087  20.716022  0.188882  0.533349  0.099832
2915  522.199633  128.009999  20.862363  0.230961  1.179046  0.141632
2916  610.578130  1016.326782  20.743713  0.138984  0.978118  0.174416
2922  1353.427297  1302.231366  20.230546  0.272056  0.151522  0.228086
2927  1975.225131  655.248671  20.724565  0.128733  1.211987  0.141738
2929  244.100332  118.616440  18.829046  0.054747  0.081260  0.070138
2932  435.016360  967.407069  20.113634  0.136458  0.759395  0.238755
2950  393.315227  1250.565899  20.633487  0.150063  0.790279  0.108553
2958  375.077227  1969.097425  20.179840  0.132859  0.937144  0.142279
2964  1231.081643  1231.661521  19.478855  0.147531  0.384860  0.069843
2967  1055.049575  1693.335165  18.697929  0.134015  0.066356  0.087223
2969  60.700707  686.306834  20.183356  0.367583  0.542467  0.151293
2970  1132.984195  347.011476  19.103055  0.093813  -0.027161  0.085916
2971  438.433204  1797.890642  20.941360  0.196639  0.615031  0.130385
2973  1831.640990  1826.674878  21.106862  0.157146  1.498186  0.170954
2974  1283.056070  854.387303  19.854387  0.096134  0.279180  0.102969
2975  1197.371922  1911.488195  19.410033  0.071273  0.238234  0.062163
2976  1374.984273  710.802482  21.271576  0.217571  1.340074  0.178977
2985  1858.994164  176.395694  18.731923  0.093768  0.053975  0.065775
2991  69.734624  1333.507870  20.544062  0.170797  0.781723  0.234746
2997  1890.814045  33.362612  21.258847  0.140511  2.814239  0.418951
21005  367.808462  1371.739691  19.858197  0.137840  0.792473  0.082761
21009  514.989536  1269.404969  20.844478  0.154175  1.142708  0.187941
21023  2016.710551  989.460464  20.184847  0.192063  1.096595  0.224756
21032  494.495443  606.659699  20.245056  0.087927  0.632971  0.142256
21039  208.744576  1148.216169  18.700620  0.098980  -0.100615  0.081826
21043  1140.266120  2004.001239  20.650170  0.096800  1.070799  0.152003
21046  671.377136  10.324888  20.902313  0.109662  1.108956  0.133920
21050  296.492141  1363.097360  20.277449  0.132250  0.501202  0.160842
21057  1106.346695  694.295852  20.361441  0.176227  0.403517  0.156506
21058  95.814547  1195.224654  20.700527  0.170937  1.155357  0.130975
21066  1308.734045  1571.106983  20.241415  0.103244  0.799504  0.118711
21069  228.614197  1891.285242  20.141126  0.128177  0.860476  0.103261
21070  575.848421  1363.263514  20.733487  0.134318  1.169473  0.112425
21072  720.085055  884.762924  20.506366  0.293217  2.336150  0.216750
21086  1542.125308  1813.328414  20.940622  0.200698  1.418157  0.287328
21087  1191.962399  1134.374512  19.294821  0.181832  0.093372  0.105202
21088  1323.204926  1603.476111  21.410453  0.513532  1.285020  0.226872
21092  792.697526  639.158861  20.202719  0.090154  0.741742  0.154317
21102  1144.242306  893.185623  20.353565  0.150174  0.666664  0.125067
21103  855.582482  763.790873  20.347559  0.092621  0.579711  0.099628
21104  810.511445  1684.157886  21.077397  0.169093  0.847515  0.215279
21105  1343.917052  1081.816064  20.776347  0.258318  0.765266  0.103215
21111  521.354977  1332.425750  21.472900  0.124053  0.897637  0.140556
21112  764.069640  1890.517123  20.308699  0.234756  0.319946  0.177753
21113  66.414406  1926.385308  19.998527  0.211377  0.315974  0.101534
21121  778.170994  833.515524  20.274682  0.167197  0.724466  0.221443
21122  882.720534  1352.249887  20.602518  0.203497  0.318478  0.170250
21125  1958.182136  1995.579812  19.975944  0.261533  0.059587  0.177520
21131  1616.194002  522.963954  20.587283  0.344490  0.599184  0.296386
21133  1072.064599  750.371405  20.174149  0.154380  0.508332  0.196110
21140  1074.805248  1519.875712  20.346735  0.239876  0.525997  0.096666
21142  1902.480994  653.271144  20.817118  0.110452  0.603185  0.180081
21148  1816.050464  661.128213  20.120452  0.102015  0.662103  0.212646
21151  1532.085846  1647.677062  20.944364  0.200614  0.656891  0.195531
21152  393.776475  85.799532  20.774046  0.096891  0.796722  0.124673
21156  1551.607186  1043.791910  20.556299  0.093170  0.600637  0.145508
21160  1183.299365  1207.353286  20.366883  0.182668  0.578402  0.096699
21161  1089.054134  1014.459167  19.892588  0.135494  -0.043236  0.145817
21162  504.866687  1298.900347  21.594923  0.166762  1.348807  0.264682
21164  1825.226383  401.181079  20.242793  0.111578  0.541056  0.095294
21165  85.234984  180.023963  20.399012  0.150858  0.329940  0.109037
21169  675.630709  1440.773304  19.841573  0.095703  0.086241  0.082179
21173  1475.569477  1822.167912  20.218649  0.200733  0.586832  0.108247
21175  1129.447126  2021.759891  20.530340  0.088523  0.681099  0.111526
21177  87.456582  947.671654  20.453274  0.090211  0.477767  0.104558
21178  1112.538671  402.773906  20.653812  0.131064  0.409580  0.163520
21181  1705.335182  1700.943447  20.754624  0.170862  0.173835  0.267664
21183  1252.742582  220.360451  21.241929  0.132215  0.549749  0.170072
21187  1140.915542  1809.882986  20.533671  0.270581  0.354939  0.114428
21189  2026.973881  1123.721401  21.055326  0.113771  0.778636  0.176959
21193  603.574463  899.606108  20.634254  0.100461  0.174519  0.231290
21199  558.956022  1983.599164  20.873510  0.260714  0.636976  0.148305
21205  1614.752089  95.034882  20.841694  0.195716  0.370606  0.135125
