# id  x  y  V  eV  BV  eBV
147  1099.468820  895.269642  21.266079  0.218876  1.556150  0.150737
149  1212.593541  1043.862671  21.021034  0.267652  1.454438  0.228068
154  974.525891  1114.591007  21.154493  0.210420  1.535814  0.241329
158  1064.737812  982.307451  20.776135  0.443137  1.389579  0.190191
163  990.082212  1078.695363  20.890704  0.219225  1.565280  0.213793
169  954.547712  816.918569  21.096604  0.238263  1.603990  0.440189
171  980.963021  1079.420723  20.809720  0.411717  2.317474  0.294418
176  1226.966098  1001.782252  20.949798  0.141537  1.314204  0.196040
186  1106.376438  1008.972472  20.602672  0.267044  1.497291  0.103426
187  1040.601580  1175.568691  20.887227  0.147317  1.627090  0.184092
188  1105.175163  988.905841  20.142749  0.352716  1.640689  0.141869
193  996.917228  1170.766930  20.533069  0.153959  1.623588  0.127318
194  1140.346696  1052.824453  20.822931  0.140975  1.401389  0.214430
195  1037.418271  1136.836055  20.542016  0.233574  1.642188  0.249296
1100  1130.988483  1020.150723  20.264409  0.180979  1.530582  0.198099
1102  962.237460  1082.395996  21.005308  0.252133  1.711741  0.198104
1103  1021.761188  1084.687094  20.630362  0.144806  1.534088  0.140273
1104  1101.034906  1077.238784  20.407342  0.201334  1.243254  0.220650
1105  1067.732705  1131.588608  20.674571  0.093874  1.314971  0.150904
1106  974.905139  1097.761690  20.798915  0.108190  0.834258  0.328178
1110  953.637786  1184.299868  20.650149  0.124289  2.049749  0.259319
1111  1134.265405  1035.797381  20.509342  0.155741  1.536116  0.223843
1112  981.360497  1144.521892  20.340990  0.108063  1.466898  0.103048
1113  1012.395336  991.866184  20.521233  0.136736  0.844806  0.214335
1114  1066.216632  1036.956303  20.403658  0.103976  1.424928  0.212458
1115  958.110228  909.956813  20.450672  0.222689  1.331797  0.165884
1116  971.263222  1040.148378  20.501752  0.165722  1.534780  0.102407
1118  856.814367  1037.552189  20.588487  0.200349  1.408949  0.199055
1119  1012.888084  1110.781706  20.318638  0.116767  1.386454  0.280369
1120  1001.999340  1049.470177  20.358384  0.112850  1.241861  0.137712
1121  1003.123528  968.088822  20.593801  0.124581  1.354094  0.112276
1122  1064.941199  882.314424  20.488698  0.200592  1.392319  0.260934
1123  1050.454815  1058.108867  20.327803  0.098045  1.379552  0.197787
1124  1036.142838  1155.624571  20.368471  0.094951  1.079336  0.208132
1125  1186.092544  989.255496  20.318605  0.138152  1.352465  0.082359
1126  982.357852  953.837568  20.423657  0.170221  1.430598  0.147690
1127  871.986504  908.772782  20.238790  0.135784  1.468891  0.183234
1128  991.797412  1083.917558  20.153377  0.105068  1.485364  0.102583
1129  999.783281  1064.204657  20.291959  0.138200  1.331117  0.094756
1130  902.195487  1033.558180  19.668233  0.259896  1.213823  0.156551
1131  997.203149  898.031534  20.190900  0.128206  1.598718  0.112533
1132  997.527245  1120.106619  19.944383  0.201452  1.337168  0.105329
1133  1011.872154  1144.954040  19.982185  0.176807  1.417501  0.149373
1134  1161.507860  1023.867208  20.065900  0.102016  1.646102  0.134274
1135  948.501176  1075.839283  19.813057  0.215447  1.424151  0.090243
1136  980.421386  1022.562673  20.134639  0.096467  1.495194  0.108865
1137  986.214502  1077.452452  19.931998  0.261723  1.534337  0.077593
1138  1027.120783  870.873129  20.125285  0.107349  1.625076  0.188435
1139  975.546491  1206.455419  20.081418  0.090200  1.640774  0.127007
1140  1172.205916  1077.632594  20.295411  0.168070  1.443521  0.111369
1141  1035.584307  1067.925770  19.901978  0.115594  1.357216  0.139007
1142  885.228134  1064.318833  19.965054  0.167936  1.309508  0.106368
1143  1163.362099  1061.909238  19.863364  0.088428  1.556717  0.089246
1144  1071.707279  1027.979530  19.856393  0.094744  1.533133  0.082639
1145  1091.819090  943.239168  20.004776  0.134455  1.376964  0.081051
1146  940.469391  952.068854  20.247130  0.170335  1.443543  0.086839
1147  937.839903  1090.611261  19.899325  0.074291  1.402760  0.101130
1148  1080.289833  1222.450606  19.901296  0.092540  1.364482  0.082342
1149  983.259279  906.062070  19.782433  0.198824  1.484955  0.116865
1150  842.577920  1109.110047  19.366514  0.195748  1.455790  0.230854
1151  875.431444  988.075295  20.150835  0.181211  1.324518  0.192608
1152  1024.051446  967.679304  19.698050  0.148691  1.506918  0.168032
1153  1021.457940  934.317445  19.651239  0.077256  1.379050  0.109194
1154  950.910771  1003.605135  19.710800  0.079876  1.407750  0.073066
1155  1015.517512  1107.804017  19.834504  0.098692  1.477057  0.116130
1156  857.911603  1045.519585  19.742976  0.070252  1.408282  0.165770
1157  906.025370  1031.128822  19.697723  0.206228  1.476797  0.142911
1158  935.441039  929.245368  19.580894  0.141773  1.627395  0.205629
1159  968.266629  1183.675208  19.600065  0.110448  1.480573  0.087570
1160  1053.532426  1108.209418  19.315262  0.177334  1.197187  0.111435
1161  1056.742011  1069.273764  19.646388  0.130656  1.191432  0.149048
1162  1083.634708  1076.612977  19.481798  0.083482  1.432872  0.127331
1163  1073.915453  929.971917  19.387529  0.097352  1.310973  0.106295
1164  1008.434483  993.078477  19.560301  0.122976  1.429259  0.094164
1165  1035.248722  1005.640827  19.338205  0.097102  1.437527  0.077042
1166  1075.799368  1092.923167  19.492281  0.095749  1.321631  0.082741
1167  1050.678088  1052.528333  19.535370  0.147537  1.372281  0.079295
1168  1011.775058  967.838413  19.508783  0.152699  1.431657  0.072683
1169  1024.859361  1112.857457  19.437646  0.100076  1.387188  0.077661
1170  1057.781268  883.942298  19.261555  0.174058  1.407260  0.077615
1171  1005.507011  1028.094095  19.174127  0.110295  1.470600  0.063153
1172  1081.691525  1050.737500  19.200908  0.192139  1.271143  0.061089
1173  1152.413471  980.955628  19.136909  0.150236  1.416354  0.092482
1174  908.195021  1074.821059  19.243218  0.081925  1.299386  0.114259
1175  919.172219  983.057347  19.066353  0.109398  1.314496  0.120732
1176  911.670723  902.276608  19.168667  0.116578  1.328860  0.058595
1177  1139.498045  986.347479  19.207714  0.113329  1.518457  0.121537
1178  1003.625349  1028.989481  19.009560  0.105841  1.258734  0.108177
1179  1026.267976  852.019651  19.138504  0.059090  1.448684  0.078597
1180  1030.860513  834.646180  19.050824  0.088608  1.471626  0.175481
1181  1058.777416  1120.320942  19.002659  0.055257  1.411013  0.116794
1182  1193.138647  1158.726472  18.998898  0.062101  1.485390  0.087338
1183  1134.715064  1106.648023  18.980822  0.056610  1.220746  0.124618
1184  1094.098432  1014.856294  18.947354  0.071079  1.218396  0.120897
1185  1021.428060  907.193795  18.860749  0.056787  1.331514  0.072536
1186  878.849700  1055.962132  18.780212  0.164740  1.342097  0.085536
1187  907.953992  928.311849  18.782259  0.082098  1.266725  0.149069
1188  895.215002  1004.770304  18.697004  0.092314  1.363949  0.089529
1189  1079.910482  1007.349617  18.703813  0.113573  1.237414  0.120464
1190  1131.590779  953.483284  18.718493  0.062354  1.349485  0.056106
1191  946.547753  1167.681085  18.549503  0.111933  1.365224  0.078778
1192  973.159875  1036.761068  18.686606  0.082532  1.255906  0.089392
1193  959.501025  920.859771  18.495539  0.115761  1.176151  0.113709
1194  1032.634737  1166.820721  18.500379  0.059154  1.190587  0.071447
1195  994.851779  1033.248952  18.452210  0.117343  1.339541  0.076494
1196  1061.563064  1144.244961  18.379804  0.064948  1.270787  0.109816
1197  1043.781714  1132.754207  18.371072  0.072439  1.224118  0.128353
1198  1094.581453  1093.177979  18.437361  0.070601  1.316185  0.106467
1199  961.459589  844.130877  18.390913  0.058452  1.278031  0.143355
1200  993.465815  1157.626552  18.277136  0.104070  1.326355  0.061295
1201  1166.279475  1032.021832  18.398158  0.073466  1.019778  0.103275
1202  1093.539553  1139.415101  18.366235  0.125413  1.228758  0.109249
1203  1016.331469  907.781571  18.322193  0.055100  1.138397  0.076442
1204  1107.013550  1189.640192  18.175870  0.044374  1.199779  0.069045
1205  820.749599  982.532731  18.168387  0.044384  1.282250  0.134188
1206  1047.319880  1150.846484  18.112457  0.058712  1.284797  0.047736
1207  1021.815849  973.609103  18.071811  0.076194  1.208946  0.045351
1208  965.165773  945.200312  18.207753  0.091425  1.301487  0.076849
1209  1145.311580  973.162086  17.776722  0.088741  1.216819  0.093084
1210  1062.248919  958.099313  17.801080  0.054626  1.266362  0.068022
1211  985.687593  1161.465713  17.847171  0.061287  1.156572  0.057361
1212  959.084954  1086.532526  17.570782  0.043956  1.116321  0.083646
1213  1159.583662  1028.042076  17.496338  0.052658  1.146500  0.054413
1214  996.264325  918.899569  17.491581  0.045399  1.213393  0.049778
1215  923.502817  821.522821  17.469876  0.075922  1.148207  0.045648
1216  1070.313533  1137.714688  17.536009  0.080484  1.086184  0.049793
1217  1052.505539  952.631276  17.437628  0.071681  1.143713  0.068119
1218  967.039058  1013.840937  17.322115  0.057614  1.018375  0.046982
1219  954.364559  1075.301458  17.363973  0.117641  1.101002  0.050742
1220  945.128489  992.058307  17.171703  0.058932  1.176401  0.063280
1221  925.615473  914.112143  17.079154  0.061373  1.091447  0.082412
1222  968.004977  1085.801370  17.111036  0.054392  1.076253  0.078909
1223  989.150024  1039.151596  16.972681  0.035107  1.169625  0.040038
1224  1095.360205  1014.637834  16.621849  0.046809  0.889299  0.065404
1225  958.244434  882.047529  16.611818  0.058900  0.923559  0.055008
1226  1153.978429  1047.393239  16.557448  0.035453  1.010795  0.044802
1227  906.570301  1040.730460  16.480346  0.041613  0.967976  0.062703
1228  972.891197  1057.301258  16.390042  0.035667  0.890392  0.054527
1229  1078.326129  1028.403569  16.293317  0.062332  0.918757  0.076269
1230  816.011018  907.837092  16.262502  0.100627  1.008966  0.050940
1231  938.731356  1011.610563  16.078276  0.049082  0.872096  0.052101
1232  971.427451  967.364444  16.040838  0.034227  0.788799  0.027406
1233  1059.033539  901.204541  15.949415  0.031079  0.840885  0.063113
1234  1086.020465  1054.669312  15.880253  0.037055  0.830444  0.040815
1235  1062.052557  1001.884856  15.845652  0.027447  0.763061  0.047797
1236  970.008392  1032.101130  15.669224  0.042400  0.822232  0.030271
1237  1040.787538  954.408899  15.705772  0.048529  0.760578  0.041526
1238  1074.128118  965.665280  15.630045  0.048325  0.741421  0.071957
1239  1033.561743  1043.723735  15.556678  0.048702  0.740927  0.066214
1240  904.584909  991.174042  15.538647  0.056794  0.687797  0.050003
1241  997.575578  1031.087903  15.147157  0.055753  0.611002  0.100408
1242  1004.264018  1032.498299  15.195574  0.054123  0.798875  0.070157
1243  1032.648335  899.149701  15.117260  0.041077  0.678818  0.041347
1244  1138.478776  1002.317619  14.937979  0.023541  0.571315  0.047193
1245  1016.084746  1148.244050  14.727754  0.041246  0.652937  0.031011
1246  946.602824  941.989069  14.738386  0.033113  0.639496  0.045599
1247  1046.681825  883.792835  14.643031  0.043459  0.578595  0.035695
1248  887.922995  968.317276  14.470441  0.034023  0.632883  0.040469
1249  1041.478144  1205.931356  14.446986  0.049993  0.553463  0.029893
1250  990.217482  889.886925  14.404920  0.024664  0.618347  0.060203
1251  1015.865180  1023.840461  14.169208  0.025780  0.544245  0.033958
1252  939.632415  894.179082  14.110005  0.032500  0.538787  0.036118
1253  920.952689  1028.155228  13.971797  0.048282  0.476706  0.042421
1254  998.681846  1073.660559  13.752325  0.031782  0.468861  0.022160
1255  1167.773020  880.266977  13.774667  0.032066  0.458660  0.035616
1256  992.755446  1105.030083  13.598687  0.022647  0.383005  0.042427
1257  939.157545  1038.008279  13.404113  0.019711  0.434845  0.023458
1258  1075.071488  953.233981  13.301312  0.032380  0.398592  0.022947
1259  991.451238  929.963725  13.178779  0.044800  0.367126  0.033266
1260  1002.455081  1094.331761  13.118503  0.033152  0.353410  0.032092
1261  1154.260275  1088.048681  12.947364  0.058213  0.328160  0.024783
1262  944.691569  1033.273283  12.793487  0.032636  0.340749  0.026397
1263  1046.531195  1025.720689  12.549559  0.040462  0.330045  0.018585
1264  1112.814326  1023.308575  12.408765  0.026846  0.309390  0.021969
1265  911.129313  1014.592266  12.144001  0.025612  0.325767  0.045384
1266  1110.652498  931.116524  12.088599  0.035695  0.298135  0.024300
1267  900.248760  1163.629773  11.727224  0.031099  0.316054  0.025689
1268  985.560801  990.579896  11.502859  0.021370  0.370718  0.024967
1269  903.992054  949.593027  11.596641  0.022432  0.993852  0.035559
1270  908.577341  997.756088  11.371820  0.030400  0.944508  0.050642
1271  1060.965499  831.650263  10.835423  0.016795  1.030019  0.020025
1272  1081.938473  930.609971  19.214118  0.095604  1.345461  0.109649
1273  935.719649  1158.194749  15.860867  0.034992  0.790824  0.053593
1274  955.493089  1166.812529  15.630614  0.040996  0.786489  0.029194
20  409.637079  191.789609  10.670696  0.021367  1.977090  0.017762
21  584.206973  996.287997  10.883315  0.037689  1.996258  0.025997
22  311.270921  650.823486  10.111075  0.021152  1.091310  0.029115
23  1601.144766  1846.570261  8.605022  0.031481  -0.110868  0.026757
24  715.589209  356.770155  8.717160  0.032153  0.102139  0.034381
25  1358.657627  763.384232  12.642361  0.021989  2.285573  0.047925
26  2039.407044  1119.979977  12.099273  0.018900  1.764669  0.025826
27  330.566095  1654.093956  9.146846  0.050023  0.011759  0.016871
28  1817.984121  809.101823  8.780876  0.045865  -0.049753  0.018870
29  230.345509  2007.282320  15.347270  0.091285  3.472098  0.041644
210  1250.799172  488.826318  10.319785  0.023220  0.420162  0.018646
211  746.726420  365.210748  10.802466  0.045666  0.683012  0.026568
212  710.230360  1373.748840  10.095722  0.027157  -0.071856  0.028632
213  1119.524156  1616.309827  10.182197  0.022396  0.205248  0.043872
214  380.114659  1274.573466  10.856365  0.021188  0.180453  0.022875
215  665.659513  1127.657539  11.080925  0.017949  0.360187  0.023329
216  1912.208502  933.731907  10.581972  0.042354  -0.038131  0.021780
217  1935.885271  1116.831904  14.893921  0.071111  2.347551  0.044623
218  1047.869693  57.295863  14.753282  0.027598  2.029985  0.034125
219  1018.428672  571.582685  12.074542  0.019193  0.615461  0.027892
220  551.791780  801.203471  16.258978  0.031839  2.842086  0.028639
221  1971.369817  1016.927032  15.238994  0.049825  2.111973  0.038184
222  1992.264436  1656.289407  12.227212  0.030269  0.138785  0.041173
223  976.331041  817.800341  12.974338  0.031649  0.525852  0.028549
224  393.663513  942.747027  11.972576  0.042754  0.093268  0.036647
225  741.748808  893.503945  13.861653  0.021014  1.099648  0.029462
226  1741.331221  954.696106  13.661495  0.034614  0.933386  0.029660
227  896.480339  330.556742  15.799830  0.058300  2.338650  0.050126
228  151.465292  534.676513  12.302750  0.048208  0.471334  0.040999
229  1504.875648  1851.524477  12.385930  0.019210  0.068914  0.023317
230  1392.275834  453.750729  11.781606  0.018396  -0.157472  0.043112
231  1906.605579  18.488381  12.778514  0.021322  0.298930  0.042699
232  1651.392361  1672.439972  12.175990  0.034544  -0.218839  0.024883
233  1541.068534  51.721158  12.716688  0.056632  0.002331  0.067028
234  1652.834937  216.701437  18.732315  0.108983  3.619590  0.060154
235  1516.235335  1460.961731  12.482943  0.018476  0.089430  0.035205
236  799.313141  352.598394  13.433931  0.043369  0.574097  0.047786
237  1475.053164  921.243985  12.696692  0.022735  0.732472  0.020645
238  1905.616038  742.765903  15.110873  0.023720  1.262936  0.052600
239  1606.511448  1453.116658  13.689507  0.046271  0.412970  0.036429
240  1560.892239  1239.351947  16.506571  0.047170  1.935710  0.051900
241  1534.529453  1912.362741  13.572721  0.041010  0.492620  0.026481
242  1329.860805  1022.250502  19.691863  0.099846  3.649339  0.171103
243  936.009279  63.683663  14.616358  0.085996  0.864264  0.029271
244  1661.243272  1468.115719  14.262008  0.037001  0.752499  0.039313
245  1897.294750  928.959678  13.739937  0.038888  0.346546  0.025990
246  2001.312977  1047.032687  13.353016  0.029341  0.549344  0.056289
247  487.242002  123.758299  12.477391  0.021487  -0.289766  0.020087
248  144.065368  1526.756387  14.827169  0.024780  1.151817  0.033349
249  1807.407570  1066.393577  13.774865  0.032310  0.600395  0.020765
250  571.328520  1714.965834  14.293339  0.025333  0.746224  0.032819
251  872.765836  735.818153  13.234967  0.025866  0.450270  0.044672
252  24.099864  1880.969855  13.749827  0.035346  0.234395  0.031794
253  1428.385851  126.443787  17.005140  0.035537  1.925699  0.040354
254  1644.485925  958.091170  12.788173  0.044253  -0.360037  0.028253
255  1020.040456  1500.207876  17.836255  0.051859  2.407303  0.077403
256  1605.411234  673.269111  14.216981  0.024520  0.398529  0.037749
257  1947.034100  1140.582013  14.428201  0.027050  0.393538  0.029510
258  2039.040696  646.842767  13.223195  0.059542  -0.249869  0.024846
259  1585.795302  191.060678  13.726706  0.040629  0.317773  0.028728
260  1228.701163  534.702024  14.217705  0.050136  0.764892  0.023452
261  1998.645756  504.612262  18.803388  0.108596  3.031684  0.101495
262  1552.741478  953.963714  14.213315  0.028537  0.300128  0.044039
263  1319.818009  2035.271648  15.571873  0.034983  1.240146  0.050191
264  328.871504  1050.127050  14.889267  0.042268  0.878061  0.042200
265  296.145665  1139.907971  13.614166  0.054963  0.193115  0.035662
266  1774.630125  648.775560  14.125011  0.022283  0.360572  0.022630
267  213.221147  157.337283  14.440336  0.030494  0.408774  0.046300
268  1815.464821  1666.560057  13.794352  0.064664  0.394302  0.023212
269  521.604936  608.425193  16.339427  0.063529  1.598249  0.061330
270  1708.502782  910.268667  14.120094  0.035236  0.410317  0.024221
271  1363.785940  1918.317485  16.315758  0.046612  1.637520  0.078169
272  614.810464  1486.636702  19.779121  0.166029  3.323170  0.094030
273  1889.494340  367.062729  19.463003  0.157205  3.157533  0.105854
274  1414.716990  1973.836407  18.305600  0.091946  2.279591  0.099860
275  682.144176  369.625730  14.566944  0.060679  0.574617  0.058204
276  627.900280  1042.748214  16.759387  0.049769  1.501336  0.059637
277  1110.652637  268.790385  14.789082  0.038365  0.437521  0.038774
278  1038.601917  723.799817  17.326766  0.125171  1.897293  0.094525
279  256.536853  210.234370  15.044031  0.046633  0.686103  0.027231
280  1660.094975  840.727723  15.123621  0.024732  0.470925  0.071769
281  1126.409769  283.226688  16.458270  0.056081  1.420375  0.039827
282  96.730836  1481.192512  14.833754  0.062863  0.477038  0.023022
283  1094.493161  1581.586476  18.107704  0.047231  2.430269  0.067533
284  1674.636991  103.156643  19.614454  0.135397  3.206701  0.068882
285  1807.846664  1231.757517  15.153429  0.040644  0.768676  0.053441
286  1518.521721  184.559523  15.088137  0.069645  0.878005  0.038976
287  1009.247164  993.911244  15.340893  0.046145  0.658792  0.039282
288  1116.897405  2007.391111  16.279323  0.080056  1.249998  0.035404
289  1806.404770  1550.392575  17.026765  0.069548  1.760617  0.049144
290  795.089603  1252.220081  16.916683  0.034817  1.498288  0.053632
291  1822.719326  241.202024  14.555585  0.057323  0.183652  0.072734
292  1130.243777  279.437933  15.349396  0.093314  0.879697  0.024797
293  1298.541595  1903.127244  15.150989  0.046802  0.838296  0.046365
294  264.334284  1050.395344  17.789905  0.095008  1.931818  0.050004
295  1930.850540  1906.994810  15.899649  0.044178  1.077104  0.059503
296  954.506512  1319.510288  19.028436  0.099628  2.805266  0.088651
297  1261.045808  1201.340330  16.095856  0.030849  1.125247  0.031489
298  1884.707753  1152.373791  15.912989  0.045045  1.115981  0.064354
299  167.752185  1183.610283  14.580381  0.031393  0.378050  0.033812
2100  547.978230  617.170695  16.013028  0.045851  0.901512  0.048987
2101  1091.999242  1415.367847  18.217124  0.089107  1.880115  0.052972
2102  18.043400  1129.176594  16.527362  0.042179  1.203786  0.056173
2103  744.360635  1296.667261  15.931557  0.060345  0.735871  0.069499
2104  1452.826463  42.412667  15.796502  0.054078  0.720667  0.040836
2105  258.782267  1487.920398  17.337514  0.072900  1.378164  0.052996
2107  525.778993  616.869414  17.384787  0.039399  1.425082  0.084903
2108  163.448043  663.943228  18.210607  0.093279  1.867286  0.056668
2109  31.148034  762.430983  19.695904  0.103079  3.021958  0.131109
2110  1808.967868  1696.449445  16.539927  0.039342  1.106342  0.055265
2111  1110.186753  474.272135  19.283082  0.098099  2.553008  0.081579
2112  1141.478817  1909.101481  19.823128  0.158528  2.702714  0.237497
2113  1844.543277  52.560718  19.901795  0.163108  2.705240  0.131165
2114  889.629686  12.981564  15.411955  0.040224  0.691638  0.039255
2115  364.505642  1252.512118  17.746372  0.062042  1.555601  0.067712
2116  324.191644  178.144354  14.672981  0.029063  -0.090906  0.035976
2117  1806.397277  1707.087231  15.645459  0.035717  0.650184  0.030759
2118  453.598277  1073.851065  20.631948  0.122813  3.354306  0.275498
2119  1539.137533  1535.993926  19.148279  0.104415  2.580607  0.066552
2120  170.886483  179.647690  15.383681  0.032586  0.532217  0.040814
2121  101.492724  249.537548  15.910655  0.059801  1.592622  0.063352
2123  1258.565566  255.696970  16.712264  0.039104  1.050923  0.067389
2124  1820.841676  1095.408554  15.637750  0.048975  0.535050  0.060573
2125  630.565758  180.078305  15.857988  0.045212  0.703006  0.054612
2126  131.397493  654.036819  15.724951  0.044916  0.598760  0.046019
2127  597.638190  880.888456  15.943071  0.044119  1.079889  0.068146
2128  447.220369  1032.667625  15.711417  0.049100  0.527587  0.045568
2129  834.228649  1970.341410  15.941258  0.029073  0.529428  0.051412
2130  1225.607612  1947.949191  19.395402  0.074330  2.720291  0.070031
2131  1004.655616  1099.747239  15.507296  0.040371  0.551766  0.038752
2132  1108.979708  1173.340081  15.493279  0.028237  0.451854  0.031902
2133  758.313570  200.424413  15.335553  0.050668  0.441786  0.046998
2134  266.391116  1926.873688  14.602320  0.023145  -0.035482  0.043404
2135  190.304127  1493.303856  15.201780  0.023897  0.337273  0.025088
2136  1297.334594  1036.480101  20.669183  0.111821  3.279437  0.160964
2137  1590.901874  1415.380503  16.979607  0.065264  0.880149  0.035341
2140  1855.477672  1983.151476  19.753964  0.148035  2.305905  0.104323
2141  1373.124638  791.118127  16.484075  0.065121  1.059440  0.062413
2142  823.818593  859.054450  18.176377  0.093037  1.618601  0.072285
2143  1422.728199  742.640520  17.097740  0.051433  1.090875  0.034528
2145  1039.653287  843.601027  17.314771  0.052477  1.115530  0.050883
2146  470.891880  595.546762  16.802719  0.069538  0.887047  0.058526
2147  893.136471  1980.532129  16.345136  0.030348  0.575303  0.049798
2148  2041.213743  1019.586782  18.824789  0.092337  2.105412  0.078151
2149  156.315746  935.384190  16.398951  0.073280  0.716513  0.029490
2151  8.645075  760.765940  19.973328  0.114522  2.788633  0.116976
2152  1869.158657  650.336212  18.818269  0.053026  1.978032  0.196380
2154  1917.924698  294.220386  20.219090  0.127933  2.721053  0.098784
2155  1083.313103  1490.719163  18.939808  0.068493  2.043080  0.067030
2156  1276.943446  1982.606986  16.646472  0.040215  1.364915  0.039874
2157  1885.398690  1619.344171  18.630665  0.055895  1.885133  0.091550
2158  1124.499475  1933.522049  15.427109  0.033851  0.113814  0.032406
2159  326.489980  1080.424442  19.007992  0.066983  2.050484  0.090754
2160  497.429019  627.790718  14.606395  0.041815  -0.417034  0.022747
2161  147.357320  148.832932  16.229502  0.030397  1.503565  0.069659
2162  1691.493177  472.188710  19.687664  0.098142  2.402182  0.079239
2163  271.845155  383.633475  16.541096  0.051279  0.679972  0.054561
2164  1583.409650  417.674650  16.708823  0.060895  0.779627  0.061664
2165  831.751698  842.914586  14.264769  0.024328  -0.393903  0.036717
2166  1317.013146  1313.994799  18.992529  0.069004  2.086730  0.074600
2167  349.355461  2034.714462  16.257955  0.036227  0.384952  0.029969
2168  1787.576200  1652.901196  16.832359  0.049369  1.095918  0.043967
2169  85.726685  1940.951704  19.126566  0.081931  2.350607  0.064876
2170  29.723997  1543.394738  19.725900  0.085291  2.585346  0.170763
2172  888.800619  1993.313370  19.158998  0.147355  2.253795  0.133490
2173  411.442782  542.883342  19.370136  0.126598  2.375109  0.107291
2174  1786.164198  1779.572622  17.467122  0.045837  1.281873  0.069457
2175  1043.787107  795.444726  17.424068  0.039177  1.397246  0.057193
2176  1332.000152  62.107552  17.492775  0.060327  1.253605  0.087280
2177  750.188154  104.708386  19.009644  0.121934  2.267056  0.076325
2178  485.592424  392.690408  19.214490  0.111819  2.081220  0.107224
2179  916.492722  1875.990536  17.809696  0.057629  1.587569  0.045776
2180  240.880737  1539.054395  17.825308  0.049984  1.501794  0.085035
2181  1415.615269  1517.562456  18.014117  0.099124  1.506837  0.053628
2182  875.209265  1294.879996  17.683369  0.052367  1.536418  0.109624
2183  454.739144  1652.957429  15.431425  0.038668  0.077538  0.028912
2184  1843.192591  1675.621657  19.099248  0.102659  2.214807  0.154581
2185  1767.121758  1374.422203  16.858024  0.058857  1.065507  0.043815
2186  651.250747  1248.468171  17.103195  0.101210  1.642103  0.062138
2187  1987.728023  855.258206  16.145463  0.034776  0.616967  0.041148
2188  1481.539583  42.285574  17.987352  0.066562  1.645527  0.053712
2189  1117.727731  1101.985921  17.037666  0.036963  1.025857  0.057931
2190  333.523417  493.392357  17.260088  0.049956  0.975846  0.070174
2191  190.159401  2025.742178  16.440794  0.041190  0.736056  0.046960
2192  1324.062493  873.757238  17.147020  0.064704  0.949114  0.037843
2194  703.697047  575.253593  20.038391  0.117239  2.729157  0.080313
2195  187.453072  1033.107089  17.664506  0.039465  0.931111  0.042377
2196  690.264338  1259.020809  19.784867  0.205578  2.422415  0.160228
2197  135.754635  1104.184429  18.798860  0.177515  1.623610  0.069248
2198  161.333955  1504.549156  16.356047  0.034994  0.457771  0.060821
2199  282.175030  1769.694063  18.512755  0.082874  1.277758  0.092257
2200  1325.394447  2028.802435  19.971327  0.129246  2.604618  0.167967
2202  421.958410  262.797145  19.564614  0.132320  2.053165  0.134279
2204  1450.652046  92.856338  18.468725  0.072256  1.490464  0.137478
2205  741.465477  664.273209  21.281157  0.299501  3.600691  0.193756
2206  870.423360  129.359392  18.791835  0.156729  1.961477  0.141816
2207  614.618323  786.774347  19.536118  0.205191  2.148102  0.076852
2208  645.753216  685.057330  19.157266  0.070811  2.055179  0.062186
2209  477.079619  753.013601  19.264288  0.092174  2.134406  0.084003
2210  1231.795970  835.942545  17.527502  0.046873  0.846440  0.066010
2211  1829.169082  2015.120179  19.985587  0.110879  2.053989  0.114808
2212  1797.849452  493.507509  17.696372  0.080932  1.180946  0.048132
2213  449.385474  521.396803  19.433484  0.077357  2.076418  0.099829
2214  590.348235  1522.834463  17.772122  0.090689  1.007077  0.043492
2215  1768.983319  1184.027086  18.165689  0.043343  1.370004  0.056324
2216  1073.737140  441.985474  16.804304  0.069200  0.430996  0.032717
2217  1085.049273  1751.293016  16.958583  0.053986  0.683480  0.091722
2218  1381.379533  511.040565  16.672813  0.074587  0.556320  0.054252
2219  1571.395903  1044.457170  18.191002  0.083959  1.574856  0.064409
2220  1279.613490  1188.536123  16.670808  0.051835  0.492949  0.093362
2221  322.149784  559.979928  18.166517  0.048124  1.397390  0.071093
2222  1344.896694  525.425408  17.514585  0.067998  1.335528  0.085318
2223  949.354295  623.020887  16.149026  0.074634  0.082653  0.037135
2224  1913.384571  960.713537  17.281280  0.079705  0.805204  0.049381
2225  1947.290497  237.055555  18.291245  0.088321  1.526065  0.069849
2226  10.548299  1569.610629  18.054361  0.073062  1.174019  0.069471
2227  963.350947  1417.616408  17.628809  0.039173  1.285481  0.047932
2228  755.539173  459.370019  16.743827  0.050887  0.388845  0.053117
2229  1078.500937  605.303911  20.489907  0.095219  2.589979  0.211695
2230  121.669906  1033.828723  19.337865  0.088561  1.978372  0.079737
2231  368.210208  1130.994565  20.067912  0.149631  2.442836  0.124922
2232  1851.475030  509.041146  17.342833  0.043652  1.203161  0.064538
2233  1177.556408  1985.809906  20.028499  0.185120  2.438807  0.138364
2234  1782.042582  2009.731011  17.476983  0.066756  1.807137  0.063321
2235  165.830653  415.202627  16.983853  0.065064  0.815896  0.066226
2236  1774.926062  956.163571  18.367852  0.065803  1.635765  0.072149
2237  42.870275  1262.333832  17.768831  0.055203  1.126096  0.066426
2238  256.976829  181.715933  19.556382  0.117168  2.099262  0.076544
2239  1848.287165  1721.935719  18.061557  0.044540  1.095091  0.058371
2240  1118.887266  1627.122013  17.178284  0.053591  0.743117  0.063539
2241  924.408730  1066.799417  19.370274  0.065468  1.750451  0.154875
2242  607.213675  28.995838  16.820617  0.098845  0.411581  0.039706
2243  1964.166857  1960.244702  18.232730  0.116791  1.269071  0.119106
2246  173.032147  541.037448  18.962949  0.081103  1.580773  0.067208
2247  43.551704  1633.391141  20.513923  0.145471  2.906325  0.263225
2248  615.407439  765.087334  19.667681  0.079893  2.158821  0.100291
2249  982.306250  258.687571  17.735468  0.083206  1.142532  0.067954
2250  1891.565296  1835.492305  17.666266  0.064953  1.157037  0.097943
2251  745.781513  1628.050260  16.902465  0.041697  0.465849  0.082590
2252  1302.469404  1725.644806  16.311596  0.032099  0.394278  0.029243
2253  1590.515677  26.705849  17.389014  0.081239  0.987937  0.090017
2254  989.614644  1972.893216  17.210567  0.090859  0.777774  0.043352
2255  1192.366709  1946.782503  17.259522  0.048017  0.827442  0.048995
2256  1040.943961  1612.459618  19.077138  0.056539  1.719301  0.070471
2257  1795.920017  1464.097568  17.097102  0.046648  1.842942  0.037851
2258  674.845522  1002.887350  20.155912  0.107278  2.164957  0.223386
2259  1953.026220  1827.688048  17.382611  0.076223  0.784525  0.066304
2260  550.895954  1291.912139  17.194481  0.044858  0.826322  0.040141
2261  643.581913  1385.701935  16.680509  0.058898  0.603010  0.034343
2262  1890.392615  699.628760  17.866103  0.047365  2.097687  0.040939
2263  130.290460  90.523920  19.650116  0.120754  2.037870  0.086878
2264  1926.326584  405.829281  20.374637  0.220736  2.682363  0.174357
2265  163.702501  1668.425034  19.375389  0.079526  1.699617  0.064493
2266  1255.288370  793.476802  19.192073  0.177861  1.994201  0.091573
2267  94.441979  1610.036900  17.317223  0.072152  0.880223  0.046759
2269  1299.500617  544.772279  20.992705  0.372950  2.971625  0.154288
2270  459.856131  1530.339070  16.874247  0.088875  0.197837  0.045055
2271  281.008344  1159.170115  18.247901  0.089364  1.603966  0.046300
2272  1405.251055  386.052063  17.248084  0.046880  0.460401  0.039349
2273  1565.316190  1562.809502  18.291158  0.075509  1.528752  0.144244
2274  1603.244732  1937.024173  17.648353  0.048346  0.827603  0.057314
2275  1939.102548  1911.736240  17.542320  0.054629  0.561055  0.119020
2276  1515.681749  812.423233  20.522656  0.183172  2.201077  0.104978
2277  534.652432  1469.814691  18.400624  0.060470  1.228891  0.127674
2278  1262.191814  1206.818361  20.500157  0.178549  1.964827  0.190971
2279  1321.566401  1958.676676  18.277886  0.097315  1.903168  0.096276
2281  1434.796481  513.173176  17.679918  0.039485  0.890540  0.038551
2282  1279.159887  406.215663  18.905779  0.102098  1.475269  0.073663
2283  1561.137313  1371.340971  18.188654  0.056280  1.950005  0.047874
2284  1938.600543  1114.238428  18.099359  0.085661  1.731883  0.081080
2285  582.845238  1700.099166  18.137744  0.079504  0.963191  0.134909
2286  1291.883543  1883.282601  20.805078  0.138459  2.516444  0.172348
2287  928.127494  1943.503901  18.412407  0.074539  1.203119  0.094080
2288  1756.596426  1030.988873  19.876425  0.091451  1.445502  0.193268
2289  1698.708180  969.983486  19.535523  0.093755  2.250050  0.123474
2290  1899.234510  1247.269106  17.722065  0.124118  0.706949  0.040001
2291  1039.218272  1380.386452  19.256526  0.172937  1.427281  0.098335
2292  972.641966  1541.114188  19.664801  0.132044  2.306630  0.179611
2293  272.289976  1679.081489  15.676820  0.062654  -0.424599  0.039655
2294  801.437832  1846.029872  17.383769  0.047364  0.759169  0.057764
2296  1723.319452  719.502740  17.819395  0.084480  1.140286  0.048156
2297  1665.975106  1767.515342  17.641903  0.060537  0.481678  0.081829
2298  373.887132  1657.460446  17.131612  0.076779  0.464028  0.038033
2299  1608.696129  1123.639170  18.650059  0.082385  1.061679  0.072308
2300  1850.582885  654.673006  17.771902  0.074915  1.700339  0.080666
2301  375.905024  1749.208481  18.621121  0.101891  2.073548  0.068742
2302  358.186563  1604.991773  20.337479  0.175930  2.390651  0.166257
2303  813.631069  922.521491  17.992225  0.049397  1.480298  0.054092
2304  666.574173  705.097112  16.895413  0.077061  0.121843  0.041272
2305  693.842145  1875.720302  17.659317  0.050496  0.796117  0.066093
2306  3.691474  512.411448  18.159574  0.092123  1.242139  0.112522
2307  794.282109  1144.644863  18.157073  0.131525  1.996574  0.105271
2308  1776.421266  589.993571  17.841285  0.101182  0.940173  0.053007
2309  1065.447897  80.830119  19.457378  0.121901  1.508730  0.135495
2310  1603.286544  954.098563  17.005750  0.057039  0.327567  0.035191
2311  735.234527  276.259868  18.034249  0.056855  1.456778  0.048329
2312  1940.732775  1660.285642  18.622833  0.124543  1.233858  0.096857
2313  476.566700  1439.563052  17.597115  0.044826  0.706969  0.114078
2314  239.292072  1473.040810  19.161868  0.065459  1.647039  0.148357
2315  1390.077546  740.169782  18.700706  0.153434  1.901571  0.094595
2316  725.179862  932.752105  17.045051  0.114353  0.472810  0.060870
2320  1996.960912  504.066012  18.372349  0.057444  0.886776  0.049931
2321  1824.326995  1788.043892  19.248259  0.133284  1.517900  0.106347
2322  2040.923944  939.696705  18.799643  0.131189  1.677477  0.105531
2323  592.022050  1400.279728  19.109782  0.096748  1.474411  0.161195
2326  1801.839964  623.788855  17.969960  0.101531  1.008293  0.074279
2327  325.707713  2020.478383  20.392286  0.133585  2.035378  0.152182
2328  572.833910  1787.953457  19.181951  0.069162  1.561109  0.074394
2330  445.982105  935.884071  17.582005  0.041219  1.031574  0.059356
2331  655.269341  21.181870  19.273162  0.097314  1.405318  0.088473
2332  1727.909216  603.745572  20.463009  0.105988  2.430638  0.214213
2333  1384.044799  154.923988  16.144198  0.047265  -0.172147  0.049425
2334  1878.497802  1593.235951  19.308282  0.179028  1.507903  0.132329
2335  47.063793  299.382383  20.010284  0.111693  1.888904  0.097954
2336  1764.416802  1847.967288  19.893949  0.090121  1.746189  0.122191
2337  1863.414183  594.271439  18.863168  0.112615  1.242217  0.114070
2338  50.967982  4.230449  18.427812  0.090486  0.982143  0.081095
2339  399.281290  789.058674  17.623434  0.118981  0.702013  0.119556
2340  46.218517  1387.925213  16.856624  0.041570  0.030423  0.086062
2341  579.629377  1958.544572  18.966550  0.055517  1.612258  0.068902
2342  1831.524938  1657.363081  17.299578  0.079849  0.526949  0.108127
2343  2029.642997  587.061777  17.172064  0.036478  0.518379  0.063725
2344  925.821529  61.386481  20.056544  0.083864  1.935739  0.205561
2345  1957.929757  1070.052609  19.996025  0.100640  2.119766  0.107310
2346  1608.817322  1185.238576  19.388443  0.141311  1.811673  0.104505
2347  949.204489  627.092658  18.247167  0.079865  0.982445  0.077225
2348  1628.688705  267.122449  20.603989  0.183194  2.311645  0.171588
2350  1440.393898  1496.019456  20.956979  0.175912  3.131327  0.187235
2351  554.776678  1360.697554  18.703614  0.095831  1.190815  0.077086
2352  48.098839  64.904083  18.462473  0.058128  1.718102  0.073894
2353  1313.045873  529.245721  17.642732  0.120213  0.458063  0.074354
2354  1652.005470  102.591634  17.264518  0.076975  0.464576  0.075932
2356  195.655972  702.517729  18.017484  0.063066  1.138777  0.046903
2357  1841.128504  1870.572158  20.296559  0.144469  1.999549  0.151822
2358  1522.468357  266.221108  19.865549  0.096768  1.957122  0.166907
2359  1446.693284  1236.972775  18.214269  0.083890  1.610646  0.078527
2360  444.037784  1129.383364  17.918390  0.084829  0.937261  0.048696
2361  252.116767  1658.866894  18.523825  0.076695  0.942764  0.097175
2362  25.761378  152.451428  19.229371  0.137423  1.234329  0.147553
2363  1882.989674  1490.260230  18.298149  0.053805  1.675644  0.077223
2364  1696.088293  1940.403985  17.752401  0.069068  1.008789  0.112561
2365  1254.470373  1552.179939  18.261899  0.114069  1.071451  0.083951
2366  431.208047  383.356271  17.143614  0.066011  -0.064599  0.095710
2367  586.275719  145.598193  18.976638  0.078628  0.976330  0.058951
2368  270.935668  2008.110951  19.639402  0.071375  1.409864  0.160986
2369  256.833774  993.729318  19.583416  0.177839  1.146961  0.083171
2370  1300.944448  1433.706186  18.995775  0.137938  1.008882  0.095125
2372  1777.914693  268.341468  19.603525  0.172631  1.512987  0.074593
2373  1662.278040  1831.205800  18.739758  0.124709  1.057715  0.101187
2374  430.595677  137.383038  19.489279  0.135120  2.083554  0.197829
2375  442.728622  413.055033  18.841493  0.126477  1.064699  0.105592
2376  1000.281046  1103.268096  17.884217  0.079547  0.467769  0.080077
2377  445.376443  1040.008895  18.730161  0.052646  1.221631  0.070802
2378  162.866406  355.703876  18.848320  0.104376  1.306407  0.064564
2379  16.992402  1705.830425  19.364807  0.088465  1.069047  0.125471
2380  1194.333120  749.220958  20.236153  0.246337  1.538027  0.088163
2381  338.966161  162.095665  19.026094  0.063166  0.893044  0.084184
2382  535.381175  479.954313  17.393763  0.055370  0.241497  0.086367
2383  1357.783492  1193.155068  19.559922  0.120995  1.618079  0.106142
2384  121.547454  883.272388  20.229650  0.115977  1.772662  0.190072
2385  1691.630270  219.054842  18.792581  0.095004  1.338803  0.078677
2387  92.634981  1455.535394  19.276431  0.112471  2.328343  0.179235
2388  841.280625  910.078570  20.007594  0.172543  1.667026  0.084314
2389  1953.638226  1023.319637  20.230943  0.148894  1.911516  0.135191
2390  2028.251683  877.879994  20.094708  0.151301  1.573356  0.156335
2391  1674.585244  213.008007  19.226944  0.105922  1.317701  0.089331
2392  1259.765401  1268.776649  19.382885  0.122905  0.968630  0.058761
2393  1302.267363  533.159698  19.244359  0.120457  1.452634  0.083409
2394  1823.601002  1615.095222  19.691629  0.094731  1.533289  0.120695
2395  41.409385  504.650954  19.382597  0.086683  1.227685  0.075810
2396  1373.628166  167.943783  19.293096  0.088201  1.165369  0.096336
2397  266.880489  1979.687726  20.404764  0.203750  1.880094  0.141498
2398  852.970105  526.610318  18.911837  0.174556  1.308715  0.134689
2399  438.605635  698.639179  20.058315  0.134721  1.567524  0.104971
2400  1434.676558  1721.935660  19.198128  0.076966  1.279348  0.103984
2401  897.134776  1973.876728  19.908425  0.108392  1.328885  0.087599
2402  735.753330  95.593252  20.030316  0.247646  1.895801  0.198208
2403  938.602902  723.108832  19.897866  0.134585  1.353857  0.135010
2404  1843.164690  1207.738514  18.814982  0.153104  0.954325  0.101060
2405  706.664947  188.205230  19.190403  0.060217  1.293773  0.066503
2406  1035.084518  1292.724830  18.983354  0.054616  1.075215  0.082627
2407  1889.801337  1654.859370  20.412395  0.101775  1.825609  0.093498
2408  684.546517  1709.258309  19.534448  0.063431  1.333151  0.096520
2409  254.676847  1570.194057  19.996342  0.095290  1.675252  0.080305
2410  887.427477  766.282734  19.052327  0.103667  1.077256  0.087136
2411  1888.304736  1051.053785  19.734310  0.117137  1.579684  0.128133
2412  455.605239  1826.143238  19.896871  0.204811  1.491470  0.069621
2413  999.479844  1071.883916  19.904097  0.083892  1.651983  0.141743
2414  170.423982  1425.063114  16.899253  0.101884  -0.035948  0.042966
2415  1275.220283  370.837308  18.597741  0.112680  0.885375  0.055944
2417  1331.466151  487.680567  18.215979  0.047657  0.768413  0.080168
2418  1575.443402  316.184605  19.714929  0.131495  1.587221  0.096550
2420  740.621741  460.469867  18.782761  0.105998  1.071892  0.089033
2421  735.725275  1709.836226  19.758550  0.226412  1.342092  0.115812
2422  324.080099  1374.527609  19.632673  0.108406  1.575867  0.224049
2423  1953.401573  689.287223  20.406174  0.288413  2.013522  0.167046
2424  1829.263802  783.986473  20.371844  0.119830  1.664822  0.115149
2425  1426.262655  1960.108103  20.413404  0.240740  2.096513  0.214530
2426  1260.886757  1958.272962  18.348805  0.081349  0.948578  0.104649
2427  1572.222784  705.672793  20.473310  0.216955  1.834050  0.101988
2428  265.087991  1386.531567  20.293800  0.089738  1.962906  0.116019
2429  1803.769993  1699.529710  19.018499  0.127164  1.150979  0.067686
2430  1151.720549  1884.092230  19.106946  0.074745  1.685955  0.113414
2431  1207.166020  1295.623589  18.578559  0.069484  0.905791  0.061156
2432  1096.957795  465.831992  18.620079  0.088520  1.488245  0.075335
2433  299.623548  1744.008426  18.864063  0.127422  1.460535  0.062596
2434  1249.309750  1765.889567  19.368852  0.074018  1.936594  0.170482
2435  420.376300  1740.568737  20.604035  0.159226  1.833959  0.097857
2436  1543.690026  1575.788108  20.761450  0.131059  2.051931  0.174766
2437  1356.909320  1197.970119  16.805584  0.071774  -0.215099  0.039282
2438  1248.942934  1990.155425  19.824747  0.204285  1.257495  0.169782
2439  1065.271821  618.223152  19.325344  0.108727  1.604978  0.138276
2441  70.220351  1922.519824  18.826141  0.111234  1.140174  0.136565
2442  1795.847374  1778.615579  19.130536  0.104935  0.987934  0.069474
2443  1551.890700  474.011076  17.728741  0.082863  0.479141  0.062757
2444  615.898075  898.039650  19.251955  0.073673  1.615429  0.115853
2446  399.596504  1083.760934  18.818018  0.054790  1.237895  0.120818
2447  930.150116  1490.757180  19.103058  0.126774  1.148031  0.119137
2448  1332.271845  1072.949871  21.702467  0.133481  2.883406  0.321191
2449  1581.143248  152.968495  17.769176  0.086100  0.228884  0.077462
2450  369.824131  277.143476  19.139892  0.060224  1.165151  0.111372
2451  879.412374  105.226668  18.715901  0.129007  1.066242  0.086877
2452  235.446441  764.464856  17.405503  0.046301  -0.046973  0.058417
2453  1529.069263  979.305708  19.118185  0.095622  1.102281  0.060741
2454  653.213284  1952.880407  19.632040  0.081313  1.730639  0.137941
2455  1262.493185  91.768105  19.526621  0.071426  1.440265  0.071213
2456  457.515893  57.009454  20.247912  0.140032  1.619154  0.117382
2457  847.401071  404.440394  18.104380  0.075673  0.544365  0.102980
2458  742.386296  113.639183  21.062494  0.202543  2.047279  0.194358
2460  177.647627  1395.449214  18.955890  0.069466  1.336867  0.081500
2461  835.289194  2028.095102  19.733728  0.111210  1.415522  0.141961
2462  864.929447  1869.804164  19.494441  0.125999  1.430222  0.106186
2463  1159.251809  633.413618  17.287027  0.056225  0.186337  0.080337
2465  1349.150024  829.142025  18.749926  0.060024  0.857810  0.119438
2466  1942.880222  1777.743926  19.069678  0.081172  0.964271  0.077578
2468  377.544811  795.461411  17.584894  0.105012  0.360035  0.082599
2469  1067.011553  2047.349257  20.285051  0.116426  1.912686  0.208425
2470  1890.904053  486.283043  20.011003  0.147639  1.609902  0.081712
2471  1351.727798  1984.530129  19.898835  0.105437  1.711404  0.097444
2472  1874.680943  1574.220689  19.274435  0.083618  1.280316  0.133584
2473  320.175161  1956.799779  18.538891  0.104610  1.081128  0.108860
2474  1494.739195  1537.963575  20.329896  0.159434  1.694073  0.081334
2475  1395.859694  1634.932242  20.031388  0.099689  1.677194  0.150933
2476  119.409297  1457.658247  18.702738  0.079929  1.207759  0.100374
2477  144.133211  1467.667106  20.088805  0.122576  2.109613  0.189354
2478  220.789093  581.105029  18.617618  0.064853  0.958287  0.069560
2480  1209.265309  1381.831439  18.418338  0.109480  0.862216  0.068181
2482  1013.715730  129.356801  18.236316  0.077783  0.539019  0.073747
2483  1329.573799  198.079425  18.513659  0.073334  1.222498  0.055894
2485  1974.990759  1622.401065  18.644337  0.116601  1.955418  0.101729
2486  347.995175  262.863910  18.771974  0.116129  0.971869  0.068373
2487  40.743286  238.270259  20.634315  0.132986  1.755105  0.166144
2488  1832.754515  309.139681  20.234608  0.291899  1.929211  0.231621
2489  630.612051  876.530448  19.191047  0.123880  1.157598  0.062492
2490  861.929646  604.985324  17.128134  0.045750  -0.192698  0.039103
2491  698.504716  341.253293  18.679770  0.099322  1.439028  0.073759
2493  1086.332621  86.823243  19.287449  0.107082  1.158436  0.069397
2494  1219.098269  639.227754  19.067076  0.085447  1.515146  0.108118
2495  1374.002606  829.901740  17.369736  0.066959  0.056862  0.087231
2496  61.059711  1830.394768  18.764920  0.062169  0.833243  0.082695
2497  1480.267833  145.128167  18.400300  0.055267  0.994515  0.048148
2498  1252.078298  465.754871  18.072196  0.087131  0.811516  0.077625
2499  1219.350451  705.029911  18.771117  0.092143  1.221191  0.067018
2500  589.175088  1126.797597  15.973173  0.082841  -0.463310  0.036851
2501  562.976795  1709.879107  19.074344  0.062858  1.036489  0.071000
2503  835.385906  1595.081021  20.243740  0.136545  1.782904  0.142894
2504  1444.939262  6.166574  20.505483  0.103440  1.852136  0.094893
2505  845.320662  536.879709  19.991435  0.118146  1.345032  0.257193
2506  182.912734  1146.064652  20.042482  0.108878  1.430020  0.217504
2507  515.602697  816.615422  19.576296  0.104012  1.181339  0.065747
2508  736.477290  1683.246061  19.086369  0.107639  1.152383  0.241648
2509  1718.165398  435.560916  18.878734  0.134285  0.871377  0.080370
2510  331.370707  1067.378561  20.332312  0.210860  1.477802  0.253838
2514  1654.466885  306.760393  20.120021  0.164081  1.260854  0.271739
2515  1982.309030  1344.384829  19.582951  0.081928  1.236155  0.083105
2516  960.491222  963.237611  20.262518  0.216930  1.586662  0.286104
2517  119.009321  417.613829  19.903013  0.084851  1.448907  0.156471
2518  923.793742  73.586930  20.209726  0.089789  2.197177  0.094241
2519  1707.153544  106.516816  20.023541  0.145704  1.336000  0.095616
2520  879.426302  933.702489  19.850743  0.099247  1.541434  0.109273
2521  689.489956  473.339062  20.269159  0.122254  1.227220  0.092269
2522  1999.129725  1426.804689  20.045465  0.139400  1.364258  0.196046
2524  149.973211  1805.248025  20.028168  0.246462  1.326266  0.107754
2525  110.067751  113.098800  20.138525  0.162475  1.501843  0.254507
2526  1524.962369  1195.360765  19.643078  0.114700  0.983779  0.127554
2527  116.927375  1118.516914  19.970224  0.109124  1.400705  0.109775
2528  1821.761877  699.871269  19.853268  0.191215  0.915364  0.178224
2529  1311.803214  573.767196  19.451410  0.082950  1.145870  0.158245
2532  472.151877  1256.555878  20.537980  0.153717  1.528533  0.213155
2533  1062.062264  1888.131945  21.377413  0.118421  2.053356  0.407648
2535  2046.591364  1773.013629  21.497876  0.193846  2.190515  0.214755
2536  1633.269464  1751.490263  20.137716  0.130213  1.144472  0.216740
2537  825.942767  577.833614  19.510799  0.078071  1.082288  0.072300
2540  922.961662  250.393456  20.043634  0.237210  1.640027  0.145967
2541  1196.419044  1713.577033  19.773520  0.204963  1.220623  0.082811
2542  14.793964  1441.792408  18.950950  0.100973  0.512121  0.066218
2543  1396.902567  1039.521138  19.337538  0.103459  0.999554  0.167438
2544  267.949044  513.151250  19.258127  0.174588  1.101197  0.084222
2545  429.955512  1582.115423  19.842799  0.113815  1.498181  0.124767
2546  1516.219428  1018.471401  20.342379  0.258253  1.839196  0.176588
2548  113.504171  1892.787603  17.667898  0.049498  0.030556  0.064321
2549  442.216893  336.805793  20.031644  0.257172  1.363211  0.105634
2550  1918.095708  1714.665549  20.223419  0.177973  1.671134  0.124066
2551  245.562594  558.447966  20.718795  0.134084  1.868324  0.195240
2552  1066.204279  801.334851  20.395612  0.088046  1.886873  0.121954
2553  232.579999  386.762427  19.695832  0.120397  1.216007  0.106590
2555  463.088225  1350.328879  18.302460  0.061932  0.602916  0.108287
2556  273.528398  517.533987  20.750877  0.114639  1.580132  0.125550
2557  1526.128203  1135.522083  20.538836  0.118446  1.612384  0.116547
2559  1276.736645  86.957316  19.076981  0.320462  1.172105  0.069936
2560  1326.335474  374.338240  19.826622  0.102601  2.104292  0.075790
2561  437.500850  1302.158947  20.500319  0.127542  1.527174  0.200747
2562  716.114990  1275.701200  19.626443  0.135774  1.392954  0.104812
2564  637.107101  1538.701313  18.873253  0.164172  1.142920  0.084452
2566  556.580759  1011.814801  19.950080  0.156278  1.188546  0.155721
2567  671.361915  349.498831  20.142817  0.079697  1.247120  0.144766
2568  530.995161  1203.031358  19.581507  0.070492  1.222530  0.090030
2569  100.529042  192.757289  19.747491  0.086189  1.472269  0.098725
2570  522.274858  853.701785  19.636944  0.091477  1.006925  0.114886
2573  1413.613550  1791.798920  17.640271  0.048305  0.055655  0.136534
2574  1829.611286  346.240123  17.534431  0.052517  0.020483  0.064487
2575  1943.729072  1422.446803  19.890273  0.217193  1.160261  0.157773
2576  1794.961613  913.763510  19.678800  0.137696  0.990695  0.161467
2577  622.193532  1948.994131  19.838492  0.173769  1.340760  0.069853
2578  420.732924  809.392988  20.285944  0.169772  2.355912  0.183737
2580  1068.462649  1905.993562  19.670728  0.096670  1.284021  0.097557
2581  1673.278966  1473.916483  17.008092  0.057016  -0.370467  0.033691
2583  523.189351  219.631598  18.136024  0.056084  0.234929  0.122591
2584  1143.207664  214.211029  20.316372  0.097703  1.434367  0.161546
2586  670.870198  660.382742  20.248538  0.117952  1.238740  0.246003
2588  28.608840  822.722238  19.378636  0.116882  1.311775  0.068445
2589  341.821978  279.849988  19.385032  0.111209  1.225007  0.086331
2592  449.063167  258.120954  19.437851  0.135523  1.217959  0.083130
2594  1463.349550  132.220141  19.677450  0.100753  1.221194  0.090800
2595  1858.634734  1397.140540  19.697263  0.144500  2.306786  0.083216
2596  1931.531731  683.479711  20.678127  0.142382  1.598320  0.186687
2598  148.902467  233.264352  19.356930  0.112138  1.431014  0.097216
2599  1266.686463  573.708858  19.591578  0.094605  1.220872  0.080538
2600  301.299201  794.853627  19.777749  0.077901  1.092088  0.089120
2601  372.762944  1420.341733  18.174182  0.093422  0.314069  0.075040
2602  132.626148  1324.205980  19.878584  0.084350  1.343870  0.085128
2603  1497.080298  883.152789  18.916339  0.221485  0.980220  0.113214
2604  881.998401  163.417155  19.163952  0.067163  1.073199  0.145243
2605  570.364701  1242.556586  17.951001  0.061125  0.251081  0.047867
2606  192.811717  1145.620722  20.093007  0.156177  1.536476  0.097077
2607  1217.288078  894.527889  20.073398  0.178106  2.066675  0.119272
2609  381.394363  1648.427428  19.891257  0.102239  1.114761  0.093651
2610  64.415329  1079.739570  19.613666  0.227397  1.325002  0.169036
2611  1262.763786  562.984258  20.543755  0.112382  1.540822  0.137383
2612  326.103456  174.201455  19.636420  0.097638  1.132370  0.118049
2614  1922.702639  1939.713645  20.366178  0.084558  1.418157  0.116405
2615  620.286606  351.609401  19.807533  0.107144  1.196977  0.104369
2616  1264.386149  337.066273  20.489645  0.098233  1.503429  0.090539
2617  404.833155  417.741454  19.696219  0.072632  1.205107  0.124056
2619  1191.467155  661.472945  19.891448  0.087986  1.060788  0.100282
2621  576.090493  861.057923  17.760292  0.073138  0.243430  0.094662
2623  631.427817  1480.400485  17.493250  0.053392  -0.160976  0.106039
2624  382.304094  726.170618  19.309620  0.202953  1.108948  0.125447
2625  1780.300348  14.837106  20.514291  0.233154  1.657029  0.102398
2626  984.390541  1615.115721  20.223389  0.109766  1.740505  0.175113
2628  1840.345679  669.307791  20.014715  0.285176  1.737897  0.113676
2629  600.713354  985.481720  20.049298  0.150092  1.705478  0.122437
2630  1919.834290  860.418584  20.096614  0.113693  1.165917  0.100736
2632  1647.406498  249.960248  20.385472  0.149720  2.010815  0.084228
2633  1305.610509  1495.980828  20.836704  0.208112  2.176954  0.104624
2634  296.833146  871.267475  19.339672  0.149727  0.966584  0.069934
2635  651.088334  1134.739135  20.505085  0.223461  1.371307  0.086237
2636  1006.433498  1001.586380  20.310446  0.142073  1.201499  0.218713
2638  1221.279793  1691.172964  20.288646  0.204746  1.841748  0.193199
2639  440.779432  521.005958  19.949936  0.087840  2.127243  0.180552
2640  175.513134  1644.659409  20.088017  0.191843  0.985656  0.125400
2641  1284.740099  2003.650744  20.612593  0.141342  1.471315  0.108102
2643  633.744087  1409.277799  20.106922  0.231805  2.095661  0.215021
2644  1599.466490  1569.800351  20.795670  0.312868  1.098435  0.254495
2645  1250.471188  755.942001  20.914505  0.108368  2.267426  0.296666
2646  1312.083859  1006.927023  20.560953  0.143581  2.015281  0.161249
2647  753.396326  1164.719077  19.760630  0.231795  2.615281  0.126587
2648  1018.653259  1276.550914  20.464822  0.089474  1.688013  0.160105
2649  787.667908  638.503229  21.056395  0.152560  1.294621  0.253316
2650  947.933516  571.398732  20.163950  0.129182  1.764248  0.102522
2651  1809.482101  1373.443033  19.726829  0.231316  1.052386  0.164060
2652  1729.200462  928.839022  20.004120  0.277354  1.426386  0.197815
2653  1881.277559  1252.982543  19.986830  0.167662  1.498956  0.209513
2654  745.121724  152.569064  19.881684  0.154463  1.288694  0.168814
2655  859.934707  1439.773190  18.982604  0.094758  0.715006  0.111738
2656  1313.910495  1601.954904  19.488506  0.073607  1.034079  0.153831
2658  1903.732450  1338.673302  19.576344  0.094434  1.262521  0.094749
2659  585.348229  800.145318  19.648572  0.187086  1.201735  0.078594
2661  1726.606324  1581.261732  17.261133  0.074487  -0.169584  0.045317
2662  277.034568  873.554307  20.623681  0.361764  2.278266  0.254992
2663  1368.371071  389.540097  20.344605  0.215569  1.731117  0.240627
2664  639.494056  112.819104  17.577011  0.072752  0.085194  0.081447
2665  1515.800084  1832.807397  19.041461  0.079495  0.843365  0.102439
2666  1987.749207  2008.616145  20.193006  0.154025  1.531136  0.124435
2667  681.090103  898.569870  19.954249  0.087083  1.448296  0.204743
2668  843.678672  509.083786  19.633393  0.087037  1.090505  0.132929
2669  439.023453  1810.921301  20.320419  0.136064  1.517430  0.089909
2671  1860.202273  678.874959  17.998152  0.106409  0.208882  0.066798
2672  1788.131639  1647.389784  19.739417  0.087074  0.836093  0.162732
2673  664.921529  710.425971  20.504655  0.285626  1.179359  0.198627
2674  89.613277  1143.266063  20.962706  0.123602  1.894001  0.135726
2675  889.902628  1445.960193  20.136396  0.121900  1.194653  0.081505
2676  1850.996420  396.986701  20.307390  0.163018  1.343996  0.230325
2678  1537.600453  410.203261  20.717894  0.105210  1.124326  0.241866
2679  531.491860  1305.471876  20.361431  0.224533  1.261801  0.215559
2685  614.403034  455.851977  20.084151  0.122472  1.435724  0.181783
2689  499.675056  620.196536  20.612641  0.198117  1.623565  0.093614
2692  1904.878825  96.825933  19.567387  0.079581  0.861252  0.237914
2695  3.213356  854.361633  20.254597  0.159523  1.010751  0.075287
2697  604.580171  686.422099  20.676119  0.114811  1.475228  0.107722
2700  517.624692  603.697256  18.332669  0.069004  -0.168305  0.162602
2702  198.869757  564.104215  20.605295  0.147805  1.213477  0.156200
2703  269.747172  167.767262  21.291677  0.369150  1.882814  0.158917
2704  166.022553  43.073611  20.375306  0.165811  2.165273  0.189922
2706  791.675508  716.249542  20.848572  0.338098  1.188872  0.201412
2711  791.654986  741.756690  20.258173  0.120088  1.349074  0.112890
2712  721.896762  1999.374688  18.771064  0.091016  0.271347  0.105813
2714  1042.367218  1844.670300  20.657729  0.119908  2.545231  0.140424
2715  220.616238  848.993813  20.237538  0.140914  1.118696  0.141477
2716  987.378602  428.763352  20.760777  0.196867  1.488076  0.137676
2718  1318.970134  167.185501  19.466829  0.107061  0.521489  0.072149
2720  497.354014  1292.856781  20.469488  0.162664  1.246573  0.258163
2721  1597.133684  1113.353991  21.113515  0.117534  2.493611  0.148095
2722  1713.906565  822.105461  20.483085  0.167950  1.586859  0.165471
2724  255.426130  20.157969  19.201414  0.065442  0.422095  0.193095
2725  670.537195  1667.786618  21.150313  0.142481  1.221760  0.188502
2726  267.283899  576.117092  20.892945  0.233870  1.738243  0.250768
2727  851.601422  1710.624861  19.378352  0.193908  0.770912  0.092162
2730  2032.831160  1114.835274  20.551118  0.285370  1.610016  0.176557
2733  1311.467001  1421.945869  19.627365  0.202763  0.879514  0.084230
2734  355.337342  1207.704583  21.018225  0.134744  1.277837  0.139279
2735  1053.372194  389.761977  18.932420  0.062909  0.045433  0.103737
2736  986.500725  1381.589946  20.138969  0.158300  1.256073  0.128895
2739  276.291711  1886.972175  20.868913  0.219653  1.095585  0.172206
2740  1361.837171  1784.231284  20.604198  0.107995  1.029820  0.279645
2742  1141.714210  1737.211018  20.664511  0.117840  1.702738  0.311737
2745  1483.459149  1462.138396  20.180607  0.085757  0.807669  0.174826
2746  641.910317  1368.972976  20.742347  0.282966  1.192410  0.137776
2747  1587.362790  2042.169318  20.406753  0.135190  1.011717  0.284737
2748  1619.672490  834.912163  20.765835  0.248421  1.605805  0.114872
2749  140.362333  1999.686224  20.177279  0.213028  1.235257  0.236870
2751  1739.074580  1552.200480  20.702034  0.224532  1.387128  0.121164
2752  1013.507442  487.427322  19.464038  0.103245  0.766811  0.099611
2753  878.321436  1395.788612  19.386360  0.128361  0.576386  0.070295
2754  1957.271133  624.559824  21.209358  0.243010  1.289738  0.115242
2755  1959.076949  859.937752  20.413060  0.093145  1.147152  0.106819
2756  1009.663316  1216.074146  21.096128  0.189251  1.696394  0.167286
2758  888.204276  1198.007114  18.922579  0.067712  0.373220  0.124277
2760  193.796115  822.571180  20.315772  0.133490  1.036601  0.095644
2761  1970.948936  1647.881387  19.928918  0.269314  1.346890  0.119891
2762  697.037787  940.420769  20.027952  0.111293  0.765963  0.078900
2763  114.908346  982.883139  20.689952  0.116712  1.421232  0.160920
2764  1340.298977  428.036967  20.219430  0.268484  1.135161  0.125460
2766  939.696939  1157.154012  21.022287  0.249325  2.049873  0.203809
2771  1459.443906  51.675553  20.396919  0.224984  1.134624  0.156704
2772  858.796868  101.005167  20.517630  0.159102  1.146746  0.173093
2774  330.943360  839.006966  17.348088  0.037617  -0.223300  0.143017
2775  694.450608  1349.266220  20.889453  0.194972  2.198426  0.157220
2776  1324.257501  26.074900  20.687990  0.173278  1.530139  0.108532
2780  1544.379205  937.182618  20.537410  0.184353  1.552804  0.190567
2781  233.413331  1627.228580  20.550550  0.195581  1.101383  0.121131
2783  202.453099  1425.522864  20.729099  0.280608  1.476031  0.152119
2785  580.453170  1024.942555  20.699780  0.213944  1.307943  0.144384
2786  140.939218  920.938070  20.332951  0.164257  1.749434  0.116699
2790  226.271579  533.593290  19.000577  0.107323  0.200133  0.078440
2791  682.256411  1317.274370  20.469559  0.093355  1.910565  0.174642
2792  193.423971  2035.160127  20.547620  0.136387  1.140533  0.150680
2794  1304.194952  1819.776259  20.003866  0.173327  0.519947  0.154939
2795  1794.148079  2001.098719  20.672646  0.176092  1.120887  0.152024
2797  1326.504966  1569.342685  20.943279  0.228733  1.874277  0.171118
2799  1302.272846  1080.717059  20.188107  0.151622  1.413815  0.151323
2802  1750.028416  1233.150511  18.036151  0.065644  -0.008565  0.079306
2804  1309.689458  405.982677  20.301567  0.125557  1.087716  0.107518
2805  345.096479  905.231802  20.844996  0.299266  1.334158  0.131528
2806  228.929859  623.606450  20.676149  0.259797  1.266785  0.200064
2807  1730.367299  1484.908227  20.822945  0.242073  1.723815  0.133004
2810  2041.643594  1252.589824  19.414697  0.073770  0.575629  0.087721
2811  744.215927  381.375355  20.696451  0.114745  1.230019  0.107595
2812  1802.302618  1051.697666  19.225113  0.085192  0.638591  0.171966
2813  1992.341146  1238.041492  20.351321  0.088553  1.122478  0.176753
2816  1739.055565  646.165026  20.280604  0.102849  1.057752  0.234602
2821  854.550105  466.300797  20.865775  0.168393  1.534150  0.125253
2822  1426.664697  2007.129465  19.710499  0.160318  0.754824  0.179185
2823  1293.754924  579.054525  21.002384  0.152151  2.084656  0.282836
2826  607.313114  20.114761  20.849801  0.155747  1.208758  0.158288
2828  797.408881  1697.494801  18.145708  0.088566  0.006321  0.069752
2829  1167.791967  1678.930489  20.722347  0.129458  1.378303  0.166766
2831  285.717004  1592.954658  18.130345  0.051170  -0.179947  0.070220
2832  1193.897320  1935.486856  19.673742  0.180518  0.850292  0.101427
2833  681.960780  642.271316  20.450179  0.218299  1.329965  0.121692
2834  1549.678325  538.406144  20.391889  0.233317  1.520514  0.201282
2837  1103.452039  26.331364  19.129833  0.093967  0.436734  0.061423
2838  562.073812  762.301161  18.248817  0.054119  0.078241  0.072923
2839  1354.709324  519.121447  20.677089  0.192808  1.800107  0.147915
2844  132.751859  1278.058399  20.448445  0.169217  1.008274  0.170186
2846  1130.173874  1882.389078  20.650846  0.114852  1.360530  0.114106
2847  1927.353073  927.421322  18.930253  0.079493  0.485760  0.059697
2848  582.505849  1748.363983  20.649787  0.258016  2.249095  0.194789
2849  1526.289378  335.911841  20.982383  0.215803  1.655033  0.134924
2851  1963.881845  117.943790  19.938776  0.154799  1.171043  0.184003
2853  1498.432534  120.778895  20.810542  0.262556  1.556028  0.200745
2854  1762.636096  1584.420032  18.376688  0.085027  0.209885  0.144782
2855  234.883821  1308.245857  19.487765  0.098753  0.754652  0.202168
2857  760.770588  1199.570461  20.446411  0.099650  1.056214  0.106801
2858  256.689465  362.318690  20.447996  0.177211  1.083955  0.162065
2860  1899.957003  1139.739692  20.766142  0.128092  1.575284  0.193027
2861  804.054296  1594.219178  20.116536  0.122297  1.249629  0.235096
2862  300.721890  1698.774609  20.426525  0.129589  1.477216  0.147317
2867  771.756091  234.737804  20.064650  0.182103  2.161717  0.178929
2868  237.304809  1556.468430  20.917264  0.106347  1.961600  0.235384
2869  1969.361093  1930.508339  19.560180  0.104478  0.712349  0.189644
2871  812.888421  1328.214935  20.371076  0.115341  1.504280  0.088212
2872  512.474102  1466.409958  19.329807  0.094690  0.348751  0.131305
2873  587.537194  1857.006115  20.420797  0.221575  1.551894  0.157988
2874  234.189939  1988.047790  19.927673  0.135655  0.997790  0.133605
2875  729.469748  1252.650379  19.290254  0.062997  0.668127  0.071051
2878  721.399872  1839.492572  21.182571  0.258305  2.442875  0.270589
2880  926.132447  678.922545  18.967673  0.089666  0.172881  0.061114
2883  568.736318  1476.723727  20.397358  0.201363  1.452933  0.106289
2886  733.693455  1711.690132  20.349754  0.087893  1.053416  0.125025
2887  1007.065302  226.528498  21.146792  0.504146  1.808036  0.185403
2889  1040.945037  1094.807677  20.300493  0.101374  0.671466  0.087518
2890  857.517416  881.040836  20.533613  0.151924  0.763153  0.091072
2891  832.086989  1245.509884  20.798351  0.273041  0.938195  0.107041
2894  1663.700793  1591.866568  19.889779  0.110417  0.704676  0.130473
2897  1123.897985  1589.598243  20.769559  0.331060  1.605934  0.198222
2903  105.078617  0.353005  20.303423  0.088873  0.898134  0.093915
2909  768.498787  1375.747509  19.349815  0.132736  0.227172  0.131776
2912  252.426783  138.349087  20.449358  0.181787  0.752276  0.141560
2914  1615.169856  1083.394935  20.664630  0.379302  0.983349  0.123894
2916  610.578130  1016.326782  20.728241  0.189512  0.990663  0.161484
2919  573.190641  1024.261694  21.119116  0.116722  1.120486  0.321163
2922  1353.427297  1302.231366  20.422745  0.209061  0.668329  0.110881
2927  1975.225131  655.248671  20.902483  0.119451  1.332645  0.200831
2929  244.100332  118.616440  18.593982  0.153214  0.014827  0.120232
2932  435.016360  967.407069  20.052754  0.089425  0.856476  0.161213
2937  73.460369  60.332790  21.489707  0.126691  1.767022  0.156647
2945  556.733484  320.519033  21.772404  0.263950  1.828516  0.354824
2948  142.805979  315.816123  21.010343  0.135258  1.412209  0.168146
2950  393.315227  1250.565899  20.634315  0.126898  0.731801  0.207673
2951  1266.337832  1812.624408  21.006807  0.246656  1.699625  0.304916
2952  145.279495  848.115120  21.241035  0.567153  1.217864  0.446729
2958  375.077227  1969.097425  20.312891  0.105792  1.046203  0.192333
2959  832.735270  31.915506  21.325561  0.151362  1.759410  0.131075
2964  1231.081643  1231.661521  19.474084  0.080971  0.395557  0.120550
2966  1538.961713  778.694689  21.196842  0.144380  1.169673  0.374884
2967  1055.049575  1693.335165  18.591063  0.053757  -0.170145  0.090849
2969  60.700707  686.306834  20.488149  0.186741  0.752436  0.113453
2970  1132.984195  347.011476  19.075164  0.088727  0.036661  0.061680
2971  438.433204  1797.890642  20.726729  0.126434  0.737125  0.148836
2974  1283.056070  854.387303  19.361511  0.183238  0.281988  0.177415
2975  1197.371922  1911.488195  18.951033  0.181351  0.175208  0.112538
2981  1547.090304  496.938980  21.061935  0.172044  1.173626  0.246445
2985  1858.994164  176.395694  18.691520  0.074753  -0.017151  0.056480
2989  414.050717  1968.051250  20.792588  0.382184  1.868868  0.235840
2990  1074.218672  543.449746  21.255904  0.219389  1.953366  0.126304
21002  524.986427  1846.859077  21.197155  0.213403  0.892863  0.253723
21005  367.808462  1371.739691  19.839952  0.173380  0.774199  0.097865
21011  374.487635  686.709991  21.302177  0.257334  1.553616  0.221633
21017  312.785080  86.555118  20.918912  0.180430  0.615348  0.089520
21020  641.804433  815.849991  21.008262  0.307294  1.703001  0.245145
21023  2016.710551  989.460464  20.140015  0.191088  0.746088  0.232172
21032  494.495443  606.659699  20.041924  0.083057  0.667864  0.197631
21039  208.744576  1148.216169  18.743259  0.065643  -0.169413  0.098031
21043  1140.266120  2004.001239  20.396672  0.194759  1.085718  0.122807
21050  296.492141  1363.097360  20.428257  0.161421  0.658368  0.151532
21051  159.026387  1365.568649  21.293350  0.147499  1.640392  0.244862
21057  1106.346695  694.295852  20.073865  0.129933  0.715283  0.159321
21066  1308.734045  1571.106983  20.324788  0.148400  0.297226  0.174587
21069  228.614197  1891.285242  20.054537  0.120448  0.732840  0.087252
21070  575.848421  1363.263514  21.236614  0.249794  1.052282  0.169016
21071  1462.612060  307.210773  20.968795  0.453205  1.214424  0.190872
21078  1157.884899  1502.040724  20.323938  0.168429  0.849992  0.103838
21087  1191.962399  1134.374512  19.362152  0.066189  0.139673  0.090622
21090  452.298257  1193.779718  20.965160  0.317321  1.185289  0.160005
21092  792.697526  639.158861  19.905013  0.319980  0.579507  0.199867
21102  1144.242306  893.185623  20.496088  0.168778  0.433976  0.152858
21103  855.582482  763.790873  20.219209  0.134912  0.187208  0.142965
21105  1343.917052  1081.816064  20.780426  0.108787  0.790200  0.116297
21109  1809.085562  706.045558  20.657934  0.474855  0.871210  0.138046
21111  521.354977  1332.425750  20.810276  0.351704  0.870065  0.224142
21112  764.069640  1890.517123  19.941455  0.256441  0.626224  0.171920
21113  66.414406  1926.385308  20.105971  0.148672  0.281024  0.247008
21117  1042.572055  1522.415294  20.538243  0.180928  0.759589  0.157804
21122  882.720534  1352.249887  20.485848  0.101770  0.603528  0.155243
21123  1601.041553  1953.414887  21.185683  0.217625  1.042285  0.182021
21125  1958.182136  1995.579812  19.864380  0.078631  0.016420  0.157369
21126  654.708477  894.449453  21.095148  0.127365  1.456267  0.260293
21131  1616.194002  522.963954  20.924265  0.324154  0.808468  0.183086
21132  1224.587021  1762.758152  20.808751  0.245266  0.065865  0.125792
21133  1072.064599  750.371405  20.362761  0.117654  0.343160  0.129686
21139  1081.629941  1942.491507  21.217127  0.372209  1.021021  0.205804
21140  1074.805248  1519.875712  20.236525  0.159985  0.813536  0.225012
21141  1625.732874  513.213713  20.943108  0.150685  0.798026  0.151032
21142  1902.480994  653.271144  20.557571  0.106621  0.653802  0.268487
21146  994.215110  1264.274121  21.195481  0.286941  0.529276  0.190775
21147  1615.031906  48.148452  21.144218  0.141308  0.969100  0.190609
21148  1816.050464  661.128213  20.262315  0.149548  0.183304  0.239591
21152  393.776475  85.799532  20.612298  0.221042  0.561701  0.177156
21156  1551.607186  1043.791910  20.415135  0.187469  0.303164  0.180462
21158  2017.488006  1579.781086  21.863856  0.219238  1.384546  0.248164
21159  954.779912  675.666479  21.155076  0.297034  0.673763  0.196783
21160  1183.299365  1207.353286  20.313402  0.087066  0.438798  0.132862
21161  1089.054134  1014.459167  19.783475  0.179115  0.023009  0.111509
21164  1825.226383  401.181079  20.261967  0.164419  0.311956  0.182808
21165  85.234984  180.023963  20.316122  0.106641  0.568562  0.175053
21167  444.062626  1273.087560  21.612802  0.190187  1.679760  0.214634
21169  675.630709  1440.773304  19.778080  0.075451  0.151934  0.160591
21173  1475.569477  1822.167912  20.571020  0.124740  0.257233  0.186854
21175  1129.447126  2021.759891  20.444201  0.228570  0.660370  0.138857
21177  87.456582  947.671654  20.802642  0.208154  0.656804  0.115822
21183  1252.742582  220.360451  21.217259  0.161667  0.566921  0.126417
21187  1140.915542  1809.882986  20.705577  0.143462  0.205065  0.111389
21188  1393.487126  1333.012050  20.944441  0.136601  0.649009  0.173454
21193  603.574463  899.606108  20.649038  0.135154  0.578571  0.220276
21194  2040.811195  206.110810  21.552665  0.263753  1.284531  0.245726
21195  1821.520690  1764.049911  21.188548  0.259891  1.373532  0.259721
21197  1623.955101  1621.906639  21.012298  0.207933  0.642099  0.290749
21200  1502.933878  310.372695  20.954986  0.324857  0.703441  0.170602
21201  228.515235  1468.534265  21.293849  0.190833  0.688039  0.146595
21205  1614.752089  95.034882  20.920615  0.130415  0.513700  0.117481
