# id  x  y  V  eV  BV  eBV
125  869.752504  1029.835878  21.061250  0.199094  1.530604  0.127353
143  1166.817157  1110.233682  21.175659  0.163769  1.566727  0.196878
146  976.107418  1106.319503  20.755552  0.291225  1.604434  0.233246
147  1059.352474  960.363418  21.250038  0.115488  1.466652  0.268826
148  1034.562130  1095.625482  21.250869  0.171017  1.437348  0.170506
150  1031.828972  1035.019612  20.997036  0.188665  1.396569  0.112209
151  981.043876  1087.868477  20.917287  0.160322  1.537473  0.129441
154  942.045061  908.553052  20.785505  0.249265  1.293141  0.212768
157  1097.028444  980.160000  21.074084  0.136852  1.347422  0.235564
159  927.053660  977.480581  21.098609  0.291889  1.415678  0.159537
160  948.237722  981.180826  20.662291  0.287063  1.507592  0.174610
162  997.232271  1030.814761  20.466003  0.262308  1.173194  0.154282
164  976.893092  905.577902  20.703000  0.119727  1.597979  0.366097
169  918.634824  1050.249482  20.617648  0.159673  1.411787  0.218995
170  1017.446892  892.134769  20.715170  0.162121  1.160075  0.195922
172  954.904637  970.288947  20.460890  0.131590  1.470508  0.158633
176  1002.378383  1014.126469  20.828581  0.172892  1.401342  0.118053
178  995.591660  1009.658675  20.545345  0.235176  1.257892  0.140195
180  1154.640609  923.150500  20.900630  0.134869  1.563861  0.115884
181  1103.082312  938.777948  20.642893  0.149534  1.503535  0.290242
182  966.058906  998.297457  21.157555  0.362000  2.014146  0.357656
183  1037.140849  1137.653965  20.924319  0.190768  1.323429  0.169746
185  1094.186906  1086.301819  20.749813  0.105972  1.470814  0.133109
187  1146.488054  1052.770488  20.478335  0.172095  1.882213  0.204850
188  1242.665103  1092.350689  20.577646  0.093578  1.489689  0.203517
189  964.051415  1041.871278  20.672571  0.220549  1.198794  0.107443
190  873.953567  962.746634  20.313996  0.191301  1.641065  0.178717
191  1087.730074  1125.144412  20.667750  0.197447  1.406587  0.110317
192  1140.943913  899.633172  20.467768  0.160205  1.274560  0.111479
193  1000.926740  1098.510725  20.596118  0.102136  1.171650  0.096119
195  1197.509304  1127.312998  20.580186  0.209685  1.485077  0.112327
196  966.705664  885.243392  20.445410  0.111779  1.237223  0.195859
197  887.985664  891.399229  20.351391  0.109128  1.489103  0.104268
198  1178.840740  1144.850924  20.318883  0.209076  1.495639  0.131573
199  966.500106  983.131894  20.308097  0.144756  1.261404  0.128092
1100  1022.912635  990.115185  20.048257  0.289032  1.465498  0.191259
1101  1077.496668  1062.709084  20.495503  0.102800  1.481633  0.101779
1102  999.223665  1028.522045  20.554251  0.157553  1.441155  0.095549
1103  944.914432  976.649830  20.117209  0.173532  1.430937  0.204601
1104  944.739615  1011.173745  19.986102  0.220417  1.266341  0.109404
1105  1015.995556  1053.802476  20.374237  0.151033  0.810745  0.287379
1106  1060.673167  1067.750154  20.211927  0.086707  1.339225  0.100009
1107  934.230241  970.968760  20.178172  0.172406  1.663947  0.142129
1108  907.407974  1092.348580  20.439006  0.103658  1.171276  0.143764
1109  970.074194  1098.431754  20.481523  0.187635  1.368389  0.113733
1110  1015.066337  1113.208443  20.385659  0.202490  1.588259  0.129923
1111  1079.638303  1096.386703  20.467512  0.123613  1.529676  0.163426
1112  1053.914051  1065.468109  20.278731  0.124956  1.411649  0.227393
1113  954.005873  1054.935081  20.130415  0.143647  1.274060  0.116995
1114  967.270912  997.007462  20.258266  0.081752  1.280820  0.082285
1115  982.799319  944.920637  20.220877  0.118763  1.391461  0.124647
1116  1115.421471  1043.241308  20.529479  0.150024  1.469290  0.085057
1117  1028.107592  1001.046036  20.193737  0.136533  1.399057  0.093755
1118  980.716749  1105.183171  20.009792  0.121955  1.250691  0.109124
1119  918.537585  1027.045396  20.339878  0.128603  1.447235  0.085947
1120  983.006536  1138.410189  20.062210  0.125866  1.391578  0.250062
1121  1016.767099  936.774595  20.244039  0.106358  1.397786  0.144590
1122  1114.760827  1035.227341  20.156404  0.097494  1.310021  0.115701
1123  1112.881234  947.125576  20.092458  0.083381  1.140621  0.138861
1124  1045.381181  1036.218962  20.014245  0.173659  1.524212  0.096054
1125  1069.599396  925.047276  20.166773  0.198780  1.365131  0.186678
1126  976.860938  1081.233572  20.104380  0.095829  1.331440  0.077024
1127  1093.111992  932.915077  20.065371  0.124509  1.650380  0.145385
1128  949.709292  924.082176  20.048173  0.081671  0.957629  0.154907
1129  1100.090429  972.246405  20.277164  0.169693  1.282908  0.117042
1130  1008.691425  974.715904  19.525766  0.228128  1.273165  0.081627
1131  1175.833682  1096.395981  19.914713  0.137658  1.246761  0.092805
1132  955.933901  1097.290711  20.009159  0.083822  1.579704  0.127899
1133  1002.736497  1005.634150  19.875001  0.156550  1.582820  0.083490
1134  875.259351  983.247176  19.993804  0.091259  1.334256  0.120899
1135  1011.284398  858.055803  19.753319  0.165110  1.154602  0.172920
1136  970.859315  1080.809984  20.016242  0.094555  1.337270  0.108810
1137  1095.437885  990.389125  19.954172  0.213495  1.327660  0.200263
1138  1012.138762  845.154632  20.129186  0.235948  1.373570  0.084978
1139  857.104916  1045.598556  19.848897  0.140632  1.421090  0.108634
1140  995.709051  1046.833725  20.086771  0.128533  1.567777  0.193894
1141  1171.317248  994.242908  19.944362  0.094247  0.786692  0.217676
1142  950.077153  967.179039  19.864275  0.126439  1.308585  0.102257
1143  1043.861627  950.320251  19.906385  0.077594  1.403206  0.150637
1144  1047.062262  1041.557299  19.783192  0.081790  1.286599  0.151260
1145  1087.959982  889.543762  19.653691  0.110839  1.405641  0.145872
1146  1084.078264  945.670021  19.952113  0.129683  1.317814  0.099134
1147  977.879306  876.395643  19.616701  0.117059  1.269630  0.091415
1148  954.304266  1098.846618  19.651114  0.165867  1.612943  0.202115
1149  1092.072407  1094.745149  19.760632  0.121655  1.240397  0.089437
1150  972.730266  996.712325  19.669075  0.106022  1.281858  0.087584
1151  968.523203  1047.461847  19.676460  0.067879  1.179827  0.089919
1152  1015.227126  1117.543178  19.649829  0.068465  1.246641  0.072328
1153  837.765837  983.018906  19.665189  0.180042  1.236796  0.098455
1154  1061.890908  1040.428626  19.620934  0.110984  1.216428  0.108460
1155  916.497818  1100.307804  19.728113  0.073800  1.408520  0.104631
1156  1084.790292  1119.206605  19.416933  0.144387  1.327714  0.076441
1157  1042.927329  1007.610573  19.682611  0.104245  1.148533  0.118961
1158  974.911406  1033.626706  19.463927  0.136646  1.187103  0.144951
1159  923.915162  1102.170604  19.635149  0.096626  1.322700  0.093847
1160  1107.351695  918.976881  19.547987  0.068875  1.260155  0.068833
1161  1114.755973  988.988662  19.806832  0.093427  1.128881  0.089639
1162  1080.067359  954.263941  19.636523  0.092322  1.455823  0.099749
1163  955.984671  1123.474842  19.462508  0.132860  1.672099  0.203207
1164  933.203804  1001.797509  19.461516  0.082514  1.057099  0.097193
1165  970.868183  914.175119  19.521687  0.106672  1.343644  0.104718
1166  1058.403471  850.499871  19.441130  0.062855  1.310884  0.148883
1167  1139.891548  1039.898665  19.411408  0.152314  1.245049  0.129983
1168  1073.133978  1195.729039  19.491561  0.106973  1.371548  0.099641
1169  1222.590484  960.722616  19.352165  0.133800  1.251242  0.079257
1170  1147.663258  964.647997  19.350366  0.148981  1.256608  0.092643
1171  1014.350766  861.251707  19.307711  0.116289  1.253895  0.106422
1172  963.122053  1004.507034  19.274660  0.178719  1.230739  0.127766
1173  875.385795  992.642990  19.319911  0.081771  1.264649  0.107937
1174  1190.031196  924.559544  19.026947  0.101631  1.241532  0.116810
1175  1037.371105  947.397857  19.579804  0.161635  0.958274  0.146186
1176  1071.990395  1019.944018  19.239520  0.060971  1.271933  0.127940
1177  1070.468465  941.856276  19.220658  0.068606  1.347057  0.078661
1178  945.081549  1171.517460  19.273316  0.120706  1.300722  0.086972
1179  997.834097  956.442624  18.684630  0.227870  1.202982  0.082431
1180  1045.301187  994.205082  19.157627  0.092001  1.190018  0.083665
1181  1059.309978  928.966431  19.301503  0.204169  1.252728  0.091439
1182  1033.708237  1044.549468  19.071843  0.069652  1.337437  0.098407
1183  1138.761830  935.089336  19.051737  0.126079  1.207571  0.122757
1184  1022.923735  945.238753  19.161813  0.084223  1.165364  0.126498
1185  1119.938540  969.844470  19.160245  0.107959  1.338468  0.091521
1186  1042.324828  893.976822  19.008915  0.066312  1.206458  0.062356
1187  1054.134456  1032.295117  18.890892  0.105019  1.230296  0.129057
1188  905.513718  1074.335416  18.640174  0.142124  1.264722  0.070007
1189  1039.519560  1028.249948  19.009506  0.125576  1.444525  0.132859
1190  1051.974328  1056.708014  18.900468  0.076986  1.215349  0.054631
1191  944.758313  973.161574  18.773184  0.084681  1.144544  0.088708
1192  906.344837  1059.153142  18.695729  0.099415  1.315564  0.074361
1193  977.297326  895.189033  18.843730  0.086014  1.252772  0.065286
1194  864.699331  906.997535  18.980346  0.165864  1.335728  0.109836
1195  1060.227932  1128.569057  18.918997  0.109585  1.148338  0.099635
1196  1003.619369  1121.300664  18.809135  0.065808  1.143885  0.152118
1197  906.566554  1039.960044  18.805399  0.082239  1.211522  0.058864
1198  930.822451  1063.983596  18.660107  0.072244  1.298009  0.108216
1199  1010.861199  1025.266504  18.621715  0.099219  1.212215  0.071177
1200  995.334963  1026.781368  18.596926  0.053116  1.182154  0.071486
1201  1004.018196  1065.523343  18.560445  0.084214  1.293363  0.059368
1202  1046.080983  896.587489  18.599760  0.068790  1.143195  0.082634
1203  1034.802053  899.121336  18.563315  0.066223  1.049324  0.107796
1204  915.808440  1024.905114  18.371819  0.060736  1.313640  0.066370
1205  1117.480468  900.128051  18.562136  0.051646  1.317407  0.090869
1206  1005.111542  1024.538685  18.364050  0.081092  1.187898  0.051444
1207  1105.521254  968.344064  18.355285  0.102434  1.072716  0.081692
1208  972.834550  1076.303708  18.341258  0.084896  1.161249  0.076307
1209  915.485123  864.034673  18.331918  0.053953  1.180331  0.090013
1210  1075.266437  1026.406851  18.228866  0.091637  1.164883  0.047487
1211  986.401157  1016.368886  18.345360  0.077231  1.131079  0.055585
1212  1047.098020  973.567816  18.275889  0.076133  1.255410  0.067426
1213  1024.159826  1125.510144  18.213861  0.064537  1.111876  0.085767
1214  908.728545  1063.508132  18.120479  0.077630  1.106823  0.042892
1215  1090.390815  1032.222269  18.149854  0.117222  1.000932  0.082128
1216  1114.557256  904.755405  18.103389  0.100743  1.026451  0.074295
1217  901.258035  973.070541  17.997884  0.063485  1.120901  0.044344
1218  981.006991  998.483395  17.929956  0.081258  1.098807  0.050566
1219  1009.884938  1041.640960  17.819536  0.102126  0.974650  0.051864
1220  1024.683602  1034.928189  17.757412  0.094299  1.154017  0.043234
1221  974.218629  1062.684303  17.760441  0.079585  1.103541  0.042212
1222  951.542047  1033.994506  17.892237  0.052711  1.028724  0.092624
1223  958.363443  901.613384  17.874785  0.064267  0.916826  0.119562
1224  997.001953  952.865362  17.729583  0.040342  1.033427  0.061059
1225  922.107556  1092.175217  17.754447  0.043800  1.124646  0.050967
1226  1124.961178  995.654595  17.703009  0.072020  1.064497  0.056257
1227  997.537239  1054.077317  17.643667  0.052854  1.123309  0.080012
1228  1081.503007  1119.429980  17.570147  0.039251  1.153284  0.059643
1229  1049.044275  1046.620160  17.461851  0.051507  1.033499  0.061379
1230  1053.010780  1038.216643  17.287914  0.089349  1.079213  0.039834
1231  1026.430157  1013.563023  17.467472  0.038140  1.104670  0.062727
1232  1062.700728  1225.952850  17.323456  0.038443  1.095603  0.074550
1233  981.461443  1212.889846  17.214725  0.035958  1.023845  0.049980
1234  1054.562058  941.768868  17.030343  0.038489  0.911201  0.060317
1235  921.821000  1020.095734  17.033985  0.053729  0.830881  0.039452
1236  1076.409692  1036.955484  17.012730  0.053708  0.893104  0.047135
1237  1027.298058  939.271885  16.875052  0.069595  0.875140  0.061782
1238  984.188969  934.684713  16.931665  0.051501  0.842630  0.053423
1239  1035.862733  986.624348  16.730847  0.061539  0.900260  0.035788
1240  967.407329  1133.494190  16.764164  0.043579  0.903121  0.045432
1241  985.745367  1045.950730  16.759062  0.078706  0.852731  0.061345
1242  916.820480  1000.501350  16.698578  0.079593  1.004409  0.057466
1243  1022.979523  1149.970330  16.623892  0.036883  0.903315  0.035007
1244  934.735626  964.589875  16.383464  0.083703  0.873112  0.034754
1245  926.102630  879.416443  16.457647  0.048870  0.821290  0.032993
1246  829.206979  1013.732454  16.440959  0.050687  0.814581  0.084536
1247  988.267192  875.773952  16.190144  0.061962  0.721813  0.040768
1248  975.476736  979.204997  16.159190  0.032509  0.684415  0.061387
1249  989.366579  915.028500  16.168858  0.046336  0.766835  0.063983
1250  1026.607473  926.548869  16.060909  0.060248  0.854113  0.081876
1251  855.988040  1043.709420  16.119143  0.030481  0.784009  0.044558
1252  822.526034  1060.988498  15.966390  0.039366  0.739097  0.039294
1253  981.995848  953.678909  15.913146  0.042027  0.734134  0.049366
1254  914.956513  880.291103  15.832365  0.045155  0.676888  0.029273
1255  957.879255  1249.854771  15.631166  0.043801  0.660106  0.048712
1256  938.563625  965.991240  15.592379  0.043900  0.653585  0.067065
1257  1137.621996  838.117048  15.551839  0.046263  0.615149  0.040196
1258  888.027525  1116.293181  15.436952  0.088330  0.626503  0.042624
1259  1047.454126  994.361815  15.490782  0.042158  0.586452  0.029432
1260  1009.700844  1184.215040  15.480563  0.035825  0.622324  0.040040
1261  1200.801894  1124.361585  15.390394  0.042127  0.632281  0.031702
1262  1109.051761  965.704499  15.342898  0.044910  0.595389  0.031719
1263  1034.888520  983.925719  15.282711  0.052199  0.551112  0.076326
1264  916.800635  1117.913661  15.085493  0.031257  0.612732  0.059167
1265  1026.358702  903.736259  14.949289  0.047276  0.492613  0.089711
1266  1145.178337  1031.560499  14.774955  0.044551  0.507168  0.022619
1267  1162.652467  918.101361  14.667371  0.029945  0.461044  0.023917
1268  1040.098529  1067.189903  14.642963  0.031485  0.503385  0.038626
1269  1103.486853  1066.852311  14.521756  0.051321  0.473417  0.038596
1270  950.399468  1075.002552  14.385323  0.026875  0.401791  0.032194
1271  950.831084  1102.622167  14.257531  0.033371  0.461752  0.037480
1272  982.774784  1154.734981  14.199830  0.025672  0.389419  0.059029
1273  967.872266  1007.939318  14.085875  0.020689  0.405982  0.029086
1274  1057.893622  1002.530980  13.951814  0.037302  0.375605  0.040201
1275  970.153492  1009.433149  13.872602  0.030261  0.334062  0.025366
1276  1003.966177  1092.292157  13.778059  0.048744  0.342229  0.038802
1277  1176.619643  958.842266  13.653556  0.028064  0.315069  0.024713
1278  1015.878717  1068.114555  13.597417  0.031504  0.341266  0.048361
1279  1100.482150  1011.199672  13.458042  0.043346  0.350137  0.035830
1280  935.808881  1047.360451  13.339854  0.034591  0.221240  0.039616
1281  985.855570  968.154460  13.271326  0.029523  0.281264  0.055801
1282  1121.338798  1138.355896  13.203220  0.023807  0.229347  0.025931
1283  1107.992515  1017.345126  13.081808  0.032443  0.240524  0.040708
1284  1020.076380  1160.707871  13.038175  0.048905  0.236335  0.045914
1285  1104.261407  1092.528640  12.916034  0.021088  0.153617  0.021105
1286  1034.673070  1027.039908  12.771896  0.032124  0.135359  0.020935
1287  1063.447163  1097.546793  12.678154  0.054949  0.120963  0.027424
1288  1063.568220  921.327923  12.512256  0.061121  0.147715  0.024914
1289  1069.617111  1129.650954  12.519580  0.036150  0.085338  0.027668
1290  1133.216174  968.324997  12.366911  0.030639  0.088887  0.025309
1291  1167.816397  1122.176553  12.275656  0.019458  0.052389  0.037533
1292  922.680525  1127.153828  12.283133  0.034382  0.071276  0.059327
1293  1086.857728  867.833590  12.076052  0.029873  0.096414  0.022086
1294  948.569969  1001.029755  11.990900  0.037471  0.068811  0.026804
1295  958.279434  1008.005448  11.886463  0.029048  0.098821  0.036742
1296  1035.314319  983.954985  11.656012  0.022243  0.044875  0.026106
1297  1000.035881  1116.798280  11.502742  0.026303  0.026744  0.029542
1298  1184.848609  1111.557796  11.301676  0.019781  0.054108  0.021159
1299  915.692237  1099.466936  11.130946  0.032466  -0.038574  0.026583
1300  923.965829  1005.668229  10.888280  0.038043  -0.013344  0.025426
1301  948.952740  1064.371057  10.562225  0.017142  0.003209  0.023941
1302  1127.583007  1146.759557  10.386867  0.033517  0.018195  0.019912
1303  899.063685  1060.603515  9.718821  0.019172  0.013480  0.032744
1304  950.728008  1102.458532  9.102884  0.028977  -0.044189  0.021383
1305  986.682245  1237.593887  11.934837  0.022336  0.039223  0.041511
1306  928.801587  939.726336  15.526208  0.086166  0.666668  0.031259
1307  1126.092841  1166.054502  13.009874  0.042775  0.186205  0.039946
20  409.637079  191.789609  10.670298  0.040621  1.967483  0.022902
21  584.206973  996.287997  10.930460  0.032475  2.015254  0.017837
22  311.270921  650.823486  10.129057  0.023795  1.097247  0.017403
23  1601.144766  1846.570261  8.625724  0.029762  -0.098178  0.019474
24  715.589209  356.770155  8.645480  0.021960  0.034758  0.018704
25  1358.657627  763.384232  12.608759  0.032063  2.342825  0.023365
26  2039.407044  1119.979977  12.053505  0.034583  1.760434  0.057199
27  330.566095  1654.093956  9.260344  0.038333  -0.023421  0.025807
28  1817.984121  809.101823  8.841494  0.027986  -0.076654  0.039581
29  230.345509  2007.282320  15.213995  0.024843  3.416406  0.027994
210  1250.799172  488.826318  10.334530  0.020083  0.426219  0.024447
211  746.726420  365.210748  10.868933  0.029558  0.651596  0.022848
212  710.230360  1373.748840  10.112231  0.034783  -0.066089  0.056867
213  1119.524156  1616.309827  10.158104  0.024586  0.209244  0.040182
214  380.114659  1274.573466  10.914446  0.028341  0.142776  0.029485
215  665.659513  1127.657539  11.047082  0.016894  0.371021  0.037604
216  1912.208502  933.731907  10.505921  0.034930  -0.068222  0.025076
217  1935.885271  1116.831904  14.807131  0.030099  2.401830  0.031861
218  1047.869693  57.295863  14.620854  0.089408  1.986887  0.022897
219  1018.428672  571.582685  12.112454  0.023888  0.610176  0.019267
220  551.791780  801.203471  16.283880  0.039974  2.857794  0.040673
221  1971.369817  1016.927032  15.263122  0.033078  2.112078  0.052637
222  1992.264436  1656.289407  12.199349  0.033270  0.179470  0.024119
223  976.331041  817.800341  12.943726  0.020203  0.540895  0.028889
224  393.663513  942.747027  11.909721  0.032033  0.094549  0.032865
225  741.748808  893.503945  13.856293  0.025378  1.080263  0.043565
226  1741.331221  954.696106  13.740491  0.046421  0.914138  0.038273
227  896.480339  330.556742  15.750491  0.066051  2.335749  0.048277
228  151.465292  534.676513  12.280720  0.026688  0.456961  0.034106
229  1504.875648  1851.524477  12.398175  0.022329  0.027600  0.028920
230  1392.275834  453.750729  11.813348  0.019927  -0.209399  0.022155
231  1906.605579  18.488381  12.882635  0.056110  0.267342  0.032389
232  1651.392361  1672.439972  12.166609  0.020453  -0.169781  0.034067
233  1541.068534  51.721158  12.665385  0.036438  0.089205  0.035025
234  1652.834937  216.701437  18.733831  0.078331  3.511470  0.108456
235  1516.235335  1460.961731  12.514876  0.035838  0.061661  0.018506
236  799.313141  352.598394  13.322077  0.076322  0.653564  0.034552
237  1475.053164  921.243985  12.712976  0.022227  0.699433  0.027759
238  1905.616038  742.765903  15.116450  0.027672  1.336502  0.026068
239  1606.511448  1453.116658  13.671361  0.033495  0.366174  0.027938
240  1560.892239  1239.351947  16.409617  0.054293  2.022611  0.069908
241  1534.529453  1912.362741  13.524030  0.043691  0.480441  0.038890
242  1329.860805  1022.250502  19.709110  0.077688  4.095778  0.220427
243  936.009279  63.683663  14.590856  0.035073  0.903182  0.036913
244  1661.243272  1468.115719  14.203503  0.023579  0.695294  0.039881
245  1897.294750  928.959678  13.758046  0.038930  0.297822  0.031016
246  2001.312977  1047.032687  13.275084  0.026812  0.444625  0.024230
247  487.242002  123.758299  12.452129  0.022993  -0.277958  0.030590
248  144.065368  1526.756387  14.868946  0.025974  1.196295  0.072162
249  1807.407570  1066.393577  13.792434  0.020261  0.592894  0.020143
250  571.328520  1714.965834  14.250560  0.049944  0.725755  0.045482
251  872.765836  735.818153  13.185590  0.046385  0.465550  0.024841
252  24.099864  1880.969855  13.698829  0.028392  0.210797  0.046361
253  1428.385851  126.443787  17.042747  0.062273  1.882345  0.033756
254  1644.485925  958.091170  12.660040  0.040848  -0.366728  0.024446
255  1020.040456  1500.207876  17.828732  0.091203  2.354929  0.066175
256  1605.411234  673.269111  14.128912  0.070587  0.360700  0.044641
257  1947.034100  1140.582013  14.486958  0.028086  0.425400  0.033336
258  2039.040696  646.842767  13.199816  0.020918  -0.242841  0.025441
259  1585.795302  191.060678  13.759233  0.023642  0.213024  0.026044
260  1228.701163  534.702024  14.299571  0.035575  0.779131  0.026993
261  1998.645756  504.612262  18.900013  0.168840  3.064915  0.093305
262  1552.741478  953.963714  14.206449  0.051582  0.337723  0.071750
263  1319.818009  2035.271648  15.588632  0.025251  1.256509  0.091171
264  328.871504  1050.127050  14.931806  0.079907  0.909830  0.038050
265  296.145665  1139.907971  13.619748  0.021499  0.181185  0.023408
266  1774.630125  648.775560  13.958540  0.070353  0.292571  0.033478
267  213.221147  157.337283  14.402925  0.030046  0.408382  0.035528
268  1815.464821  1666.560057  13.855072  0.029416  0.422932  0.020385
269  521.604936  608.425193  16.371989  0.065704  1.712674  0.038065
270  1708.502782  910.268667  14.148081  0.029967  0.453061  0.024021
271  1363.785940  1918.317485  16.419997  0.042972  1.691689  0.051847
272  614.810464  1486.636702  19.993952  0.176831  3.467103  0.128890
273  1889.494340  367.062729  19.466233  0.146520  3.161152  0.090571
274  1414.716990  1973.836407  18.068096  0.058143  2.345053  0.047606
275  682.144176  369.625730  14.649575  0.040482  0.535781  0.055991
276  627.900280  1042.748214  16.722723  0.047961  1.455937  0.036552
277  1110.652637  268.790385  14.792373  0.034893  0.469510  0.035532
278  1038.601917  723.799817  17.284609  0.054286  1.782348  0.057615
279  256.536853  210.234370  15.027973  0.046282  0.757247  0.039094
280  1660.094975  840.727723  15.224422  0.043608  0.533523  0.026815
281  1126.409769  283.226688  16.416325  0.036821  1.460657  0.029735
282  96.730836  1481.192512  14.914163  0.031295  0.396110  0.033822
283  1094.493161  1581.586476  17.980233  0.128056  2.295949  0.087682
284  1674.636991  103.156643  19.346406  0.074841  3.163083  0.076094
285  1807.846664  1231.757517  15.178655  0.051002  0.755636  0.036918
286  1518.521721  184.559523  15.243032  0.040223  0.840606  0.055106
287  1009.247164  993.911244  15.300439  0.043723  0.676023  0.035391
288  1116.897405  2007.391111  16.327102  0.030718  1.242666  0.041061
289  1806.404770  1550.392575  17.016676  0.068164  1.713922  0.040550
290  795.089603  1252.220081  16.920476  0.033664  1.571845  0.033419
291  1822.719326  241.202024  14.590559  0.030672  0.226296  0.038688
292  1130.243777  279.437933  15.429531  0.036628  0.798513  0.067196
293  1298.541595  1903.127244  15.100690  0.036132  0.667120  0.053192
294  264.334284  1050.395344  17.435512  0.056533  1.949218  0.073830
295  1930.850540  1906.994810  15.932259  0.059178  0.966265  0.048624
296  954.506512  1319.510288  18.899625  0.078331  2.859395  0.178826
297  1261.045808  1201.340330  16.110828  0.057364  1.048464  0.042208
298  1884.707753  1152.373791  15.906278  0.046831  1.104957  0.072901
299  167.752185  1183.610283  14.552444  0.042737  0.397610  0.066539
2100  547.978230  617.170695  15.969257  0.053380  0.794865  0.030331
2101  1091.999242  1415.367847  18.153434  0.096090  1.969273  0.055669
2102  18.043400  1129.176594  16.614402  0.038747  1.306621  0.079474
2103  744.360635  1296.667261  15.941613  0.068843  0.596947  0.034692
2104  1452.826463  42.412667  15.716793  0.028803  0.780625  0.035006
2105  258.782267  1487.920398  17.275663  0.066216  1.612882  0.094155
2106  49.310492  1476.098515  20.602405  0.133191  3.410173  0.109771
2107  525.778993  616.869414  17.382830  0.053052  1.452468  0.078610
2108  163.448043  663.943228  18.167358  0.053685  1.817478  0.090353
2109  31.148034  762.430983  19.764192  0.179059  2.916424  0.074876
2110  1808.967868  1696.449445  16.655006  0.054973  1.219662  0.034461
2111  1110.186753  474.272135  19.042690  0.091958  2.725254  0.102808
2112  1141.478817  1909.101481  19.863186  0.078617  2.995733  0.106713
2113  1844.543277  52.560718  19.785009  0.091124  2.850116  0.077234
2114  889.629686  12.981564  15.461746  0.042422  0.613672  0.033051
2115  364.505642  1252.512118  17.725267  0.039555  1.693425  0.046105
2116  324.191644  178.144354  14.686370  0.057736  -0.247990  0.052449
2117  1806.397277  1707.087231  15.498612  0.053087  0.654302  0.054149
2118  453.598277  1073.851065  20.739011  0.093218  3.150196  0.138089
2119  1539.137533  1535.993926  19.170568  0.152085  2.612666  0.097460
2120  170.886483  179.647690  15.353662  0.031474  0.601812  0.068176
2121  101.492724  249.537548  15.899112  0.027548  1.502661  0.038982
2123  1258.565566  255.696970  16.729846  0.042840  1.107075  0.064900
2124  1820.841676  1095.408554  15.483411  0.079373  0.448239  0.037879
2125  630.565758  180.078305  15.749060  0.062768  0.780436  0.036224
2126  131.397493  654.036819  15.668544  0.066865  0.610037  0.030489
2127  597.638190  880.888456  15.944501  0.027730  1.222409  0.054322
2128  447.220369  1032.667625  15.645216  0.041459  0.529235  0.033670
2129  834.228649  1970.341410  15.874616  0.058051  0.621684  0.035973
2130  1225.607612  1947.949191  19.349249  0.147793  2.675201  0.167605
2131  1004.655616  1099.747239  15.521014  0.028658  0.530990  0.065835
2132  1108.979708  1173.340081  15.456659  0.038197  0.444827  0.061166
2133  758.313570  200.424413  15.328767  0.049253  0.406655  0.031199
2134  266.391116  1926.873688  14.607368  0.034140  0.026745  0.053386
2135  190.304127  1493.303856  15.137729  0.054951  0.333476  0.023946
2136  1297.334594  1036.480101  20.432154  0.185084  3.297795  0.200603
2137  1590.901874  1415.380503  16.948930  0.034687  0.909231  0.055382
2140  1855.477672  1983.151476  19.583582  0.106517  2.383220  0.095212
2141  1373.124638  791.118127  16.551952  0.052358  1.132628  0.042063
2142  823.818593  859.054450  18.196192  0.066729  1.474752  0.046425
2143  1422.728199  742.640520  17.152444  0.047805  0.956092  0.055905
2144  1069.519867  1953.235056  20.469280  0.253428  3.196566  0.114582
2145  1039.653287  843.601027  17.440829  0.053838  1.082495  0.044810
2146  470.891880  595.546762  16.817343  0.089678  0.771378  0.055314
2147  893.136471  1980.532129  16.353316  0.039063  0.546113  0.063273
2148  2041.213743  1019.586782  18.816286  0.063432  2.117929  0.110671
2149  156.315746  935.384190  16.505051  0.052452  0.652659  0.067249
2151  8.645075  760.765940  20.015247  0.167174  2.790587  0.100083
2152  1869.158657  650.336212  18.636534  0.087387  2.004132  0.067691
2154  1917.924698  294.220386  19.993337  0.089445  2.944559  0.116716
2155  1083.313103  1490.719163  18.912503  0.075877  2.018662  0.058515
2156  1276.943446  1982.606986  16.664365  0.055686  1.264065  0.066372
2157  1885.398690  1619.344171  18.614973  0.068217  1.765147  0.062388
2158  1124.499475  1933.522049  15.531193  0.032421  0.075998  0.045439
2159  326.489980  1080.424442  18.910690  0.066266  1.995166  0.167938
2160  497.429019  627.790718  14.610445  0.026955  -0.459820  0.033491
2161  147.357320  148.832932  16.092444  0.060114  1.417577  0.056348
2162  1691.493177  472.188710  19.811417  0.109843  2.384599  0.123155
2163  271.845155  383.633475  16.595479  0.031816  0.588245  0.061080
2164  1583.409650  417.674650  16.725281  0.055389  0.754030  0.057938
2165  831.751698  842.914586  14.233789  0.034666  -0.409160  0.045087
2166  1317.013146  1313.994799  19.002108  0.088428  2.064023  0.101886
2167  349.355461  2034.714462  16.199659  0.038838  0.350029  0.038193
2168  1787.576200  1652.901196  16.684101  0.060654  1.017826  0.056782
2169  85.726685  1940.951704  19.285572  0.113856  2.331097  0.123840
2170  29.723997  1543.394738  19.604900  0.071260  2.399484  0.106951
2171  168.007556  334.475017  20.961303  0.371652  2.982038  0.105087
2172  888.800619  1993.313370  19.224365  0.087328  2.136584  0.123405
2173  411.442782  542.883342  19.506489  0.167378  2.140209  0.085019
2174  1786.164198  1779.572622  17.387264  0.037291  1.145124  0.050739
2175  1043.787107  795.444726  17.599106  0.066608  1.365534  0.078262
2176  1332.000152  62.107552  17.683836  0.098858  1.293593  0.067961
2177  750.188154  104.708386  19.034710  0.117394  2.251360  0.105040
2178  485.592424  392.690408  19.095463  0.064529  2.111742  0.088210
2179  916.492722  1875.990536  17.930790  0.071752  1.516131  0.088666
2180  240.880737  1539.054395  17.928037  0.064454  1.524499  0.043254
2181  1415.615269  1517.562456  17.999935  0.095396  1.481743  0.042542
2182  875.209265  1294.879996  17.709621  0.118283  1.498464  0.055712
2183  454.739144  1652.957429  15.513526  0.032137  0.128362  0.037511
2184  1843.192591  1675.621657  19.117501  0.062630  2.108080  0.138215
2185  1767.121758  1374.422203  16.877144  0.087180  1.114040  0.051169
2186  651.250747  1248.468171  16.907470  0.068769  1.651702  0.049422
2187  1987.728023  855.258206  16.197578  0.035843  0.578209  0.080212
2188  1481.539583  42.285574  17.984368  0.062182  1.689038  0.149940
2189  1117.727731  1101.985921  16.900204  0.097413  1.133646  0.039496
2190  333.523417  493.392357  17.242629  0.105665  1.047752  0.047536
2191  190.159401  2025.742178  16.485252  0.042504  0.591554  0.084611
2192  1324.062493  873.757238  16.968964  0.057491  0.942392  0.076780
2193  960.235643  1215.348628  20.974408  0.137755  2.928976  0.188763
2194  703.697047  575.253593  20.307921  0.094941  2.486038  0.088646
2195  187.453072  1033.107089  17.724803  0.045628  0.966157  0.105444
2196  690.264338  1259.020809  19.992624  0.134637  2.283009  0.121636
2197  135.754635  1104.184429  18.661766  0.076291  1.726315  0.098677
2198  161.333955  1504.549156  16.302295  0.032250  0.417668  0.065242
2199  282.175030  1769.694063  18.543942  0.171864  1.409490  0.098216
2200  1325.394447  2028.802435  20.167406  0.105215  2.479584  0.134612
2202  421.958410  262.797145  19.618147  0.162863  2.286037  0.079094
2204  1450.652046  92.856338  18.527806  0.079633  1.578702  0.132076
2205  741.465477  664.273209  21.027667  0.237035  3.263081  0.144887
2206  870.423360  129.359392  19.167527  0.096579  1.510433  0.074719
2207  614.618323  786.774347  19.484113  0.168408  2.291635  0.079066
2208  645.753216  685.057330  18.909675  0.152998  2.086552  0.121603
2209  477.079619  753.013601  19.101847  0.157263  2.047160  0.094302
2210  1231.795970  835.942545  17.512894  0.041576  0.774581  0.067856
2211  1829.169082  2015.120179  20.000291  0.187547  2.008324  0.170014
2212  1797.849452  493.507509  17.727753  0.068938  1.204757  0.067356
2213  449.385474  521.396803  19.232948  0.120332  2.106176  0.081592
2214  590.348235  1522.834463  17.698817  0.067504  1.140919  0.111526
2215  1768.983319  1184.027086  18.133568  0.092733  1.357496  0.050596
2216  1073.737140  441.985474  16.805479  0.043129  0.543236  0.046665
2217  1085.049273  1751.293016  16.994458  0.048680  0.717903  0.045361
2218  1381.379533  511.040565  16.626141  0.065072  0.602317  0.076238
2219  1571.395903  1044.457170  18.115072  0.060713  1.632758  0.113327
2220  1279.613490  1188.536123  16.724470  0.061023  0.584451  0.031413
2221  322.149784  559.979928  18.229426  0.049906  1.395406  0.054054
2222  1344.896694  525.425408  17.506321  0.108553  1.227275  0.037541
2223  949.354295  623.020887  16.003743  0.034722  0.093032  0.037194
2224  1913.384571  960.713537  17.338406  0.065712  0.892774  0.077787
2225  1947.290497  237.055555  18.211485  0.057938  1.481352  0.087359
2226  10.548299  1569.610629  18.160559  0.100167  1.222571  0.102666
2227  963.350947  1417.616408  17.538225  0.102045  1.308236  0.048998
2228  755.539173  459.370019  16.641973  0.038449  0.376584  0.055947
2230  121.669906  1033.828723  19.275552  0.059902  1.901252  0.154573
2231  368.210208  1130.994565  20.019752  0.081060  2.222861  0.115464
2232  1851.475030  509.041146  17.253057  0.037503  1.165786  0.036964
2233  1177.556408  1985.809906  19.885370  0.198045  2.529486  0.087637
2234  1782.042582  2009.731011  17.442785  0.082799  1.915897  0.054383
2235  165.830653  415.202627  17.114146  0.057024  0.832022  0.045463
2236  1774.926062  956.163571  18.413588  0.088323  1.591905  0.051560
2237  42.870275  1262.333832  17.870903  0.060744  0.945049  0.076314
2238  256.976829  181.715933  19.777601  0.084417  2.237125  0.135890
2239  1848.287165  1721.935719  18.160936  0.076595  1.114165  0.054900
2240  1118.887266  1627.122013  17.268147  0.101105  0.737288  0.044370
2241  924.408730  1066.799417  19.438945  0.076181  1.825813  0.092238
2242  607.213675  28.995838  16.591879  0.071718  0.323366  0.033347
2243  1964.166857  1960.244702  18.145492  0.050502  1.341121  0.081812
2246  173.032147  541.037448  18.672062  0.090984  1.506726  0.142471
2247  43.551704  1633.391141  20.272808  0.144017  2.558869  0.132135
2248  615.407439  765.087334  19.654672  0.077706  2.011290  0.140440
2249  982.306250  258.687571  17.760616  0.045562  1.003356  0.110213
2250  1891.565296  1835.492305  17.352749  0.124444  1.026295  0.055499
2251  745.781513  1628.050260  16.964614  0.096577  0.471959  0.084885
2252  1302.469404  1725.644806  16.243924  0.036947  0.415118  0.072258
2253  1590.515677  26.705849  17.407939  0.048076  0.930490  0.038656
2254  989.614644  1972.893216  17.437349  0.122549  0.863655  0.052031
2255  1192.366709  1946.782503  17.074480  0.092042  1.023150  0.110967
2256  1040.943961  1612.459618  19.099723  0.078650  1.715933  0.095975
2257  1795.920017  1464.097568  17.106301  0.092667  1.822899  0.035044
2258  674.845522  1002.887350  20.154509  0.156653  2.267319  0.102867
2259  1953.026220  1827.688048  17.308185  0.052139  0.762262  0.037357
2260  550.895954  1291.912139  17.158115  0.037974  0.810140  0.048308
2261  643.581913  1385.701935  16.547608  0.069881  0.640971  0.052302
2262  1890.392615  699.628760  17.913926  0.053054  2.370662  0.113975
2263  130.290460  90.523920  19.526695  0.110062  2.011857  0.068413
2264  1926.326584  405.829281  19.862621  0.350614  2.501616  0.101027
2265  163.702501  1668.425034  19.357547  0.068184  1.621293  0.152543
2266  1255.288370  793.476802  19.357374  0.088560  2.043692  0.117118
2267  94.441979  1610.036900  17.350738  0.054035  0.846124  0.044836
2268  1416.692962  517.108192  20.653819  0.152664  2.384126  0.102812
2270  459.856131  1530.339070  16.889409  0.046325  0.182626  0.065039
2271  281.008344  1159.170115  18.223085  0.070770  1.741176  0.077135
2272  1405.251055  386.052063  17.227321  0.038841  0.415284  0.057046
2273  1565.316190  1562.809502  18.341870  0.081549  1.565117  0.122008
2274  1603.244732  1937.024173  17.770175  0.064878  0.787708  0.112185
2275  1939.102548  1911.736240  17.477807  0.088730  0.520610  0.047187
2276  1515.681749  812.423233  20.003267  0.245029  2.210269  0.112561
2277  534.652432  1469.814691  18.403998  0.049223  1.278888  0.057855
2278  1262.191814  1206.818361  20.687393  0.094831  1.970403  0.309991
2279  1321.566401  1958.676676  18.349084  0.140802  2.036699  0.081021
2281  1434.796481  513.173176  17.514993  0.057938  0.863663  0.038426
2282  1279.159887  406.215663  18.880666  0.068397  1.422054  0.076742
2283  1561.137313  1371.340971  18.253728  0.075396  1.890734  0.071482
2284  1938.600543  1114.238428  18.302339  0.069662  1.789033  0.091649
2285  582.845238  1700.099166  18.109530  0.084508  0.787011  0.081820
2287  928.127494  1943.503901  18.406781  0.065604  0.882287  0.097175
2288  1756.596426  1030.988873  19.660112  0.115440  1.839787  0.144884
2289  1698.708180  969.983486  19.853726  0.200026  1.744179  0.162266
2290  1899.234510  1247.269106  17.571497  0.123420  0.735033  0.047469
2291  1039.218272  1380.386452  19.321956  0.077909  1.518962  0.151842
2292  972.641966  1541.114188  19.758776  0.089767  2.020023  0.134952
2293  272.289976  1679.081489  15.834330  0.050258  -0.385066  0.027147
2294  801.437832  1846.029872  17.441691  0.053072  0.551399  0.107749
2295  818.719649  1150.379868  20.678132  0.204838  2.765405  0.221614
2296  1723.319452  719.502740  17.907227  0.124126  1.047154  0.138768
2297  1665.975106  1767.515342  17.553559  0.050601  0.675487  0.040214
2298  373.887132  1657.460446  17.107296  0.074051  0.485997  0.045035
2299  1608.696129  1123.639170  18.751820  0.065118  1.199775  0.064257
2300  1850.582885  654.673006  17.830585  0.077998  1.818096  0.057671
2301  375.905024  1749.208481  18.695413  0.054198  2.007523  0.066231
2302  358.186563  1604.991773  20.453577  0.137823  2.215937  0.141053
2303  813.631069  922.521491  18.009012  0.068921  1.608247  0.071999
2304  666.574173  705.097112  16.945721  0.043854  0.149677  0.092968
2305  693.842145  1875.720302  17.742638  0.054481  0.788368  0.074809
2306  3.691474  512.411448  18.278043  0.123295  0.797058  0.084798
2307  794.282109  1144.644863  18.205318  0.051929  1.947552  0.068015
2308  1776.421266  589.993571  17.877883  0.087968  0.910464  0.070308
2309  1065.447897  80.830119  19.321149  0.065888  1.752472  0.075883
2310  1603.286544  954.098563  17.004747  0.032968  0.340753  0.041010
2311  735.234527  276.259868  18.065381  0.055041  1.481542  0.050567
2312  1940.732775  1660.285642  18.541595  0.122120  1.321101  0.130097
2313  476.566700  1439.563052  17.529979  0.067936  0.740653  0.046488
2314  239.292072  1473.040810  19.167150  0.103773  1.444367  0.148103
2315  1390.077546  740.169782  18.642430  0.060084  2.008433  0.083870
2316  725.179862  932.752105  16.998756  0.060688  0.475869  0.052262
2320  1996.960912  504.066012  18.348417  0.062436  1.075884  0.100441
2321  1824.326995  1788.043892  19.210800  0.064036  1.741222  0.164567
2322  2040.923944  939.696705  18.746114  0.052830  1.482961  0.072036
2323  592.022050  1400.279728  19.031490  0.109894  1.453479  0.105668
2326  1801.839964  623.788855  17.803632  0.055358  1.100458  0.070641
2327  325.707713  2020.478383  20.523590  0.099151  2.210864  0.190764
2328  572.833910  1787.953457  19.342693  0.112313  1.679565  0.063135
2330  445.982105  935.884071  17.659827  0.046818  1.140792  0.066959
2331  655.269341  21.181870  19.324522  0.122290  1.428189  0.095307
2332  1727.909216  603.745572  20.256819  0.265927  2.152055  0.233525
2333  1384.044799  154.923988  16.262919  0.052012  -0.302321  0.055654
2334  1878.497802  1593.235951  19.578864  0.064539  1.551061  0.184063
2335  47.063793  299.382383  20.155305  0.090860  2.093948  0.143033
2336  1764.416802  1847.967288  20.225907  0.145250  1.882695  0.109827
2337  1863.414183  594.271439  18.685683  0.067464  1.112451  0.053547
2338  50.967982  4.230449  18.387824  0.061340  1.081953  0.052897
2339  399.281290  789.058674  17.863568  0.046812  0.844528  0.045932
2340  46.218517  1387.925213  16.791980  0.045053  -0.016623  0.062068
2341  579.629377  1958.544572  19.132022  0.067805  1.671596  0.131222
2342  1831.524938  1657.363081  17.257287  0.074898  0.659895  0.063264
2343  2029.642997  587.061777  17.150883  0.061373  0.376462  0.057426
2344  925.821529  61.386481  20.079193  0.151189  1.872456  0.134399
2345  1957.929757  1070.052609  19.870088  0.142192  2.136770  0.146978
2346  1608.817322  1185.238576  19.653342  0.176198  1.755995  0.083482
2347  949.204489  627.092658  18.030052  0.105742  1.079414  0.113099
2348  1628.688705  267.122449  20.696035  0.117801  2.288019  0.107424
2349  127.890968  1933.377976  20.630112  0.278095  2.892549  0.137017
2351  554.776678  1360.697554  18.821635  0.058441  1.323112  0.116138
2352  48.098839  64.904083  18.382893  0.064325  1.686446  0.066383
2353  1313.045873  529.245721  17.149611  0.059385  0.509514  0.040689
2354  1652.005470  102.591634  17.316649  0.069635  0.389400  0.074703
2356  195.655972  702.517729  18.193756  0.076374  1.186722  0.043667
2357  1841.128504  1870.572158  20.233963  0.238046  2.151826  0.150026
2358  1522.468357  266.221108  19.858094  0.117032  1.826438  0.105685
2359  1446.693284  1236.972775  18.199205  0.108944  1.526860  0.058278
2360  444.037784  1129.383364  18.071676  0.104227  0.915103  0.049676
2361  252.116767  1658.866894  18.523363  0.061341  0.983909  0.068576
2362  25.761378  152.451428  19.254201  0.098103  1.319787  0.134168
2363  1882.989674  1490.260230  18.426591  0.054895  1.201638  0.142910
2364  1696.088293  1940.403985  17.805294  0.075916  0.879477  0.074841
2365  1254.470373  1552.179939  18.148675  0.088590  1.085400  0.118466
2366  431.208047  383.356271  17.115698  0.035803  -0.033814  0.065625
2367  586.275719  145.598193  18.840927  0.097788  1.153972  0.093857
2368  270.935668  2008.110951  19.837295  0.144261  1.823859  0.173103
2369  256.833774  993.729318  19.265829  0.112884  1.364630  0.129442
2370  1300.944448  1433.706186  19.150117  0.106945  0.810549  0.085372
2372  1777.914693  268.341468  19.770322  0.163953  1.584002  0.121210
2373  1662.278040  1831.205800  18.854145  0.053112  1.168229  0.066323
2374  430.595677  137.383038  19.484765  0.078311  2.521167  0.156272
2375  442.728622  413.055033  18.907069  0.068646  1.035165  0.059651
2376  1000.281046  1103.268096  17.977811  0.047153  0.485869  0.046836
2377  445.376443  1040.008895  18.459349  0.097473  1.275621  0.103419
2378  162.866406  355.703876  18.755855  0.080365  1.548704  0.090639
2379  16.992402  1705.830425  19.350750  0.083930  1.159593  0.125440
2380  1194.333120  749.220958  19.941954  0.100856  1.638921  0.115203
2381  338.966161  162.095665  18.948716  0.067751  0.858783  0.059357
2382  535.381175  479.954313  17.319841  0.045466  0.109660  0.069192
2383  1357.783492  1193.155068  19.799589  0.122453  1.407071  0.086666
2384  121.547454  883.272388  20.370122  0.144285  1.736661  0.106657
2385  1691.630270  219.054842  18.811703  0.077110  1.231337  0.078761
2387  92.634981  1455.535394  19.172445  0.064506  1.745630  0.136861
2388  841.280625  910.078570  20.415133  0.087593  1.669672  0.110751
2389  1953.638226  1023.319637  20.180239  0.093504  1.940767  0.112901
2390  2028.251683  877.879994  20.123161  0.133461  1.820702  0.085588
2391  1674.585244  213.008007  19.025524  0.112401  1.367326  0.082982
2392  1259.765401  1268.776649  19.227289  0.063303  1.004772  0.098939
2393  1302.267363  533.159698  19.178645  0.169736  1.453898  0.079255
2394  1823.601002  1615.095222  19.438075  0.139359  1.459791  0.158001
2395  41.409385  504.650954  19.377501  0.059137  1.210671  0.146673
2396  1373.628166  167.943783  19.478211  0.110373  1.101115  0.110840
2397  266.880489  1979.687726  20.286913  0.137431  1.983354  0.136529
2398  852.970105  526.610318  18.943698  0.065001  1.051189  0.085853
2399  438.605635  698.639179  20.180075  0.133095  1.505004  0.081628
2400  1434.676558  1721.935660  19.262354  0.070570  1.195361  0.135980
2401  897.134776  1973.876728  20.151146  0.141293  1.550112  0.079724
2402  735.753330  95.593252  20.117580  0.083640  2.084551  0.269732
2403  938.602902  723.108832  19.579338  0.170359  1.651244  0.078133
2404  1843.164690  1207.738514  18.851705  0.102703  1.137848  0.070245
2405  706.664947  188.205230  19.131918  0.093591  1.323110  0.081748
2406  1035.084518  1292.724830  18.938431  0.084922  1.010877  0.193715
2407  1889.801337  1654.859370  20.621727  0.169724  1.895712  0.174668
2408  684.546517  1709.258309  19.545397  0.102478  1.651887  0.077518
2409  254.676847  1570.194057  20.172708  0.132217  1.606572  0.136319
2410  887.427477  766.282734  19.023761  0.085506  1.019522  0.135009
2411  1888.304736  1051.053785  19.639436  0.084730  1.646122  0.091415
2412  455.605239  1826.143238  19.528556  0.083029  1.781732  0.144488
2413  999.479844  1071.883916  20.115108  0.138544  1.753293  0.150176
2414  170.423982  1425.063114  16.879235  0.051666  -0.110134  0.073422
2415  1275.220283  370.837308  18.652110  0.065896  0.868735  0.115645
2417  1331.466151  487.680567  18.264032  0.097511  0.654184  0.049993
2418  1575.443402  316.184605  19.661971  0.102372  1.597271  0.150155
2420  740.621741  460.469867  18.912774  0.098190  1.011301  0.059712
2421  735.725275  1709.836226  19.540844  0.157220  1.274684  0.120809
2422  324.080099  1374.527609  19.878819  0.171108  1.658676  0.102953
2423  1953.401573  689.287223  20.771357  0.171943  1.846527  0.088787
2424  1829.263802  783.986473  20.203895  0.080336  1.535054  0.168820
2425  1426.262655  1960.108103  20.342293  0.207747  2.038674  0.120709
2426  1260.886757  1958.272962  18.475520  0.049254  0.857362  0.079250
2427  1572.222784  705.672793  20.254135  0.096430  1.800431  0.170757
2429  1803.769993  1699.529710  19.028296  0.099977  1.050306  0.111718
2430  1151.720549  1884.092230  19.056644  0.063040  1.459352  0.151113
2431  1207.166020  1295.623589  18.503924  0.059285  0.911296  0.100151
2432  1096.957795  465.831992  18.576475  0.060418  1.299523  0.117780
2433  299.623548  1744.008426  18.801915  0.089086  1.649802  0.071332
2434  1249.309750  1765.889567  19.314473  0.102204  1.853299  0.099642
2435  420.376300  1740.568737  20.006499  0.158694  1.829447  0.119178
2436  1543.690026  1575.788108  20.973825  0.148916  2.236920  0.210915
2437  1356.909320  1197.970119  16.873776  0.063538  -0.153716  0.048749
2438  1248.942934  1990.155425  19.532703  0.102745  1.250197  0.137621
2439  1065.271821  618.223152  19.168151  0.136292  1.386172  0.135253
2441  70.220351  1922.519824  18.943744  0.117617  1.036838  0.082654
2442  1795.847374  1778.615579  18.836326  0.079327  0.944081  0.124627
2443  1551.890700  474.011076  17.857648  0.043615  0.355109  0.060094
2444  615.898075  898.039650  19.300733  0.114971  1.511278  0.075605
2445  1227.125132  499.245620  21.013167  0.320363  2.200854  0.199165
2446  399.596504  1083.760934  18.844139  0.093743  1.178699  0.084454
2447  930.150116  1490.757180  19.236767  0.117591  1.272532  0.101423
2449  1581.143248  152.968495  17.795713  0.094615  0.527370  0.098379
2450  369.824131  277.143476  19.094327  0.157498  1.083145  0.123502
2451  879.412374  105.226668  18.954274  0.060826  1.095207  0.080787
2452  235.446441  764.464856  17.472754  0.057429  -0.008237  0.085551
2453  1529.069263  979.305708  18.978445  0.123578  1.133921  0.113735
2454  653.213284  1952.880407  19.663236  0.160094  1.497279  0.139976
2455  1262.493185  91.768105  19.407261  0.120032  1.475630  0.096853
2456  457.515893  57.009454  20.246976  0.121217  1.330415  0.277729
2457  847.401071  404.440394  18.121430  0.063205  0.438874  0.079576
2458  742.386296  113.639183  20.842469  0.117732  2.005403  0.123832
2460  177.647627  1395.449214  18.919633  0.116442  1.440825  0.075286
2461  835.289194  2028.095102  19.886060  0.192767  1.333819  0.120411
2462  864.929447  1869.804164  19.376520  0.183101  1.265496  0.123454
2463  1159.251809  633.413618  17.293887  0.037001  0.112333  0.097666
2465  1349.150024  829.142025  18.740803  0.093705  1.052727  0.082888
2466  1942.880222  1777.743926  19.008513  0.100462  1.128984  0.124546
2467  1881.895398  618.619059  21.033537  0.212474  2.497271  0.185840
2468  377.544811  795.461411  17.599393  0.051491  0.336075  0.077393
2469  1067.011553  2047.349257  20.452666  0.096951  1.898064  0.170222
2470  1890.904053  486.283043  19.828498  0.088960  1.603618  0.154123
2471  1351.727798  1984.530129  19.867997  0.147270  1.595079  0.137190
2472  1874.680943  1574.220689  19.130964  0.086727  1.287592  0.067772
2473  320.175161  1956.799779  18.829446  0.113688  1.102656  0.072529
2474  1494.739195  1537.963575  20.221044  0.113209  1.689413  0.120697
2475  1395.859694  1634.932242  20.061735  0.117931  1.641230  0.091576
2476  119.409297  1457.658247  18.609890  0.055892  1.129933  0.068040
2477  144.133211  1467.667106  20.188403  0.091609  1.761224  0.176796
2478  220.789093  581.105029  18.602567  0.099005  1.004051  0.056612
2480  1209.265309  1381.831439  18.275506  0.065666  0.877493  0.099773
2481  798.715919  1381.149747  20.863609  0.353248  2.456393  0.189942
2482  1013.715730  129.356801  18.244135  0.074664  0.498119  0.098095
2483  1329.573799  198.079425  18.653144  0.080583  1.225911  0.060778
2484  1916.674113  400.337318  20.439065  0.288596  2.140797  0.108907
2485  1974.990759  1622.401065  18.715518  0.100935  1.852460  0.053041
2486  347.995175  262.863910  18.860205  0.074254  1.203087  0.111514
2487  40.743286  238.270259  20.585476  0.183510  2.098600  0.153347
2488  1832.754515  309.139681  20.645766  0.230854  1.689667  0.260147
2489  630.612051  876.530448  19.163754  0.123411  1.184461  0.097386
2490  861.929646  604.985324  17.030294  0.037419  -0.089180  0.068584
2491  698.504716  341.253293  18.744478  0.065017  1.530308  0.063774
2492  354.194422  1818.429596  20.885966  0.172052  2.446115  0.155874
2493  1086.332621  86.823243  19.387495  0.092413  1.163529  0.091139
2494  1219.098269  639.227754  18.981738  0.084960  1.440780  0.125126
2495  1374.002606  829.901740  17.352545  0.044920  0.062336  0.070600
2496  61.059711  1830.394768  18.390606  0.104162  0.916740  0.114191
2497  1480.267833  145.128167  18.161772  0.122354  0.914976  0.146050
2498  1252.078298  465.754871  17.914029  0.051079  0.701418  0.082100
2499  1219.350451  705.029911  18.559875  0.124551  1.128070  0.090352
2500  589.175088  1126.797597  15.969668  0.034692  -0.505192  0.051859
2501  562.976795  1709.879107  19.170507  0.094611  1.283644  0.111659
2503  835.385906  1595.081021  20.323482  0.125222  1.543848  0.123173
2504  1444.939262  6.166574  20.377370  0.220762  1.469275  0.147992
2505  845.320662  536.879709  19.943713  0.110391  1.205826  0.102287
2506  182.912734  1146.064652  19.906945  0.101884  1.480603  0.154436
2507  515.602697  816.615422  19.407199  0.072374  1.241753  0.121994
2508  736.477290  1683.246061  19.197580  0.111700  1.213187  0.119685
2509  1718.165398  435.560916  18.969513  0.076512  0.933363  0.151320
2510  331.370707  1067.378561  20.320955  0.122928  1.390858  0.113483
2514  1654.466885  306.760393  19.934812  0.100424  1.328921  0.090467
2515  1982.309030  1344.384829  19.517105  0.067398  0.984949  0.082582
2516  960.491222  963.237611  20.350843  0.205789  1.649936  0.164507
2517  119.009321  417.613829  19.670167  0.115261  1.002626  0.139245
2518  923.793742  73.586930  20.534325  0.122624  2.391114  0.111853
2519  1707.153544  106.516816  20.398103  0.192688  1.440672  0.087666
2520  879.426302  933.702489  19.700028  0.109782  1.815272  0.088752
2521  689.489956  473.339062  20.394320  0.135688  1.151972  0.182165
2522  1999.129725  1426.804689  19.951480  0.187007  1.448589  0.107147
2524  149.973211  1805.248025  20.057442  0.105202  1.404874  0.149364
2525  110.067751  113.098800  20.043558  0.180871  1.548985  0.177134
2526  1524.962369  1195.360765  19.465798  0.136393  1.037142  0.071188
2527  116.927375  1118.516914  20.037539  0.147484  0.972521  0.167195
2528  1821.761877  699.871269  19.645817  0.104644  1.436350  0.139365
2529  1311.803214  573.767196  19.319749  0.139190  1.268106  0.079956
2532  472.151877  1256.555878  20.369157  0.095699  1.454512  0.128626
2536  1633.269464  1751.490263  19.945306  0.090962  1.127838  0.261749
2537  825.942767  577.833614  19.457210  0.070057  1.060699  0.069495
2540  922.961662  250.393456  20.222129  0.086466  1.581014  0.133959
2541  1196.419044  1713.577033  20.112813  0.205401  1.329974  0.217941
2542  14.793964  1441.792408  18.931596  0.061768  0.570298  0.111531
2543  1396.902567  1039.521138  19.240126  0.137509  0.757818  0.169017
2544  267.949044  513.151250  19.503488  0.121134  1.099568  0.135312
2545  429.955512  1582.115423  20.182864  0.117699  1.212015  0.153073
2546  1516.219428  1018.471401  20.388834  0.110016  1.421953  0.179085
2548  113.504171  1892.787603  17.631785  0.061471  -0.151851  0.083623
2549  442.216893  336.805793  20.345886  0.211997  1.336733  0.115318
2550  1918.095708  1714.665549  20.186344  0.108048  1.594458  0.180511
2551  245.562594  558.447966  20.475390  0.100628  1.752459  0.146000
2552  1066.204279  801.334851  20.482215  0.186439  1.522135  0.218097
2553  232.579999  386.762427  20.086173  0.140199  1.320687  0.099977
2555  463.088225  1350.328879  18.309739  0.062608  0.650395  0.141005
2557  1526.128203  1135.522083  20.743405  0.094704  1.432641  0.231746
2559  1276.736645  86.957316  19.799754  0.192597  1.025732  0.130896
2560  1326.335474  374.338240  19.585403  0.200543  2.132832  0.075818
2561  437.500850  1302.158947  20.404760  0.117269  1.418772  0.096306
2562  716.114990  1275.701200  19.534040  0.088699  1.316394  0.147567
2564  637.107101  1538.701313  19.385451  0.117111  1.095713  0.116224
2566  556.580759  1011.814801  19.757945  0.174060  1.323927  0.099446
2567  671.361915  349.498831  20.210761  0.086456  1.239402  0.122109
2568  530.995161  1203.031358  19.824267  0.117886  1.298266  0.099124
2569  100.529042  192.757289  19.732834  0.136672  1.503248  0.110997
2570  522.274858  853.701785  20.000741  0.193718  0.987886  0.202864
2573  1413.613550  1791.798920  17.631184  0.053705  0.014003  0.066175
2574  1829.611286  346.240123  17.442648  0.061161  0.033508  0.050131
2575  1943.729072  1422.446803  19.891313  0.140622  1.066480  0.173249
2576  1794.961613  913.763510  19.426116  0.084503  1.065009  0.182715
2577  622.193532  1948.994131  19.946766  0.137907  1.336135  0.144300
2578  420.732924  809.392988  20.133431  0.126337  2.258099  0.086200
2580  1068.462649  1905.993562  19.534131  0.204572  1.155749  0.076612
2581  1673.278966  1473.916483  16.795982  0.071525  -0.357104  0.050562
2583  523.189351  219.631598  18.184965  0.044220  0.294954  0.087359
2584  1143.207664  214.211029  20.066563  0.164700  1.913630  0.191342
2585  876.618662  1948.609578  21.140874  0.111111  1.850672  0.208539
2586  670.870198  660.382742  20.403355  0.113577  1.057743  0.186677
2588  28.608840  822.722238  19.620057  0.091792  1.333026  0.103878
2589  341.821978  279.849988  19.344852  0.157626  1.193371  0.152753
2590  29.157253  295.186480  21.259620  0.178360  2.487262  0.332962
2592  449.063167  258.120954  19.634422  0.146542  1.085443  0.117411
2594  1463.349550  132.220141  19.594504  0.074958  1.148943  0.155438
2595  1858.634734  1397.140540  19.326119  0.204195  2.315538  0.080393
2596  1931.531731  683.479711  20.781952  0.180128  1.587585  0.209457
2597  756.498309  85.045683  20.750604  0.340995  1.985683  0.281553
2598  148.902467  233.264352  19.537998  0.194392  1.613600  0.105390
2599  1266.686463  573.708858  19.710159  0.121898  1.388584  0.093004
2600  301.299201  794.853627  19.791771  0.085832  1.227080  0.082396
2601  372.762944  1420.341733  18.176359  0.089613  0.207718  0.087887
2602  132.626148  1324.205980  19.796514  0.106198  1.444766  0.113173
2603  1497.080298  883.152789  19.045248  0.063713  1.044097  0.081333
2604  881.998401  163.417155  19.571246  0.178724  1.034470  0.113419
2605  570.364701  1242.556586  18.099020  0.061285  0.197372  0.068991
2606  192.811717  1145.620722  20.123620  0.142206  1.775423  0.221628
2607  1217.288078  894.527889  20.360175  0.103716  1.872718  0.126422
2609  381.394363  1648.427428  19.958381  0.120649  0.900858  0.088113
2610  64.415329  1079.739570  19.855500  0.096994  1.505631  0.116586
2611  1262.763786  562.984258  20.896249  0.199591  1.577179  0.095720
2612  326.103456  174.201455  19.550722  0.120632  1.357400  0.160290
2614  1922.702639  1939.713645  20.300183  0.119710  1.367239  0.089370
2615  620.286606  351.609401  20.011754  0.109567  1.222048  0.147177
2616  1264.386149  337.066273  20.421249  0.087557  1.404081  0.131750
2617  404.833155  417.741454  19.844314  0.202721  1.324693  0.146652
2619  1191.467155  661.472945  19.999527  0.143302  0.997125  0.084612
2620  1329.673396  1145.128690  20.959700  0.198411  1.687464  0.105939
2621  576.090493  861.057923  17.867601  0.087137  0.214919  0.113772
2623  631.427817  1480.400485  17.454263  0.052483  0.044239  0.073459
2624  382.304094  726.170618  19.432068  0.074625  1.113271  0.121139
2625  1780.300348  14.837106  19.976125  0.133665  1.445721  0.114723
2626  984.390541  1615.115721  20.115472  0.100536  1.362907  0.152838
2628  1840.345679  669.307791  20.780420  0.175743  1.752837  0.150542
2629  600.713354  985.481720  20.184980  0.183524  1.290094  0.095146
2630  1919.834290  860.418584  20.337130  0.113777  0.998367  0.252464
2632  1647.406498  249.960248  20.019394  0.122669  1.619568  0.180936
2634  296.833146  871.267475  19.184003  0.093345  0.898415  0.090154
2635  651.088334  1134.739135  20.396502  0.156458  1.418166  0.130523
2636  1006.433498  1001.586380  20.076352  0.145580  1.968688  0.255655
2637  1122.130838  1515.102292  20.707587  0.178050  1.421597  0.232884
2638  1221.279793  1691.172964  20.233460  0.086862  1.868698  0.095788
2639  440.779432  521.005958  20.429802  0.132316  1.862620  0.077231
2640  175.513134  1644.659409  19.742842  0.109576  1.403268  0.191512
2641  1284.740099  2003.650744  20.595444  0.138472  1.351144  0.111519
2643  633.744087  1409.277799  20.441149  0.172406  2.086381  0.143117
2644  1599.466490  1569.800351  20.377226  0.187345  1.636594  0.222177
2645  1250.471188  755.942001  20.889719  0.108778  1.821698  0.185704
2647  753.396326  1164.719077  19.974943  0.162629  2.520764  0.215639
2648  1018.653259  1276.550914  20.273347  0.180660  1.330754  0.113870
2649  787.667908  638.503229  20.855261  0.223577  1.252641  0.163666
2650  947.933516  571.398732  20.425951  0.227818  2.006630  0.200440
2651  1809.482101  1373.443033  19.908320  0.098666  1.096711  0.104564
2652  1729.200462  928.839022  20.124310  0.095385  1.072480  0.236526
2653  1881.277559  1252.982543  20.073450  0.085539  1.314814  0.084039
2654  745.121724  152.569064  19.786980  0.138148  1.265085  0.220477
2655  859.934707  1439.773190  19.137280  0.074533  0.891448  0.075523
2656  1313.910495  1601.954904  19.610219  0.076669  1.257143  0.089335
2657  342.223884  736.974550  21.024284  0.175855  1.646779  0.148807
2658  1903.732450  1338.673302  19.534266  0.106073  1.186068  0.102730
2659  585.348229  800.145318  19.587528  0.140305  1.392811  0.097387
2660  1892.103052  61.231176  21.552913  0.320252  2.283131  0.164223
2661  1726.606324  1581.261732  17.409059  0.051439  -0.034758  0.067055
2663  1368.371071  389.540097  20.902201  0.210809  1.569899  0.311972
2664  639.494056  112.819104  17.668172  0.077406  0.128332  0.055155
2665  1515.800084  1832.807397  19.023461  0.086731  0.956461  0.057244
2666  1987.749207  2008.616145  20.128905  0.185976  1.192966  0.132662
2667  681.090103  898.569870  19.971955  0.084561  1.496318  0.079824
2668  843.678672  509.083786  19.893579  0.097675  1.310713  0.095280
2669  439.023453  1810.921301  20.160507  0.274234  1.451149  0.103253
2671  1860.202273  678.874959  18.164850  0.102812  0.140224  0.069912
2672  1788.131639  1647.389784  19.623348  0.097021  1.127273  0.094688
2673  664.921529  710.425971  20.347573  0.241368  1.501009  0.258765
2675  889.902628  1445.960193  20.169009  0.083170  1.425419  0.151098
2676  1850.996420  396.986701  20.266678  0.088538  1.482563  0.180487
2678  1537.600453  410.203261  20.646963  0.130215  1.285663  0.170421
2679  531.491860  1305.471876  20.592436  0.112953  1.597246  0.187167
2685  614.403034  455.851977  20.402172  0.160058  1.534316  0.168714
2689  499.675056  620.196536  20.546803  0.134235  1.422746  0.183659
2690  440.108759  482.914415  20.677271  0.132620  1.833257  0.104606
2692  1904.878825  96.825933  19.671387  0.083100  0.984081  0.090469
2694  1212.345429  701.841961  20.783956  0.182023  2.803402  0.275856
2695  3.213356  854.361633  19.896641  0.126141  1.260117  0.214116
2697  604.580171  686.422099  20.642855  0.095653  1.207780  0.150027
2699  1705.249492  1081.624748  21.221524  0.125037  1.422533  0.267907
2700  517.624692  603.697256  18.310819  0.117948  -0.181901  0.119103
2702  198.869757  564.104215  20.967870  0.169970  1.367427  0.103882
2703  269.747172  167.767262  21.067959  0.298783  2.521869  0.143602
2704  166.022553  43.073611  20.341260  0.384836  1.983237  0.115535
2705  355.279160  1872.163602  20.537022  0.187918  1.382664  0.183923
2706  791.675508  716.249542  20.611314  0.230251  1.360731  0.093727
2710  1345.958369  642.419233  20.744545  0.126290  1.239719  0.119615
2711  791.654986  741.756690  20.226547  0.123924  1.368160  0.093278
2712  721.896762  1999.374688  18.648714  0.074106  0.262556  0.071337
2715  220.616238  848.993813  19.913018  0.092287  0.926888  0.123218
2718  1318.970134  167.185501  19.438728  0.102329  0.635729  0.132492
2721  1597.133684  1113.353991  20.904569  0.217546  2.520505  0.167933
2723  962.188247  1795.136800  20.846724  0.141024  1.401450  0.288959
2724  255.426130  20.157969  19.193558  0.079125  0.351832  0.181028
2726  267.283899  576.117092  20.528912  0.184365  1.431994  0.201923
2727  851.601422  1710.624861  19.637106  0.067641  0.620522  0.065363
2729  997.033624  1253.912354  21.455324  0.374359  1.254875  0.191520
2733  1311.467001  1421.945869  20.094613  0.175574  0.686019  0.156759
2735  1053.372194  389.761977  19.034718  0.098054  0.125289  0.067089
2736  986.500725  1381.589946  20.353062  0.125196  1.182045  0.096962
2738  1236.123031  34.730181  20.932157  0.137164  2.587778  0.239087
2739  276.291711  1886.972175  20.757306  0.130272  1.181350  0.113163
2740  1361.837171  1784.231284  20.615145  0.089660  1.256026  0.165656
2742  1141.714210  1737.211018  20.921588  0.174214  1.365838  0.106154
2745  1483.459149  1462.138396  20.123062  0.082101  0.820745  0.087088
2746  641.910317  1368.972976  20.621427  0.112053  1.187217  0.110182
2747  1587.362790  2042.169318  20.357640  0.104951  1.649605  0.147220
2748  1619.672490  834.912163  21.059457  0.116233  1.339775  0.242266
2749  140.362333  1999.686224  20.406057  0.126165  1.269933  0.183372
2751  1739.074580  1552.200480  20.983056  0.183614  1.230150  0.160450
2752  1013.507442  487.427322  19.638895  0.132825  0.546834  0.070732
2753  878.321436  1395.788612  19.492540  0.072385  0.626759  0.068191
2755  1959.076949  859.937752  20.859635  0.201944  1.283694  0.142779
2757  1813.650038  1166.659420  21.151168  0.130889  1.505122  0.254400
2758  888.204276  1198.007114  18.907640  0.077066  0.370380  0.095307
2760  193.796115  822.571180  20.047931  0.113356  1.466594  0.094110
2761  1970.948936  1647.881387  20.566509  0.188513  1.625682  0.156929
2762  697.037787  940.420769  19.947449  0.242081  0.856283  0.123186
2764  1340.298977  428.036967  20.360675  0.085595  1.021884  0.110257
2769  1141.903008  1597.522043  20.709311  0.228169  1.417191  0.292932
2771  1459.443906  51.675553  20.340259  0.118761  1.270541  0.112458
2772  858.796868  101.005167  20.463342  0.183978  1.170198  0.095593
2774  330.943360  839.006966  17.424413  0.055694  -0.349762  0.124635
2776  1324.257501  26.074900  20.712402  0.314675  1.446997  0.110841
2777  1220.553632  1637.572485  21.083267  0.198645  1.511370  0.211917
2781  233.413331  1627.228580  20.607422  0.221979  1.364695  0.202081
2782  1852.532833  595.983447  20.556279  0.135919  1.410522  0.240691
2783  202.453099  1425.522864  20.993900  0.158539  1.226349  0.203547
2785  580.453170  1024.942555  20.658684  0.189178  1.441425  0.136041
2786  140.939218  920.938070  20.841499  0.258412  1.798414  0.104327
2787  1302.599209  258.174684  21.132892  0.234055  1.820810  0.156238
2788  1077.738977  1699.757849  20.792405  0.216806  1.675101  0.104487
2790  226.271579  533.593290  18.961291  0.061226  -0.077206  0.166015
2791  682.256411  1317.274370  20.414738  0.141981  2.152429  0.126615
2792  193.423971  2035.160127  20.321525  0.092289  1.108217  0.091234
2794  1304.194952  1819.776259  19.957892  0.125972  0.691366  0.085457
2797  1326.504966  1569.342685  20.574636  0.109568  1.508214  0.105267
2798  241.251052  2046.830832  21.377095  0.199265  2.058653  0.157034
2799  1302.272846  1080.717059  20.459023  0.092823  1.176769  0.137816
2800  1674.073218  1150.545262  20.761089  0.184850  1.400249  0.151320
2802  1750.028416  1233.150511  18.054889  0.135533  -0.116976  0.102709
2804  1309.689458  405.982677  20.245620  0.099956  1.256673  0.127314
2806  228.929859  623.606450  20.164336  0.193092  1.139140  0.156559
2807  1730.367299  1484.908227  20.585560  0.141902  1.772723  0.133019
2810  2041.643594  1252.589824  19.239501  0.090021  0.585436  0.083676
2812  1802.302618  1051.697666  19.364676  0.120538  0.476507  0.066443
2813  1992.341146  1238.041492  20.384091  0.148454  1.555129  0.243233
2816  1739.055565  646.165026  20.455368  0.191718  1.348260  0.345970
2817  1530.130618  1773.207671  21.453294  0.226032  1.879107  0.242556
2819  1151.499214  1672.103335  20.868971  0.135100  1.356579  0.250792
2821  854.550105  466.300797  20.665265  0.184613  1.891087  0.248291
2822  1426.664697  2007.129465  19.784936  0.168010  1.013988  0.154583
2824  824.695626  940.786374  21.023818  0.271960  1.910698  0.209140
2825  87.242941  1663.165440  21.322838  0.120930  1.952503  0.212002
2828  797.408881  1697.494801  18.367268  0.078249  0.073601  0.046959
2829  1167.791967  1678.930489  20.447385  0.149272  1.343357  0.142851
2831  285.717004  1592.954658  18.172030  0.045272  -0.174462  0.070960
2832  1193.897320  1935.486856  19.562547  0.092143  0.934527  0.085168
2833  681.960780  642.271316  20.440312  0.118174  1.520057  0.171879
2834  1549.678325  538.406144  20.577122  0.195242  1.439879  0.093085
2835  1252.476052  1173.573062  20.824501  0.200079  2.556082  0.227268
2836  1841.927039  542.782135  21.233808  0.182611  1.824718  0.135204
2837  1103.452039  26.331364  18.979053  0.122200  0.505305  0.056571
2838  562.073812  762.301161  18.368801  0.098828  0.115131  0.048875
2839  1354.709324  519.121447  20.542073  0.105062  2.136331  0.131188
2841  1219.274560  839.177575  20.953293  0.235487  1.451702  0.282956
2842  1505.892156  913.860692  20.596736  0.186327  1.532231  0.125053
2844  132.751859  1278.058399  20.677734  0.095911  1.102575  0.103928
2846  1130.173874  1882.389078  20.597114  0.271989  1.021818  0.236476
2847  1927.353073  927.421322  19.099840  0.092065  0.384681  0.098557
2848  582.505849  1748.363983  20.802020  0.191692  1.324142  0.177337
2850  1977.595051  273.091322  20.888132  0.161624  1.450682  0.208560
2851  1963.881845  117.943790  20.189048  0.113808  0.887949  0.241837
2853  1498.432534  120.778895  20.799689  0.128275  1.327787  0.092442
2854  1762.636096  1584.420032  18.280024  0.076909  0.117130  0.124558
2855  234.883821  1308.245857  19.577927  0.096482  0.370893  0.121808
2856  1062.417609  1525.721011  20.780865  0.201087  1.290140  0.118984
2857  760.770588  1199.570461  20.398717  0.119977  1.492264  0.163611
2858  256.689465  362.318690  20.211602  0.229370  1.166428  0.086439
2861  804.054296  1594.219178  20.134146  0.100254  1.058658  0.144176
2862  300.721890  1698.774609  20.654025  0.099075  1.700835  0.111446
2863  1698.150097  1522.378769  20.830805  0.127329  1.244404  0.158078
2867  771.756091  234.737804  20.423741  0.204919  2.685829  0.102258
2868  237.304809  1556.468430  21.008014  0.113142  2.374900  0.198215
2869  1969.361093  1930.508339  19.313025  0.117406  0.641369  0.107050
2870  872.114917  1329.527955  21.430812  0.209323  2.069747  0.131127
2871  812.888421  1328.214935  20.462586  0.167190  1.380193  0.087108
2872  512.474102  1466.409958  18.927371  0.165664  0.499486  0.168284
2873  587.537194  1857.006115  20.659282  0.225024  1.325405  0.112371
2874  234.189939  1988.047790  20.087909  0.129819  1.062970  0.095587
2875  729.469748  1252.650379  19.195290  0.106114  0.826010  0.138806
2876  939.083135  1514.648483  20.636883  0.345247  1.420486  0.168673
2880  926.132447  678.922545  19.211162  0.105916  0.157040  0.100425
2883  568.736318  1476.723727  20.415868  0.123601  1.412436  0.105567
2884  424.586020  834.071196  21.233430  0.149923  1.724328  0.125021
2886  733.693455  1711.690132  20.611362  0.241427  1.352586  0.170703
2889  1040.945037  1094.807677  20.297839  0.209839  0.483829  0.183019
2890  857.517416  881.040836  20.585193  0.090352  1.037535  0.106320
2891  832.086989  1245.509884  20.458799  0.238975  1.283378  0.171295
2894  1663.700793  1591.866568  20.105105  0.107140  0.672041  0.091141
2897  1123.897985  1589.598243  21.266319  0.147248  1.573332  0.139267
2903  105.078617  0.353005  20.305520  0.093651  0.617669  0.149744
2904  1620.966868  1125.718080  20.605715  0.264488  0.923938  0.161953
2909  768.498787  1375.747509  19.424698  0.074163  0.369110  0.109048
2912  252.426783  138.349087  20.218584  0.085176  0.479467  0.191860
2914  1615.169856  1083.394935  21.201099  0.171418  0.922295  0.139066
2915  522.199633  128.009999  21.263451  0.235368  1.228175  0.171990
2916  610.578130  1016.326782  20.554792  0.165598  1.076095  0.090711
2919  573.190641  1024.261694  20.889996  0.242788  1.278086  0.154530
2922  1353.427297  1302.231366  20.213293  0.088063  0.492162  0.134450
2925  870.381023  413.592046  21.729895  0.206588  1.563080  0.171054
2926  512.132692  627.821409  21.512384  0.325195  1.975021  0.140311
2929  244.100332  118.616440  18.725755  0.085025  0.061715  0.090924
2932  435.016360  967.407069  19.912632  0.090467  0.991116  0.136298
2933  1870.237720  981.205292  21.005341  0.167616  1.199473  0.215884
2935  1441.634322  233.538449  21.390590  0.146907  1.989929  0.344425
2939  1296.936728  882.584651  21.045902  0.132871  1.248703  0.200264
2950  393.315227  1250.565899  20.626056  0.253258  0.955042  0.123512
2954  1361.711962  1325.767380  21.355273  0.142419  1.586912  0.139118
2957  315.501528  1872.409041  20.864357  0.167951  1.866882  0.184181
2958  375.077227  1969.097425  20.305955  0.117662  0.874952  0.136986
2964  1231.081643  1231.661521  19.480773  0.072292  0.276809  0.091367
2967  1055.049575  1693.335165  18.538810  0.117432  -0.193247  0.103325
2969  60.700707  686.306834  20.294907  0.129367  0.722343  0.146802
2970  1132.984195  347.011476  18.824904  0.126384  0.052005  0.069767
2971  438.433204  1797.890642  20.787622  0.230714  0.614329  0.256979
2972  1557.894653  784.221833  21.563663  0.164528  1.500906  0.215704
2974  1283.056070  854.387303  19.679103  0.146460  0.538958  0.202782
2975  1197.371922  1911.488195  19.426226  0.119958  0.072129  0.063226
2976  1374.984273  710.802482  21.175642  0.162862  1.432297  0.237771
2981  1547.090304  496.938980  20.782060  0.193787  1.174327  0.133918
2983  2.544095  1730.848884  21.520396  0.229721  1.478641  0.188492
2985  1858.994164  176.395694  18.699316  0.116930  -0.023071  0.095810
2986  1475.165909  308.182427  21.432876  0.164672  1.551592  0.189854
2987  223.200069  1840.358353  21.255497  0.263805  1.941248  0.268584
21002  524.986427  1846.859077  21.164870  0.151986  1.176839  0.133349
21005  367.808462  1371.739691  20.083746  0.128186  0.680820  0.074262
21009  514.989536  1269.404969  20.673616  0.141198  1.103811  0.112448
21011  374.487635  686.709991  21.685802  0.229626  1.770265  0.191310
21016  1585.985163  498.265358  20.665467  0.185867  1.189000  0.169020
21017  312.785080  86.555118  20.363699  0.166012  0.602310  0.087605
21020  641.804433  815.849991  21.262395  0.160507  2.142171  0.248463
21029  1366.026230  53.395687  21.187690  0.356156  2.139840  0.145325
21031  71.037151  1925.409359  21.328099  0.242399  2.015695  0.149872
21032  494.495443  606.659699  20.068398  0.089829  0.742673  0.105189
21037  467.823291  1097.033046  21.372702  0.138216  1.518962  0.150025
21039  208.744576  1148.216169  18.817647  0.089181  0.021095  0.130151
21046  671.377136  10.324888  20.161025  0.257187  0.881370  0.098070
21050  296.492141  1363.097360  20.291795  0.186598  0.855185  0.159485
21057  1106.346695  694.295852  20.069316  0.109538  0.438439  0.084698
21058  95.814547  1195.224654  20.948660  0.199734  1.155540  0.157638
21061  488.938445  1153.091695  21.008746  0.146603  1.549263  0.150413
21066  1308.734045  1571.106983  20.039057  0.091381  0.529604  0.112521
21069  228.614197  1891.285242  19.949854  0.137214  0.692640  0.081441
21070  575.848421  1363.263514  20.652812  0.213692  0.950590  0.107490
21072  720.085055  884.762924  21.563169  0.308648  1.684667  0.212067
21087  1191.962399  1134.374512  19.311493  0.081659  0.176845  0.063909
21091  522.638007  1461.622762  21.370846  0.287211  2.138227  0.175153
21092  792.697526  639.158861  20.222263  0.142232  0.555631  0.180319
21098  1485.322803  1353.465007  20.705838  0.161380  0.825862  0.212787
21102  1144.242306  893.185623  20.119525  0.151358  0.757697  0.161857
21103  855.582482  763.790873  20.277234  0.084852  0.475688  0.105130
21105  1343.917052  1081.816064  20.760004  0.102361  0.521782  0.147114
21112  764.069640  1890.517123  19.842344  0.205076  0.369929  0.100631
21113  66.414406  1926.385308  20.130681  0.183937  0.224440  0.092189
21117  1042.572055  1522.415294  20.817115  0.113563  0.920387  0.162618
21118  392.974085  338.707756  21.945803  0.307591  1.454671  0.257652
21121  778.170994  833.515524  20.913657  0.208402  0.611060  0.102525
21122  882.720534  1352.249887  20.509253  0.110873  0.439054  0.090403
21125  1958.182136  1995.579812  19.696716  0.140188  0.588267  0.172713
21131  1616.194002  522.963954  20.842388  0.136068  0.417050  0.241459
21132  1224.587021  1762.758152  20.543102  0.120180  -0.227680  0.260170
21133  1072.064599  750.371405  19.986327  0.248085  0.482000  0.177640
21135  356.812844  1356.152880  20.807306  0.311420  0.863237  0.122205
21136  1974.068143  5.474641  20.735111  0.232736  0.712178  0.109895
21138  1461.496227  1321.976871  20.783926  0.112497  0.355642  0.121649
21140  1074.805248  1519.875712  20.323522  0.111539  0.455949  0.127681
21141  1625.732874  513.213713  20.891204  0.122690  0.692612  0.355771
21142  1902.480994  653.271144  20.614105  0.099553  0.359912  0.218898
21146  994.215110  1264.274121  20.942024  0.255722  0.650143  0.137377
21147  1615.031906  48.148452  20.836426  0.128412  0.906897  0.108111
21148  1816.050464  661.128213  20.326287  0.167405  0.846322  0.233124
21156  1551.607186  1043.791910  20.584713  0.170272  0.878407  0.196390
21159  954.779912  675.666479  21.248959  0.147997  0.521226  0.124961
21160  1183.299365  1207.353286  20.308832  0.179964  0.474683  0.107406
21161  1089.054134  1014.459167  19.730175  0.167933  0.136007  0.150183
21164  1825.226383  401.181079  20.329231  0.129686  0.544565  0.090730
21165  85.234984  180.023963  19.982398  0.163078  0.705079  0.224234
21168  1877.149985  554.467727  21.050688  0.204401  1.280025  0.182915
21169  675.630709  1440.773304  19.756350  0.092295  0.133405  0.086726
21173  1475.569477  1822.167912  20.490989  0.174855  0.565261  0.172111
21175  1129.447126  2021.759891  19.928145  0.236263  0.471209  0.162194
21176  1417.918905  1639.704577  21.065059  0.326806  1.219811  0.190033
21177  87.456582  947.671654  20.318257  0.096173  0.414934  0.239901
21178  1112.538671  402.773906  20.668774  0.228485  0.431234  0.168893
21181  1705.335182  1700.943447  20.750918  0.114405  0.160481  0.113119
21183  1252.742582  220.360451  21.310907  0.229068  0.692086  0.251557
21186  1502.549383  1378.392952  21.208987  0.223438  0.804521  0.139286
21187  1140.915542  1809.882986  20.768561  0.100913  0.285112  0.092097
21188  1393.487126  1333.012050  21.060477  0.207907  0.258824  0.126235
21196  1419.837939  1824.043975  21.229829  0.172119  0.604485  0.147075
21205  1614.752089  95.034882  20.751888  0.128023  0.491432  0.120425
