# id  x  y  V  eV  BV  eBV
117  970.238157  947.892204  21.666333  0.234094  2.007498  0.320264
146  1099.468820  895.269642  20.995149  0.229801  1.257174  0.229714
151  1072.806236  1001.873469  21.325601  0.170879  1.465559  0.292518
157  1064.737812  982.307451  21.260123  0.334222  1.258615  0.142964
163  1103.810744  1096.241439  21.390585  0.259504  1.649993  0.138752
164  1042.822226  998.380216  21.276064  0.410094  1.649188  0.149268
167  1053.087846  1029.146706  20.857200  0.265679  1.464548  0.116374
170  980.963021  1079.420723  20.862944  0.300318  1.461413  0.116853
171  1068.199916  829.520466  20.567401  0.261307  1.622612  0.181565
173  1004.989297  1069.434634  20.663623  0.303249  0.872036  0.358001
177  1048.598467  958.419579  20.940134  0.107953  1.561525  0.159494
178  850.406420  965.155205  20.845282  0.164901  1.742525  0.282428
180  1023.951217  927.706665  20.565303  0.143211  1.705525  0.230281
184  1095.018127  927.037276  21.021441  0.145205  1.809313  0.342178
186  1040.601580  1175.568691  20.580800  0.125974  1.382133  0.195235
187  1105.175163  988.905841  21.058258  0.192137  1.385436  0.230261
189  1042.656113  1135.578726  20.940860  0.134263  1.482859  0.138011
191  967.337472  1025.587016  20.865105  0.198858  0.868944  0.385148
192  996.917228  1170.766930  20.462094  0.188431  1.483440  0.181679
194  1037.418271  1136.836055  20.685859  0.186828  1.497561  0.111759
195  1037.950669  1148.574372  20.570439  0.231937  1.617684  0.124807
196  936.870298  940.347617  20.769722  0.173286  1.448776  0.112997
198  903.662572  964.805612  20.660643  0.111503  1.133301  0.176458
199  1130.988483  1020.150723  20.742756  0.171842  1.498119  0.119414
1100  987.033518  842.314138  20.669771  0.309601  1.149261  0.168401
1101  962.237460  1082.395996  20.794301  0.093572  1.563661  0.108545
1102  1021.761188  1084.687094  20.832914  0.110993  1.538293  0.094547
1104  1067.732705  1131.588608  20.686693  0.095973  1.581160  0.124036
1105  974.905139  1097.761690  20.894495  0.152679  1.415190  0.136646
1106  1124.976148  838.548521  20.534905  0.154765  1.458969  0.250420
1107  1149.367767  1061.690941  20.625674  0.123386  1.470595  0.107238
1108  1107.337708  1085.308150  20.887930  0.112304  1.258344  0.197983
1109  953.637786  1184.299868  20.586543  0.101166  1.320685  0.202923
1110  1134.265405  1035.797381  20.382436  0.159797  1.412363  0.189625
1111  981.360497  1144.521892  20.499319  0.236913  1.351266  0.124134
1112  1012.395336  991.866184  20.536281  0.156054  1.331630  0.268321
1113  1066.216632  1036.956303  20.853492  0.169183  1.642372  0.138785
1114  958.110228  909.956813  20.249079  0.102879  1.476910  0.095016
1115  971.263222  1040.148378  20.442164  0.152362  1.701440  0.293940
1116  1082.047672  1000.141496  20.527380  0.118386  1.747331  0.176756
1117  856.814367  1037.552189  20.422238  0.106059  1.786262  0.253368
1118  1012.888084  1110.781706  20.360632  0.190769  1.496701  0.172172
1119  1001.999340  1049.470177  20.522643  0.087291  1.487832  0.114250
1120  1003.123528  968.088822  20.553702  0.117624  1.459880  0.087975
1121  1064.941199  882.314424  20.334857  0.139776  1.321583  0.087474
1122  1050.454815  1058.108867  20.235817  0.115738  1.675610  0.189294
1123  1036.142838  1155.624571  20.138127  0.107517  1.396119  0.114731
1124  1186.092544  989.255496  20.240985  0.187050  1.649703  0.097854
1125  982.357852  953.837568  20.262557  0.113429  1.547558  0.206652
1126  871.986504  908.772782  20.285930  0.166232  1.797458  0.162009
1127  991.797412  1083.917558  20.114775  0.112361  1.577583  0.179565
1128  999.783281  1064.204657  20.145948  0.164075  1.398456  0.119092
1129  902.195487  1033.558180  20.106410  0.095108  1.397003  0.087348
1130  997.203149  898.031534  20.220344  0.107537  1.594282  0.146280
1131  997.527245  1120.106619  19.796800  0.238822  1.300015  0.146886
1132  1011.872154  1144.954040  20.130046  0.187872  1.374874  0.080218
1133  1161.507860  1023.867208  20.018974  0.164314  1.155249  0.151418
1134  948.501176  1075.839283  19.973050  0.194139  1.445693  0.097089
1135  980.421386  1022.562673  20.016704  0.117110  1.506187  0.181319
1136  986.214502  1077.452452  20.214660  0.102581  1.403733  0.196528
1137  1027.120783  870.873129  19.613114  0.300382  1.404072  0.163253
1138  975.546491  1206.455419  19.934249  0.186669  1.356501  0.172875
1139  1172.205916  1077.632594  19.935071  0.108533  1.368295  0.078219
1140  1035.584307  1067.925770  20.046099  0.109684  0.973083  0.154174
1141  885.228134  1064.318833  20.015501  0.080021  1.873744  0.207534
1142  1163.362099  1061.909238  20.064091  0.138247  1.585848  0.095307
1143  1071.707279  1027.979530  19.984009  0.162038  1.425909  0.266163
1144  1091.819090  943.239168  20.083530  0.126957  1.504234  0.082009
1145  940.469391  952.068854  19.899245  0.090063  1.482266  0.092867
1146  937.839903  1090.611261  20.026865  0.094486  1.478314  0.138733
1147  1080.289833  1222.450606  19.936818  0.144783  1.491446  0.080414
1148  983.259279  906.062070  19.834726  0.081402  1.489344  0.135898
1149  842.577920  1109.110047  19.919794  0.107473  1.769944  0.197928
1150  875.431444  988.075295  20.085956  0.153973  1.508143  0.097856
1151  1024.051446  967.679304  19.742995  0.110947  1.264349  0.124209
1152  1021.457940  934.317445  19.724605  0.144749  1.247876  0.132846
1153  950.910771  1003.605135  19.841458  0.110684  1.368729  0.166815
1154  1015.517512  1107.804017  19.653166  0.139136  1.531851  0.107483
1155  857.911603  1045.519585  19.627757  0.067510  1.455236  0.161903
1156  906.025370  1031.128822  19.647793  0.114840  1.531768  0.092021
1157  935.441039  929.245368  19.495716  0.077546  1.552005  0.100886
1158  968.266629  1183.675208  19.450620  0.119770  1.330354  0.141340
1159  1053.532426  1108.209418  19.483570  0.094911  1.502958  0.121121
1160  1056.742011  1069.273764  19.434116  0.173305  1.063257  0.175785
1161  1083.634708  1076.612977  19.499326  0.151862  1.452240  0.069465
1162  1073.915453  929.971917  19.774657  0.132445  1.700088  0.106506
1163  1008.434483  993.078477  19.588203  0.080255  1.189157  0.084420
1164  1035.248722  1005.640827  19.690479  0.151960  1.397463  0.104513
1165  1075.799368  1092.923167  19.455331  0.096334  1.392789  0.090757
1166  1050.678088  1052.528333  19.297417  0.084088  1.432024  0.085104
1167  1011.775058  967.838413  19.241906  0.099739  1.503954  0.147134
1168  1024.859361  1112.857457  19.480913  0.107094  1.364422  0.114379
1169  1057.781268  883.942298  19.471718  0.181432  1.268252  0.109311
1170  1005.507011  1028.094095  19.437563  0.183735  1.364409  0.113956
1171  1081.691525  1050.737500  19.292790  0.176034  1.591430  0.146980
1172  1152.413471  980.955628  19.221011  0.085785  1.486509  0.177699
1173  908.195021  1074.821059  19.312011  0.203004  1.148968  0.119183
1174  919.172219  983.057347  19.185889  0.087250  1.300630  0.098058
1175  911.670723  902.276608  19.222538  0.058374  1.359572  0.061165
1176  1139.498045  986.347479  19.083527  0.074402  1.362714  0.093902
1177  1003.625349  1028.989481  19.142388  0.061719  1.300233  0.105731
1178  1026.267976  852.019651  19.089909  0.063273  1.335983  0.092942
1179  1030.860513  834.646180  18.986332  0.071242  1.265858  0.117678
1180  1058.777416  1120.320942  19.168156  0.073545  1.410035  0.186179
1181  1193.138647  1158.726472  19.156235  0.215209  1.226266  0.101687
1182  1134.715064  1106.648023  19.037574  0.093263  1.457739  0.061867
1183  1094.098432  1014.856294  18.726278  0.105588  1.377250  0.070947
1184  1021.428060  907.193795  18.919835  0.164211  1.204028  0.123460
1185  878.849700  1055.962132  18.884845  0.066778  1.408566  0.124668
1186  907.953992  928.311849  18.916871  0.068206  1.311999  0.082660
1187  895.215002  1004.770304  18.932866  0.086535  1.381659  0.097127
1188  1079.910482  1007.349617  18.710309  0.066555  1.450951  0.114013
1189  1131.590779  953.483284  18.653468  0.062162  1.248553  0.074033
1190  946.547753  1167.681085  18.824166  0.073911  1.369163  0.106641
1191  973.159875  1036.761068  18.593679  0.072536  1.394926  0.096779
1192  959.501025  920.859771  18.495497  0.091913  1.234324  0.065577
1193  1032.634737  1166.820721  18.476813  0.073408  1.259603  0.087585
1194  994.851779  1033.248952  18.446965  0.121168  1.232647  0.053446
1195  1061.563064  1144.244961  18.677681  0.138405  1.251737  0.065076
1196  1043.781714  1132.754207  18.431575  0.099003  1.313038  0.081953
1197  1094.581453  1093.177979  18.363169  0.073282  1.334269  0.077741
1198  961.459589  844.130877  18.344636  0.105763  1.452378  0.113138
1199  993.465815  1157.626552  18.338072  0.061859  1.258512  0.057988
1200  1166.279475  1032.021832  18.292345  0.062364  1.293910  0.083950
1201  1093.539553  1139.415101  18.235720  0.146394  1.249932  0.061855
1202  1016.331469  907.781571  18.267910  0.062543  1.295338  0.084631
1203  1107.013550  1189.640192  18.207158  0.099681  1.161615  0.081726
1204  820.749599  982.532731  18.338152  0.133000  1.103875  0.097159
1205  1047.319880  1150.846484  18.129073  0.091284  1.323753  0.053849
1206  1021.815849  973.609103  18.266129  0.062995  1.331289  0.061173
1207  965.165773  945.200312  17.864144  0.110371  1.170830  0.058406
1208  1145.311580  973.162086  17.879693  0.083837  1.267320  0.044695
1209  1062.248919  958.099313  17.832140  0.084675  1.291719  0.046050
1210  985.687593  1161.465713  17.845822  0.062060  1.197264  0.072743
1211  959.084954  1086.532526  17.599444  0.041772  1.068976  0.055479
1212  1159.583662  1028.042076  17.517152  0.056233  1.104867  0.075942
1213  996.264325  918.899569  17.632255  0.097340  1.020204  0.086686
1214  923.502817  821.522821  17.498612  0.050224  1.121654  0.055687
1215  1070.313533  1137.714688  17.547849  0.053290  1.197901  0.052792
1216  1052.505539  952.631276  17.385886  0.042396  1.145789  0.057063
1217  967.039058  1013.840937  17.318356  0.079797  1.045369  0.097818
1218  954.364559  1075.301458  17.374462  0.056874  1.130927  0.048038
1219  945.128489  992.058307  17.282603  0.066246  1.099439  0.041538
1220  925.615473  914.112143  17.207834  0.066490  1.044336  0.064357
1221  968.004977  1085.801370  17.028384  0.084128  1.111561  0.067414
1222  989.150024  1039.151596  16.992312  0.044943  0.995541  0.075697
1223  1095.360205  1014.637834  16.624992  0.073313  0.914561  0.043825
1224  958.244434  882.047529  16.542053  0.104888  0.977543  0.055195
1225  1153.978429  1047.393239  16.690501  0.047202  1.044076  0.057473
1226  906.570301  1040.730460  16.611037  0.044958  0.987519  0.043042
1227  972.891197  1057.301258  16.483841  0.065887  0.873860  0.054748
1228  1078.326129  1028.403569  16.467368  0.034695  0.905818  0.035067
1229  816.011018  907.837092  16.448876  0.115138  0.879514  0.057053
1230  938.731356  1011.610563  16.448444  0.045568  0.887407  0.034987
1231  971.427451  967.364444  16.284211  0.062591  0.818064  0.049114
1232  1059.033539  901.204541  16.020300  0.058492  0.737243  0.072212
1233  1086.020465  1054.669312  15.946030  0.050051  0.851107  0.029405
1234  1062.052557  1001.884856  15.845832  0.040310  0.729055  0.083263
1235  970.008392  1032.101130  15.814214  0.035689  0.851971  0.032245
1236  1040.787538  954.408899  15.884348  0.048495  0.845249  0.039600
1237  1074.128118  965.665280  15.681340  0.044870  0.860712  0.076549
1238  1033.561743  1043.723735  15.698439  0.034309  0.745093  0.052779
1239  904.584909  991.174042  15.470473  0.047474  0.810951  0.050425
1240  997.575578  1031.087903  15.312761  0.039327  0.788866  0.039684
1241  1004.264018  1032.498299  15.318349  0.089067  0.687435  0.040456
1242  1032.648335  899.149701  15.211371  0.030809  0.666075  0.036082
1243  1138.478776  1002.317619  15.055338  0.050055  0.674588  0.024368
1244  1016.084746  1148.244050  15.027762  0.034870  0.658806  0.026367
1245  946.602824  941.989069  14.886094  0.041908  0.652909  0.026545
1246  1046.681825  883.792835  14.745331  0.042510  0.628596  0.041490
1247  887.922995  968.317276  14.700803  0.058469  0.593894  0.029881
1248  1041.478144  1205.931356  14.635549  0.056119  0.625958  0.025426
1249  990.217482  889.886925  14.619914  0.027444  0.652908  0.052860
1250  1015.865180  1023.840461  14.397478  0.052157  0.491915  0.034280
1251  939.632415  894.179082  14.281591  0.037463  0.544602  0.028347
1252  920.952689  1028.155228  14.107889  0.056668  0.463577  0.033955
1253  998.681846  1073.660559  14.018617  0.025263  0.449368  0.050236
1254  1167.773020  880.266977  13.973301  0.027648  0.453051  0.045076
1255  992.755446  1105.030083  13.838794  0.022441  0.397713  0.030403
1256  939.157545  1038.008279  13.724331  0.020549  0.416497  0.054094
1257  1075.071488  953.233981  13.544504  0.026268  0.433811  0.027679
1258  991.451238  929.963725  13.471758  0.044358  0.386448  0.030608
1259  1002.455081  1094.331761  13.368567  0.023115  0.362572  0.029819
1260  1154.260275  1088.048681  13.141796  0.019449  0.319193  0.055570
1261  944.691569  1033.273283  13.191323  0.071632  0.329741  0.023611
1262  1046.531195  1025.720689  12.891563  0.019289  0.256681  0.020367
1263  1112.814326  1023.308575  12.881443  0.050302  0.317397  0.038902
1264  911.129313  1014.592266  12.726500  0.044946  0.205666  0.047388
1265  1110.652498  931.116524  12.661242  0.022503  0.188204  0.018398
1266  900.248760  1163.629773  12.483651  0.018908  0.137832  0.036139
1267  985.560801  990.579896  12.398953  0.040860  0.176545  0.021415
1268  903.992054  949.593027  12.329860  0.031475  0.138326  0.041641
1269  908.577341  997.756088  12.285245  0.021998  0.224280  0.039858
1270  1060.965499  831.650263  12.064745  0.031037  0.152686  0.034306
1271  979.501363  981.648630  12.030843  0.042493  0.096318  0.018531
1272  1020.646031  1016.881644  11.855487  0.028728  0.079555  0.031455
1273  1003.709501  1152.309596  11.801244  0.025302  0.055812  0.024148
1274  1047.349289  983.713362  11.512696  0.050769  0.042790  0.022113
1275  911.355351  1060.567634  11.563126  0.024304  0.024986  0.045248
1276  826.887434  956.513157  11.221210  0.043547  0.004852  0.031707
1277  926.846116  913.853829  11.139340  0.047347  -0.008530  0.029678
1278  959.422280  1079.714181  10.881407  0.017233  0.040840  0.023780
1279  1129.075302  1069.865206  10.743902  0.033168  0.049130  0.053079
1280  956.407009  1053.149655  10.316129  0.033453  0.002234  0.032929
1281  1062.965350  1111.421563  10.142629  0.018354  -0.017614  0.035973
1282  1020.285297  1060.146012  9.717148  0.025289  -0.056932  0.020252
1283  970.975928  927.669596  9.152684  0.027892  -0.013835  0.024878
1284  1041.255977  910.145147  8.856961  0.029749  -0.094684  0.019649
1285  1097.181348  1187.699261  6.257503  0.015533  -0.109630  0.022744
1286  1081.938473  930.609971  18.958133  0.083938  1.293595  0.103960
1287  935.719649  1158.194749  15.961207  0.086476  0.807344  0.049460
1288  955.493089  1166.812529  15.801135  0.056031  0.830148  0.047400
20  409.637079  191.789609  10.679382  0.016952  2.011739  0.044086
21  584.206973  996.287997  10.935662  0.017279  1.981251  0.039199
22  311.270921  650.823486  10.079535  0.020946  1.099467  0.024349
23  1601.144766  1846.570261  8.622994  0.026156  -0.105923  0.017394
24  715.589209  356.770155  8.648671  0.023321  0.021705  0.020013
25  1358.657627  763.384232  12.610405  0.021391  2.275909  0.021355
26  2039.407044  1119.979977  12.091251  0.054763  1.776993  0.034342
27  330.566095  1654.093956  9.264815  0.055715  0.013050  0.019925
28  1817.984121  809.101823  8.917221  0.037103  -0.090627  0.028728
29  230.345509  2007.282320  15.112665  0.073664  3.460434  0.058176
210  1250.799172  488.826318  10.284176  0.040048  0.441586  0.018872
211  746.726420  365.210748  10.935722  0.057042  0.705270  0.026240
212  710.230360  1373.748840  10.160786  0.045082  -0.127187  0.027814
213  1119.524156  1616.309827  10.147329  0.035127  0.196553  0.024253
214  380.114659  1274.573466  10.910150  0.030853  0.217622  0.031089
215  665.659513  1127.657539  11.025443  0.034429  0.316592  0.035136
216  1912.208502  933.731907  10.557263  0.029719  -0.077435  0.042921
217  1935.885271  1116.831904  14.866287  0.022754  2.409805  0.041521
218  1047.869693  57.295863  14.750439  0.041973  1.939875  0.049649
219  1018.428672  571.582685  12.085431  0.018920  0.620077  0.050679
220  551.791780  801.203471  16.311894  0.039374  2.723237  0.067291
221  1971.369817  1016.927032  15.208497  0.033118  2.224963  0.033869
222  1992.264436  1656.289407  12.157816  0.046676  0.224378  0.035394
223  976.331041  817.800341  12.913658  0.024301  0.544253  0.056449
224  393.663513  942.747027  11.958369  0.024790  0.078551  0.017836
225  741.748808  893.503945  13.835916  0.022579  1.150741  0.049456
226  1741.331221  954.696106  13.638844  0.048944  0.940677  0.034044
227  896.480339  330.556742  15.737117  0.038044  2.368304  0.030730
228  151.465292  534.676513  12.234106  0.042117  0.408867  0.023995
229  1504.875648  1851.524477  12.401277  0.051620  0.110382  0.042758
230  1392.275834  453.750729  11.784609  0.022687  -0.224676  0.028809
231  1906.605579  18.488381  12.821374  0.034111  0.244548  0.023837
232  1651.392361  1672.439972  12.191241  0.020488  -0.234541  0.054349
233  1541.068534  51.721158  12.686267  0.036194  0.079480  0.039354
234  1652.834937  216.701437  18.859288  0.088819  3.600699  0.090952
235  1516.235335  1460.961731  12.522860  0.021732  0.051618  0.026801
236  799.313141  352.598394  13.415881  0.031696  0.581947  0.061891
237  1475.053164  921.243985  12.732520  0.040792  0.731069  0.023369
238  1905.616038  742.765903  15.074669  0.044597  1.304373  0.058669
239  1606.511448  1453.116658  13.786654  0.025529  0.396786  0.030081
240  1560.892239  1239.351947  16.432385  0.032262  1.813289  0.062261
241  1534.529453  1912.362741  13.494313  0.048441  0.555371  0.052409
242  1329.860805  1022.250502  19.918037  0.115082  3.720315  0.074131
243  936.009279  63.683663  14.591776  0.037058  0.863056  0.042394
244  1661.243272  1468.115719  14.217802  0.042402  0.636559  0.028754
245  1897.294750  928.959678  13.704200  0.045793  0.320133  0.025853
246  2001.312977  1047.032687  13.315853  0.034622  0.502840  0.029197
247  487.242002  123.758299  12.525249  0.021277  -0.306292  0.023103
248  144.065368  1526.756387  14.836079  0.043244  1.175237  0.036298
249  1807.407570  1066.393577  13.880616  0.068121  0.646104  0.020448
250  571.328520  1714.965834  14.305796  0.038429  0.681957  0.033828
251  872.765836  735.818153  13.236732  0.032750  0.432620  0.032481
252  24.099864  1880.969855  13.704419  0.021967  0.024630  0.058296
253  1428.385851  126.443787  17.086223  0.062301  2.027663  0.065256
254  1644.485925  958.091170  12.651482  0.048754  -0.394869  0.019404
255  1020.040456  1500.207876  17.754432  0.061830  2.273730  0.095600
256  1605.411234  673.269111  14.242891  0.028686  0.389465  0.023334
257  1947.034100  1140.582013  14.490123  0.047783  0.464015  0.027322
258  2039.040696  646.842767  13.209218  0.039285  -0.313698  0.034719
259  1585.795302  191.060678  13.718048  0.024957  0.376695  0.049478
260  1228.701163  534.702024  14.424299  0.036632  0.714180  0.068120
261  1998.645756  504.612262  18.922480  0.098190  3.318225  0.156733
262  1552.741478  953.963714  14.157745  0.078001  0.406138  0.055165
263  1319.818009  2035.271648  15.480851  0.028493  1.267773  0.030001
264  328.871504  1050.127050  14.834506  0.036227  0.835213  0.041891
265  296.145665  1139.907971  13.554294  0.069699  0.182727  0.044178
266  1774.630125  648.775560  14.135338  0.021587  0.397809  0.038400
267  213.221147  157.337283  14.403532  0.031552  0.405409  0.046629
268  1815.464821  1666.560057  13.701612  0.067480  0.451013  0.030435
269  521.604936  608.425193  16.320382  0.030465  1.607042  0.057974
270  1708.502782  910.268667  14.068168  0.044603  0.478390  0.040520
271  1363.785940  1918.317485  16.322806  0.046536  1.663580  0.031180
272  614.810464  1486.636702  19.869892  0.153330  3.478893  0.082447
273  1889.494340  367.062729  19.553376  0.104848  2.750278  0.152207
274  1414.716990  1973.836407  18.084771  0.077023  2.341234  0.050630
275  682.144176  369.625730  14.613277  0.042098  0.607999  0.056715
276  627.900280  1042.748214  16.772439  0.056019  1.459474  0.048401
277  1110.652637  268.790385  14.857745  0.046185  0.452351  0.023764
278  1038.601917  723.799817  17.164121  0.072088  1.814374  0.048188
279  256.536853  210.234370  15.071942  0.033076  0.662849  0.034929
280  1660.094975  840.727723  15.190408  0.066894  0.546176  0.037823
281  1126.409769  283.226688  16.426107  0.047929  1.478250  0.055249
282  96.730836  1481.192512  14.924689  0.023440  0.434402  0.034538
283  1094.493161  1581.586476  18.108331  0.089985  2.315124  0.090203
284  1674.636991  103.156643  19.403728  0.121222  2.921697  0.157302
285  1807.846664  1231.757517  15.246025  0.062836  0.887156  0.045801
286  1518.521721  184.559523  15.232273  0.041360  0.899345  0.035526
287  1009.247164  993.911244  15.289341  0.032690  0.727728  0.029049
288  1116.897405  2007.391111  16.378523  0.047872  1.311719  0.090125
289  1806.404770  1550.392575  17.037998  0.077182  1.807083  0.042012
290  795.089603  1252.220081  16.911859  0.038858  1.503559  0.047398
291  1822.719326  241.202024  14.555502  0.023991  0.191195  0.058328
292  1130.243777  279.437933  15.416465  0.036381  0.880322  0.042281
293  1298.541595  1903.127244  15.151884  0.041301  0.734062  0.043038
294  264.334284  1050.395344  17.518772  0.085997  1.844756  0.087442
295  1930.850540  1906.994810  15.931271  0.052580  0.976794  0.037058
296  954.506512  1319.510288  19.220937  0.121510  2.825500  0.096937
297  1261.045808  1201.340330  16.107914  0.029064  1.074267  0.027939
298  1884.707753  1152.373791  15.849306  0.062443  1.171866  0.041080
299  167.752185  1183.610283  14.541761  0.048777  0.388264  0.032433
2100  547.978230  617.170695  16.040869  0.029199  0.809932  0.038742
2101  1091.999242  1415.367847  18.127366  0.085822  1.929826  0.078343
2102  18.043400  1129.176594  16.553127  0.050098  1.308451  0.063324
2103  744.360635  1296.667261  15.937414  0.047140  0.616410  0.031500
2104  1452.826463  42.412667  15.689246  0.069824  0.866119  0.076075
2105  258.782267  1487.920398  17.330386  0.052343  1.405616  0.041243
2106  49.310492  1476.098515  20.024020  0.261760  3.566997  0.143252
2107  525.778993  616.869414  17.311963  0.104119  1.465123  0.114615
2108  163.448043  663.943228  18.081849  0.081979  1.766368  0.091739
2109  31.148034  762.430983  19.954976  0.129742  2.878086  0.089416
2110  1808.967868  1696.449445  16.634189  0.057838  1.138277  0.064288
2111  1110.186753  474.272135  19.343411  0.120644  2.459173  0.110307
2112  1141.478817  1909.101481  19.768151  0.093580  2.954249  0.102467
2113  1844.543277  52.560718  19.901648  0.171205  2.969395  0.145639
2114  889.629686  12.981564  15.429094  0.046918  0.625821  0.034599
2115  364.505642  1252.512118  17.715379  0.099625  1.650762  0.055197
2116  324.191644  178.144354  14.723758  0.044808  -0.089712  0.061677
2117  1806.397277  1707.087231  15.562150  0.041218  0.779927  0.055071
2118  453.598277  1073.851065  20.650174  0.115565  3.376181  0.116862
2119  1539.137533  1535.993926  19.064495  0.137804  2.522736  0.089938
2120  170.886483  179.647690  15.379138  0.043876  0.632683  0.052368
2121  101.492724  249.537548  15.847180  0.060407  1.510679  0.081172
2123  1258.565566  255.696970  16.764730  0.031773  1.027488  0.064935
2124  1820.841676  1095.408554  15.624116  0.043002  0.463944  0.029642
2125  630.565758  180.078305  15.770905  0.032294  0.748439  0.033135
2126  131.397493  654.036819  15.703811  0.025842  0.599158  0.083348
2127  597.638190  880.888456  16.023266  0.041604  1.213833  0.030322
2128  447.220369  1032.667625  15.657640  0.034145  0.644267  0.042849
2129  834.228649  1970.341410  15.860046  0.058295  0.557325  0.028795
2130  1225.607612  1947.949191  19.157970  0.107831  2.664445  0.101579
2131  1004.655616  1099.747239  15.461860  0.090264  0.582932  0.045352
2132  1108.979708  1173.340081  15.376034  0.062028  0.487647  0.052087
2133  758.313570  200.424413  15.363348  0.044939  0.460424  0.056958
2134  266.391116  1926.873688  14.634158  0.047026  -0.076470  0.032704
2135  190.304127  1493.303856  15.230763  0.027949  0.452124  0.057652
2136  1297.334594  1036.480101  20.421178  0.156130  3.219855  0.173810
2137  1590.901874  1415.380503  16.975559  0.039731  0.988658  0.080775
2140  1855.477672  1983.151476  19.571572  0.107450  2.400044  0.179513
2141  1373.124638  791.118127  16.619069  0.052227  1.047534  0.065707
2142  823.818593  859.054450  18.138405  0.067944  1.456293  0.053968
2143  1422.728199  742.640520  17.131771  0.088863  1.052681  0.052494
2144  1069.519867  1953.235056  20.683341  0.192168  3.309843  0.188523
2145  1039.653287  843.601027  17.375779  0.058715  1.092605  0.040855
2146  470.891880  595.546762  16.693537  0.090103  0.833407  0.077373
2147  893.136471  1980.532129  16.314085  0.037652  0.649148  0.052183
2148  2041.213743  1019.586782  18.784976  0.131957  2.187165  0.058386
2149  156.315746  935.384190  16.520811  0.090802  0.648319  0.055008
2151  8.645075  760.765940  20.121607  0.097445  2.680594  0.129856
2152  1869.158657  650.336212  18.800567  0.110093  2.144022  0.102504
2154  1917.924698  294.220386  20.085471  0.098608  2.726973  0.129347
2155  1083.313103  1490.719163  19.010618  0.094264  1.857473  0.126476
2156  1276.943446  1982.606986  16.701432  0.030951  1.306167  0.043289
2157  1885.398690  1619.344171  18.577451  0.067906  1.801228  0.061575
2158  1124.499475  1933.522049  15.497196  0.032715  0.055934  0.037492
2159  326.489980  1080.424442  18.948114  0.072341  2.133453  0.091133
2160  497.429019  627.790718  14.512506  0.046773  -0.422797  0.049442
2161  147.357320  148.832932  16.172857  0.093917  1.330609  0.046423
2162  1691.493177  472.188710  19.834702  0.126740  2.401008  0.101205
2163  271.845155  383.633475  16.511539  0.067416  0.649511  0.032731
2164  1583.409650  417.674650  16.657740  0.036364  0.811579  0.044352
2165  831.751698  842.914586  14.221362  0.021249  -0.423706  0.043509
2166  1317.013146  1313.994799  18.997869  0.061387  1.949523  0.068253
2167  349.355461  2034.714462  16.323663  0.068770  0.401624  0.030974
2168  1787.576200  1652.901196  16.789800  0.044883  1.049132  0.060318
2169  85.726685  1940.951704  19.143569  0.116697  2.475104  0.093346
2170  29.723997  1543.394738  19.486622  0.107835  2.301109  0.140038
2171  168.007556  334.475017  21.075337  0.211014  3.442945  0.234940
2172  888.800619  1993.313370  19.150684  0.073972  2.262117  0.077145
2173  411.442782  542.883342  19.502690  0.067364  2.336169  0.122136
2174  1786.164198  1779.572622  17.409493  0.057913  1.255142  0.036486
2175  1043.787107  795.444726  17.467184  0.059763  1.270766  0.078331
2176  1332.000152  62.107552  17.546187  0.059118  1.299581  0.110575
2177  750.188154  104.708386  18.931153  0.117222  2.253430  0.068923
2178  485.592424  392.690408  19.159062  0.061642  2.093872  0.116854
2179  916.492722  1875.990536  17.916044  0.059313  1.560482  0.052918
2180  240.880737  1539.054395  17.893383  0.046028  1.414520  0.073656
2181  1415.615269  1517.562456  18.074005  0.092304  1.482537  0.088786
2182  875.209265  1294.879996  17.680263  0.051360  1.389367  0.097145
2183  454.739144  1652.957429  15.519804  0.048350  0.107046  0.035652
2184  1843.192591  1675.621657  19.167977  0.068311  2.230612  0.062370
2185  1767.121758  1374.422203  16.877384  0.054970  1.213808  0.048290
2186  651.250747  1248.468171  17.023657  0.048786  1.581696  0.053815
2187  1987.728023  855.258206  16.307553  0.064516  0.582657  0.087389
2188  1481.539583  42.285574  17.949332  0.099908  1.749117  0.100824
2189  1117.727731  1101.985921  17.096117  0.052333  1.122961  0.074858
2190  333.523417  493.392357  17.314964  0.111035  1.008267  0.035262
2191  190.159401  2025.742178  16.442655  0.057448  0.636884  0.041820
2192  1324.062493  873.757238  17.118646  0.094348  0.852414  0.090751
2193  960.235643  1215.348628  21.031859  0.109629  3.015378  0.187218
2194  703.697047  575.253593  20.100100  0.163680  2.533789  0.144033
2195  187.453072  1033.107089  17.661456  0.040947  0.897733  0.084300
2196  690.264338  1259.020809  20.014537  0.130188  2.608417  0.177756
2197  135.754635  1104.184429  18.647430  0.061306  1.629544  0.123558
2198  161.333955  1504.549156  16.412093  0.091462  0.382740  0.037333
2199  282.175030  1769.694063  18.512443  0.052188  1.410282  0.089138
2200  1325.394447  2028.802435  20.289783  0.141097  2.535937  0.103380
2202  421.958410  262.797145  19.577110  0.087344  2.420289  0.132758
2204  1450.652046  92.856338  18.482978  0.093453  1.672607  0.072379
2206  870.423360  129.359392  18.858497  0.219321  1.581871  0.106050
2207  614.618323  786.774347  19.674577  0.138581  2.192975  0.097079
2208  645.753216  685.057330  19.292106  0.088135  1.902138  0.096530
2209  477.079619  753.013601  19.451848  0.081126  2.105208  0.062795
2210  1231.795970  835.942545  17.587031  0.060340  0.864974  0.111054
2211  1829.169082  2015.120179  19.759445  0.180769  2.218586  0.202881
2212  1797.849452  493.507509  17.741571  0.042946  1.210896  0.139325
2213  449.385474  521.396803  19.471234  0.085076  2.103768  0.145798
2214  590.348235  1522.834463  17.577058  0.074312  0.968733  0.044639
2215  1768.983319  1184.027086  18.175398  0.067625  1.273797  0.066391
2216  1073.737140  441.985474  16.811637  0.034771  0.487788  0.040093
2217  1085.049273  1751.293016  17.047369  0.040936  0.748674  0.064882
2218  1381.379533  511.040565  16.625349  0.034362  0.611544  0.051567
2219  1571.395903  1044.457170  18.182680  0.073464  1.479881  0.052897
2220  1279.613490  1188.536123  16.605168  0.064528  0.497783  0.042417
2221  322.149784  559.979928  18.118800  0.044703  1.447191  0.069825
2222  1344.896694  525.425408  17.510438  0.046973  1.198653  0.113949
2223  949.354295  623.020887  16.079944  0.054197  0.150599  0.038875
2224  1913.384571  960.713537  17.425594  0.040612  0.775268  0.043478
2225  1947.290497  237.055555  18.434372  0.082377  1.442293  0.076052
2226  10.548299  1569.610629  18.022159  0.103164  1.188289  0.105467
2227  963.350947  1417.616408  17.462563  0.090438  1.311302  0.074449
2228  755.539173  459.370019  16.612641  0.106733  0.326404  0.034702
2229  1078.500937  605.303911  20.666373  0.153119  2.740363  0.108778
2230  121.669906  1033.828723  19.199558  0.115046  1.932086  0.069342
2231  368.210208  1130.994565  20.163668  0.132774  2.176092  0.183007
2232  1851.475030  509.041146  17.263618  0.038513  1.183366  0.042183
2233  1177.556408  1985.809906  20.383370  0.168016  2.177890  0.107950
2234  1782.042582  2009.731011  17.443020  0.088964  1.875809  0.099687
2235  165.830653  415.202627  17.138342  0.054486  0.798148  0.052374
2236  1774.926062  956.163571  18.285950  0.101482  1.601573  0.065117
2237  42.870275  1262.333832  17.716508  0.116959  1.072154  0.078046
2238  256.976829  181.715933  19.603990  0.075452  1.925863  0.100399
2239  1848.287165  1721.935719  17.965606  0.078024  1.197716  0.108797
2240  1118.887266  1627.122013  17.212953  0.099254  0.816501  0.047742
2241  924.408730  1066.799417  19.152423  0.079518  2.056864  0.110759
2242  607.213675  28.995838  16.597839  0.039016  0.370886  0.066860
2243  1964.166857  1960.244702  18.280765  0.057296  1.427546  0.047188
2246  173.032147  541.037448  18.837561  0.079699  1.726100  0.062069
2247  43.551704  1633.391141  20.674503  0.197550  2.650452  0.086802
2248  615.407439  765.087334  19.924278  0.184767  2.100966  0.104274
2249  982.306250  258.687571  17.821214  0.066353  1.022157  0.067338
2250  1891.565296  1835.492305  17.592163  0.046847  0.997613  0.059814
2251  745.781513  1628.050260  16.883953  0.036511  0.439626  0.032501
2252  1302.469404  1725.644806  16.396715  0.071159  0.342639  0.043039
2253  1590.515677  26.705849  17.430675  0.075227  0.881186  0.036709
2254  989.614644  1972.893216  17.420890  0.072240  0.923043  0.092112
2255  1192.366709  1946.782503  17.289903  0.036027  0.873040  0.043923
2256  1040.943961  1612.459618  18.813392  0.135631  1.828300  0.071553
2257  1795.920017  1464.097568  17.057037  0.033778  1.785167  0.044563
2258  674.845522  1002.887350  19.994509  0.163884  2.169605  0.174154
2259  1953.026220  1827.688048  17.306759  0.052423  0.797310  0.067813
2260  550.895954  1291.912139  17.146496  0.086610  0.892655  0.035421
2261  643.581913  1385.701935  16.656152  0.042319  0.708778  0.042072
2262  1890.392615  699.628760  17.810941  0.062987  2.103153  0.048101
2263  130.290460  90.523920  19.446252  0.090402  2.197573  0.132567
2264  1926.326584  405.829281  20.484211  0.105813  2.387658  0.118308
2265  163.702501  1668.425034  19.396964  0.129855  1.898191  0.148649
2266  1255.288370  793.476802  19.164891  0.064546  2.093501  0.173506
2267  94.441979  1610.036900  17.397880  0.055948  0.885828  0.037353
2270  459.856131  1530.339070  16.819350  0.052091  0.055353  0.070421
2271  281.008344  1159.170115  18.062162  0.093566  1.508824  0.110757
2272  1405.251055  386.052063  17.364463  0.074226  0.367004  0.057312
2273  1565.316190  1562.809502  18.315463  0.073541  1.386805  0.117551
2274  1603.244732  1937.024173  17.504999  0.076924  0.752756  0.100207
2275  1939.102548  1911.736240  17.467934  0.040611  0.464951  0.044823
2276  1515.681749  812.423233  20.296380  0.146107  2.347820  0.168020
2277  534.652432  1469.814691  18.240426  0.151532  1.282091  0.090642
2278  1262.191814  1206.818361  20.424001  0.207393  2.143219  0.179916
2279  1321.566401  1958.676676  18.217675  0.120333  1.936644  0.092521
2281  1434.796481  513.173176  17.561951  0.149918  0.861941  0.044122
2282  1279.159887  406.215663  18.953799  0.130139  1.368917  0.148818
2283  1561.137313  1371.340971  18.205704  0.080555  1.874886  0.065432
2284  1938.600543  1114.238428  18.200826  0.044012  1.718344  0.097906
2285  582.845238  1700.099166  18.056088  0.052202  0.685548  0.093582
2286  1291.883543  1883.282601  20.671792  0.188499  2.415357  0.240358
2287  928.127494  1943.503901  18.731234  0.134668  1.053868  0.055112
2288  1756.596426  1030.988873  19.829893  0.083365  1.865785  0.079460
2289  1698.708180  969.983486  19.809836  0.165725  1.866093  0.125483
2290  1899.234510  1247.269106  17.757306  0.081738  0.719747  0.059778
2291  1039.218272  1380.386452  19.294590  0.146734  1.342851  0.068418
2292  972.641966  1541.114188  19.771978  0.198134  2.144030  0.097138
2293  272.289976  1679.081489  15.800354  0.033967  -0.413659  0.039755
2294  801.437832  1846.029872  17.445907  0.043353  0.526981  0.115187
2295  818.719649  1150.379868  21.165026  0.099536  2.592652  0.126149
2296  1723.319452  719.502740  17.867484  0.074113  1.022834  0.047836
2297  1665.975106  1767.515342  17.529010  0.069631  0.604272  0.089154
2298  373.887132  1657.460446  17.112513  0.044783  0.473306  0.075095
2299  1608.696129  1123.639170  18.863026  0.068858  1.356819  0.113796
2300  1850.582885  654.673006  17.775128  0.159568  1.644204  0.066453
2301  375.905024  1749.208481  18.672116  0.076022  2.036695  0.085406
2302  358.186563  1604.991773  20.561888  0.290366  2.136086  0.112298
2303  813.631069  922.521491  17.990540  0.050618  1.610407  0.154128
2304  666.574173  705.097112  16.793564  0.046504  0.117566  0.047480
2305  693.842145  1875.720302  17.714073  0.046431  0.636068  0.080360
2306  3.691474  512.411448  18.284301  0.119318  1.034708  0.107015
2307  794.282109  1144.644863  18.241455  0.146336  1.836544  0.088227
2308  1776.421266  589.993571  18.199098  0.103064  0.854747  0.049051
2309  1065.447897  80.830119  19.196674  0.154111  1.656184  0.139456
2310  1603.286544  954.098563  16.903287  0.054120  0.297573  0.039470
2311  735.234527  276.259868  17.995467  0.061237  1.436758  0.067666
2312  1940.732775  1660.285642  18.436234  0.060641  1.251956  0.064464
2313  476.566700  1439.563052  17.271859  0.121003  0.715166  0.038399
2314  239.292072  1473.040810  19.201461  0.107567  1.499867  0.115337
2315  1390.077546  740.169782  18.610304  0.053592  1.971470  0.049389
2316  725.179862  932.752105  17.031537  0.056864  0.453922  0.052179
2317  2045.528316  950.818543  21.016773  0.219890  2.795634  0.168007
2318  227.004754  997.812560  20.787447  0.234631  3.025035  0.167475
2320  1996.960912  504.066012  18.236303  0.067142  0.988761  0.065860
2321  1824.326995  1788.043892  19.325951  0.126057  2.119662  0.173936
2322  2040.923944  939.696705  18.755604  0.071536  1.734674  0.124397
2323  592.022050  1400.279728  18.901049  0.097074  1.379376  0.084376
2326  1801.839964  623.788855  17.852282  0.056837  0.908115  0.058947
2327  325.707713  2020.478383  20.591476  0.212719  2.186169  0.125737
2328  572.833910  1787.953457  19.112327  0.085821  1.548325  0.107424
2330  445.982105  935.884071  17.574196  0.074711  1.116362  0.051903
2331  655.269341  21.181870  19.243784  0.111620  1.472021  0.070623
2332  1727.909216  603.745572  20.345227  0.102148  2.346578  0.216864
2333  1384.044799  154.923988  16.162418  0.033692  -0.267913  0.057581
2334  1878.497802  1593.235951  19.323736  0.143274  1.570229  0.177497
2335  47.063793  299.382383  20.096663  0.083691  1.851983  0.146262
2336  1764.416802  1847.967288  19.919556  0.107961  1.677132  0.140138
2337  1863.414183  594.271439  18.592410  0.058450  1.124493  0.064829
2338  50.967982  4.230449  18.439044  0.099036  1.041283  0.047696
2339  399.281290  789.058674  17.885747  0.050591  0.724505  0.081157
2340  46.218517  1387.925213  16.792560  0.034389  0.126347  0.079251
2341  579.629377  1958.544572  18.960032  0.061575  1.668407  0.067811
2342  1831.524938  1657.363081  17.280354  0.057605  0.458605  0.075202
2343  2029.642997  587.061777  17.200887  0.045866  0.499356  0.063829
2344  925.821529  61.386481  20.077945  0.137379  1.968739  0.187536
2345  1957.929757  1070.052609  20.004323  0.105393  1.858476  0.169061
2346  1608.817322  1185.238576  19.401945  0.143185  2.000143  0.124674
2347  949.204489  627.092658  18.200515  0.065074  1.115283  0.076187
2348  1628.688705  267.122449  20.602945  0.130923  2.276066  0.100930
2351  554.776678  1360.697554  18.680856  0.078639  1.183058  0.051886
2352  48.098839  64.904083  18.466270  0.057725  1.859021  0.091205
2353  1313.045873  529.245721  17.168345  0.056916  0.506630  0.084183
2354  1652.005470  102.591634  17.387853  0.047754  0.577549  0.076496
2356  195.655972  702.517729  18.099106  0.060220  1.113987  0.048733
2357  1841.128504  1870.572158  20.411194  0.118742  2.431753  0.259077
2358  1522.468357  266.221108  20.009829  0.117370  1.714499  0.080412
2359  1446.693284  1236.972775  18.285843  0.053506  1.553323  0.068462
2360  444.037784  1129.383364  18.138986  0.057031  0.944430  0.049972
2361  252.116767  1658.866894  18.513426  0.080735  1.052130  0.101917
2362  25.761378  152.451428  19.361092  0.154816  1.486098  0.081962
2363  1882.989674  1490.260230  18.573465  0.107908  1.479180  0.100675
2364  1696.088293  1940.403985  17.798249  0.126859  0.722576  0.079824
2365  1254.470373  1552.179939  18.189608  0.062774  0.901771  0.091409
2366  431.208047  383.356271  17.065832  0.040661  -0.011159  0.037309
2367  586.275719  145.598193  18.798848  0.080780  0.810474  0.158271
2368  270.935668  2008.110951  19.739007  0.070567  1.456507  0.105327
2369  256.833774  993.729318  19.521666  0.101369  1.282191  0.067935
2370  1300.944448  1433.706186  19.490597  0.118755  1.099717  0.084632
2372  1777.914693  268.341468  19.678754  0.181116  0.962520  0.242526
2373  1662.278040  1831.205800  18.760824  0.095758  1.025474  0.065703
2374  430.595677  137.383038  19.586908  0.120026  2.228318  0.065920
2375  442.728622  413.055033  18.719880  0.111367  1.302734  0.105478
2376  1000.281046  1103.268096  17.938604  0.045421  0.413679  0.071078
2377  445.376443  1040.008895  18.612175  0.076065  1.152125  0.070067
2378  162.866406  355.703876  18.930540  0.131367  1.385744  0.095914
2379  16.992402  1705.830425  19.096673  0.105643  1.134751  0.066594
2380  1194.333120  749.220958  19.978342  0.123963  1.683764  0.137000
2381  338.966161  162.095665  18.780403  0.112068  1.077556  0.079536
2382  535.381175  479.954313  17.349945  0.042561  0.189881  0.056204
2383  1357.783492  1193.155068  19.657991  0.073184  1.488517  0.101758
2384  121.547454  883.272388  20.286341  0.120628  1.825416  0.101816
2385  1691.630270  219.054842  18.951693  0.057865  1.331417  0.083934
2387  92.634981  1455.535394  19.184811  0.115932  1.973900  0.101502
2388  841.280625  910.078570  20.466382  0.151040  1.746332  0.093140
2389  1953.638226  1023.319637  20.243506  0.127506  1.744871  0.084416
2390  2028.251683  877.879994  20.239460  0.160563  1.819118  0.120711
2391  1674.585244  213.008007  19.125942  0.063723  1.499237  0.120501
2392  1259.765401  1268.776649  19.047716  0.106128  1.056727  0.158133
2393  1302.267363  533.159698  19.218782  0.138549  1.250387  0.066139
2394  1823.601002  1615.095222  19.805542  0.129313  1.519865  0.138984
2395  41.409385  504.650954  19.185474  0.088580  1.194617  0.122430
2396  1373.628166  167.943783  19.386456  0.103831  1.131918  0.137355
2397  266.880489  1979.687726  20.439343  0.161355  1.956125  0.130196
2398  852.970105  526.610318  19.096047  0.083964  1.128052  0.109777
2399  438.605635  698.639179  20.064355  0.155139  1.637094  0.088538
2400  1434.676558  1721.935660  19.017452  0.085420  1.150324  0.074457
2401  897.134776  1973.876728  20.489402  0.195604  1.667856  0.087977
2402  735.753330  95.593252  20.415837  0.274241  1.885777  0.102190
2403  938.602902  723.108832  19.733708  0.184308  1.614219  0.091637
2404  1843.164690  1207.738514  18.806155  0.078083  0.924377  0.071843
2405  706.664947  188.205230  19.129361  0.070762  1.449344  0.077690
2406  1035.084518  1292.724830  18.878117  0.054754  1.026206  0.118954
2407  1889.801337  1654.859370  20.392453  0.135796  1.669183  0.180797
2408  684.546517  1709.258309  19.442133  0.132470  1.519369  0.081249
2409  254.676847  1570.194057  19.927503  0.146792  1.463230  0.155293
2410  887.427477  766.282734  19.035393  0.069648  1.110963  0.092995
2411  1888.304736  1051.053785  19.521332  0.116008  1.556079  0.167385
2412  455.605239  1826.143238  19.592438  0.181420  1.489818  0.124444
2413  999.479844  1071.883916  19.904073  0.073927  1.752030  0.115747
2414  170.423982  1425.063114  16.889629  0.052051  -0.020065  0.064418
2415  1275.220283  370.837308  18.590536  0.146844  0.833512  0.117235
2417  1331.466151  487.680567  18.277415  0.085452  0.772719  0.071366
2418  1575.443402  316.184605  19.648992  0.123097  1.717764  0.072223
2419  1366.654708  685.792730  21.908546  0.147254  2.859248  0.151849
2420  740.621741  460.469867  18.942570  0.097710  0.977478  0.105597
2421  735.725275  1709.836226  19.402884  0.116053  1.277569  0.130706
2422  324.080099  1374.527609  19.790430  0.087489  1.629612  0.115678
2423  1953.401573  689.287223  20.235864  0.138024  2.060700  0.125541
2424  1829.263802  783.986473  20.179445  0.125188  1.690862  0.176805
2425  1426.262655  1960.108103  20.300858  0.288737  1.783249  0.311836
2426  1260.886757  1958.272962  18.442085  0.077620  0.839252  0.108741
2427  1572.222784  705.672793  19.864175  0.185259  1.609838  0.186270
2428  265.087991  1386.531567  20.605106  0.159603  2.050174  0.088863
2429  1803.769993  1699.529710  18.990393  0.095835  1.289821  0.131700
2430  1151.720549  1884.092230  19.038691  0.173195  1.672618  0.086814
2431  1207.166020  1295.623589  18.684294  0.136703  0.748474  0.085496
2432  1096.957795  465.831992  18.745191  0.076281  1.348744  0.054412
2433  299.623548  1744.008426  18.860685  0.060765  1.607360  0.069715
2434  1249.309750  1765.889567  19.375960  0.072142  1.983163  0.091173
2435  420.376300  1740.568737  20.152157  0.221898  1.689718  0.103860
2436  1543.690026  1575.788108  20.847948  0.178183  2.193809  0.139613
2437  1356.909320  1197.970119  16.856817  0.068142  -0.200651  0.053744
2438  1248.942934  1990.155425  19.487621  0.151614  1.577258  0.117412
2439  1065.271821  618.223152  19.403762  0.064777  1.622636  0.155734
2441  70.220351  1922.519824  19.011753  0.092517  1.006387  0.057173
2442  1795.847374  1778.615579  18.966015  0.103512  1.112701  0.062656
2443  1551.890700  474.011076  17.789526  0.096539  0.418613  0.089404
2444  615.898075  898.039650  19.303353  0.097070  1.589769  0.092590
2446  399.596504  1083.760934  18.947969  0.078505  1.173295  0.114426
2447  930.150116  1490.757180  19.143367  0.147861  1.562129  0.116989
2449  1581.143248  152.968495  17.718857  0.064844  0.404700  0.071064
2450  369.824131  277.143476  19.081182  0.090793  1.049958  0.111765
2451  879.412374  105.226668  18.624390  0.105859  1.081390  0.078399
2452  235.446441  764.464856  17.415916  0.064186  -0.109375  0.081611
2453  1529.069263  979.305708  18.894859  0.110185  1.156855  0.082419
2454  653.213284  1952.880407  19.797162  0.076569  1.722270  0.188626
2455  1262.493185  91.768105  19.567284  0.148334  1.524823  0.162727
2456  457.515893  57.009454  20.106465  0.088841  1.691089  0.098548
2457  847.401071  404.440394  18.214271  0.117067  0.509437  0.043084
2458  742.386296  113.639183  20.591696  0.158113  1.944327  0.148421
2459  858.701511  1975.233720  21.045343  0.188175  2.925414  0.269440
2460  177.647627  1395.449214  18.857329  0.109435  1.352506  0.086386
2461  835.289194  2028.095102  19.922695  0.212173  1.338962  0.196570
2462  864.929447  1869.804164  19.333426  0.111401  0.852031  0.201041
2463  1159.251809  633.413618  17.286912  0.046543  0.091224  0.087629
2465  1349.150024  829.142025  18.830086  0.088206  0.909616  0.160954
2466  1942.880222  1777.743926  19.391015  0.127171  0.922161  0.056773
2468  377.544811  795.461411  17.433782  0.066993  0.487161  0.077605
2469  1067.011553  2047.349257  20.361009  0.159489  1.920077  0.102352
2470  1890.904053  486.283043  19.937905  0.094142  1.280321  0.098056
2471  1351.727798  1984.530129  19.582617  0.193284  1.853729  0.091124
2472  1874.680943  1574.220689  19.213655  0.087357  1.383607  0.096694
2473  320.175161  1956.799779  18.776917  0.061751  1.148282  0.164973
2474  1494.739195  1537.963575  19.702784  0.208900  1.501783  0.185455
2475  1395.859694  1634.932242  20.034111  0.113198  1.808719  0.087848
2476  119.409297  1457.658247  18.627818  0.059598  1.108640  0.052364
2477  144.133211  1467.667106  20.189449  0.237559  2.255564  0.148929
2478  220.789093  581.105029  18.537283  0.090129  0.939889  0.136329
2480  1209.265309  1381.831439  18.418010  0.067182  0.887715  0.102026
2481  798.715919  1381.149747  21.055598  0.146941  2.218488  0.205680
2482  1013.715730  129.356801  18.288174  0.057785  0.537252  0.132186
2483  1329.573799  198.079425  18.511953  0.114930  1.247903  0.073773
2484  1916.674113  400.337318  20.752169  0.126619  2.080959  0.095410
2485  1974.990759  1622.401065  18.887782  0.064752  1.834323  0.076602
2486  347.995175  262.863910  19.143705  0.109782  0.903344  0.122552
2487  40.743286  238.270259  20.669247  0.202129  2.248718  0.212525
2488  1832.754515  309.139681  20.965934  0.169899  2.024900  0.255898
2489  630.612051  876.530448  19.163535  0.122444  1.096312  0.089353
2490  861.929646  604.985324  17.127449  0.055206  -0.171911  0.042156
2491  698.504716  341.253293  18.737213  0.051388  1.544014  0.061096
2493  1086.332621  86.823243  18.972107  0.143081  1.262930  0.080731
2494  1219.098269  639.227754  18.719380  0.151439  1.318011  0.089935
2495  1374.002606  829.901740  17.288831  0.037938  0.002995  0.044078
2496  61.059711  1830.394768  18.681141  0.067018  0.737645  0.059389
2497  1480.267833  145.128167  18.511962  0.073401  1.008738  0.116213
2498  1252.078298  465.754871  18.011310  0.105046  0.734601  0.120193
2499  1219.350451  705.029911  18.825677  0.079836  0.923195  0.076382
2500  589.175088  1126.797597  15.982779  0.036032  -0.473001  0.038364
2501  562.976795  1709.879107  19.146975  0.063518  1.157908  0.076741
2503  835.385906  1595.081021  20.103251  0.088262  1.886083  0.185945
2504  1444.939262  6.166574  20.509144  0.115512  1.548072  0.137525
2505  845.320662  536.879709  19.936899  0.137168  1.240164  0.095332
2506  182.912734  1146.064652  19.909823  0.074744  1.394172  0.091385
2507  515.602697  816.615422  19.467733  0.064085  1.351357  0.096171
2508  736.477290  1683.246061  19.243532  0.202780  1.261744  0.068998
2509  1718.165398  435.560916  18.960621  0.075572  0.832818  0.089466
2510  331.370707  1067.378561  20.388041  0.133204  1.266967  0.130464
2512  1410.578572  478.468712  20.985793  0.275893  1.904109  0.165772
2514  1654.466885  306.760393  20.171931  0.080575  1.354548  0.176527
2515  1982.309030  1344.384829  19.185603  0.145765  1.145890  0.147439
2516  960.491222  963.237611  20.135629  0.167078  1.814783  0.162068
2517  119.009321  417.613829  19.734054  0.096592  1.422688  0.071267
2518  923.793742  73.586930  20.223728  0.166395  2.211276  0.295222
2519  1707.153544  106.516816  20.143550  0.166418  1.108718  0.164582
2520  879.426302  933.702489  19.811378  0.154691  1.663836  0.076161
2521  689.489956  473.339062  20.278650  0.104051  1.024813  0.181798
2522  1999.129725  1426.804689  19.852616  0.154033  1.223869  0.115918
2524  149.973211  1805.248025  19.772476  0.181001  1.215401  0.124385
2525  110.067751  113.098800  20.014252  0.216748  1.152006  0.205429
2526  1524.962369  1195.360765  19.745067  0.092678  1.304384  0.143839
2527  116.927375  1118.516914  19.891696  0.152766  1.512780  0.101850
2528  1821.761877  699.871269  19.546020  0.072294  1.332398  0.096622
2529  1311.803214  573.767196  19.294623  0.123083  1.057866  0.068345
2532  472.151877  1256.555878  20.345705  0.222537  1.547344  0.152776
2533  1062.062264  1888.131945  20.858955  0.271363  2.165041  0.166871
2535  2046.591364  1773.013629  21.266406  0.168287  2.591409  0.231872
2536  1633.269464  1751.490263  19.816459  0.165305  1.093631  0.130733
2537  825.942767  577.833614  19.451559  0.078211  0.942134  0.134384
2539  1397.069301  1295.312810  20.685290  0.284164  2.389411  0.127782
2540  922.961662  250.393456  20.133712  0.093082  1.288431  0.114688
2541  1196.419044  1713.577033  20.183734  0.094672  1.258533  0.188645
2542  14.793964  1441.792408  18.906670  0.056277  0.787448  0.104397
2543  1396.902567  1039.521138  19.300096  0.138206  1.132586  0.096288
2544  267.949044  513.151250  19.285614  0.180307  0.979035  0.148555
2545  429.955512  1582.115423  20.270765  0.110512  1.376832  0.128967
2546  1516.219428  1018.471401  20.281459  0.105273  1.444513  0.155851
2548  113.504171  1892.787603  17.776984  0.071707  -0.017036  0.055685
2549  442.216893  336.805793  19.997815  0.161715  1.284880  0.134541
2550  1918.095708  1714.665549  20.210173  0.188633  1.258610  0.190619
2551  245.562594  558.447966  20.359848  0.126401  1.568774  0.289171
2552  1066.204279  801.334851  20.425492  0.089589  1.256503  0.214127
2553  232.579999  386.762427  19.834294  0.081296  1.258058  0.123515
2555  463.088225  1350.328879  18.185141  0.126909  0.488663  0.106251
2556  273.528398  517.533987  20.580883  0.176209  1.633926  0.252639
2557  1526.128203  1135.522083  20.625045  0.111609  2.046115  0.233577
2559  1276.736645  86.957316  19.518135  0.160234  1.268030  0.200025
2560  1326.335474  374.338240  19.828318  0.094282  2.301416  0.070247
2561  437.500850  1302.158947  20.581603  0.143201  1.566790  0.112058
2562  716.114990  1275.701200  19.575902  0.117656  1.358651  0.134448
2564  637.107101  1538.701313  19.326544  0.064262  0.864347  0.078009
2566  556.580759  1011.814801  20.080742  0.086697  1.219275  0.103239
2567  671.361915  349.498831  20.004904  0.134480  1.077056  0.103079
2568  530.995161  1203.031358  19.635924  0.071881  1.275274  0.103995
2569  100.529042  192.757289  19.276898  0.180448  1.593308  0.132016
2570  522.274858  853.701785  19.797872  0.097898  0.915726  0.109735
2573  1413.613550  1791.798920  17.645452  0.040924  -0.030041  0.099959
2574  1829.611286  346.240123  17.567078  0.092582  -0.047132  0.059235
2575  1943.729072  1422.446803  19.781055  0.097380  1.717701  0.163142
2576  1794.961613  913.763510  19.526392  0.071511  1.070159  0.115488
2577  622.193532  1948.994131  19.836071  0.089821  1.112938  0.107037
2578  420.732924  809.392988  20.065904  0.100051  2.349549  0.132086
2580  1068.462649  1905.993562  19.776815  0.111244  1.304963  0.085316
2581  1673.278966  1473.916483  16.922861  0.052137  -0.356982  0.042610
2582  451.616439  1801.451035  21.615340  0.223909  2.099480  0.257462
2583  523.189351  219.631598  18.153237  0.043887  0.377613  0.044610
2584  1143.207664  214.211029  20.442928  0.116503  1.465397  0.151150
2585  876.618662  1948.609578  21.115909  0.275855  1.840728  0.189744
2586  670.870198  660.382742  20.120362  0.218902  1.236720  0.252770
2588  28.608840  822.722238  19.563715  0.104395  1.285966  0.078014
2589  341.821978  279.849988  19.359659  0.111991  1.345909  0.170720
2592  449.063167  258.120954  19.642496  0.092813  1.145539  0.073981
2594  1463.349550  132.220141  19.483272  0.151577  1.146686  0.068030
2595  1858.634734  1397.140540  19.478807  0.227376  2.383948  0.119653
2596  1931.531731  683.479711  21.103763  0.152976  1.514616  0.306543
2597  756.498309  85.045683  21.188296  0.178547  1.892298  0.253061
2598  148.902467  233.264352  19.472658  0.172229  1.644412  0.101139
2599  1266.686463  573.708858  19.607512  0.099906  1.438473  0.091594
2600  301.299201  794.853627  20.003539  0.110607  1.077545  0.129873
2601  372.762944  1420.341733  17.967138  0.074295  0.203320  0.080363
2602  132.626148  1324.205980  19.990378  0.087765  1.372178  0.073912
2603  1497.080298  883.152789  19.156185  0.058442  1.193851  0.114895
2604  881.998401  163.417155  18.981056  0.187007  1.112690  0.102844
2605  570.364701  1242.556586  17.992046  0.132189  0.398259  0.113324
2606  192.811717  1145.620722  20.263174  0.181549  1.483832  0.078725
2607  1217.288078  894.527889  20.201212  0.083160  1.984376  0.157931
2609  381.394363  1648.427428  20.170725  0.104739  1.450672  0.166013
2610  64.415329  1079.739570  20.214967  0.148851  1.811128  0.192905
2611  1262.763786  562.984258  20.610621  0.121409  1.584036  0.146909
2612  326.103456  174.201455  19.447620  0.082160  1.017008  0.199395
2613  791.371314  1697.793347  21.282017  0.228873  2.212173  0.447394
2614  1922.702639  1939.713645  20.160581  0.180037  1.566211  0.115889
2615  620.286606  351.609401  19.604470  0.104665  1.307299  0.137324
2616  1264.386149  337.066273  20.269183  0.143893  1.588018  0.126024
2617  404.833155  417.741454  19.460946  0.159618  1.157924  0.086093
2619  1191.467155  661.472945  19.651394  0.123666  1.228529  0.091820
2620  1329.673396  1145.128690  20.656882  0.119879  1.511560  0.113702
2621  576.090493  861.057923  17.834920  0.045101  0.209644  0.047555
2622  496.713254  1343.109167  21.196334  0.202087  2.022860  0.178043
2623  631.427817  1480.400485  17.333355  0.075163  -0.033947  0.038575
2624  382.304094  726.170618  19.535432  0.141310  1.105187  0.119322
2625  1780.300348  14.837106  20.194719  0.128494  1.590128  0.109501
2626  984.390541  1615.115721  20.120105  0.114669  1.348752  0.116831
2627  741.331380  112.380473  20.614989  0.294107  1.836843  0.224319
2628  1840.345679  669.307791  20.507554  0.185640  1.630247  0.221515
2629  600.713354  985.481720  19.942927  0.097836  1.585841  0.159911
2630  1919.834290  860.418584  20.339549  0.151382  1.230973  0.164575
2632  1647.406498  249.960248  20.104347  0.085762  1.774299  0.098058
2633  1305.610509  1495.980828  20.368659  0.325723  1.928395  0.284796
2634  296.833146  871.267475  19.322569  0.097616  0.853537  0.101028
2635  651.088334  1134.739135  20.186940  0.095918  1.332767  0.081107
2636  1006.433498  1001.586380  20.429214  0.122195  1.691408  0.091286
2637  1122.130838  1515.102292  20.517433  0.202253  1.640524  0.148103
2638  1221.279793  1691.172964  20.278656  0.146494  1.633050  0.155746
2639  440.779432  521.005958  19.960512  0.131504  1.811087  0.122909
2640  175.513134  1644.659409  19.665122  0.103472  0.960657  0.100908
2641  1284.740099  2003.650744  20.494551  0.087863  1.468497  0.125221
2643  633.744087  1409.277799  20.342623  0.110989  2.008052  0.224447
2644  1599.466490  1569.800351  20.616534  0.125633  1.556052  0.149332
2645  1250.471188  755.942001  20.793873  0.102307  1.269840  0.245465
2646  1312.083859  1006.927023  20.510181  0.125949  1.488519  0.113742
2647  753.396326  1164.719077  20.045015  0.112884  2.340200  0.154232
2648  1018.653259  1276.550914  20.525946  0.147666  1.313588  0.179397
2650  947.933516  571.398732  20.319958  0.217556  1.845668  0.139439
2651  1809.482101  1373.443033  20.018976  0.104158  1.385916  0.102280
2652  1729.200462  928.839022  20.302838  0.148696  1.399820  0.122940
2653  1881.277559  1252.982543  20.330856  0.128256  1.351660  0.126592
2654  745.121724  152.569064  19.978176  0.124581  1.380575  0.250022
2655  859.934707  1439.773190  19.188150  0.065986  0.805473  0.084049
2656  1313.910495  1601.954904  19.451104  0.113828  1.264549  0.123283
2657  342.223884  736.974550  20.920777  0.186584  1.824477  0.112743
2658  1903.732450  1338.673302  19.455325  0.107921  0.915866  0.210207
2659  585.348229  800.145318  19.482555  0.094285  1.266603  0.071968
2660  1892.103052  61.231176  21.414121  0.127107  2.428477  0.130879
2661  1726.606324  1581.261732  17.363355  0.064586  -0.117254  0.053299
2662  277.034568  873.554307  20.970194  0.104676  1.959459  0.113287
2663  1368.371071  389.540097  20.640761  0.323837  1.571634  0.161879
2664  639.494056  112.819104  17.638162  0.121794  0.078482  0.049248
2665  1515.800084  1832.807397  19.092481  0.058257  0.895067  0.083145
2666  1987.749207  2008.616145  20.112711  0.151697  1.305225  0.284267
2667  681.090103  898.569870  20.151485  0.144959  1.496776  0.132377
2668  843.678672  509.083786  19.716753  0.188502  1.220157  0.124393
2669  439.023453  1810.921301  20.861707  0.242254  1.707321  0.179485
2671  1860.202273  678.874959  18.166497  0.073379  0.245996  0.057957
2672  1788.131639  1647.389784  19.644818  0.070594  1.261158  0.141888
2673  664.921529  710.425971  20.214050  0.131766  1.333645  0.261166
2675  889.902628  1445.960193  20.161916  0.236402  1.137034  0.183125
2676  1850.996420  396.986701  20.288265  0.190662  1.346760  0.084759
2678  1537.600453  410.203261  20.598141  0.099067  1.289407  0.151139
2679  531.491860  1305.471876  20.056969  0.238090  1.566917  0.129180
2683  1459.676464  965.895680  20.621569  0.148213  1.564817  0.116011
2684  1123.776662  772.560701  21.144658  0.283608  1.595383  0.204391
2685  614.403034  455.851977  20.144750  0.142882  1.394476  0.145438
2686  1942.938352  1874.092254  21.614594  0.214244  1.627459  0.256294
2687  1919.144038  474.960238  21.438050  0.288682  1.693049  0.371739
2689  499.675056  620.196536  20.513134  0.241394  1.467106  0.115759
2690  440.108759  482.914415  20.608084  0.190992  1.363659  0.179192
2691  154.527091  1111.156114  20.976573  0.226615  1.314200  0.104425
2692  1904.878825  96.825933  19.616996  0.108892  0.847521  0.123802
2694  1212.345429  701.841961  20.514183  0.205655  2.795496  0.247194
2695  3.213356  854.361633  20.136860  0.123866  0.909632  0.173953
2696  75.082040  984.795551  20.981775  0.180176  1.519339  0.152990
2697  604.580171  686.422099  20.860618  0.187916  1.600603  0.183474
2698  81.726129  1284.944300  20.815160  0.267744  1.447458  0.164421
2700  517.624692  603.697256  18.282606  0.136167  -0.041901  0.079613
2702  198.869757  564.104215  20.687333  0.098965  1.444020  0.107970
2704  166.022553  43.073611  20.679481  0.233388  1.893896  0.162886
2705  355.279160  1872.163602  20.963532  0.144061  1.523707  0.141324
2706  791.675508  716.249542  20.948722  0.129450  1.482832  0.213743
2707  330.347689  922.133679  21.066469  0.126041  1.664376  0.142900
2710  1345.958369  642.419233  20.796345  0.134786  1.316560  0.175902
2711  791.654986  741.756690  20.343456  0.136589  1.564184  0.236081
2712  721.896762  1999.374688  18.626227  0.052154  0.133685  0.090449
2715  220.616238  848.993813  19.769339  0.233193  0.967601  0.109732
2716  987.378602  428.763352  20.873655  0.190585  1.463052  0.203076
2718  1318.970134  167.185501  19.449228  0.109263  0.395434  0.068870
2720  497.354014  1292.856781  20.468595  0.157696  1.151857  0.166901
2722  1713.906565  822.105461  20.876468  0.186489  1.197042  0.208222
2724  255.426130  20.157969  19.219018  0.061052  0.449303  0.078281
2725  670.537195  1667.786618  21.091322  0.130952  1.259537  0.261459
2726  267.283899  576.117092  20.537364  0.107655  1.626618  0.158637
2727  851.601422  1710.624861  19.688122  0.113927  0.693853  0.095969
2728  1793.043152  879.592385  21.403398  0.158926  2.051240  0.213680
2730  2032.831160  1114.835274  21.094784  0.283311  1.649529  0.183663
2733  1311.467001  1421.945869  19.565766  0.141968  0.823495  0.077390
2734  355.337342  1207.704583  21.046273  0.279656  1.450288  0.137276
2735  1053.372194  389.761977  18.796403  0.083956  0.190772  0.073292
2736  986.500725  1381.589946  20.388545  0.099950  1.325753  0.145425
2737  629.050104  156.399261  20.924627  0.132336  1.617351  0.182068
2738  1236.123031  34.730181  20.939614  0.113134  2.283538  0.146970
2739  276.291711  1886.972175  20.919122  0.119525  1.256287  0.229525
2740  1361.837171  1784.231284  20.482056  0.185497  1.099263  0.146209
2745  1483.459149  1462.138396  20.171367  0.091207  1.081820  0.088444
2746  641.910317  1368.972976  20.694108  0.167372  1.279140  0.105728
2747  1587.362790  2042.169318  20.376094  0.103033  1.472103  0.209540
2749  140.362333  1999.686224  20.502079  0.149436  1.150292  0.110078
2751  1739.074580  1552.200480  21.203196  0.159893  1.573665  0.220720
2752  1013.507442  487.427322  19.612730  0.104275  0.591621  0.097211
2753  878.321436  1395.788612  19.480612  0.113732  0.616752  0.106304
2754  1957.271133  624.559824  21.013307  0.165681  1.528154  0.260161
2755  1959.076949  859.937752  20.189675  0.142555  0.742127  0.232887
2756  1009.663316  1216.074146  21.355704  0.127214  1.516662  0.185353
2757  1813.650038  1166.659420  21.117150  0.149998  1.390259  0.130144
2758  888.204276  1198.007114  18.886461  0.058279  0.425833  0.134107
2760  193.796115  822.571180  20.263815  0.166591  1.498759  0.166081
2761  1970.948936  1647.881387  20.542388  0.138083  1.837090  0.279759
2762  697.037787  940.420769  19.941994  0.101415  0.679024  0.168298
2763  114.908346  982.883139  20.243589  0.237554  1.285951  0.142046
2764  1340.298977  428.036967  20.460759  0.136795  1.046749  0.110574
2766  939.696939  1157.154012  20.823164  0.193110  1.670038  0.168302
2767  1080.054341  1521.613055  20.543615  0.093588  1.504219  0.263751
2769  1141.903008  1597.522043  20.665959  0.126243  1.538804  0.153286
2770  1236.516742  1493.345870  21.049682  0.186904  1.556690  0.364621
2771  1459.443906  51.675553  20.308078  0.090433  1.413670  0.193651
2772  858.796868  101.005167  20.348908  0.135465  1.592336  0.235486
2774  330.943360  839.006966  17.358323  0.080812  -0.287651  0.045941
2780  1544.379205  937.182618  20.701673  0.159996  1.647866  0.220918
2781  233.413331  1627.228580  20.587553  0.176225  1.023742  0.112080
2782  1852.532833  595.983447  20.515733  0.148804  1.302512  0.140377
2786  140.939218  920.938070  20.584269  0.205647  1.782081  0.144797
2788  1077.738977  1699.757849  20.831329  0.135555  1.630864  0.135018
2789  428.362566  1624.325692  20.650190  0.133965  1.266192  0.203280
2790  226.271579  533.593290  18.891963  0.159973  0.139323  0.114874
2791  682.256411  1317.274370  20.523016  0.109086  1.999926  0.226974
2792  193.423971  2035.160127  20.400913  0.093936  1.279991  0.094040
2794  1304.194952  1819.776259  19.820734  0.137954  0.787058  0.082821
2795  1794.148079  2001.098719  20.884400  0.109420  1.092857  0.244589
2797  1326.504966  1569.342685  20.340958  0.139069  1.449361  0.107368
2799  1302.272846  1080.717059  20.369236  0.120016  1.194457  0.136945
2800  1674.073218  1150.545262  20.641124  0.112146  1.386942  0.140501
2802  1750.028416  1233.150511  17.991136  0.056209  -0.068730  0.054861
2804  1309.689458  405.982677  20.433849  0.166428  1.383530  0.133490
2805  345.096479  905.231802  20.869521  0.198974  1.500548  0.277219
2806  228.929859  623.606450  20.228275  0.149474  1.220368  0.264842
2807  1730.367299  1484.908227  20.901503  0.135732  1.593974  0.123417
2809  116.122388  1987.107686  21.088980  0.172949  1.347855  0.108276
2810  2041.643594  1252.589824  19.402239  0.159026  0.985413  0.163114
2811  744.215927  381.375355  20.680907  0.122277  1.548259  0.150221
2812  1802.302618  1051.697666  19.341865  0.104857  0.647033  0.118773
2813  1992.341146  1238.041492  20.377161  0.101302  1.289119  0.132422
2816  1739.055565  646.165026  20.170568  0.132197  1.212849  0.084512
2819  1151.499214  1672.103335  20.973091  0.193807  1.546279  0.165557
2820  609.115313  780.723405  21.280639  0.207653  1.522616  0.152929
2822  1426.664697  2007.129465  20.092451  0.098890  1.003008  0.093507
2824  824.695626  940.786374  20.868902  0.245122  1.392165  0.211732
2826  607.313114  20.114761  21.051802  0.111474  1.674809  0.230573
2827  1143.981814  1012.012441  21.231832  0.347215  2.778956  0.138713
2828  797.408881  1697.494801  18.357322  0.094172  0.045811  0.076781
2829  1167.791967  1678.930489  20.525537  0.180474  1.484848  0.099023
2831  285.717004  1592.954658  18.238773  0.076754  -0.230821  0.048674
2832  1193.897320  1935.486856  19.652267  0.139330  1.034342  0.152699
2833  681.960780  642.271316  20.701511  0.285191  1.453812  0.093122
2834  1549.678325  538.406144  20.386817  0.163917  1.236893  0.098393
2835  1252.476052  1173.573062  21.102030  0.129958  2.229020  0.181191
2837  1103.452039  26.331364  19.043655  0.059128  0.494132  0.075825
2838  562.073812  762.301161  18.164654  0.100420  0.061873  0.064653
2839  1354.709324  519.121447  20.543025  0.117120  1.974244  0.134450
2842  1505.892156  913.860692  20.522273  0.162589  1.552781  0.166723
2844  132.751859  1278.058399  20.537771  0.142500  1.276145  0.129883
2847  1927.353073  927.421322  18.957049  0.070072  0.447866  0.075132
2848  582.505849  1748.363983  20.347908  0.170886  1.638124  0.272675
2850  1977.595051  273.091322  20.839011  0.270361  1.826766  0.166265
2851  1963.881845  117.943790  20.274126  0.248498  1.197726  0.114793
2852  964.058662  4.816606  21.076632  0.260025  1.460814  0.187593
2853  1498.432534  120.778895  20.587149  0.139502  1.453058  0.280413
2854  1762.636096  1584.420032  18.359776  0.059746  0.141498  0.094743
2855  234.883821  1308.245857  19.455715  0.116927  0.462480  0.080079
2856  1062.417609  1525.721011  20.640694  0.102115  1.472718  0.147580
2857  760.770588  1199.570461  20.606548  0.133679  0.881687  0.159421
2858  256.689465  362.318690  20.488267  0.153065  1.468724  0.177106
2860  1899.957003  1139.739692  20.575029  0.147054  1.568568  0.099939
2861  804.054296  1594.219178  20.220715  0.085607  1.291758  0.121039
2862  300.721890  1698.774609  20.779858  0.230553  2.015818  0.132957
2863  1698.150097  1522.378769  20.873953  0.175738  1.436705  0.138175
2865  1604.457890  841.256671  21.261424  0.206939  1.930352  0.205810
2866  729.704456  1062.503870  21.229956  0.195805  2.066437  0.179845
2867  771.756091  234.737804  20.167096  0.162032  1.968958  0.242876
2868  237.304809  1556.468430  20.857849  0.151155  2.082702  0.162544
2869  1969.361093  1930.508339  19.285836  0.139759  0.696996  0.159667
2871  812.888421  1328.214935  20.543829  0.254859  1.174667  0.175779
2872  512.474102  1466.409958  19.217491  0.086158  0.409775  0.191194
2873  587.537194  1857.006115  20.206476  0.156562  1.169161  0.107953
2874  234.189939  1988.047790  20.190443  0.130629  1.010242  0.084740
2875  729.469748  1252.650379  19.401196  0.156527  0.869665  0.092107
2878  721.399872  1839.492572  21.003799  0.218817  2.415483  0.174266
2880  926.132447  678.922545  19.115022  0.081635  0.186620  0.112056
2881  846.235807  1042.044797  21.077974  0.215526  1.622251  0.302165
2883  568.736318  1476.723727  20.548247  0.101625  1.420054  0.156285
2886  733.693455  1711.690132  20.589962  0.181445  1.355313  0.153008
2889  1040.945037  1094.807677  20.492903  0.163110  0.374581  0.346437
2890  857.517416  881.040836  20.407617  0.204078  0.605611  0.203827
2891  832.086989  1245.509884  20.374231  0.257866  1.199761  0.177739
2894  1663.700793  1591.866568  20.152398  0.164413  0.841256  0.085715
2897  1123.897985  1589.598243  20.808772  0.175622  1.388054  0.147609
2898  303.601101  1587.404843  20.888752  0.226019  1.059902  0.140026
2903  105.078617  0.353005  20.337910  0.104775  0.909872  0.280045
2904  1620.966868  1125.718080  20.924292  0.271185  0.972979  0.119000
2909  768.498787  1375.747509  19.588125  0.097545  0.230272  0.071760
2910  1247.946202  1410.964231  21.027669  0.185139  1.625879  0.127962
2912  252.426783  138.349087  20.221026  0.091716  0.694780  0.195358
2914  1615.169856  1083.394935  20.696157  0.217259  0.949122  0.177571
2915  522.199633  128.009999  20.599174  0.230930  1.130647  0.140415
2916  610.578130  1016.326782  20.616605  0.191942  0.194322  0.261468
2918  813.032596  1149.418174  20.496050  0.248239  0.975393  0.215312
2922  1353.427297  1302.231366  20.278998  0.091018  0.078952  0.142492
2924  1689.011156  1272.881298  21.225796  0.256372  1.653902  0.250037
2927  1975.225131  655.248671  20.735291  0.212324  1.208406  0.133733
2929  244.100332  118.616440  18.933217  0.141463  0.062438  0.055920
2930  212.419128  1222.716329  20.658424  0.302495  1.379619  0.260065
2932  435.016360  967.407069  19.918081  0.164907  0.844740  0.141740
2938  1721.941561  1242.101668  21.384971  0.263448  1.430916  0.179254
2939  1296.936728  882.584651  20.844191  0.217444  1.640251  0.294743
2950  393.315227  1250.565899  20.427974  0.171554  0.961500  0.151980
2955  1429.501192  1559.884395  20.990860  0.241303  1.486288  0.337062
2957  315.501528  1872.409041  21.467278  0.117654  1.931051  0.120268
2958  375.077227  1969.097425  20.493879  0.093853  1.144735  0.228725
2959  832.735270  31.915506  21.407988  0.126349  1.658302  0.259536
2964  1231.081643  1231.661521  19.483343  0.095311  0.322225  0.111852
2967  1055.049575  1693.335165  18.458371  0.069071  -0.113988  0.049300
2969  60.700707  686.306834  20.172293  0.104950  0.598054  0.142499
2970  1132.984195  347.011476  18.978106  0.057085  0.142422  0.068813
2971  438.433204  1797.890642  20.696314  0.146680  0.751531  0.119913
2974  1283.056070  854.387303  20.036445  0.212530  0.612855  0.215298
2975  1197.371922  1911.488195  19.207457  0.132786  0.099992  0.063551
2981  1547.090304  496.938980  21.216143  0.229060  1.225008  0.195402
2985  1858.994164  176.395694  18.741533  0.062464  0.240378  0.123485
2990  1074.218672  543.449746  20.886879  0.326956  1.901261  0.142772
2991  69.734624  1333.507870  20.188171  0.242078  1.016245  0.095223
2997  1890.814045  33.362612  21.508506  0.371724  1.956950  0.283186
21005  367.808462  1371.739691  20.194273  0.142190  0.687623  0.115618
21006  1509.256097  1030.030184  21.007779  0.189246  1.054370  0.161443
21017  312.785080  86.555118  20.392931  0.174006  0.743419  0.086779
21018  1410.346448  628.632783  21.762907  0.184741  1.688103  0.223103
21020  641.804433  815.849991  21.259729  0.138938  1.962809  0.147475
21023  2016.710551  989.460464  20.748082  0.111562  0.688449  0.130295
21025  232.467166  245.744078  21.260834  0.156470  1.513659  0.134850
21026  1555.010141  117.506122  21.465077  0.248654  2.112843  0.231886
21027  1610.354317  673.194967  21.776757  0.188776  1.484693  0.274333
21032  494.495443  606.659699  19.997339  0.281928  0.754826  0.083794
21038  1591.667859  1706.434754  21.474066  0.144870  1.727493  0.387143
21039  208.744576  1148.216169  18.751004  0.058648  0.134880  0.156455
21043  1140.266120  2004.001239  20.626492  0.114518  0.978743  0.114040
21046  671.377136  10.324888  20.693311  0.173287  1.087492  0.108007
21047  1427.641496  440.784814  21.283952  0.190900  1.496405  0.271239
21050  296.492141  1363.097360  20.256408  0.157715  0.554490  0.106290
21057  1106.346695  694.295852  20.654463  0.152010  0.537307  0.191293
21058  95.814547  1195.224654  20.987559  0.206693  1.073329  0.244207
21064  1182.776095  960.663124  21.363501  0.328055  1.689465  0.153428
21066  1308.734045  1571.106983  20.017338  0.243925  0.416233  0.127659
21067  360.085641  982.104056  21.619311  0.151975  1.212117  0.514866
21069  228.614197  1891.285242  20.099865  0.111766  0.695627  0.114915
21070  575.848421  1363.263514  20.832393  0.126705  0.773347  0.156415
21074  164.861788  917.759698  20.816522  0.223930  1.595345  0.136787
21078  1157.884899  1502.040724  20.568171  0.087255  0.871070  0.100120
21080  1470.998853  947.891685  21.306993  0.166977  1.468609  0.186502
21086  1542.125308  1813.328414  21.364434  0.188393  1.169571  0.149989
21087  1191.962399  1134.374512  19.298633  0.092406  0.116799  0.082308
21090  452.298257  1193.779718  21.331151  0.139377  1.253266  0.213126
21091  522.638007  1461.622762  21.252142  0.451286  1.960960  0.130111
21092  792.697526  639.158861  20.360184  0.165159  0.594697  0.112439
21098  1485.322803  1353.465007  20.506953  0.218329  0.942187  0.162847
21101  562.611825  801.753148  21.505702  0.233192  1.161917  0.319985
21102  1144.242306  893.185623  20.487148  0.169449  0.945004  0.170885
21103  855.582482  763.790873  20.263921  0.138329  0.590148  0.144205
21104  810.511445  1684.157886  21.267540  0.222707  1.034059  0.235997
21105  1343.917052  1081.816064  20.549572  0.124016  0.641211  0.219737
21111  521.354977  1332.425750  21.155648  0.201401  0.732586  0.322130
21112  764.069640  1890.517123  20.441115  0.168492  0.346091  0.102828
21113  66.414406  1926.385308  20.148274  0.195006  0.685157  0.153273
21117  1042.572055  1522.415294  20.881114  0.118976  0.676107  0.179272
21121  778.170994  833.515524  20.662841  0.114744  0.231439  0.165453
21122  882.720534  1352.249887  20.512681  0.239810  0.375589  0.234039
21125  1958.182136  1995.579812  19.876475  0.092680  0.357176  0.097670
21127  1080.400736  912.995574  20.671804  0.225770  1.162781  0.235151
21132  1224.587021  1762.758152  20.529465  0.185471  0.256875  0.217294
21133  1072.064599  750.371405  20.086705  0.114092  0.469206  0.085852
21135  356.812844  1356.152880  20.759331  0.181352  -0.041707  0.376577
21136  1974.068143  5.474641  20.766554  0.203200  0.610372  0.134852
21138  1461.496227  1321.976871  20.719879  0.119424  0.708479  0.177875
21139  1081.629941  1942.491507  21.024137  0.272495  1.012860  0.162383
21140  1074.805248  1519.875712  20.600894  0.102186  0.789197  0.246640
21141  1625.732874  513.213713  21.327076  0.198044  0.524687  0.140710
21142  1902.480994  653.271144  20.803369  0.148957  0.673218  0.133804
21144  806.963129  1001.296846  20.842151  0.363166  0.772994  0.309551
21146  994.215110  1264.274121  20.661259  0.191975  0.718234  0.140642
21147  1615.031906  48.148452  20.623634  0.214952  0.723390  0.210954
21148  1816.050464  661.128213  20.166415  0.183490  0.311724  0.201430
21153  692.513392  1459.672443  21.334042  0.169083  1.328748  0.256470
21156  1551.607186  1043.791910  20.600091  0.218238  0.601314  0.101101
21160  1183.299365  1207.353286  20.351074  0.175898  0.493755  0.145561
21161  1089.054134  1014.459167  19.874258  0.124143  0.269954  0.142937
21164  1825.226383  401.181079  20.227267  0.086731  0.528637  0.179310
21165  85.234984  180.023963  20.561230  0.200312  0.540274  0.128364
21169  675.630709  1440.773304  19.812526  0.205402  0.251592  0.162052
21172  1804.564811  1025.320914  21.230928  0.508285  1.557637  0.265571
21173  1475.569477  1822.167912  20.412585  0.241543  0.575889  0.111343
21175  1129.447126  2021.759891  20.346847  0.135101  0.648909  0.239631
21177  87.456582  947.671654  19.993646  0.232897  0.514690  0.153493
21178  1112.538671  402.773906  20.669611  0.172076  0.657765  0.207626
21181  1705.335182  1700.943447  20.660685  0.168851  0.262385  0.131285
21185  1842.178741  1954.048033  21.581526  0.324213  0.850353  0.152931
21186  1502.549383  1378.392952  21.667680  0.207419  0.774886  0.188458
21187  1140.915542  1809.882986  20.638380  0.204067  0.206775  0.115774
21188  1393.487126  1333.012050  20.601451  0.312664  0.376073  0.120338
21193  603.574463  899.606108  20.586031  0.256718  0.144361  0.148484
21197  1623.955101  1621.906639  21.187700  0.269190  0.504882  0.141853
21199  558.956022  1983.599164  21.016089  0.124609  0.509453  0.161033
21200  1502.933878  310.372695  21.080844  0.151037  0.473930  0.168225
21204  1978.534865  1239.738173  21.792470  0.335311  1.520385  0.296118
21205  1614.752089  95.034882  20.810768  0.142278  0.838998  0.320271
