# id  x  y  V  eV  BV  eBV
10  937.652204  982.542541  21.041723  0.205716  1.882223  0.173380
11  1048.833761  904.287764  20.959825  0.118464  1.738040  0.168279
12  861.157478  883.683758  21.379338  0.208212  1.521889  0.174235
13  1052.495176  921.295401  20.790731  0.194524  1.594367  0.189163
14  1034.520412  1128.491581  20.846693  0.146238  1.685729  0.232832
15  1061.871124  1062.065603  21.009550  0.269021  1.622814  0.222706
16  1075.163587  1031.957750  21.783772  0.406972  1.865259  0.193423
17  942.227558  1089.477755  20.500315  0.165164  1.738057  0.127126
18  930.094961  926.869135  20.841774  0.150316  1.651471  0.121192
19  1146.811638  1033.483305  20.787070  0.156089  1.890763  0.268599
110  1007.440466  885.880422  21.360210  0.145228  1.559461  0.103708
111  1133.451346  1012.860703  20.904826  0.152989  1.639495  0.211639
112  1051.596841  1064.082207  20.809357  0.245717  1.578242  0.244697
113  890.883236  984.815268  20.375140  0.212242  1.599417  0.247543
114  1023.745167  1135.444439  20.569309  0.097919  1.780147  0.147465
115  945.676759  919.568302  20.789560  0.107603  1.743140  0.127559
116  894.175887  866.539254  20.303144  0.155081  1.675386  0.157704
117  1007.566397  1087.781294  20.682158  0.121412  1.987165  0.179514
118  1040.408678  920.265277  20.787371  0.109317  1.321764  0.214761
119  1051.673436  1049.393705  20.220853  0.193590  1.617618  0.227296
120  1106.757693  952.148664  20.228725  0.085875  1.799150  0.206353
121  1028.802314  1089.569219  20.294173  0.141261  1.464226  0.123338
122  1130.020393  1105.221960  20.228241  0.206852  1.676974  0.143084
123  1111.551795  1025.403412  20.095952  0.162345  1.437767  0.095291
124  1035.337667  1164.133499  20.198975  0.232268  1.524831  0.101275
125  948.519793  967.267574  20.128588  0.103023  1.615248  0.173726
126  1004.693791  1079.492301  19.999007  0.122065  1.639591  0.119637
127  1063.565251  939.487846  20.538395  0.168091  1.445972  0.109689
128  1107.838669  1042.328965  20.120755  0.162594  1.553958  0.100162
129  1154.503864  1020.033618  20.021088  0.134942  1.466785  0.107379
130  1124.741775  1062.478111  19.754763  0.159353  1.596034  0.084905
131  1027.750871  933.455319  19.843977  0.167286  1.620047  0.110499
132  1023.345971  931.618836  19.796972  0.171499  1.311156  0.114025
133  1124.077998  1022.033531  19.900853  0.115238  1.548853  0.084653
134  981.406044  1066.983629  19.571615  0.115288  1.417056  0.070987
135  1092.035523  924.310016  19.829723  0.172239  1.559393  0.081054
136  1128.916316  1067.510456  19.758890  0.137057  1.457664  0.106718
137  1097.147351  963.318825  19.529850  0.118206  1.437705  0.121143
138  999.101440  1034.847109  19.275943  0.188991  1.592738  0.097635
139  1079.453082  1091.787162  19.195977  0.153619  1.539594  0.097278
140  1115.552276  1034.641388  19.299349  0.136420  1.433866  0.078782
141  1019.303363  1068.629893  19.359802  0.104079  1.608490  0.079841
142  939.088527  990.492344  19.220741  0.101164  1.497758  0.091785
143  1016.900547  942.169395  19.539382  0.091074  1.422021  0.069406
144  876.573839  1081.055928  19.516562  0.130144  1.553047  0.074712
145  1092.229059  1076.861174  19.335367  0.209825  1.471815  0.128692
146  1043.866685  1156.972052  19.160009  0.079757  1.324545  0.085218
147  1185.199309  1056.892027  19.188920  0.081839  1.239923  0.106302
148  949.376123  864.649257  19.130496  0.100230  1.461696  0.057524
149  966.019953  899.094385  19.060036  0.160354  1.445992  0.110305
150  1097.648169  1024.179343  18.855986  0.087945  1.455943  0.087739
151  1117.517763  1055.802184  19.012297  0.152365  1.285498  0.090076
152  1009.881272  999.274783  18.967347  0.105500  1.248505  0.125241
153  1030.872760  986.625925  19.193483  0.169544  1.375077  0.075210
154  1016.047944  1030.030582  18.903665  0.056187  1.264257  0.100036
155  988.861317  1054.530314  18.975224  0.085363  1.458208  0.077194
156  1106.388746  1147.298427  18.886130  0.125974  1.216314  0.087935
157  1021.714371  843.030917  18.818838  0.112865  1.437813  0.087542
158  1006.511596  1032.316006  18.776823  0.106794  1.451016  0.064388
159  1001.457500  1037.015429  18.731950  0.070874  1.421204  0.082430
160  989.950587  1024.025559  18.521553  0.115327  1.211581  0.093727
161  1087.313633  1096.243302  18.645395  0.131839  1.358182  0.066877
162  1024.666542  1062.376284  18.683591  0.121182  1.473715  0.067522
163  1142.789980  1080.060580  18.524053  0.071877  1.374438  0.077089
164  1000.322273  973.115904  18.598664  0.103140  1.343916  0.054621
165  1035.565629  988.382638  18.391636  0.107465  1.354532  0.077381
166  1095.255306  1184.131400  18.295485  0.060923  1.270635  0.078761
167  1031.170171  1038.351790  18.230415  0.087495  1.359888  0.049054
168  1102.284124  1107.459686  18.208757  0.074008  1.460271  0.077457
169  1033.780920  988.390564  18.178888  0.058942  1.302771  0.063021
170  1108.514570  1047.557345  18.113228  0.049091  1.457076  0.074196
171  1112.107049  1090.253701  17.968844  0.088167  1.226042  0.072340
172  1108.166840  1018.307011  18.148969  0.112424  1.297558  0.101349
173  925.644902  948.863427  17.878323  0.055802  1.301073  0.049386
174  974.546330  1134.489047  17.778988  0.045777  1.217372  0.061652
175  1079.041311  1155.693179  17.680281  0.074100  1.257921  0.044506
176  1043.979571  946.024018  17.759793  0.082712  1.296601  0.066349
177  915.192259  1102.551777  17.721910  0.055550  1.337144  0.047508
178  1015.354593  1003.850424  17.682324  0.122472  1.291747  0.045517
179  1106.841047  984.833802  17.494804  0.042701  1.281539  0.062040
180  1005.611950  1107.219927  17.406573  0.048015  1.158658  0.079362
181  951.408476  967.351009  17.313778  0.041183  1.381016  0.106081
182  1108.436849  1066.518651  17.276194  0.067962  1.228842  0.047548
183  974.132326  1034.850755  17.217342  0.055907  1.198203  0.076033
184  1010.886758  1039.851315  17.072619  0.042222  1.261108  0.088974
185  1002.709504  1183.239762  16.903960  0.046568  1.162405  0.061566
186  920.575795  954.142781  16.942949  0.050099  1.289241  0.051985
187  1000.277115  1014.122066  16.815698  0.034030  1.145001  0.050936
188  1018.086605  1107.511931  16.683876  0.036382  1.173456  0.052010
189  1028.942582  913.030861  16.586160  0.030381  1.124634  0.044508
190  1181.241508  1009.191956  16.482952  0.052198  1.131502  0.088145
191  949.270712  1069.364224  16.412077  0.049828  1.101069  0.058404
192  993.671168  959.720980  16.311471  0.029816  1.131388  0.045220
193  1002.179994  1231.936389  16.113925  0.044330  1.066353  0.029808
194  1076.612465  1103.629660  15.705507  0.046855  0.964522  0.046558
195  1202.651136  1076.774011  15.561698  0.039727  0.958901  0.032952
196  894.678118  984.099512  15.491454  0.042597  0.988975  0.053812
197  1092.692398  1026.168668  15.352405  0.045187  0.964904  0.029980
198  1043.707494  973.365842  15.093697  0.050592  0.927888  0.043609
199  1111.768494  1075.621990  14.619222  0.041351  0.722290  0.065427
1100  921.014927  1227.734241  14.383302  0.026565  0.784719  0.038774
1101  966.264340  984.903188  14.225628  0.046188  0.764695  0.045865
1102  1039.579791  986.596905  13.932708  0.046612  0.648128  0.032200
1103  1025.889772  1052.750950  13.742923  0.021045  0.687349  0.023199
1104  957.163725  1087.458796  13.546354  0.036375  0.659667  0.036058
1105  927.028838  1051.839222  13.255791  0.030598  0.645154  0.056204
1106  1126.428303  1055.846584  12.999599  0.045546  0.533969  0.024291
1107  921.583636  1049.894195  12.751692  0.040007  0.482761  0.037928
1108  1166.221844  1023.873024  12.160444  0.026429  0.399754  0.019584
1109  1057.162650  1116.653548  11.840550  0.034489  0.333248  0.024385
1110  883.498414  957.084324  11.375508  0.036449  0.334797  0.042655
1111  1076.321382  1071.868641  11.006534  0.039753  0.237290  0.028763
1112  1118.458245  1074.567291  10.633126  0.025703  0.210448  0.053124
1113  1028.001915  1151.699333  10.308002  0.033224  0.179085  0.027039
1114  1098.752246  957.606994  9.529879  0.041379  0.900474  0.025722
1115  1130.252165  945.552896  9.036943  0.026340  0.882332  0.025342
1116  953.166131  955.691786  11.442814  0.028205  0.293785  0.031812
1117  1057.752044  969.502884  15.330834  0.054820  0.943143  0.033974
1118  940.080722  1167.202652  18.851510  0.084869  1.364693  0.065114
20  1087.810796  409.436776  11.635777  0.022491  2.609618  0.022401
21  1943.468427  937.851619  9.076863  0.024846  0.860932  0.039085
22  1286.838298  712.644671  10.248666  0.022089  1.166013  0.045399
23  1700.174546  293.453567  9.995197  0.034945  0.702464  0.030972
24  1656.234228  1409.766050  11.978195  0.024667  1.880593  0.019711
25  308.249454  442.423269  9.287496  0.024889  0.297583  0.031323
26  670.616348  78.024433  11.676815  0.022550  1.488611  0.024410
27  26.071927  81.059669  11.422289  0.037197  1.237646  0.042635
28  631.754531  775.924627  10.305332  0.030289  0.595497  0.037713
29  399.560504  680.472890  8.926873  0.024980  -0.029285  0.036024
210  1843.279428  316.516671  15.459346  0.047634  3.408115  0.035411
211  2047.969753  868.105867  16.067933  0.040334  3.708939  0.034095
212  779.862501  1642.687341  10.449725  0.025728  0.137735  0.032303
213  888.212558  556.914208  10.548725  0.017741  0.041659  0.033648
214  156.605622  1072.784204  11.067214  0.019071  0.323640  0.024830
215  1129.923810  471.837416  11.353035  0.040479  0.382163  0.050889
216  267.530179  1602.012488  10.392312  0.038573  -0.112080  0.022417
217  1502.071970  1135.683821  11.734345  0.035738  0.652762  0.041645
218  817.946194  64.544386  11.712770  0.023778  0.091173  0.028748
219  600.812660  296.902329  16.174976  0.046732  2.724841  0.039916
220  1517.651571  545.688843  11.002518  0.035551  -0.121221  0.020865
221  626.139709  1339.373969  11.658172  0.022762  0.114131  0.029014
222  1848.141358  1599.285260  13.940937  0.054293  1.263833  0.072131
223  755.617778  1178.231144  11.712816  0.022151  -0.032651  0.030931
224  1476.688217  416.370346  13.082170  0.019271  0.630417  0.036058
225  1126.807281  437.290522  14.725607  0.030906  1.395590  0.028687
226  465.592092  706.666272  12.968848  0.026497  0.671180  0.035614
227  953.743050  1679.557314  17.733095  0.070752  3.168917  0.043101
228  1751.792019  560.736967  15.840416  0.028610  2.200605  0.032740
229  1407.901062  1566.636104  12.504601  0.036475  0.123584  0.025158
230  1552.242551  1383.789529  12.712514  0.031892  0.033557  0.029025
231  1387.184371  1428.804204  18.122643  0.044873  3.377602  0.079619
232  1161.301641  560.415590  14.749671  0.069533  1.155728  0.050553
233  977.997010  1868.954841  17.234707  0.058036  2.633996  0.045289
234  1853.750288  1205.831334  16.238858  0.035927  2.045436  0.071417
235  1323.194230  1110.615479  13.137246  0.019152  0.509716  0.065120
236  428.617614  1506.829788  13.597688  0.029552  0.685045  0.047642
237  290.331586  778.218689  17.352079  0.058956  2.742148  0.061051
238  994.759533  763.024337  16.050896  0.059566  1.760076  0.028439
239  1499.115529  1403.352076  14.571258  0.037970  0.927226  0.044609
240  1614.621323  385.878345  15.151412  0.041610  1.149591  0.057948
241  110.895974  986.255868  15.623594  0.087675  1.383681  0.028370
242  602.668266  1051.537673  17.556733  0.065141  2.571140  0.050196
243  643.161820  652.696904  12.695156  0.028825  -0.085604  0.028760
244  1160.810157  483.655511  18.090667  0.097674  2.821058  0.060985
245  427.891132  882.088399  18.782621  0.121187  3.166817  0.119144
246  1064.842829  235.008312  14.011811  0.031621  0.512274  0.022842
247  529.389377  614.899688  13.660081  0.044391  0.465522  0.025641
248  1606.817280  786.866667  13.521611  0.031180  0.362836  0.022166
249  439.856786  2024.492615  14.596536  0.022432  0.828192  0.029244
250  1181.345441  1699.961196  14.853232  0.051403  1.046379  0.023175
251  434.341348  1669.045915  14.052868  0.038140  0.660728  0.031311
252  1213.362997  491.869318  15.772692  0.029339  1.223535  0.056856
253  1040.359091  1895.437917  14.416095  0.047901  0.438355  0.044260
254  1897.847675  34.959767  14.635381  0.046739  0.551030  0.031023
255  1525.308771  279.358563  14.254294  0.044761  0.232949  0.026718
256  387.629526  523.954918  14.506998  0.033681  0.529303  0.041999
257  1250.151668  581.828407  20.134166  0.122264  3.761170  0.126297
258  168.196761  1839.773735  15.049526  0.033595  0.647364  0.042586
259  573.608063  703.444097  15.671969  0.048146  1.047356  0.034902
260  833.104072  1644.311353  14.769362  0.027954  0.887527  0.035989
261  1293.448262  994.805204  18.540506  0.119199  2.982169  0.061423
262  262.142013  1154.509900  15.540990  0.064149  0.752665  0.070812
263  1402.107455  1206.741047  14.754863  0.026197  0.669104  0.040606
264  166.528601  335.432000  19.795573  0.166393  3.489276  0.105444
265  1180.937120  1307.530759  14.928563  0.066334  0.582882  0.031516
266  907.734403  83.540449  14.365492  0.046049  0.406463  0.024550
267  1392.233936  1990.781275  14.576080  0.037694  0.713500  0.029873
268  912.667449  1906.074713  17.740809  0.043621  2.291781  0.056218
269  532.056714  970.627996  15.391271  0.051045  1.001782  0.030772
270  1162.944329  924.184101  16.585576  0.075589  1.816426  0.062701
271  394.406447  132.873358  15.025246  0.036204  0.689645  0.058182
272  258.416541  205.660730  15.976128  0.056950  1.099524  0.035789
273  2013.500449  1539.332807  16.875339  0.078868  1.585575  0.079421
274  255.264131  709.455706  15.867172  0.053218  1.072221  0.029618
275  169.628736  1076.768273  17.329462  0.037633  1.788234  0.086465
276  1803.889914  1872.027645  15.253040  0.056151  1.154505  0.032380
277  1863.209569  837.341311  16.097280  0.036593  0.860969  0.063271
278  302.162579  1497.991625  15.877258  0.044078  1.521141  0.052409
279  527.456597  1745.185173  15.297800  0.040914  1.498902  0.052064
280  1356.448888  1552.387795  16.645877  0.044073  1.510902  0.096520
281  325.929902  1829.328651  14.991781  0.031028  0.472383  0.066851
282  453.090378  1379.677857  18.018468  0.056364  2.164024  0.080203
283  1223.727201  1647.647207  15.105209  0.061071  0.820856  0.051025
284  1617.923519  1940.281145  17.451604  0.054771  1.660204  0.056522
285  1124.542815  1215.625414  15.098920  0.039432  0.597678  0.023735
286  864.022366  423.745690  18.232071  0.048168  2.118173  0.063339
287  382.278387  1219.873012  19.098617  0.095952  2.953717  0.074157
288  1792.349451  775.259685  18.483116  0.154782  2.361414  0.137757
289  868.251904  1384.272912  14.699278  0.032409  0.384875  0.047498
290  849.786199  37.266498  20.346552  0.093776  3.280887  0.115217
291  1239.744732  1193.855588  17.471204  0.093992  1.750744  0.051124
292  380.012025  696.111509  15.841905  0.043151  1.245389  0.032159
293  1707.474878  1887.650045  15.417639  0.045818  0.705883  0.048838
294  1698.647810  463.957967  17.494235  0.066167  1.872562  0.083899
295  1993.604753  1699.454119  17.772170  0.054640  1.839592  0.068547
296  1191.023803  640.371485  15.345531  0.046763  0.676532  0.060522
297  1146.936504  18.550471  18.058311  0.160501  2.275452  0.133136
298  1911.675179  316.269591  16.646357  0.044124  1.423214  0.047307
299  1860.166084  895.059612  15.680504  0.054966  0.951120  0.036883
2100  1167.254644  1174.464664  16.356260  0.066059  0.913787  0.064790
2101  1498.343898  507.412178  16.310131  0.029949  0.801285  0.036883
2102  1328.690386  451.532440  16.503395  0.102342  1.444797  0.079167
2103  464.443090  40.294370  16.694756  0.080429  1.691571  0.091984
2104  1031.303310  588.560059  19.186325  0.127356  2.435325  0.079837
2105  300.781346  552.409346  18.119025  0.059168  1.795220  0.063920
2106  344.107133  1659.035081  15.796205  0.046717  0.321754  0.050909
2107  970.243105  1599.949931  17.257071  0.064900  1.125396  0.042730
2108  1982.975626  1904.604175  16.292523  0.082139  1.319675  0.038479
2109  1060.194101  524.133496  19.787916  0.192232  2.837323  0.068144
2110  1935.688401  1947.678624  17.880338  0.077847  1.872470  0.073125
2112  1702.428051  1519.506665  16.480417  0.031424  0.883449  0.046017
2113  715.508491  1084.394677  16.337177  0.071771  0.781338  0.048982
2115  236.583093  964.491632  21.047549  0.167119  3.479779  0.121096
2116  428.558103  951.455047  16.684132  0.051154  1.118293  0.049609
2117  1926.615242  9.473464  15.778249  0.032790  0.456259  0.028152
2118  1180.801531  247.788636  15.839187  0.056175  0.638183  0.074073
2119  174.292252  722.511097  15.266429  0.052522  0.290395  0.029560
2120  199.108543  585.290773  16.124259  0.054858  1.219257  0.034725
2121  1698.466541  1066.992853  16.546991  0.037546  1.014339  0.052766
2122  895.509865  1845.963635  20.023187  0.263507  3.173259  0.143188
2123  1306.723030  1723.563308  17.143590  0.057815  1.249763  0.035556
2124  156.574019  1328.755434  16.793011  0.032725  1.168772  0.046964
2125  189.892645  1615.305180  20.913837  0.115821  3.554466  0.271921
2126  2004.249349  1923.807439  15.637586  0.047571  0.438325  0.038139
2127  1298.925814  624.564956  15.673588  0.034996  0.421881  0.060320
2128  1433.143769  389.295363  15.639696  0.039161  0.299766  0.033855
2129  1367.323766  693.162466  16.798121  0.049813  1.114838  0.048741
2130  1691.853119  1903.724826  16.590827  0.062307  0.832603  0.063581
2131  1571.766133  850.388536  16.251961  0.040122  1.356831  0.079528
2132  1548.335447  1492.390849  14.866091  0.029083  0.023699  0.023131
2133  525.480357  1395.105312  19.318932  0.090638  2.247463  0.118739
2134  123.823705  652.190661  18.936973  0.069224  2.484217  0.081162
2135  1447.946324  254.481829  17.488188  0.046977  1.589898  0.049547
2136  1515.111187  1317.104997  18.582680  0.075449  2.032460  0.062655
2137  1351.970433  1788.471185  17.560766  0.073262  1.668262  0.042119
2138  1295.213131  1190.227658  17.140118  0.060385  1.554562  0.078629
2139  241.948853  1949.477465  19.360822  0.121687  2.286137  0.117439
2140  1467.123678  449.536637  18.106260  0.067448  1.430648  0.070062
2141  257.672929  1403.209833  17.519882  0.054447  1.235255  0.048369
2142  288.325526  144.876142  16.527379  0.033583  0.479058  0.031934
2143  713.472292  1329.200347  17.766755  0.059211  2.024733  0.096957
2144  1635.456869  945.093174  17.054943  0.082077  1.122216  0.088605
2145  1258.049388  396.552685  19.643119  0.177102  2.414905  0.084691
2146  1007.570375  939.527278  19.836881  0.081234  2.581373  0.127500
2147  1272.435884  1051.001325  19.762823  0.102819  2.277672  0.168189
2148  413.311640  1042.760255  17.228568  0.049040  1.128159  0.069691
2149  298.401340  430.420664  16.086025  0.038014  0.469433  0.040681
2150  1931.257498  1609.753419  18.573571  0.115880  1.760285  0.066872
2151  86.467697  1644.854939  16.559533  0.034492  0.642679  0.048342
2152  719.476668  329.865561  19.278383  0.061930  1.970959  0.164335
2153  1775.828695  2012.628998  17.510809  0.119494  1.706213  0.076748
2154  1786.296557  455.446543  17.198182  0.049633  0.933018  0.054784
2155  679.764097  1914.440090  20.166144  0.196021  2.634989  0.129487
2156  260.482158  995.148943  16.926047  0.037834  0.818810  0.053089
2157  445.821712  82.843897  17.841068  0.067280  1.197343  0.097074
2158  1241.824018  788.638594  19.925606  0.102517  2.414093  0.139570
2159  508.885016  427.689205  20.923596  0.260260  2.896992  0.135777
2160  1753.999810  1601.964539  16.949786  0.085732  0.972019  0.059818
2161  1260.237921  1488.089146  18.975268  0.140499  2.062645  0.078745
2162  1628.600573  1921.508826  19.159111  0.110777  2.224394  0.128101
2163  1530.641592  2012.827090  16.072217  0.054713  0.303709  0.038299
2164  895.641850  325.149737  17.117341  0.034266  1.009819  0.063900
2166  649.061880  1009.885300  20.239760  0.100876  2.606082  0.235535
2167  1974.119638  54.176372  20.617106  0.157264  2.948738  0.180521
2168  1005.895399  1008.139341  20.408958  0.174313  2.867269  0.199560
2169  1447.370498  1475.183739  19.893100  0.081255  2.323997  0.167226
2170  1163.627130  94.785215  20.480631  0.235856  2.960147  0.106492
2171  697.617455  386.498925  17.559296  0.068407  1.124378  0.046881
2172  1210.519392  282.829574  18.522678  0.050901  1.690708  0.073170
2173  1819.588550  1095.773218  15.219653  0.072099  -0.052509  0.047767
2174  958.818155  1889.263025  18.660373  0.051854  1.844275  0.062726
2175  1229.115455  1997.086600  16.976051  0.054920  1.590628  0.075246
2176  2031.606251  1475.510337  19.779029  0.115515  2.421242  0.080290
2177  874.832254  1945.273017  18.212677  0.066298  1.459029  0.083759
2178  165.715205  1508.977732  16.986867  0.090308  1.167527  0.064594
2179  976.349150  1160.809361  21.245135  0.222263  3.422992  0.138552
2180  1747.612703  1190.989708  16.840918  0.056456  1.544737  0.095717
2181  73.873211  1919.223632  18.568168  0.058196  1.685691  0.085831
2182  1073.398242  238.703436  17.046921  0.033306  0.956087  0.093394
2183  1050.554212  1072.062747  17.424023  0.064406  1.148827  0.062059
2184  251.682772  1398.479842  16.891276  0.071501  0.958343  0.045653
2185  973.673934  551.551478  17.414775  0.067785  1.055880  0.048626
2186  1160.008374  126.320340  16.724394  0.061069  0.869487  0.040957
2187  1118.536171  170.183149  18.608970  0.057739  1.582712  0.071528
2188  119.576780  1495.539922  18.905961  0.077681  1.873774  0.086682
2189  26.713680  1035.789845  18.087978  0.053361  1.556338  0.117272
2190  1412.312402  905.332491  18.455490  0.095128  1.623705  0.135009
2191  594.040449  1861.401421  19.712957  0.232174  2.002573  0.131525
2192  259.760183  669.965570  16.524284  0.109945  0.424750  0.097539
2193  642.996981  478.107863  19.104920  0.079099  1.674804  0.102133
2194  75.689498  944.231909  18.281827  0.083746  0.986816  0.060326
2195  657.314007  183.622407  18.957647  0.068861  1.202512  0.095586
2196  558.833507  1026.841098  19.119589  0.099742  1.789811  0.072759
2197  602.262931  1925.238249  18.474058  0.047595  1.132165  0.092996
2198  7.409029  468.959847  17.927265  0.043088  0.855998  0.066430
2199  1950.449953  613.505651  19.700267  0.124006  1.879638  0.088041
2200  1133.315046  1487.295606  20.574853  0.122845  2.455891  0.112379
2201  229.886812  1749.332730  19.870716  0.111606  1.996929  0.106253
2202  56.789056  2043.948024  18.266431  0.058329  1.110018  0.051770
2203  1365.772181  762.354780  17.833144  0.047661  0.961461  0.084146
2204  1135.250968  1856.653854  18.453162  0.049764  1.458756  0.114674
2205  1750.948555  1823.453103  17.780026  0.068480  1.513859  0.070934
2206  941.281753  1495.766230  20.838383  0.210342  2.393736  0.152751
2207  1051.659358  572.634896  18.066140  0.062750  1.082600  0.099481
2208  1577.007310  1646.364598  18.301592  0.076716  1.470810  0.079005
2209  1284.164831  64.994551  16.573615  0.050220  0.408994  0.064406
2210  1821.351331  112.689755  18.512894  0.067519  1.266533  0.049881
2211  134.536194  430.890488  18.662733  0.070102  1.156739  0.097224
2212  461.078433  1848.863169  20.828503  0.105907  2.826445  0.197419
2213  1965.613772  839.239629  20.055378  0.241055  2.365161  0.206823
2214  804.716944  1855.425776  19.987618  0.091908  1.659289  0.168507
2215  926.138235  579.757166  18.983279  0.113596  1.911363  0.068097
2216  1210.779103  698.937495  19.319163  0.093026  1.794108  0.090351
2217  813.482690  1015.401381  18.676837  0.069410  1.089252  0.097715
2218  387.915703  1195.237696  19.699785  0.074326  2.049635  0.118508
2219  90.330988  783.774597  17.639168  0.091488  0.936536  0.047147
2220  238.300097  1178.845048  18.730963  0.059194  1.392648  0.094083
2221  1051.317205  1779.521275  18.758312  0.086077  1.554954  0.088268
2222  1981.934825  567.019442  18.142870  0.089693  1.079732  0.065009
2223  1669.925156  1106.834091  18.585692  0.090996  1.261411  0.053485
2224  838.333179  596.974149  20.632570  0.090871  2.556696  0.179799
2226  174.865373  1569.178883  21.508230  0.329834  3.685730  0.341738
2227  1557.112992  94.224556  18.400229  0.081718  1.371195  0.091813
2228  523.926649  124.039067  17.433622  0.069007  0.539735  0.079612
2229  1117.171672  408.339569  18.794035  0.058365  1.687623  0.151630
2230  1175.821481  793.675573  19.630975  0.097975  1.854811  0.153773
2231  1803.342971  695.962258  17.293435  0.051760  0.436392  0.035724
2232  1739.952424  605.110905  17.685532  0.099255  1.138247  0.090068
2233  1168.443400  1006.629822  16.310213  0.047761  0.177130  0.042165
2234  44.621045  462.134123  18.868052  0.087141  1.371567  0.060519
2236  1791.835543  338.756474  17.630581  0.070483  0.739696  0.080611
2238  1955.419219  1637.380074  18.905376  0.141864  1.657643  0.071650
2239  737.321661  1652.935693  19.818755  0.080495  2.079473  0.112975
2240  1473.723874  801.447476  16.573704  0.061413  0.305125  0.049895
2241  1290.661286  792.247347  17.970703  0.054721  1.061542  0.063101
2242  843.494651  1163.592681  19.824524  0.105050  1.721345  0.126518
2243  1935.889242  1651.042178  18.301387  0.091259  1.775635  0.056653
2244  1830.151337  1009.202962  18.694928  0.072770  1.460664  0.074725
2245  1305.641672  196.301378  20.462131  0.100414  2.534259  0.164409
2246  819.600470  772.995221  19.338711  0.167029  1.696258  0.110612
2247  529.619565  1645.980372  19.842646  0.215858  1.723709  0.159136
2248  733.773863  543.374688  18.294857  0.127351  1.146236  0.047542
2249  1492.635089  1980.710363  18.282328  0.062057  1.206867  0.094895
2250  1489.459545  1425.175751  18.558035  0.089332  1.171155  0.058941
2251  2016.575857  1406.428269  20.776681  0.206010  2.639794  0.309444
2252  1914.908701  738.965039  18.719741  0.148133  1.147047  0.106292
2253  1257.229136  800.182935  18.481941  0.123291  1.468312  0.056060
2254  712.917976  1481.356554  17.724831  0.044218  1.425585  0.048284
2255  1005.346854  445.216533  21.401690  0.237114  2.878411  0.278193
2256  1637.005927  333.716616  18.294635  0.067726  1.058774  0.048666
2257  1739.111577  1538.516012  20.533838  0.100780  2.521886  0.135223
2258  87.296587  1112.117634  18.196470  0.056827  1.265125  0.087240
2259  604.011219  1929.849469  16.836790  0.075939  0.524687  0.082818
2260  1564.368271  812.967068  19.512846  0.101298  2.045927  0.131836
2261  935.213193  2046.016761  19.566098  0.134842  1.643497  0.122756
2262  1075.337995  1432.583363  20.751296  0.221416  2.361424  0.137560
2263  1548.921808  1621.158490  18.799654  0.100468  1.252866  0.175577
2264  49.425007  1989.430042  20.564482  0.089908  2.170128  0.193073
2265  1551.314153  583.510799  19.160183  0.134965  1.543919  0.147762
2266  1016.208499  904.607031  21.379318  0.312021  2.780149  0.232221
2268  1888.570272  161.941455  18.987284  0.065482  1.611188  0.107315
2269  174.749168  376.986883  19.120441  0.135015  1.417490  0.148838
2270  1754.989314  640.894829  20.100803  0.094737  1.625795  0.094415
2271  847.943074  458.437498  19.132246  0.094401  1.397652  0.073401
2272  310.008311  1050.968153  19.150168  0.081861  0.982531  0.111556
2273  1845.667503  553.949009  18.961969  0.078014  1.977460  0.097433
2274  711.119331  1071.381694  19.058748  0.116663  1.453927  0.074771
2275  1802.292670  852.841818  19.534912  0.146079  1.647310  0.105000
2276  1428.567708  99.842525  18.742068  0.139840  1.180641  0.078449
2277  21.337084  1109.364664  19.190387  0.157251  1.386359  0.107371
2278  1980.602744  973.687890  20.494647  0.142431  2.110932  0.088987
2279  1707.874800  324.407906  19.479953  0.175705  1.577423  0.101006
2280  150.675546  1593.096083  19.222089  0.146237  2.157993  0.078402
2281  804.801065  681.115685  21.140832  0.151983  2.144291  0.149138
2282  236.198417  1325.176451  21.122119  0.132704  2.048550  0.349511
2284  650.625160  497.157657  19.022990  0.058552  1.185026  0.132089
2285  456.678041  236.265193  20.591327  0.136846  2.095808  0.134297
2286  1079.721046  69.245067  19.016158  0.067187  1.427794  0.077771
2287  490.523787  908.358212  19.182954  0.091820  1.420100  0.071836
2288  973.345165  1758.805382  19.106652  0.103754  1.134063  0.108130
2289  151.735457  1365.909184  18.848353  0.057862  1.105843  0.082761
2290  115.597266  1322.037246  19.123084  0.093220  1.486771  0.107083
2291  1288.822499  1247.871688  21.032119  0.251880  2.034770  0.245711
2292  1338.555667  1804.515399  21.613851  0.281642  2.443821  0.267624
2293  1149.459026  420.940846  18.751202  0.063809  1.212600  0.106262
2294  798.218355  224.981850  19.394820  0.078805  1.391520  0.066143
2295  1954.927445  1233.122040  20.862232  0.096367  2.218397  0.103655
2296  743.183179  1915.031808  16.598681  0.033559  -0.070742  0.079264
2297  1200.494389  1649.145956  18.723054  0.069684  1.280353  0.059608
2298  516.024130  1140.855438  19.901179  0.139860  1.589675  0.076718
2299  1612.058468  784.217400  21.109721  0.109871  2.588482  0.187809
2300  1615.598509  327.331389  19.593556  0.134203  1.161353  0.211467
2302  721.514252  646.136600  20.336961  0.201679  2.095745  0.100665
2303  505.221601  69.311002  19.602281  0.069203  1.495654  0.146972
2304  405.483597  292.572865  19.294775  0.092782  1.535155  0.077785
2305  884.038677  1155.558495  19.033651  0.065208  1.488698  0.130021
2306  1794.415739  195.837727  19.563336  0.156991  1.599138  0.102650
2307  169.793284  1621.400796  21.225467  0.217505  2.454526  0.132375
2308  709.261496  1446.321874  17.699684  0.124117  0.597723  0.049797
2309  1386.321977  1661.997961  18.531684  0.110315  0.641092  0.077137
2310  1716.759490  824.400674  20.106178  0.105688  1.800350  0.144137
2311  1440.057345  1631.366640  18.578307  0.105761  1.101383  0.064596
2312  1744.004320  100.789253  16.794635  0.049122  0.062494  0.060543
2313  287.318292  722.501033  18.476968  0.156859  1.269665  0.069299
2315  1371.517376  1279.436206  19.185036  0.134323  1.317651  0.119172
2316  432.029762  1271.700932  19.756179  0.189057  1.463776  0.117168
2317  1569.878382  797.988253  20.334391  0.157796  1.761218  0.080389
2318  61.258429  1686.527355  19.481905  0.099711  1.858282  0.113505
2319  532.828371  234.940145  19.773617  0.112525  1.752689  0.068422
2320  613.002428  935.343751  19.588811  0.089844  1.530435  0.094227
2321  1908.774617  1386.460710  19.548776  0.116074  2.418603  0.147593
2322  876.322257  561.849224  19.267382  0.108389  1.103090  0.067654
2323  1424.617426  1495.651919  19.242383  0.090462  1.462361  0.076715
2324  141.963820  120.178254  20.097468  0.240450  2.307261  0.077828
2325  391.128785  1993.963574  20.479949  0.137099  2.071618  0.089482
2326  604.437027  1728.693093  19.066986  0.138375  1.265547  0.100040
2327  1666.232113  1608.443955  19.828424  0.088565  1.673882  0.177975
2328  634.186079  1416.834072  17.854939  0.045700  0.450029  0.104125
2329  140.969383  1684.469696  17.501782  0.095948  0.242753  0.104634
2330  803.809196  35.136650  19.983809  0.105701  1.826090  0.147250
2331  1046.737488  678.811574  18.580526  0.069379  1.088155  0.081438
2332  871.786929  559.341183  18.660152  0.113084  1.850566  0.165793
2333  1984.319735  1586.185214  18.752439  0.056389  1.409141  0.128861
2334  1258.801068  955.154412  18.816218  0.092661  1.350155  0.102218
2335  2041.700975  1486.051540  20.397692  0.129178  2.177582  0.140928
2336  34.950317  983.922796  19.334073  0.138580  1.265805  0.115657
2337  1443.486495  1861.454392  20.991058  0.138882  2.414570  0.143723
2338  1274.632466  1770.530075  18.882711  0.078234  1.205168  0.073914
2339  418.850417  2019.420309  21.267272  0.113759  2.628062  0.306256
2340  233.817605  200.938873  18.857328  0.108630  1.854592  0.077818
2341  1826.920904  1686.035362  19.529736  0.172968  2.163011  0.126006
2342  102.682625  836.223530  18.463945  0.049817  0.915026  0.117613
2343  527.965854  1442.003036  20.088317  0.138279  1.882906  0.107231
2344  752.644382  1099.939468  19.505605  0.097726  1.715907  0.086534
2345  510.916982  1452.488243  19.430877  0.104201  1.341269  0.071501
2346  691.739490  898.794485  18.836600  0.077565  1.209652  0.107781
2347  55.035330  294.445777  21.161026  0.152689  2.317955  0.140527
2348  44.237482  666.540175  21.548137  0.294650  2.559649  0.285285
2349  10.495723  1195.647980  19.283582  0.060981  1.287744  0.102797
2350  654.683364  963.867335  19.051404  0.122594  1.780163  0.104717
2351  637.132943  1301.281188  20.884611  0.354516  2.379806  0.149216
2352  1746.067854  993.490397  20.679920  0.127815  1.687945  0.155789
2353  812.375855  1228.233212  19.389675  0.128674  1.342821  0.077218
2354  748.880683  490.688449  21.359089  0.139987  1.921711  0.168360
2355  209.562394  1585.642793  20.033673  0.101709  1.436141  0.119387
2356  656.768528  91.075261  19.981142  0.100041  1.407722  0.094677
2358  1453.697558  980.250307  20.843522  0.253420  1.772276  0.184496
2359  1694.728797  500.173663  21.074951  0.113010  2.147354  0.178765
2360  735.594068  678.934402  20.827962  0.187384  1.841208  0.104033
2361  1548.189595  1791.219606  19.759311  0.071386  1.454598  0.075679
2363  1968.858971  219.912067  19.873589  0.137527  1.461749  0.111415
2364  798.137909  1691.399269  20.478565  0.232162  1.578095  0.112626
2365  688.004114  301.967021  19.061874  0.127622  0.596535  0.057309
2366  1308.200850  384.733663  22.012956  0.224667  2.627453  0.252453
2368  951.782845  1812.316033  19.892615  0.162062  1.324379  0.108901
2369  799.890165  369.300092  22.200895  0.221485  2.424006  0.349963
2370  261.118232  588.012119  19.673927  0.126684  1.576044  0.095522
2371  37.622048  1718.710158  21.032908  0.269437  1.757501  0.232379
2372  854.481495  1038.577423  19.699591  0.079287  1.519464  0.069399
2374  441.799327  816.862072  20.103033  0.097844  1.526482  0.076260
2375  937.828789  749.459049  19.813040  0.124787  1.335213  0.069704
2376  37.908894  6.655209  20.689224  0.114441  1.837951  0.119475
2377  1643.351239  1793.287886  19.860009  0.099086  1.379272  0.086863
2378  1838.880621  567.807366  19.815291  0.232982  2.364220  0.102288
2379  1617.619917  989.935830  19.617147  0.085805  0.951518  0.092796
2380  413.464174  213.673843  20.870631  0.103223  1.747905  0.154013
2381  1912.963560  1883.630777  20.504997  0.139072  2.364702  0.151313
2385  1988.826637  1743.107275  18.502609  0.047604  0.627097  0.068126
2386  1352.454994  739.787766  20.177003  0.119108  1.600161  0.177900
2387  397.197509  767.481409  20.514573  0.106621  1.609476  0.131885
2388  129.617850  700.908707  20.627718  0.149717  2.165998  0.175356
2389  1832.160934  912.225106  20.698913  0.262142  1.719017  0.184878
2390  1013.677974  1958.354601  20.415852  0.146401  1.572391  0.105398
2391  713.598226  1745.246922  20.264968  0.088260  1.488578  0.189936
2393  1095.635177  399.999380  19.171590  0.118378  0.585631  0.171138
2394  820.227781  853.732319  20.042978  0.229504  1.609977  0.086364
2395  449.793855  1823.032852  19.546065  0.238775  1.462715  0.184780
2396  188.110469  856.585057  21.111036  0.175913  2.039130  0.174894
2397  490.087532  304.968379  20.943615  0.168287  1.874191  0.139409
2398  779.153360  1812.730952  18.539234  0.067981  0.505384  0.059124
2399  947.778793  175.762737  18.117051  0.091244  0.468084  0.079025
2400  1081.520926  692.257023  19.485627  0.081876  1.064820  0.095223
2401  1213.245256  604.607516  20.634166  0.158693  1.711308  0.115621
2402  2012.264543  1601.946439  20.510625  0.212071  1.049443  0.168289
2403  1958.085014  703.248799  20.568746  0.140569  2.128817  0.116377
2404  661.619858  1450.620335  20.029985  0.142274  1.846594  0.175307
2405  218.022293  1567.232183  18.253659  0.064936  0.425392  0.070779
2406  990.652583  602.718292  20.061690  0.204020  1.460409  0.133980
2408  1724.289818  1766.770792  20.473359  0.134440  2.126786  0.182433
2409  1857.439155  736.480562  20.373589  0.218328  1.946675  0.201629
2410  1805.631413  1970.223717  19.845324  0.097020  1.270370  0.095299
2411  471.683869  311.308595  20.139142  0.115983  1.522851  0.142970
2412  1760.698124  90.236711  20.158358  0.156683  2.125472  0.123751
2413  703.934411  106.174893  20.278703  0.121031  1.562022  0.108442
2415  847.884799  2037.899073  20.257211  0.109189  1.228383  0.078019
2417  1531.399608  187.632494  18.603556  0.051342  0.637916  0.076533
2418  1604.462234  395.014466  19.967107  0.108441  1.567461  0.128825
2419  1536.092409  838.604394  20.229516  0.090697  1.690633  0.125816
2420  335.382155  1737.810478  19.677069  0.101749  1.455539  0.117421
2422  1167.878959  248.811243  18.781053  0.060648  0.637505  0.111325
2423  318.532341  1681.045510  20.815002  0.284388  1.968280  0.126537
2424  989.020492  1404.110655  20.037444  0.150089  1.592746  0.133565
2425  382.084477  1273.217634  19.393208  0.170774  1.167802  0.109297
2426  686.512424  1081.363502  20.298971  0.175945  1.805695  0.106404
2427  1929.145579  222.034516  17.596561  0.080343  0.166462  0.052460
2428  1872.311274  754.039042  19.531795  0.180302  1.355370  0.094903
2429  552.862936  701.002371  20.364355  0.189374  1.587692  0.137011
2430  1689.544815  1976.729692  20.104143  0.089585  1.356711  0.077004
2431  1066.421449  1660.625417  20.207536  0.145421  1.655387  0.191457
2432  828.301336  2014.258562  20.315421  0.163943  1.442997  0.134931
2433  109.148337  487.054807  19.881670  0.076301  2.449540  0.128474
2435  926.390837  141.529177  20.355661  0.183125  1.601664  0.181063
2438  334.869461  917.691351  20.836436  0.175786  1.611385  0.242641
2439  1425.935897  178.941673  20.496483  0.257792  1.609165  0.139607
2440  151.896294  1919.048581  19.756012  0.214824  1.519140  0.256310
2441  1592.397093  386.397765  19.261051  0.060824  0.977546  0.076293
2442  498.026751  1016.005520  18.544287  0.057472  0.587985  0.058505
2443  189.182362  1512.779284  19.813663  0.172988  1.549690  0.254076
2445  877.982656  1644.565052  20.486636  0.095035  1.788102  0.162606
2446  570.243323  1405.898427  20.806838  0.156917  1.911201  0.324988
2447  2026.998970  451.778601  20.638509  0.209138  2.320203  0.270818
2448  81.903789  1371.521828  19.852235  0.113130  1.348429  0.098971
2449  1763.598357  1414.879595  17.594001  0.039555  0.233211  0.043727
2450  807.518808  384.856602  20.474932  0.116708  1.454489  0.109690
2451  183.311720  1567.126865  17.476330  0.077938  0.166360  0.050224
2452  1326.353027  235.280350  20.454532  0.161980  1.409763  0.123538
2453  89.109062  1224.549653  19.840558  0.120712  1.651998  0.080881
2454  336.036497  1423.115310  20.348098  0.108275  1.514041  0.183400
2455  622.332596  1203.965172  20.397380  0.147296  1.654271  0.156176
2456  1160.026027  1779.037256  20.838678  0.258976  1.860951  0.110377
2458  461.315101  835.314631  20.479158  0.141490  1.507276  0.150028
2459  429.861277  1062.291769  18.939490  0.124126  0.943231  0.081106
2460  1274.383344  3.747368  20.403091  0.286624  1.711050  0.099116
2461  1427.253858  1482.658266  20.405929  0.126307  1.722532  0.085214
2462  1347.030948  1517.345469  21.213036  0.175271  1.821405  0.256566
2463  1931.842632  1806.127011  21.429108  0.129787  1.381023  0.210617
2464  1827.616235  1346.832957  20.300862  0.254851  1.509362  0.112558
2465  1785.222654  1189.480527  21.293097  0.198299  2.208966  0.215780
2467  1895.623799  550.521565  20.839700  0.134739  1.508059  0.103792
2468  652.696920  1962.707014  20.651809  0.112502  2.196261  0.136958
2469  880.039614  236.054884  18.282727  0.069134  0.127736  0.067984
2470  425.468352  407.548122  21.161909  0.200652  1.547781  0.132025
2472  876.477235  617.276663  21.426249  0.174815  1.620490  0.146199
2473  441.444523  2006.018441  21.235266  0.229147  1.255197  0.387884
2474  330.204978  729.118069  18.805906  0.126878  0.277664  0.089943
2475  312.384304  826.906541  20.291173  0.168014  1.307433  0.126303
2476  1611.858865  337.328812  21.376655  0.217721  2.084062  0.218247
2477  1457.392679  662.697886  21.057231  0.231568  1.841005  0.121332
2478  57.580302  799.159746  21.198113  0.169476  1.647050  0.139932
2479  1298.814224  1783.137408  21.508955  0.172804  1.870388  0.202681
2480  504.045986  534.361224  18.924321  0.063714  0.324024  0.061457
2482  1874.320934  625.703863  21.110270  0.264581  1.715933  0.260343
2483  465.106999  184.692238  20.872329  0.115382  2.133455  0.245716
2484  515.268148  1430.695719  20.645746  0.136828  1.615181  0.176322
2486  1476.421052  132.485209  21.124233  0.210661  1.414552  0.162032
2487  194.375597  1398.057096  19.789224  0.146647  0.946673  0.166507
2488  1888.398097  998.939173  19.239535  0.142455  0.809748  0.158168
2489  998.176553  1301.505568  20.926486  0.215678  1.568685  0.108632
2491  1118.699917  917.193874  21.047559  0.342122  2.162945  0.252054
2492  1939.503212  1821.241030  21.150430  0.238415  1.907283  0.193779
2493  1156.021199  1044.025223  20.868534  0.183839  1.269958  0.168815
2494  619.293542  484.812436  20.517788  0.196811  0.615701  0.302605
2496  1666.005647  317.493467  21.224453  0.194242  1.532406  0.217707
2497  1935.323981  1391.899991  21.790416  0.205499  2.281453  0.127939
2498  1707.387330  344.500068  21.197728  0.210444  2.213613  0.326016
2501  1406.632108  605.742896  21.378215  0.357354  1.944714  0.300034
2504  2018.557961  1557.213647  21.219257  0.157082  1.931381  0.275876
2505  1315.615903  1368.760426  21.325434  0.212666  1.512750  0.393464
2506  1140.730083  1354.482239  20.658014  0.308931  1.519618  0.233367
2507  359.984437  1859.929140  21.114140  0.116238  1.755401  0.112569
2508  312.501536  183.522885  20.832634  0.235278  1.713087  0.134913
2512  1956.638461  1028.638599  20.861120  0.114880  1.581969  0.268680
2513  1828.339419  1938.829650  21.169417  0.211225  1.387626  0.294103
2514  1039.647645  1809.444446  21.002316  0.174850  1.442588  0.243409
2515  1099.175828  402.137981  21.294138  0.233310  1.926288  0.274869
2516  10.853880  1701.682032  20.690554  0.176384  1.798147  0.107557
2517  2022.661260  1562.030609  21.517595  0.220420  1.822891  0.138746
2518  1360.953468  1614.756214  20.842655  0.120882  1.375568  0.096587
2519  1894.378295  2018.281943  20.864138  0.174924  1.578306  0.116263
2520  635.173462  1394.170984  20.906677  0.159979  2.390892  0.125105
2521  1511.733478  809.684449  20.652216  0.333948  2.302605  0.110767
2522  1869.309953  660.664874  21.149711  0.291960  1.635453  0.200260
2523  1277.989465  1208.130743  21.396973  0.205592  1.573017  0.145459
2524  1545.479953  907.019790  20.508100  0.175906  1.560210  0.098580
2526  1969.643371  1812.400999  20.964003  0.137601  1.613610  0.147699
2527  1191.538820  1871.351730  20.172146  0.128175  1.180177  0.080274
2528  494.540545  988.419954  21.134932  0.208697  1.414660  0.182536
2529  1793.293151  773.070811  18.312170  0.092463  0.224777  0.107508
2530  824.251255  1624.619694  18.527821  0.084767  0.325849  0.056368
2531  1053.873347  1428.992133  21.464300  0.136072  1.588884  0.235975
2532  1765.107345  26.178383  20.787736  0.161258  1.151146  0.361764
2533  249.073024  753.943646  20.417389  0.126460  1.512881  0.097258
2534  737.724343  1395.990641  20.630734  0.102246  1.710911  0.267328
2536  370.904106  789.866015  19.034151  0.062716  0.340231  0.103945
2537  1028.550713  1715.894340  20.874680  0.171842  1.623967  0.174655
2538  663.639795  505.546529  21.739020  0.232618  1.954197  0.332203
2539  673.569907  409.002614  21.827110  0.341771  2.113119  0.184573
2540  1249.556011  1817.927710  20.781647  0.203784  1.386948  0.135212
2542  1319.593441  1263.499231  20.750431  0.123142  1.973503  0.122936
2543  1576.684223  939.852011  20.543585  0.096775  1.270967  0.117609
2548  708.807930  1167.625799  21.014221  0.113816  1.682263  0.120283
2549  1182.220704  206.268168  21.247259  0.126297  1.332474  0.118765
2550  247.789370  383.264410  19.253310  0.096977  0.782011  0.059470
2551  1253.180580  1386.369193  21.258859  0.166618  1.336426  0.493760
2552  56.472992  99.471533  21.177499  0.206395  1.518598  0.158323
2554  1062.642282  54.264248  21.038234  0.197497  2.572478  0.186678
2555  489.340033  458.514390  20.706716  0.124801  1.494766  0.138609
2557  154.131622  514.444268  20.667205  0.329056  1.493169  0.197890
2558  163.004026  865.926572  21.469353  0.127359  1.488960  0.162362
2559  607.937503  2035.224642  21.428821  0.220388  2.128233  0.280357
2561  398.143140  1640.233233  20.511304  0.168177  0.884229  0.237084
2562  920.461296  1919.554990  20.492387  0.243154  0.789254  0.156428
2563  201.458109  544.091799  20.449239  0.167608  1.348207  0.188967
2564  1061.464522  106.080599  21.090413  0.237187  1.801184  0.230533
2565  1273.795257  719.793003  21.681001  0.275354  1.993300  0.254992
2566  1701.451590  760.483841  21.408954  0.238569  1.918471  0.221429
2569  845.658438  536.751685  21.470846  0.226716  1.267281  0.324968
2571  446.931644  1975.296947  20.834073  0.274675  1.780993  0.192705
2572  1699.404703  43.542258  21.585501  0.334596  1.969754  0.121144
2573  1406.897376  1890.857084  21.002123  0.156755  1.643338  0.155159
2574  511.254841  337.452232  20.003936  0.136960  0.821863  0.239957
2575  1506.293371  1157.218735  21.592596  0.177147  1.597259  0.243942
2576  1051.417835  44.934929  20.602498  0.323348  1.648063  0.111739
2577  1304.090692  371.014734  20.933364  0.291927  1.774786  0.150856
2578  38.203502  886.449037  21.142660  0.166869  1.445838  0.227267
2579  1076.992589  586.266399  20.764018  0.198204  1.353857  0.106063
2580  1690.063151  1741.550849  21.845513  0.273034  1.848276  0.164318
2581  74.114067  664.079432  20.765793  0.159857  1.696703  0.145153
2582  498.282569  640.512976  20.673067  0.093049  1.599425  0.310561
2584  1815.814442  487.037732  21.227962  0.172608  2.352638  0.118965
2586  7.038614  475.849274  20.989785  0.197020  1.883738  0.176350
2587  426.911615  586.557334  21.566456  0.144515  1.706103  0.241177
2588  261.366651  983.592095  19.280556  0.083745  0.309460  0.104830
2590  1214.044842  1538.186154  21.276554  0.167011  1.573512  0.182791
2592  1084.557832  1794.421488  21.685334  0.314010  2.133560  0.229894
2593  1262.908925  1173.484592  21.203941  0.173084  1.332581  0.122452
2596  289.285666  1368.079052  20.821261  0.126777  0.762397  0.175728
2600  1401.939439  895.181705  21.851586  0.272668  1.808187  0.146642
2602  1525.023271  1563.631872  20.241650  0.212569  0.783391  0.216526
2605  139.269789  1566.424884  21.008062  0.241548  0.930621  0.180525
2607  1124.592684  538.347599  20.977722  0.147669  1.072636  0.113592
2612  1108.100799  1512.576579  20.811832  0.182840  1.358511  0.118972
2613  321.304042  819.434917  20.389973  0.128048  0.732974  0.154007
2615  1354.256523  1096.114798  20.582867  0.185517  1.044914  0.133958
2616  566.861195  225.084595  21.413553  0.129794  1.920992  0.186493
2618  1190.059919  130.685959  20.759201  0.185732  1.095988  0.151734
2620  394.515495  1423.009768  21.620342  0.253414  1.870863  0.163318
2621  263.286785  1226.624378  21.097884  0.159562  1.098066  0.201412
2626  1219.502188  935.922672  19.644615  0.077938  0.359709  0.112532
2627  1512.343160  1266.194989  21.159868  0.267184  1.807078  0.148744
2628  762.947865  215.029129  20.823020  0.161833  1.186189  0.107689
2629  1849.889356  852.010312  21.387751  0.187242  1.320442  0.253150
2630  1810.016096  1275.009810  21.007320  0.243391  1.160704  0.151808
2631  298.924793  1088.128550  19.692951  0.211085  0.817112  0.296290
2632  1160.661659  1395.634378  20.268949  0.178967  0.700033  0.263146
2633  689.463674  1232.956840  20.985051  0.140355  1.148910  0.187563
2635  748.155093  1564.500982  21.424612  0.212093  1.463340  0.420895
2636  1697.302720  888.663059  21.071834  0.248570  1.233569  0.292701
2637  1352.566161  1367.822640  20.430486  0.146768  0.762750  0.216745
2638  375.226853  126.520108  20.855824  0.369369  0.646927  0.352147
2643  1355.415465  1134.992067  19.300292  0.104431  0.079253  0.175945
2645  1220.634737  443.913081  21.802442  0.178838  2.089700  0.170355
2646  813.128307  956.241635  19.913834  0.135807  0.530400  0.079291
2648  1947.429562  507.488704  21.560505  0.204027  1.093053  0.214207
2649  1453.937046  2042.164977  20.012701  0.209767  0.932276  0.120191
2650  404.586953  107.077898  21.389442  0.267298  1.969359  0.188212
2651  972.808026  1524.067303  20.974156  0.145784  0.992157  0.117234
2652  664.540413  1680.200863  21.576583  0.216185  2.378899  0.306760
2653  961.252381  218.773025  20.782867  0.164285  0.814587  0.189578
2654  468.973379  826.221964  19.994869  0.116488  0.653838  0.137185
2655  482.603389  53.771152  21.178579  0.237446  1.665512  0.275459
2656  1810.302728  840.009924  20.556977  0.161979  0.655793  0.106030
2657  83.752021  253.737959  20.701006  0.179317  1.086593  0.164397
2658  1896.013614  892.250076  21.430691  0.261563  1.751637  0.211608
2659  214.253920  1362.702777  20.810818  0.169456  1.260009  0.167340
2660  1600.214511  266.876247  20.028353  0.237818  0.888996  0.110405
2662  1973.544193  774.683493  20.927889  0.289914  1.655228  0.198556
2665  1808.398711  1538.041101  19.292869  0.195741  0.319447  0.071584
2667  1433.757791  2043.965232  20.056506  0.113025  0.926361  0.109833
2668  403.258179  2032.042768  20.964126  0.287346  1.938271  0.228486
2669  1530.958689  1038.136201  19.817425  0.136804  0.631938  0.141587
2670  998.237888  1807.000132  20.751146  0.236167  1.154254  0.122127
2672  1144.473126  1055.159490  20.009861  0.133906  0.733444  0.095967
2675  924.686140  1635.908294  20.138618  0.130098  0.437278  0.132731
2676  1316.131433  1068.163542  21.548350  0.166333  1.261141  0.271321
2677  497.909423  509.009442  21.137311  0.194040  0.960306  0.124892
2678  1017.762684  12.590439  21.178191  0.188334  0.720512  0.210559
2680  150.092541  903.729435  20.951396  0.118641  0.802728  0.227308
2681  1648.338034  1162.198821  20.170318  0.171277  0.586754  0.188279
2682  976.653756  1752.189228  21.806788  0.358160  1.357674  0.240141
2684  1193.977510  799.972817  21.449408  0.174778  1.352237  0.334240
2686  646.387535  1498.870289  20.716144  0.182933  0.511318  0.102788
2687  30.117765  471.277532  20.997973  0.208967  1.159341  0.126298
2689  712.091430  57.578181  21.194111  0.134248  1.294189  0.215019
2691  1738.748098  518.425065  20.731790  0.183138  0.776014  0.151278
2692  1318.130064  1188.041007  21.400954  0.157089  0.722081  0.376400
2693  371.280431  849.480646  20.800327  0.424591  1.099374  0.321158
2697  2003.244888  141.595541  20.506927  0.103866  0.750306  0.185559
2698  487.919642  1479.087564  20.919817  0.175884  1.279262  0.322171
2699  379.519074  1141.379966  20.672741  0.141892  0.893180  0.154520
2701  1516.145909  1815.524106  21.548526  0.370491  0.869721  0.285528
2704  868.416935  371.385142  21.091604  0.166106  0.934462  0.161374
2707  189.824728  1345.670325  21.401976  0.192359  0.495055  0.477710
2709  494.460818  50.579762  20.746417  0.214030  0.611646  0.119761
2710  1465.494951  1303.946334  21.385810  0.182106  1.130230  0.229596
