# id  x  y  V  eV  BV  eBV
121  1003.677901  1022.629007  20.730881  0.191718  1.223266  0.342319
122  1103.566623  1156.159672  20.859602  0.140280  1.184594  0.155388
123  981.825577  927.139820  20.308432  0.197110  1.068357  0.275846
124  1014.351688  996.308705  20.686996  0.167181  1.515007  0.116133
128  1115.160699  1100.930253  20.599136  0.172409  1.259578  0.287360
129  980.755784  1039.397765  20.534502  0.181416  1.159741  0.271711
130  997.345505  999.224156  20.913886  0.171097  1.524788  0.155947
133  1084.126290  1022.859325  20.444882  0.203986  1.605346  0.096328
134  1012.599644  891.788165  20.417937  0.208969  1.661700  0.095964
135  955.129528  1173.020897  20.348734  0.117997  2.061170  0.231505
136  1093.166100  1053.796680  20.485231  0.086972  1.566395  0.136926
138  1087.553352  1062.399570  20.138063  0.114212  1.878654  0.142517
139  959.680655  1097.225585  20.131570  0.220742  1.404403  0.107887
140  886.474609  964.809748  19.890341  0.271490  1.791975  0.218179
141  955.334615  1015.171092  19.970069  0.167666  1.438097  0.093300
142  1183.301222  1110.961193  20.182087  0.208253  1.454474  0.076604
143  1044.057928  1096.704430  20.397716  0.140276  1.430263  0.139511
144  934.073385  936.591196  20.022764  0.172915  1.465945  0.109912
145  1195.619226  877.516022  19.897966  0.129236  1.505727  0.105999
146  1065.189765  1036.549222  20.010700  0.150388  1.437964  0.089936
147  1056.179814  1077.440635  19.961499  0.130461  1.343546  0.160165
148  1061.902459  1100.091249  19.846790  0.077955  1.716162  0.193642
149  1026.468864  1182.309315  19.721883  0.076018  1.551318  0.103945
150  1078.810665  1202.149212  19.892370  0.206010  1.511007  0.103078
151  1120.069980  1000.118948  19.625643  0.117754  1.495662  0.117203
152  1111.131238  996.656312  19.725763  0.069128  1.323083  0.079571
153  910.626734  1025.371525  19.564826  0.125442  1.448493  0.068675
154  843.918705  952.022876  19.818242  0.149326  1.518064  0.118892
155  1012.482621  977.499116  19.465760  0.077234  1.566840  0.082241
156  908.192809  964.455711  19.235740  0.168795  1.388193  0.084795
157  973.794468  1033.858314  19.220254  0.149269  1.400147  0.086759
158  1065.489736  1079.738778  19.512804  0.135534  1.485744  0.088668
159  974.606008  979.694715  19.304584  0.072359  1.534912  0.106865
160  957.589135  1110.704701  19.320873  0.064299  1.533573  0.088175
161  999.825736  986.319749  19.211803  0.066465  1.307921  0.094956
162  976.240435  1131.517686  19.282489  0.130131  1.414366  0.072055
163  1097.716756  978.201313  18.955656  0.118668  1.440189  0.105020
164  1019.822920  982.473871  19.111448  0.125244  1.461495  0.112759
165  1078.457610  1000.001884  19.245912  0.163527  1.450432  0.093410
166  926.497690  1036.318147  19.272782  0.133195  1.412757  0.067514
167  989.351014  1101.641626  18.873284  0.068481  1.370287  0.092158
168  1147.011543  1046.267044  18.727406  0.069270  1.240245  0.092184
169  875.583263  995.201024  18.738259  0.106925  1.350084  0.054172
170  944.206029  1120.614851  18.867121  0.145440  1.270781  0.071391
171  881.133670  1047.891005  18.728689  0.116578  1.391866  0.071883
172  1185.917215  968.105267  18.643754  0.127585  1.519203  0.106976
173  1100.466381  1009.502167  18.621242  0.049734  1.342105  0.065728
174  1004.153528  1045.030154  18.548618  0.081350  1.144504  0.154633
175  1115.258368  1018.852065  18.484237  0.106297  1.429752  0.080784
176  1038.920970  1127.271322  18.385824  0.093634  1.256370  0.169396
177  1024.465449  897.402839  18.276285  0.093400  1.236068  0.094759
178  968.212869  1210.153185  18.440156  0.112459  1.333820  0.081347
179  1008.101970  1005.859246  18.175171  0.056173  1.442225  0.131208
180  962.272276  898.152366  18.133788  0.061240  1.145273  0.127177
181  1069.757747  1158.383206  18.092821  0.105677  1.216799  0.075453
182  1002.127503  1160.998932  17.915415  0.055241  1.280812  0.073771
183  1042.878689  1127.599923  17.990607  0.071560  1.234731  0.112394
184  997.832929  898.197524  17.718238  0.094739  1.284776  0.086942
185  953.722204  1045.334323  17.603313  0.088217  1.328576  0.064314
186  1033.833226  1031.151247  17.587648  0.096437  1.312668  0.046706
187  1138.089902  919.081042  17.283562  0.074788  1.438137  0.057468
188  958.967603  1027.978220  17.180833  0.089256  1.273556  0.054662
189  1103.866122  1101.770056  17.157337  0.110661  1.248739  0.054440
190  1186.077245  896.981852  17.077425  0.056423  1.168796  0.103588
191  1060.650660  1016.875971  17.084072  0.108532  1.238499  0.034094
192  1081.444823  1006.816788  16.825722  0.042528  1.318659  0.068483
193  949.965332  905.842606  16.793660  0.033793  1.245388  0.034100
194  1074.059182  983.511839  16.269219  0.029697  1.255469  0.047329
195  1029.310177  1235.996836  16.288268  0.066900  1.238096  0.046292
196  925.393797  1131.900334  16.224762  0.052395  1.122786  0.060068
197  877.816791  944.274330  15.888937  0.027385  1.077979  0.085145
198  978.485801  903.062589  15.551627  0.033366  1.235311  0.068221
199  1190.127104  1094.413558  15.500393  0.031392  1.113510  0.030631
1100  966.977987  896.730972  15.188912  0.066086  1.095179  0.036858
1101  1045.998141  972.239360  14.875758  0.049195  1.085540  0.040914
1102  1027.385221  1151.990497  14.618724  0.038826  0.916141  0.042755
1103  1021.722685  1095.013437  14.273338  0.039442  0.946171  0.045382
1104  1170.957906  996.513444  13.985122  0.029252  0.895593  0.028149
1105  1050.789827  1024.676311  13.700749  0.024455  0.790245  0.029884
1106  1158.646907  1005.262275  13.553549  0.022026  0.809250  0.039657
1107  1018.862674  1028.634173  12.890992  0.029334  0.693691  0.030153
1108  1059.948626  975.614566  12.880772  0.043260  0.626454  0.030654
1109  941.955564  987.475292  12.408624  0.046029  0.552035  0.031650
1110  939.296952  1112.583946  12.042957  0.023762  0.579678  0.026732
1111  1162.172785  1035.990057  11.437908  0.031594  0.462476  0.028362
1112  1010.389484  1135.060541  11.229408  0.029140  0.334025  0.053280
1113  962.341519  1008.888873  10.554905  0.018028  0.397932  0.019819
1114  1163.759514  1046.430085  9.821144  0.025813  0.466289  0.020445
1115  911.462605  1016.229294  9.282523  0.028559  1.124726  0.028406
20  1087.810796  409.436776  11.612387  0.030188  2.675946  0.030973
21  1943.468427  937.851619  9.104444  0.022391  0.874993  0.031717
22  1286.838298  712.644671  10.252089  0.017246  1.094794  0.035563
23  1700.174546  293.453567  10.034388  0.036315  0.722904  0.029695
24  1656.234228  1409.766050  11.983465  0.028691  1.855658  0.029181
25  308.249454  442.423269  9.246601  0.025726  0.228203  0.021109
26  670.616348  78.024433  11.585283  0.072022  1.536996  0.037958
27  26.071927  81.059669  11.447168  0.025516  1.272560  0.030958
28  631.754531  775.924627  10.247396  0.028688  0.591376  0.022747
29  399.560504  680.472890  8.915412  0.017942  -0.023536  0.016157
210  1843.279428  316.516671  15.461220  0.058492  3.416885  0.034129
211  2047.969753  868.105867  16.078708  0.047063  3.721134  0.038058
212  779.862501  1642.687341  10.447155  0.017318  0.145156  0.022178
213  888.212558  556.914208  10.535759  0.024001  0.049929  0.032040
214  156.605622  1072.784204  11.140506  0.036419  0.294968  0.022672
215  1129.923810  471.837416  11.384608  0.035400  0.381544  0.041060
216  267.530179  1602.012488  10.426891  0.016641  -0.153391  0.031067
217  1502.071970  1135.683821  11.704582  0.026457  0.584660  0.046198
218  817.946194  64.544386  11.717205  0.018377  0.081734  0.023094
219  600.812660  296.902329  16.152732  0.032255  2.675787  0.038231
220  1517.651571  545.688843  11.103143  0.046280  -0.093120  0.023708
221  626.139709  1339.373969  11.651192  0.019025  0.149978  0.035230
222  1848.141358  1599.285260  13.926946  0.047347  1.254420  0.021624
223  755.617778  1178.231144  11.673136  0.031849  -0.024790  0.037022
224  1476.688217  416.370346  13.116446  0.033272  0.611013  0.041838
225  1126.807281  437.290522  14.693206  0.025300  1.429465  0.068637
226  465.592092  706.666272  12.877386  0.026830  0.640448  0.045325
227  953.743050  1679.557314  17.795056  0.043700  3.165796  0.055162
228  1751.792019  560.736967  15.985287  0.061035  2.215125  0.055179
229  1407.901062  1566.636104  12.361802  0.043714  0.092960  0.023886
230  1552.242551  1383.789529  12.688054  0.018697  -0.021360  0.044051
231  1387.184371  1428.804204  18.446411  0.150343  3.480369  0.120683
232  1161.301641  560.415590  14.687816  0.057625  1.243851  0.051279
233  977.997010  1868.954841  17.099447  0.068974  2.716029  0.071430
234  1853.750288  1205.831334  16.319144  0.036837  2.075220  0.062898
235  1323.194230  1110.615479  13.103688  0.023771  0.465911  0.026617
236  428.617614  1506.829788  13.599262  0.044646  0.654764  0.032814
237  290.331586  778.218689  17.457246  0.070737  2.751763  0.074336
238  994.759533  763.024337  16.025629  0.067448  1.804931  0.038363
239  1499.115529  1403.352076  14.601016  0.027911  1.002932  0.037703
240  1614.621323  385.878345  15.145195  0.048449  1.162372  0.025619
241  110.895974  986.255868  15.583745  0.053667  1.408097  0.049182
242  602.668266  1051.537673  17.694863  0.052541  2.422551  0.052615
243  643.161820  652.696904  12.699053  0.021905  -0.075059  0.036884
244  1160.810157  483.655511  18.136280  0.087341  2.750631  0.105580
245  427.891132  882.088399  18.608943  0.088111  3.232256  0.108895
246  1064.842829  235.008312  13.933191  0.064926  0.503758  0.036328
247  529.389377  614.899688  13.663337  0.045359  0.431341  0.040670
248  1606.817280  786.866667  13.501226  0.027364  0.281732  0.037205
249  439.856786  2024.492615  14.584527  0.052948  0.841006  0.044890
250  1181.345441  1699.961196  14.831057  0.025780  1.042373  0.059501
251  434.341348  1669.045915  14.033918  0.052983  0.638575  0.031858
252  1213.362997  491.869318  15.727297  0.036141  1.215726  0.075710
253  1040.359091  1895.437917  14.444771  0.039800  0.525531  0.030279
254  1897.847675  34.959767  14.740704  0.049139  0.589208  0.051219
255  1525.308771  279.358563  14.323997  0.031038  0.209634  0.025080
256  387.629526  523.954918  14.496210  0.027523  0.538122  0.031572
258  168.196761  1839.773735  15.022094  0.036092  0.578380  0.062473
259  573.608063  703.444097  15.650895  0.037353  0.985005  0.025530
260  833.104072  1644.311353  14.850610  0.056955  0.918276  0.023697
261  1293.448262  994.805204  18.722791  0.058009  2.887780  0.057853
262  262.142013  1154.509900  15.358130  0.037920  0.831479  0.038138
263  1402.107455  1206.741047  14.701461  0.069471  0.665337  0.064280
264  166.528601  335.432000  20.019712  0.115119  3.390757  0.087964
265  1180.937120  1307.530759  14.940999  0.035083  0.642997  0.042828
266  907.734403  83.540449  14.370817  0.023181  0.413944  0.035101
267  1392.233936  1990.781275  14.503516  0.084807  0.752349  0.055181
268  912.667449  1906.074713  17.677633  0.042366  2.227643  0.061059
269  532.056714  970.627996  15.389430  0.038806  0.981996  0.031697
270  1162.944329  924.184101  16.601930  0.032860  1.748519  0.051664
271  394.406447  132.873358  15.032285  0.039644  0.651060  0.058447
272  258.416541  205.660730  15.873329  0.044483  1.067871  0.041902
273  2013.500449  1539.332807  16.789407  0.052028  1.392028  0.050146
274  255.264131  709.455706  15.873187  0.063430  1.076823  0.048384
275  169.628736  1076.768273  17.211315  0.071829  1.710580  0.091282
276  1803.889914  1872.027645  15.164539  0.043454  1.133602  0.044094
277  1863.209569  837.341311  16.073282  0.049194  0.793286  0.033909
278  302.162579  1497.991625  15.844487  0.100224  1.436812  0.048266
279  527.456597  1745.185173  15.302132  0.048214  1.413525  0.025519
280  1356.448888  1552.387795  16.692466  0.033486  1.524147  0.036807
281  325.929902  1829.328651  15.018321  0.047753  0.382779  0.054631
282  453.090378  1379.677857  18.036781  0.049292  2.092056  0.074573
283  1223.727201  1647.647207  15.098069  0.029448  0.862512  0.066568
284  1617.923519  1940.281145  17.503039  0.046766  1.692031  0.037084
285  1124.542815  1215.625414  15.150249  0.043322  0.635349  0.039693
286  864.022366  423.745690  18.236764  0.053729  2.271444  0.113929
287  382.278387  1219.873012  19.000408  0.095768  2.732927  0.163303
288  1792.349451  775.259685  18.549347  0.070308  2.325062  0.082125
289  868.251904  1384.272912  14.744894  0.038243  0.361805  0.057562
290  849.786199  37.266498  20.492554  0.125448  3.139106  0.117632
291  1239.744732  1193.855588  17.430763  0.072477  1.726293  0.097136
292  380.012025  696.111509  15.884476  0.031083  1.267282  0.038650
293  1707.474878  1887.650045  15.562764  0.074665  0.724814  0.032310
294  1698.647810  463.957967  17.360205  0.055321  1.758965  0.059378
295  1993.604753  1699.454119  17.740769  0.074439  1.800930  0.047703
296  1191.023803  640.371485  15.316101  0.028959  0.747393  0.052195
297  1146.936504  18.550471  18.196783  0.055544  2.330983  0.080852
298  1911.675179  316.269591  16.606150  0.030917  1.452115  0.057244
299  1860.166084  895.059612  15.556594  0.047595  1.008989  0.058485
2100  1167.254644  1174.464664  16.351823  0.063668  0.990855  0.055810
2101  1498.343898  507.412178  16.364574  0.077582  0.718616  0.060668
2102  1328.690386  451.532440  16.614651  0.060406  1.278109  0.073452
2103  464.443090  40.294370  16.475299  0.088297  1.575181  0.039475
2104  1031.303310  588.560059  19.203258  0.067730  2.300431  0.184559
2105  300.781346  552.409346  18.057437  0.071266  1.824881  0.049287
2106  344.107133  1659.035081  15.877437  0.062147  0.364706  0.040635
2107  970.243105  1599.949931  17.270466  0.064481  1.172806  0.049397
2108  1982.975626  1904.604175  16.431595  0.031589  1.335407  0.066939
2109  1060.194101  524.133496  19.545733  0.210101  2.869927  0.142505
2110  1935.688401  1947.678624  18.186797  0.071120  1.838592  0.084019
2112  1702.428051  1519.506665  16.456505  0.062816  0.882730  0.032094
2113  715.508491  1084.394677  16.308328  0.087172  0.797633  0.034434
2116  428.558103  951.455047  16.770537  0.057297  1.075903  0.066706
2117  1926.615242  9.473464  15.846035  0.053567  0.493638  0.052329
2118  1180.801531  247.788636  15.911613  0.038303  0.600321  0.070916
2119  174.292252  722.511097  15.365048  0.059637  0.217730  0.034616
2120  199.108543  585.290773  16.161491  0.030372  1.164486  0.063175
2121  1698.466541  1066.992853  16.614714  0.032630  1.069081  0.043456
2122  895.509865  1845.963635  20.192132  0.105815  3.217108  0.173100
2123  1306.723030  1723.563308  17.088516  0.053939  1.088878  0.089174
2124  156.574019  1328.755434  16.754163  0.065371  1.092021  0.048949
2126  2004.249349  1923.807439  15.684662  0.049901  0.460730  0.031492
2127  1298.925814  624.564956  15.728649  0.036554  0.373980  0.030721
2128  1433.143769  389.295363  15.542311  0.032327  0.340101  0.082677
2129  1367.323766  693.162466  16.841753  0.066721  1.121193  0.036600
2130  1691.853119  1903.724826  16.518767  0.045250  0.738816  0.043659
2131  1571.766133  850.388536  16.255813  0.034317  1.443381  0.030379
2132  1548.335447  1492.390849  14.798135  0.029193  0.023108  0.023368
2133  525.480357  1395.105312  19.169907  0.060007  2.190493  0.136048
2134  123.823705  652.190661  18.848922  0.091777  2.456142  0.074214
2135  1447.946324  254.481829  17.544182  0.101919  1.598025  0.067182
2136  1515.111187  1317.104997  18.561254  0.048749  1.817809  0.058123
2137  1351.970433  1788.471185  17.605606  0.078553  1.606751  0.049474
2138  1295.213131  1190.227658  17.103024  0.036750  1.677961  0.038093
2139  241.948853  1949.477465  19.527071  0.160354  2.331719  0.118418
2140  1467.123678  449.536637  18.058195  0.089960  1.634707  0.115681
2141  257.672929  1403.209833  17.357800  0.071153  1.173729  0.043893
2142  288.325526  144.876142  16.593047  0.038716  0.543343  0.072219
2143  713.472292  1329.200347  17.679051  0.111951  2.312131  0.124420
2144  1635.456869  945.093174  17.248146  0.081349  1.146587  0.046965
2145  1258.049388  396.552685  19.710858  0.078621  2.288832  0.123572
2146  1007.570375  939.527278  19.694609  0.069810  2.444978  0.170700
2147  1272.435884  1051.001325  19.750280  0.132382  2.119490  0.157470
2148  413.311640  1042.760255  17.287519  0.080282  1.085760  0.049615
2149  298.401340  430.420664  16.189827  0.085703  0.542438  0.066670
2150  1931.257498  1609.753419  18.681001  0.091863  1.885178  0.086314
2151  86.467697  1644.854939  16.598454  0.070081  0.627459  0.039804
2152  719.476668  329.865561  19.411086  0.139674  2.139915  0.101097
2153  1775.828695  2012.628998  17.802985  0.085951  1.764123  0.053606
2154  1786.296557  455.446543  17.223488  0.039012  0.895319  0.107021
2155  679.764097  1914.440090  20.204958  0.100287  2.744792  0.140967
2156  260.482158  995.148943  16.990418  0.039099  0.691125  0.035016
2157  445.821712  82.843897  17.972560  0.073379  1.245057  0.047966
2158  1241.824018  788.638594  20.080601  0.143161  2.484078  0.195840
2160  1753.999810  1601.964539  16.940704  0.122197  1.069229  0.064348
2161  1260.237921  1488.089146  18.981361  0.073613  1.965513  0.103439
2162  1628.600573  1921.508826  19.321179  0.136591  1.893654  0.121662
2163  1530.641592  2012.827090  16.056196  0.032165  0.269741  0.030123
2164  895.641850  325.149737  17.074163  0.048416  1.008508  0.049191
2166  649.061880  1009.885300  20.204213  0.142095  2.992575  0.106591
2168  1005.895399  1008.139341  20.853725  0.152398  3.179131  0.140637
2169  1447.370498  1475.183739  19.766802  0.166334  2.252354  0.097593
2170  1163.627130  94.785215  20.677144  0.197464  2.772861  0.166936
2171  697.617455  386.498925  17.452298  0.044820  1.154996  0.045559
2172  1210.519392  282.829574  18.501726  0.071175  1.696019  0.068227
2173  1819.588550  1095.773218  15.269374  0.037374  -0.060463  0.055165
2174  958.818155  1889.263025  18.685557  0.081135  1.948798  0.051231
2175  1229.115455  1997.086600  16.967239  0.057978  1.303096  0.050877
2176  2031.606251  1475.510337  19.628874  0.088683  2.461516  0.131372
2177  874.832254  1945.273017  18.022884  0.058736  1.446466  0.045481
2178  165.715205  1508.977732  16.946381  0.042848  1.342555  0.075189
2180  1747.612703  1190.989708  16.907923  0.106994  1.252384  0.059305
2181  73.873211  1919.223632  18.607812  0.120519  1.855212  0.061373
2182  1073.398242  238.703436  17.073326  0.036642  0.975739  0.033995
2183  1050.554212  1072.062747  17.467948  0.074559  1.227360  0.046565
2184  251.682772  1398.479842  16.822576  0.050018  0.884496  0.054344
2185  973.673934  551.551478  17.473015  0.045440  0.979081  0.073550
2186  1160.008374  126.320340  16.695907  0.033799  0.874434  0.048045
2187  1118.536171  170.183149  18.800030  0.079772  1.553177  0.067747
2188  119.576780  1495.539922  18.885379  0.104980  1.838870  0.053543
2189  26.713680  1035.789845  18.066133  0.066907  1.525202  0.043795
2190  1412.312402  905.332491  18.570186  0.084638  1.655846  0.059107
2191  594.040449  1861.401421  19.438249  0.062924  1.775241  0.106033
2192  259.760183  669.965570  16.471867  0.037235  0.238373  0.051237
2193  642.996981  478.107863  19.183770  0.088972  1.879742  0.174677
2194  75.689498  944.231909  18.379036  0.089051  1.018256  0.156874
2195  657.314007  183.622407  18.961166  0.092098  1.516696  0.102214
2196  558.833507  1026.841098  19.099425  0.102190  1.619993  0.070784
2197  602.262931  1925.238249  18.396366  0.058666  1.242158  0.085497
2198  7.409029  468.959847  17.955378  0.074090  0.944386  0.122471
2199  1950.449953  613.505651  19.641531  0.101511  2.097382  0.115087
2200  1133.315046  1487.295606  20.543989  0.100370  2.573627  0.096034
2201  229.886812  1749.332730  19.839042  0.094135  2.087552  0.086486
2202  56.789056  2043.948024  18.199826  0.126932  1.105361  0.044650
2203  1365.772181  762.354780  17.770593  0.075172  1.034064  0.040694
2204  1135.250968  1856.653854  18.573153  0.062645  1.414240  0.053193
2205  1750.948555  1823.453103  17.865634  0.085560  1.479276  0.075003
2207  1051.659358  572.634896  17.949949  0.060409  1.048995  0.064595
2208  1577.007310  1646.364598  18.421779  0.051814  1.275803  0.092820
2209  1284.164831  64.994551  16.659141  0.043843  0.509785  0.040188
2210  1821.351331  112.689755  18.528341  0.114723  1.351756  0.083414
2211  134.536194  430.890488  18.733316  0.082094  1.287625  0.104918
2212  461.078433  1848.863169  20.428532  0.208235  2.571036  0.248235
2213  1965.613772  839.239629  20.458626  0.093510  2.332960  0.199287
2214  804.716944  1855.425776  19.902645  0.079690  2.104883  0.078973
2215  926.138235  579.757166  19.166085  0.079200  1.802531  0.060092
2216  1210.779103  698.937495  19.281506  0.142732  1.839890  0.145711
2217  813.482690  1015.401381  18.338125  0.146144  1.126836  0.052678
2218  387.915703  1195.237696  19.651759  0.086313  1.814415  0.087534
2219  90.330988  783.774597  17.321918  0.120848  0.851103  0.051116
2220  238.300097  1178.845048  18.711974  0.114410  1.539576  0.073579
2221  1051.317205  1779.521275  18.770636  0.130727  1.443972  0.097001
2222  1981.934825  567.019442  18.280470  0.063957  1.120802  0.063088
2223  1669.925156  1106.834091  18.517734  0.067815  1.209964  0.077642
2224  838.333179  596.974149  20.886934  0.164222  2.530590  0.149178
2226  174.865373  1569.178883  20.920670  0.127951  2.411079  0.115824
2227  1557.112992  94.224556  18.186412  0.054577  1.332384  0.134890
2228  523.926649  124.039067  17.472435  0.038533  0.694993  0.098982
2229  1117.171672  408.339569  18.815414  0.055330  1.745249  0.095909
2230  1175.821481  793.675573  19.660906  0.074305  1.643462  0.130686
2231  1803.342971  695.962258  17.337284  0.075927  0.472146  0.035553
2232  1739.952424  605.110905  17.742514  0.080488  1.026433  0.050236
2233  1168.443400  1006.629822  16.249714  0.057345  0.255813  0.053265
2234  44.621045  462.134123  19.054254  0.128095  1.400106  0.062908
2236  1791.835543  338.756474  17.731222  0.072003  0.679588  0.059937
2238  1955.419219  1637.380074  18.815797  0.125864  1.640713  0.064700
2239  737.321661  1652.935693  19.826179  0.235471  2.233323  0.207950
2240  1473.723874  801.447476  16.545471  0.071167  0.315272  0.030366
2241  1290.661286  792.247347  17.692541  0.112508  1.059185  0.046289
2242  843.494651  1163.592681  19.569797  0.076790  1.852472  0.084376
2243  1935.889242  1651.042178  18.070406  0.129415  1.773993  0.057462
2244  1830.151337  1009.202962  18.542696  0.057795  1.467641  0.054452
2245  1305.641672  196.301378  20.396520  0.124739  2.469035  0.135501
2246  819.600470  772.995221  19.398803  0.175577  1.893900  0.090063
2247  529.619565  1645.980372  19.630656  0.083427  1.908171  0.088618
2248  733.773863  543.374688  18.298979  0.076418  1.118876  0.107063
2249  1492.635089  1980.710363  18.410060  0.073177  1.130440  0.095440
2250  1489.459545  1425.175751  18.502593  0.100936  1.115153  0.109718
2252  1914.908701  738.965039  18.764728  0.103606  1.268472  0.064824
2253  1257.229136  800.182935  18.467733  0.058028  1.453775  0.069609
2254  712.917976  1481.356554  17.755206  0.087178  1.378186  0.076403
2256  1637.005927  333.716616  18.297078  0.078773  1.068810  0.068134
2257  1739.111577  1538.516012  20.671192  0.099498  2.380277  0.096140
2258  87.296587  1112.117634  18.222152  0.089090  1.406047  0.084045
2259  604.011219  1929.849469  16.837420  0.048538  0.289013  0.094677
2260  1564.368271  812.967068  19.789715  0.120251  2.038962  0.196294
2261  935.213193  2046.016761  19.314883  0.115895  1.552062  0.122988
2263  1548.921808  1621.158490  18.739957  0.056014  1.406575  0.096297
2264  49.425007  1989.430042  20.369819  0.140504  2.291138  0.137901
2265  1551.314153  583.510799  19.529531  0.067135  1.857106  0.160983
2268  1888.570272  161.941455  19.031787  0.101465  1.597152  0.214164
2269  174.749168  376.986883  19.231148  0.097349  1.223471  0.117679
2270  1754.989314  640.894829  19.960827  0.112058  1.689360  0.105168
2271  847.943074  458.437498  19.537060  0.188374  1.336890  0.120026
2272  310.008311  1050.968153  19.071444  0.165483  1.272375  0.061861
2273  1845.667503  553.949009  19.001011  0.071854  2.020294  0.076209
2274  711.119331  1071.381694  19.160039  0.092049  1.397522  0.074273
2275  1802.292670  852.841818  19.585572  0.121782  1.510994  0.067930
2276  1428.567708  99.842525  18.783279  0.075474  1.191543  0.178940
2277  21.337084  1109.364664  19.225150  0.132371  1.417107  0.089200
2278  1980.602744  973.687890  20.456881  0.129772  2.142900  0.155284
2279  1707.874800  324.407906  19.502791  0.223138  1.468249  0.069212
2280  150.675546  1593.096083  19.259344  0.145045  2.033171  0.092039
2282  236.198417  1325.176451  21.153888  0.271003  2.244988  0.120872
2284  650.625160  497.157657  18.850659  0.095534  0.965193  0.066945
2286  1079.721046  69.245067  18.837730  0.127800  1.591445  0.066266
2287  490.523787  908.358212  18.990462  0.078465  1.183969  0.154769
2288  973.345165  1758.805382  18.861670  0.078178  0.897963  0.113151
2289  151.735457  1365.909184  18.959383  0.059553  1.067621  0.066158
2290  115.597266  1322.037246  19.335779  0.066670  1.465973  0.106433
2291  1288.822499  1247.871688  20.659664  0.115483  2.536254  0.185199
2293  1149.459026  420.940846  18.804311  0.109358  1.254776  0.109176
2294  798.218355  224.981850  19.491524  0.091333  1.482505  0.225931
2296  743.183179  1915.031808  16.498556  0.034849  0.042556  0.048133
2297  1200.494389  1649.145956  18.654668  0.095386  1.178236  0.052992
2298  516.024130  1140.855438  19.766454  0.129437  1.708203  0.104631
2300  1615.598509  327.331389  19.978826  0.179124  1.286328  0.070387
2302  721.514252  646.136600  20.267539  0.098580  1.807006  0.214687
2303  505.221601  69.311002  19.645599  0.072764  1.442770  0.088674
2304  405.483597  292.572865  19.388046  0.064584  1.546391  0.116978
2305  884.038677  1155.558495  19.027333  0.096008  1.154677  0.192475
2306  1794.415739  195.837727  19.333157  0.102928  1.477388  0.109373
2308  709.261496  1446.321874  17.707704  0.040863  0.619987  0.079656
2309  1386.321977  1661.997961  18.571904  0.126888  0.875223  0.056489
2310  1716.759490  824.400674  20.205219  0.102053  1.496419  0.200740
2311  1440.057345  1631.366640  18.685182  0.067837  1.028118  0.066106
2312  1744.004320  100.789253  16.869028  0.069292  0.022903  0.039824
2313  287.318292  722.501033  18.822545  0.114387  1.265293  0.103029
2315  1371.517376  1279.436206  19.864318  0.166554  1.245806  0.155967
2316  432.029762  1271.700932  19.880312  0.137288  1.761423  0.094858
2317  1569.878382  797.988253  20.112598  0.104763  1.886160  0.134165
2318  61.258429  1686.527355  19.450409  0.102120  1.611458  0.062761
2319  532.828371  234.940145  19.486974  0.126014  1.577558  0.075332
2320  613.002428  935.343751  19.583970  0.101105  1.642114  0.141106
2321  1908.774617  1386.460710  19.961528  0.121015  2.457510  0.070017
2322  876.322257  561.849224  19.127451  0.128944  1.336476  0.180750
2323  1424.617426  1495.651919  19.265765  0.115831  1.434575  0.149322
2324  141.963820  120.178254  19.591447  0.076459  2.442366  0.129164
2326  604.437027  1728.693093  19.111844  0.089424  1.378827  0.109998
2327  1666.232113  1608.443955  19.954857  0.155916  1.806465  0.104118
2328  634.186079  1416.834072  18.036490  0.133319  0.459841  0.052786
2329  140.969383  1684.469696  17.447840  0.046917  0.424857  0.059646
2330  803.809196  35.136650  19.717620  0.104716  1.767794  0.131396
2331  1046.737488  678.811574  18.491993  0.083712  0.771397  0.120963
2332  871.786929  559.341183  18.691960  0.072120  1.854342  0.060254
2333  1984.319735  1586.185214  18.877865  0.090050  1.220773  0.097140
2334  1258.801068  955.154412  18.572107  0.151818  1.440525  0.092692
2335  2041.700975  1486.051540  20.390662  0.192999  2.099597  0.123908
2336  34.950317  983.922796  19.366806  0.087499  1.524403  0.118378
2338  1274.632466  1770.530075  18.778814  0.113908  1.330834  0.075385
2340  233.817605  200.938873  18.754473  0.052708  1.998150  0.095020
2341  1826.920904  1686.035362  19.334849  0.140557  2.122735  0.078616
2342  102.682625  836.223530  18.600846  0.068167  0.866381  0.089304
2344  752.644382  1099.939468  19.696215  0.173304  1.593729  0.153875
2345  510.916982  1452.488243  19.514778  0.143060  1.502460  0.125732
2346  691.739490  898.794485  18.786759  0.064132  1.269307  0.056678
2349  10.495723  1195.647980  19.308364  0.110311  1.118971  0.196003
2350  654.683364  963.867335  19.110726  0.115658  1.523124  0.078485
2352  1746.067854  993.490397  20.220697  0.252433  1.723769  0.111064
2353  812.375855  1228.233212  19.751660  0.120178  1.442476  0.188028
2355  209.562394  1585.642793  20.313677  0.112712  1.463006  0.203557
2356  656.768528  91.075261  19.863850  0.170556  1.336130  0.078863
2360  735.594068  678.934402  20.857262  0.122615  1.910777  0.104817
2361  1548.189595  1791.219606  19.768019  0.080661  1.521434  0.149193
2363  1968.858971  219.912067  19.903653  0.085657  1.418930  0.078863
2364  798.137909  1691.399269  20.670878  0.120327  1.393519  0.296786
2365  688.004114  301.967021  18.964187  0.058738  0.735601  0.111501
2368  951.782845  1812.316033  19.883266  0.130601  2.003864  0.188300
2370  261.118232  588.012119  19.648296  0.142382  1.500482  0.072356
2372  854.481495  1038.577423  19.664118  0.153263  1.119665  0.209623
2374  441.799327  816.862072  19.999663  0.087536  1.399848  0.108472
2375  937.828789  749.459049  19.594577  0.115486  1.168108  0.097505
2377  1643.351239  1793.287886  19.792754  0.121183  1.219390  0.133934
2378  1838.880621  567.807366  20.305748  0.104805  2.442365  0.087368
2379  1617.619917  989.935830  19.639073  0.136585  1.059117  0.148985
2381  1912.963560  1883.630777  20.343766  0.099971  2.497845  0.123537
2385  1988.826637  1743.107275  18.489828  0.071160  0.655643  0.059741
2386  1352.454994  739.787766  20.182281  0.142832  1.162353  0.113218
2387  397.197509  767.481409  20.682356  0.175472  1.681995  0.239665
2390  1013.677974  1958.354601  20.153092  0.179094  1.670906  0.098504
2391  713.598226  1745.246922  19.988503  0.101179  1.491285  0.130048
2393  1095.635177  399.999380  19.225148  0.065164  1.186576  0.197204
2394  820.227781  853.732319  20.045283  0.173826  1.358894  0.200095
2395  449.793855  1823.032852  19.827809  0.138827  1.536424  0.093492
2398  779.153360  1812.730952  18.464470  0.096438  0.582072  0.073424
2399  947.778793  175.762737  18.262790  0.071209  0.491045  0.147093
2400  1081.520926  692.257023  19.381704  0.075442  1.006242  0.088593
2401  1213.245256  604.607516  20.652597  0.098705  1.732543  0.115488
2402  2012.264543  1601.946439  20.241393  0.192880  1.624933  0.187242
2405  218.022293  1567.232183  18.199341  0.051867  0.379916  0.096516
2408  1724.289818  1766.770792  20.449078  0.101898  1.664112  0.088505
2410  1805.631413  1970.223717  19.478089  0.199467  1.500577  0.088444
2411  471.683869  311.308595  19.932963  0.075872  1.536648  0.128649
2412  1760.698124  90.236711  20.516304  0.111624  2.085110  0.097744
2413  703.934411  106.174893  20.225222  0.117358  1.657347  0.106644
2415  847.884799  2037.899073  20.049071  0.145791  1.460370  0.171647
2417  1531.399608  187.632494  18.497176  0.129563  0.494253  0.056682
2418  1604.462234  395.014466  20.212878  0.159745  1.337922  0.098166
2419  1536.092409  838.604394  20.157474  0.193612  1.726283  0.091661
2420  335.382155  1737.810478  19.596907  0.082306  1.473926  0.123416
2421  804.971910  197.021563  20.970340  0.195701  1.733161  0.161212
2422  1167.878959  248.811243  18.656617  0.068261  0.604071  0.051846
2424  989.020492  1404.110655  20.086774  0.143949  1.412042  0.122371
2425  382.084477  1273.217634  19.219904  0.132771  1.271887  0.064603
2426  686.512424  1081.363502  20.151068  0.118101  2.137634  0.230439
2427  1929.145579  222.034516  17.794708  0.046124  -0.026453  0.083018
2428  1872.311274  754.039042  19.698034  0.165154  1.392314  0.106184
2429  552.862936  701.002371  20.303789  0.097278  1.444270  0.183736
2430  1689.544815  1976.729692  19.527829  0.215820  1.236407  0.094932
2431  1066.421449  1660.625417  19.974016  0.165881  1.612023  0.124328
2432  828.301336  2014.258562  20.111916  0.097346  1.549585  0.137614
2433  109.148337  487.054807  19.847084  0.124931  2.048188  0.208048
2435  926.390837  141.529177  20.453116  0.157184  1.398218  0.132239
2438  334.869461  917.691351  20.605969  0.126448  1.788106  0.179997
2440  151.896294  1919.048581  20.475249  0.126274  1.464242  0.089793
2441  1592.397093  386.397765  19.197873  0.071158  1.032316  0.067863
2442  498.026751  1016.005520  18.612030  0.081090  0.389024  0.049224
2443  189.182362  1512.779284  20.006000  0.132572  1.961366  0.076763
2445  877.982656  1644.565052  20.605811  0.152997  1.826131  0.321149
2448  81.903789  1371.521828  19.984590  0.212683  1.313412  0.129036
2449  1763.598357  1414.879595  17.755297  0.096866  0.179305  0.045525
2450  807.518808  384.856602  20.619718  0.180941  1.829725  0.160761
2451  183.311720  1567.126865  17.605572  0.110583  0.105355  0.078062
2452  1326.353027  235.280350  20.276176  0.115890  1.430080  0.113701
2453  89.109062  1224.549653  19.719200  0.164253  1.569548  0.109302
2454  336.036497  1423.115310  20.204560  0.149293  1.843624  0.102751
2456  1160.026027  1779.037256  20.299219  0.119912  1.751576  0.192196
2458  461.315101  835.314631  20.463060  0.090191  1.620865  0.135332
2459  429.861277  1062.291769  18.650116  0.205984  0.894090  0.081548
2460  1274.383344  3.747368  20.261078  0.125863  1.629211  0.104541
2461  1427.253858  1482.658266  20.348629  0.176902  1.972864  0.112387
2462  1347.030948  1517.345469  20.082859  0.246161  1.719916  0.191947
2463  1931.842632  1806.127011  21.041282  0.162432  1.500859  0.334393
2464  1827.616235  1346.832957  21.015103  0.253322  1.514974  0.094565
2468  652.696920  1962.707014  20.611276  0.139006  2.486194  0.100109
2469  880.039614  236.054884  18.075037  0.044231  0.109046  0.061512
2474  330.204978  729.118069  18.851757  0.079615  0.419751  0.145490
2475  312.384304  826.906541  20.378237  0.149462  1.135138  0.116019
2480  504.045986  534.361224  18.615133  0.113387  0.254673  0.135216
2483  465.106999  184.692238  20.521726  0.114594  2.211429  0.109073
2484  515.268148  1430.695719  20.448007  0.211896  1.347267  0.148011
2487  194.375597  1398.057096  19.849033  0.127192  0.965806  0.146041
2488  1888.398097  998.939173  19.239692  0.068480  0.818037  0.096149
2489  998.176553  1301.505568  20.635130  0.199759  1.533974  0.198991
2491  1118.699917  917.193874  21.208415  0.187118  2.150941  0.166315
2493  1156.021199  1044.025223  21.045887  0.120107  1.593933  0.205912
2494  619.293542  484.812436  20.303640  0.103375  1.542506  0.117768
2506  1140.730083  1354.482239  20.687255  0.214233  1.889371  0.152073
2508  312.501536  183.522885  20.736972  0.156087  2.113482  0.246252
2523  1277.989465  1208.130743  21.075523  0.173038  1.737842  0.352844
2524  1545.479953  907.019790  20.556084  0.151105  1.308691  0.152709
2526  1969.643371  1812.400999  20.708403  0.121945  1.527361  0.139920
2527  1191.538820  1871.351730  20.095290  0.088757  0.966951  0.160780
2529  1793.293151  773.070811  18.207559  0.101554  0.128640  0.050398
2530  824.251255  1624.619694  18.675517  0.056353  0.291930  0.102731
2533  249.073024  753.943646  20.711147  0.177824  1.596685  0.125747
2536  370.904106  789.866015  18.923580  0.066299  0.501517  0.066263
2543  1576.684223  939.852011  20.142093  0.174905  1.161704  0.191053
2550  247.789370  383.264410  19.317020  0.144620  0.644875  0.077327
2555  489.340033  458.514390  20.886995  0.141332  1.894371  0.205769
2561  398.143140  1640.233233  20.440165  0.222190  1.317837  0.150643
2562  920.461296  1919.554990  20.102844  0.167062  1.089657  0.110973
2563  201.458109  544.091799  20.600626  0.129417  1.109952  0.204161
2567  832.337975  990.222053  20.826795  0.142289  2.062772  0.285885
2574  511.254841  337.452232  20.002589  0.086129  1.061813  0.135780
2579  1076.992589  586.266399  20.572114  0.183372  1.144300  0.112870
2582  498.282569  640.512976  20.505540  0.171670  1.532272  0.220736
2588  261.366651  983.592095  19.106394  0.137255  0.427909  0.189778
2596  289.285666  1368.079052  20.797876  0.113504  1.027084  0.247305
2602  1525.023271  1563.631872  20.340467  0.089653  0.926853  0.179933
2613  321.304042  819.434917  20.292282  0.170195  0.648054  0.137791
2615  1354.256523  1096.114798  20.438890  0.123537  1.171138  0.132762
2626  1219.502188  935.922672  19.506869  0.116773  0.352411  0.152732
2630  1810.016096  1275.009810  21.246734  0.202841  1.366684  0.154366
2631  298.924793  1088.128550  19.585811  0.099179  0.450989  0.158593
2637  1352.566161  1367.822640  20.247137  0.134589  0.698563  0.183734
2643  1355.415465  1134.992067  19.274775  0.077308  0.297699  0.077569
2646  813.128307  956.241635  20.325553  0.092862  0.498937  0.079344
2649  1453.937046  2042.164977  19.971992  0.095217  0.910631  0.141257
2651  972.808026  1524.067303  20.792199  0.108549  0.959485  0.121606
2654  468.973379  826.221964  20.026273  0.277208  0.524349  0.125844
2656  1810.302728  840.009924  20.296329  0.131539  0.922172  0.229211
2660  1600.214511  266.876247  19.942379  0.203621  0.953408  0.162913
2665  1808.398711  1538.041101  19.375646  0.081620  0.445499  0.120936
2667  1433.757791  2043.965232  20.171367  0.090845  0.796571  0.217310
2669  1530.958689  1038.136201  19.828454  0.092126  0.396476  0.176326
2672  1144.473126  1055.159490  20.027716  0.136171  0.511715  0.167359
2675  924.686140  1635.908294  20.303231  0.139991  0.740044  0.155880
2677  497.909423  509.009442  20.831202  0.195909  0.793974  0.106511
2678  1017.762684  12.590439  21.518638  0.122635  0.963944  0.162336
2680  150.092541  903.729435  20.975343  0.220459  0.829415  0.132282
2681  1648.338034  1162.198821  20.072356  0.119429  0.168620  0.155162
2686  646.387535  1498.870289  20.567118  0.141028  0.683890  0.260423
2697  2003.244888  141.595541  20.421948  0.122606  0.587475  0.090498
2704  868.416935  371.385142  20.144512  0.284601  0.406667  0.245872
