# id  x  y  V  eV  BV  eBV
13  1052.495176  921.295401  20.826905  0.132362  1.744638  0.124942
16  1075.163587  1031.957750  20.514268  0.241119  1.645763  0.153085
18  930.094961  926.869135  20.583862  0.143690  1.388112  0.262039
110  1007.440466  885.880422  21.011934  0.185942  1.899073  0.209083
111  1133.451346  1012.860703  20.861156  0.229598  1.784294  0.213438
112  1051.596841  1064.082207  20.782351  0.144065  1.582215  0.171221
113  890.883236  984.815268  20.761601  0.281820  1.472494  0.242670
114  1023.745167  1135.444439  20.709944  0.244533  1.538002  0.148083
115  945.676759  919.568302  20.699761  0.172529  1.661418  0.132135
116  894.175887  866.539254  20.415452  0.166314  1.715665  0.124722
117  1007.566397  1087.781294  20.447440  0.160756  1.414308  0.190232
119  1051.673436  1049.393705  20.488481  0.153585  1.634515  0.108070
121  1028.802314  1089.569219  20.193270  0.161085  1.397458  0.161048
122  1130.020393  1105.221960  20.002258  0.138361  1.508895  0.191414
123  1111.551795  1025.403412  19.983120  0.114223  1.673039  0.115551
124  1035.337667  1164.133499  20.179112  0.134511  1.530444  0.091571
125  948.519793  967.267574  19.698396  0.212511  1.661361  0.192682
126  1004.693791  1079.492301  20.138944  0.200373  1.650459  0.141990
127  1063.565251  939.487846  19.775819  0.145676  1.495844  0.202340
128  1107.838669  1042.328965  19.990508  0.099391  1.524130  0.074628
129  1154.503864  1020.033618  19.719698  0.188707  1.651383  0.095334
130  1124.741775  1062.478111  19.857758  0.142963  1.461884  0.136836
131  1027.750871  933.455319  19.864239  0.096361  1.440431  0.089340
132  1023.345971  931.618836  20.032540  0.173763  1.358461  0.201951
133  1124.077998  1022.033531  19.836454  0.082725  1.405146  0.158384
134  981.406044  1066.983629  19.655564  0.092042  1.402777  0.141583
135  1092.035523  924.310016  19.579846  0.089474  1.785195  0.143611
136  1128.916316  1067.510456  19.779431  0.109139  1.493887  0.139697
137  1097.147351  963.318825  19.580082  0.106938  1.492932  0.202308
138  999.101440  1034.847109  19.428145  0.064574  1.403136  0.086597
139  1079.453082  1091.787162  19.369837  0.136479  1.455374  0.071770
140  1115.552276  1034.641388  19.279746  0.091544  1.565591  0.086497
141  1019.303363  1068.629893  19.336379  0.063697  1.468946  0.086705
142  939.088527  990.492344  19.387696  0.069435  1.154885  0.118461
143  1016.900547  942.169395  19.255750  0.067996  1.475965  0.110143
144  876.573839  1081.055928  19.358322  0.098012  1.488149  0.136495
145  1092.229059  1076.861174  19.045276  0.111946  1.497997  0.063980
146  1043.866685  1156.972052  19.208807  0.066856  1.408818  0.071011
147  1185.199309  1056.892027  19.363240  0.102058  1.317489  0.127704
148  949.376123  864.649257  19.126690  0.135787  1.327143  0.103481
149  966.019953  899.094385  18.914748  0.092534  1.510763  0.149749
150  1097.648169  1024.179343  19.017244  0.133651  1.203090  0.108946
151  1117.517763  1055.802184  18.874117  0.068569  1.349312  0.122944
152  1009.881272  999.274783  18.950422  0.166826  1.504271  0.082819
153  1030.872760  986.625925  18.874782  0.094779  1.309008  0.081135
154  1016.047944  1030.030582  18.918447  0.071326  1.295867  0.163474
155  988.861317  1054.530314  18.747974  0.105233  1.486263  0.086811
156  1106.388746  1147.298427  18.670161  0.139993  1.215699  0.153629
157  1021.714371  843.030917  18.675699  0.063791  1.392965  0.098423
158  1006.511596  1032.316006  18.832136  0.081358  1.330005  0.056982
159  1001.457500  1037.015429  18.669675  0.060554  1.350168  0.067932
160  989.950587  1024.025559  18.547329  0.051437  1.373589  0.081775
161  1087.313633  1096.243302  18.463005  0.161910  1.375744  0.092026
162  1024.666542  1062.376284  18.468418  0.058519  1.370388  0.050872
163  1142.789980  1080.060580  18.466155  0.053861  1.423559  0.116643
164  1000.322273  973.115904  18.582345  0.068401  1.389416  0.126433
165  1035.565629  988.382638  18.312347  0.079096  1.400598  0.066747
166  1095.255306  1184.131400  18.289986  0.059381  1.361057  0.055728
167  1031.170171  1038.351790  18.211852  0.049681  1.292058  0.135470
168  1102.284124  1107.459686  18.050528  0.131819  1.679278  0.163607
169  1033.780920  988.390564  18.193021  0.053731  1.274738  0.049937
170  1108.514570  1047.557345  18.108703  0.052788  1.506526  0.084638
171  1112.107049  1090.253701  18.144343  0.070320  1.372597  0.070986
172  1108.166840  1018.307011  18.052922  0.074369  1.280610  0.072736
173  925.644902  948.863427  17.895482  0.099722  1.310355  0.084298
174  974.546330  1134.489047  17.824924  0.109329  1.259199  0.112761
175  1079.041311  1155.693179  17.681712  0.062215  1.217211  0.058018
176  1043.979571  946.024018  17.742241  0.052471  1.303759  0.053469
177  915.192259  1102.551777  17.695991  0.071278  1.214531  0.092152
178  1015.354593  1003.850424  17.543824  0.055706  1.371379  0.118144
179  1106.841047  984.833802  17.576892  0.057387  1.277789  0.061655
180  1005.611950  1107.219927  17.355362  0.086140  1.316989  0.037491
181  951.408476  967.351009  17.305761  0.066895  1.248496  0.037159
182  1108.436849  1066.518651  17.295584  0.050045  1.294882  0.047241
183  974.132326  1034.850755  17.254502  0.072450  1.272733  0.037085
184  1010.886758  1039.851315  17.006841  0.065022  1.207053  0.050234
185  1002.709504  1183.239762  17.122206  0.065030  1.266312  0.087348
186  920.575795  954.142781  16.895357  0.055255  1.223257  0.036078
187  1000.277115  1014.122066  16.820480  0.043023  1.096150  0.078243
188  1018.086605  1107.511931  16.734913  0.035121  1.150636  0.036925
189  1028.942582  913.030861  16.543925  0.051919  1.084056  0.049937
190  1181.241508  1009.191956  16.411038  0.089801  1.150167  0.060947
191  949.270712  1069.364224  16.415801  0.052258  1.183127  0.062908
192  993.671168  959.720980  16.385115  0.082879  1.122889  0.067151
193  1002.179994  1231.936389  16.151239  0.032853  1.121269  0.051510
194  1076.612465  1103.629660  15.805546  0.043602  0.928442  0.048341
195  1202.651136  1076.774011  15.731883  0.051575  1.037876  0.061820
196  894.678118  984.099512  15.450809  0.087533  1.075107  0.027283
197  1092.692398  1026.168668  15.263606  0.074001  0.983985  0.034290
198  1043.707494  973.365842  15.209450  0.054596  1.015895  0.035292
199  1111.768494  1075.621990  14.722504  0.063243  0.797810  0.047740
1100  921.014927  1227.734241  14.565197  0.037970  0.817738  0.022339
1101  966.264340  984.903188  14.420441  0.046007  0.747920  0.036797
1102  1039.579791  986.596905  14.092715  0.029779  0.719942  0.022819
1103  1025.889772  1052.750950  13.821199  0.025738  0.634051  0.044033
1104  957.163725  1087.458796  13.695104  0.051227  0.711556  0.032245
1105  927.028838  1051.839222  13.385562  0.021358  0.604931  0.029234
1106  1126.428303  1055.846584  13.159125  0.028080  0.554975  0.027852
1107  921.583636  1049.894195  12.918283  0.043637  0.487559  0.025610
1108  1166.221844  1023.873024  12.412750  0.037332  0.460412  0.036765
1109  1057.162650  1116.653548  11.970396  0.037972  0.350765  0.024434
1110  883.498414  957.084324  11.640683  0.017813  0.300897  0.027391
1111  1076.321382  1071.868641  11.259714  0.026837  0.193017  0.022815
1112  1118.458245  1074.567291  10.965865  0.031287  0.163755  0.023301
1113  1028.001915  1151.699333  10.857575  0.060055  0.080606  0.017200
1114  1098.752246  957.606994  10.262941  0.018621  0.066787  0.044427
1115  1130.252165  945.552896  10.128944  0.025420  0.008809  0.024532
1116  977.455329  1111.694930  9.610263  0.045300  -0.054021  0.029276
1117  1144.205496  992.338350  8.705059  0.020737  -0.132242  0.023836
1118  1027.788329  962.600714  8.281027  0.026595  -0.061787  0.032629
1119  953.166131  955.691786  11.692145  0.042974  0.284828  0.047599
1120  1057.752044  969.502884  15.266393  0.039093  0.982695  0.053680
1121  940.080722  1167.202652  19.000410  0.146413  1.428826  0.100975
20  1087.810796  409.436776  11.636382  0.030736  2.609041  0.041431
21  1943.468427  937.851619  9.123097  0.023946  0.862644  0.025966
22  1286.838298  712.644671  10.258898  0.033568  1.152942  0.029030
23  1700.174546  293.453567  9.952779  0.033012  0.702639  0.021468
24  1656.234228  1409.766050  12.026016  0.060274  1.896994  0.018624
25  308.249454  442.423269  9.298272  0.032663  0.324465  0.024674
26  670.616348  78.024433  11.694181  0.031655  1.491878  0.025407
27  26.071927  81.059669  11.421772  0.020310  1.259807  0.021304
28  631.754531  775.924627  10.235475  0.024123  0.537441  0.022602
29  399.560504  680.472890  8.963452  0.049825  -0.014272  0.018477
210  1843.279428  316.516671  15.426177  0.028824  3.337087  0.035966
211  2047.969753  868.105867  16.274944  0.065114  3.622095  0.053014
212  779.862501  1642.687341  10.440919  0.029086  0.145815  0.016462
213  888.212558  556.914208  10.484819  0.040018  0.108993  0.031116
214  156.605622  1072.784204  11.090253  0.017177  0.301690  0.037862
215  1129.923810  471.837416  11.378403  0.037770  0.371565  0.023638
216  267.530179  1602.012488  10.417968  0.044172  -0.161191  0.018368
217  1502.071970  1135.683821  11.648657  0.031959  0.586673  0.041543
218  817.946194  64.544386  11.733574  0.017514  0.192979  0.043957
219  600.812660  296.902329  16.198900  0.098331  2.705004  0.041092
220  1517.651571  545.688843  11.099235  0.051154  -0.105784  0.017483
221  626.139709  1339.373969  11.715905  0.050001  0.148331  0.019173
222  1848.141358  1599.285260  13.961765  0.023406  1.282914  0.040657
223  755.617778  1178.231144  11.742788  0.022525  0.030603  0.030057
224  1476.688217  416.370346  13.054169  0.028436  0.596243  0.024338
225  1126.807281  437.290522  14.624086  0.027018  1.371905  0.046437
226  465.592092  706.666272  12.891905  0.024933  0.649793  0.044999
227  953.743050  1679.557314  17.810502  0.106102  3.202259  0.043363
228  1751.792019  560.736967  15.820918  0.045922  2.260516  0.079557
229  1407.901062  1566.636104  12.471200  0.036436  0.103314  0.018980
230  1552.242551  1383.789529  12.703451  0.035450  0.074816  0.038067
231  1387.184371  1428.804204  18.198967  0.089554  3.573239  0.095308
232  1161.301641  560.415590  14.670098  0.052081  1.219892  0.029725
233  977.997010  1868.954841  17.153237  0.067278  2.772297  0.072140
234  1853.750288  1205.831334  16.275974  0.072061  2.063074  0.046382
235  1323.194230  1110.615479  13.112493  0.025941  0.492353  0.021216
236  428.617614  1506.829788  13.647738  0.040134  0.677997  0.033015
237  290.331586  778.218689  17.407099  0.086663  2.823657  0.092476
238  994.759533  763.024337  15.897097  0.042782  1.744295  0.033020
239  1499.115529  1403.352076  14.637998  0.040611  0.975978  0.036344
240  1614.621323  385.878345  15.253856  0.055844  1.114588  0.038485
241  110.895974  986.255868  15.732115  0.042137  1.424348  0.046755
242  602.668266  1051.537673  17.415258  0.129742  2.420603  0.053990
243  643.161820  652.696904  12.665552  0.038813  -0.050234  0.020887
244  1160.810157  483.655511  18.056845  0.050924  2.500903  0.135607
245  427.891132  882.088399  18.706074  0.082600  3.340345  0.063503
246  1064.842829  235.008312  13.983829  0.054234  0.509194  0.028045
247  529.389377  614.899688  13.729007  0.056758  0.464734  0.028288
248  1606.817280  786.866667  13.540424  0.021814  0.357470  0.036202
249  439.856786  2024.492615  14.596970  0.043288  0.797421  0.048474
250  1181.345441  1699.961196  14.811442  0.039162  1.015488  0.028281
251  434.341348  1669.045915  13.964539  0.023738  0.632942  0.020770
252  1213.362997  491.869318  15.747423  0.032294  1.270534  0.075488
253  1040.359091  1895.437917  14.406594  0.049638  0.507528  0.035688
254  1897.847675  34.959767  14.734091  0.058179  0.577499  0.054235
255  1525.308771  279.358563  14.317316  0.035454  0.175834  0.041042
256  387.629526  523.954918  14.544693  0.036349  0.560785  0.033898
257  1250.151668  581.828407  20.264657  0.140440  3.576687  0.125666
258  168.196761  1839.773735  15.019503  0.032856  0.592832  0.026771
259  573.608063  703.444097  15.745364  0.025655  1.024364  0.035803
260  833.104072  1644.311353  14.747200  0.023270  0.884312  0.047668
261  1293.448262  994.805204  18.656017  0.107325  2.897136  0.093068
262  262.142013  1154.509900  15.372206  0.050306  0.826494  0.028857
263  1402.107455  1206.741047  14.772082  0.031750  0.632571  0.040955
264  166.528601  335.432000  19.938037  0.178353  3.589049  0.153467
265  1180.937120  1307.530759  14.964808  0.058537  0.626555  0.034471
266  907.734403  83.540449  14.357797  0.032088  0.451566  0.031956
267  1392.233936  1990.781275  14.505945  0.028560  0.757013  0.028535
268  912.667449  1906.074713  17.702554  0.056464  2.152016  0.074054
269  532.056714  970.627996  15.376300  0.029194  1.003572  0.033608
270  1162.944329  924.184101  16.594091  0.085778  1.862038  0.086001
271  394.406447  132.873358  15.019269  0.056800  0.732486  0.036518
272  258.416541  205.660730  16.017476  0.053789  1.022672  0.061592
273  2013.500449  1539.332807  16.782645  0.050583  1.577968  0.087317
274  255.264131  709.455706  15.779489  0.063396  1.051006  0.033889
275  169.628736  1076.768273  17.328460  0.042597  1.476991  0.074276
276  1803.889914  1872.027645  15.149462  0.025825  1.118185  0.030081
277  1863.209569  837.341311  16.034516  0.031751  0.812088  0.083972
278  302.162579  1497.991625  15.725469  0.041159  1.468522  0.049853
279  527.456597  1745.185173  15.311875  0.071794  1.507606  0.055624
280  1356.448888  1552.387795  16.638543  0.060962  1.476311  0.051490
281  325.929902  1829.328651  15.005914  0.041441  0.443659  0.057676
282  453.090378  1379.677857  18.099455  0.075577  2.093220  0.054469
283  1223.727201  1647.647207  15.113765  0.055359  0.791786  0.047382
284  1617.923519  1940.281145  17.543485  0.058813  1.667860  0.080617
285  1124.542815  1215.625414  15.093507  0.043745  0.649148  0.038692
286  864.022366  423.745690  18.300631  0.081317  2.148894  0.095845
287  382.278387  1219.873012  18.904130  0.127856  2.753578  0.102872
288  1792.349451  775.259685  18.520549  0.085349  2.358702  0.066594
289  868.251904  1384.272912  14.587768  0.052241  0.394475  0.054675
290  849.786199  37.266498  20.127559  0.170061  3.495387  0.105630
291  1239.744732  1193.855588  17.459270  0.048660  1.659843  0.041151
292  380.012025  696.111509  15.822285  0.036304  1.245286  0.027755
293  1707.474878  1887.650045  15.330613  0.048744  0.635431  0.053440
294  1698.647810  463.957967  17.273374  0.054573  1.705802  0.038018
295  1993.604753  1699.454119  17.804139  0.069618  1.795793  0.097315
296  1191.023803  640.371485  15.337314  0.039963  0.618818  0.043818
297  1146.936504  18.550471  18.199183  0.044699  2.209342  0.068007
298  1911.675179  316.269591  16.596821  0.049468  1.408033  0.058251
299  1860.166084  895.059612  15.687944  0.031714  0.950766  0.045152
2100  1167.254644  1174.464664  16.482810  0.049844  0.863013  0.039798
2101  1498.343898  507.412178  16.265081  0.039458  0.791940  0.057290
2102  1328.690386  451.532440  16.406281  0.066389  1.404124  0.044352
2103  464.443090  40.294370  16.591222  0.078879  1.673726  0.035430
2104  1031.303310  588.560059  19.276315  0.113947  2.642114  0.129259
2105  300.781346  552.409346  18.062049  0.087196  1.876391  0.050979
2106  344.107133  1659.035081  15.698497  0.036914  0.398438  0.027171
2107  970.243105  1599.949931  17.471408  0.114235  1.227272  0.071362
2108  1982.975626  1904.604175  16.403090  0.049170  1.341193  0.044215
2109  1060.194101  524.133496  19.524036  0.100071  3.033908  0.095000
2110  1935.688401  1947.678624  18.181861  0.109834  1.907194  0.061091
2112  1702.428051  1519.506665  16.568412  0.043709  1.034024  0.104227
2113  715.508491  1084.394677  16.317542  0.077512  0.754461  0.051405
2116  428.558103  951.455047  16.676708  0.032805  1.158341  0.050183
2117  1926.615242  9.473464  15.838549  0.031147  0.435572  0.033082
2118  1180.801531  247.788636  15.903830  0.050821  0.621449  0.060475
2119  174.292252  722.511097  15.367771  0.044130  0.291302  0.051013
2120  199.108543  585.290773  16.218755  0.039717  1.154588  0.058375
2121  1698.466541  1066.992853  16.556708  0.045560  1.100823  0.043316
2122  895.509865  1845.963635  20.170394  0.181518  3.124467  0.124834
2123  1306.723030  1723.563308  17.165264  0.041707  1.231569  0.073384
2124  156.574019  1328.755434  16.831534  0.047403  1.184784  0.034044
2126  2004.249349  1923.807439  15.747269  0.047597  0.429254  0.031956
2127  1298.925814  624.564956  15.755222  0.030193  0.452126  0.069490
2128  1433.143769  389.295363  15.586027  0.033605  0.445321  0.071141
2129  1367.323766  693.162466  16.698365  0.044771  1.135087  0.035967
2130  1691.853119  1903.724826  16.415088  0.055133  0.785285  0.057863
2131  1571.766133  850.388536  16.273368  0.043578  1.451921  0.032414
2132  1548.335447  1492.390849  14.776550  0.060390  0.000673  0.023390
2133  525.480357  1395.105312  19.275077  0.121968  2.276355  0.067649
2134  123.823705  652.190661  18.964459  0.058704  2.362489  0.069323
2135  1447.946324  254.481829  17.534611  0.070402  1.519421  0.052154
2136  1515.111187  1317.104997  18.432315  0.139926  2.010030  0.075022
2137  1351.970433  1788.471185  17.595111  0.105131  1.709692  0.057126
2138  1295.213131  1190.227658  17.107714  0.049395  1.717343  0.055169
2139  241.948853  1949.477465  19.538963  0.120351  2.283396  0.111736
2140  1467.123678  449.536637  17.913824  0.071798  1.307482  0.079307
2141  257.672929  1403.209833  17.418880  0.063301  1.165028  0.038823
2142  288.325526  144.876142  16.490043  0.043420  0.509970  0.036478
2143  713.472292  1329.200347  17.787665  0.071017  2.215783  0.048612
2144  1635.456869  945.093174  17.180971  0.072818  1.048268  0.051099
2145  1258.049388  396.552685  19.617777  0.073099  2.322297  0.144613
2146  1007.570375  939.527278  19.792014  0.138002  2.450378  0.093609
2147  1272.435884  1051.001325  19.702003  0.091204  2.118988  0.129911
2148  413.311640  1042.760255  17.257377  0.064732  1.145348  0.101913
2149  298.401340  430.420664  16.191766  0.028493  0.513257  0.044569
2150  1931.257498  1609.753419  18.609770  0.075670  1.817402  0.122675
2151  86.467697  1644.854939  16.503400  0.046999  0.600848  0.033933
2152  719.476668  329.865561  19.250785  0.102278  1.799773  0.110281
2153  1775.828695  2012.628998  17.755023  0.088831  1.746731  0.054762
2154  1786.296557  455.446543  17.251004  0.042640  0.993388  0.036316
2155  679.764097  1914.440090  20.017958  0.079912  2.554828  0.104424
2156  260.482158  995.148943  17.032864  0.053321  0.825683  0.047062
2157  445.821712  82.843897  17.940212  0.049375  1.027281  0.108167
2158  1241.824018  788.638594  20.120612  0.167559  2.402147  0.095671
2160  1753.999810  1601.964539  17.049142  0.035272  1.030700  0.059668
2161  1260.237921  1488.089146  19.067728  0.098755  1.949416  0.093543
2162  1628.600573  1921.508826  19.241333  0.106191  2.249312  0.118392
2163  1530.641592  2012.827090  16.070879  0.043905  0.248847  0.040870
2164  895.641850  325.149737  17.166650  0.073962  1.025299  0.053670
2166  649.061880  1009.885300  20.483857  0.176696  2.936211  0.099754
2167  1974.119638  54.176372  20.489698  0.135580  2.837251  0.114103
2168  1005.895399  1008.139341  20.973767  0.149146  3.188747  0.168759
2169  1447.370498  1475.183739  20.005676  0.158169  2.378848  0.140057
2170  1163.627130  94.785215  20.635396  0.143033  2.995605  0.303074
2171  697.617455  386.498925  17.505053  0.091429  1.114106  0.059577
2172  1210.519392  282.829574  18.371633  0.067905  1.668112  0.056122
2173  1819.588550  1095.773218  15.271622  0.030432  -0.052155  0.080697
2174  958.818155  1889.263025  18.698626  0.094986  1.876447  0.072865
2175  1229.115455  1997.086600  16.898552  0.033249  1.384121  0.064382
2176  2031.606251  1475.510337  19.515831  0.078538  2.265111  0.131243
2177  874.832254  1945.273017  18.143318  0.072445  1.482066  0.063516
2178  165.715205  1508.977732  16.910306  0.037418  1.339497  0.037590
2180  1747.612703  1190.989708  16.879943  0.039283  1.430876  0.043974
2181  73.873211  1919.223632  18.612838  0.070131  1.814149  0.056658
2182  1073.398242  238.703436  17.032573  0.044849  1.027254  0.035670
2183  1050.554212  1072.062747  17.474977  0.069542  1.102300  0.072377
2184  251.682772  1398.479842  16.840243  0.046518  0.926677  0.033327
2185  973.673934  551.551478  17.434327  0.064312  1.124655  0.046031
2186  1160.008374  126.320340  16.765187  0.038464  0.855912  0.031717
2187  1118.536171  170.183149  18.745575  0.165639  1.822631  0.141702
2188  119.576780  1495.539922  18.826322  0.130149  1.688418  0.071157
2189  26.713680  1035.789845  18.009071  0.076655  1.595651  0.054961
2190  1412.312402  905.332491  18.609195  0.068626  1.654160  0.064140
2191  594.040449  1861.401421  19.217385  0.114014  1.937197  0.130908
2192  259.760183  669.965570  16.367274  0.054670  0.221002  0.031378
2193  642.996981  478.107863  19.181165  0.145486  1.765853  0.073143
2194  75.689498  944.231909  18.398701  0.058466  1.155691  0.085134
2195  657.314007  183.622407  19.066750  0.110308  1.481202  0.085283
2196  558.833507  1026.841098  19.002481  0.084044  1.686000  0.093705
2197  602.262931  1925.238249  18.545088  0.129685  1.306773  0.051550
2198  7.409029  468.959847  18.063079  0.115960  1.000858  0.084496
2199  1950.449953  613.505651  19.779406  0.086032  1.875760  0.151343
2201  229.886812  1749.332730  19.729848  0.149031  1.900989  0.074481
2202  56.789056  2043.948024  18.158982  0.076772  0.938137  0.085132
2203  1365.772181  762.354780  17.746427  0.055461  1.063098  0.068349
2204  1135.250968  1856.653854  18.419922  0.088951  1.437764  0.073142
2205  1750.948555  1823.453103  17.941269  0.167028  1.370228  0.100199
2206  941.281753  1495.766230  20.431786  0.176286  2.434451  0.117787
2207  1051.659358  572.634896  17.882752  0.052717  0.983072  0.088105
2208  1577.007310  1646.364598  18.342514  0.064913  1.334243  0.085872
2209  1284.164831  64.994551  16.787181  0.086417  0.477902  0.040746
2210  1821.351331  112.689755  18.519191  0.093812  1.383538  0.101761
2211  134.536194  430.890488  18.553469  0.110457  1.232695  0.080726
2212  461.078433  1848.863169  20.653319  0.131162  2.502475  0.169318
2213  1965.613772  839.239629  20.576190  0.091484  2.408787  0.096426
2214  804.716944  1855.425776  20.073629  0.132489  1.954293  0.110701
2215  926.138235  579.757166  19.239791  0.107878  1.745682  0.069365
2216  1210.779103  698.937495  19.385960  0.072415  1.803137  0.089213
2217  813.482690  1015.401381  18.487252  0.055940  0.945413  0.133269
2218  387.915703  1195.237696  19.555779  0.084347  1.774611  0.153634
2219  90.330988  783.774597  17.537538  0.056196  0.819028  0.113846
2220  238.300097  1178.845048  18.825884  0.064243  1.444305  0.103237
2221  1051.317205  1779.521275  18.658136  0.070744  1.577541  0.112629
2222  1981.934825  567.019442  18.426678  0.094255  1.159713  0.046595
2223  1669.925156  1106.834091  18.465690  0.076548  1.315445  0.049614
2224  838.333179  596.974149  20.441570  0.140416  2.737898  0.141398
2226  174.865373  1569.178883  20.936831  0.180471  2.308932  0.272778
2227  1557.112992  94.224556  18.283029  0.058313  1.169652  0.074233
2228  523.926649  124.039067  17.518429  0.104717  0.594869  0.052742
2229  1117.171672  408.339569  18.873472  0.057946  1.695056  0.053439
2230  1175.821481  793.675573  19.811455  0.107966  1.884155  0.088406
2231  1803.342971  695.962258  17.094092  0.090689  0.330357  0.086300
2232  1739.952424  605.110905  17.870786  0.058533  0.987047  0.073936
2233  1168.443400  1006.629822  16.345659  0.051144  0.194273  0.044275
2234  44.621045  462.134123  18.914929  0.112209  1.501671  0.123198
2236  1791.835543  338.756474  17.739868  0.093439  0.862010  0.077817
2238  1955.419219  1637.380074  18.923632  0.057839  1.626329  0.097255
2239  737.321661  1652.935693  19.639072  0.209493  2.091711  0.073051
2240  1473.723874  801.447476  16.457160  0.082352  0.450628  0.076813
2241  1290.661286  792.247347  17.956929  0.059506  0.969679  0.073081
2242  843.494651  1163.592681  19.687204  0.090357  1.775025  0.127608
2243  1935.889242  1651.042178  18.231703  0.081525  1.918281  0.069698
2244  1830.151337  1009.202962  18.535946  0.060770  1.674645  0.101987
2245  1305.641672  196.301378  20.597157  0.141008  2.451561  0.107729
2246  819.600470  772.995221  19.427934  0.117846  1.862760  0.095625
2247  529.619565  1645.980372  19.682353  0.128214  2.034589  0.173156
2248  733.773863  543.374688  18.315675  0.059828  1.053236  0.090525
2249  1492.635089  1980.710363  18.343726  0.070428  1.206305  0.072664
2250  1489.459545  1425.175751  18.480934  0.055011  1.040764  0.090111
2252  1914.908701  738.965039  18.516978  0.128909  1.354639  0.090740
2253  1257.229136  800.182935  18.577600  0.124419  1.522792  0.048755
2254  712.917976  1481.356554  17.565047  0.093352  1.257705  0.052429
2256  1637.005927  333.716616  18.039098  0.122829  1.031743  0.052836
2257  1739.111577  1538.516012  20.471000  0.121752  2.533572  0.155290
2258  87.296587  1112.117634  18.050092  0.084884  1.314548  0.045195
2259  604.011219  1929.849469  16.919196  0.053431  0.417647  0.121158
2260  1564.368271  812.967068  19.737663  0.106536  2.030015  0.116710
2261  935.213193  2046.016761  19.519398  0.129568  1.711711  0.123502
2262  1075.337995  1432.583363  20.410632  0.161845  2.239972  0.313552
2263  1548.921808  1621.158490  18.784180  0.070311  1.262013  0.053624
2264  49.425007  1989.430042  20.702834  0.176785  1.783910  0.231307
2265  1551.314153  583.510799  19.482684  0.073045  1.668173  0.103222
2268  1888.570272  161.941455  19.033014  0.128340  1.299154  0.112100
2269  174.749168  376.986883  19.252503  0.073866  1.420002  0.064303
2270  1754.989314  640.894829  19.601159  0.174863  1.453062  0.183033
2271  847.943074  458.437498  19.293580  0.064716  1.415447  0.065945
2272  310.008311  1050.968153  19.366098  0.158807  1.363429  0.104861
2273  1845.667503  553.949009  19.244904  0.141082  2.135313  0.115386
2274  711.119331  1071.381694  19.177094  0.071276  1.166118  0.130363
2275  1802.292670  852.841818  19.550327  0.115226  1.576393  0.125902
2276  1428.567708  99.842525  18.683948  0.097583  1.114575  0.086654
2277  21.337084  1109.364664  19.235499  0.135237  1.240810  0.096891
2278  1980.602744  973.687890  20.248053  0.148279  2.098281  0.158207
2279  1707.874800  324.407906  19.825219  0.158183  1.442841  0.108009
2280  150.675546  1593.096083  19.523906  0.125641  2.085266  0.094426
2284  650.625160  497.157657  19.029733  0.107846  0.980780  0.055911
2285  456.678041  236.265193  20.419303  0.102383  2.275311  0.174701
2286  1079.721046  69.245067  18.989235  0.095336  1.468992  0.059382
2287  490.523787  908.358212  19.164392  0.058556  1.284258  0.059606
2288  973.345165  1758.805382  18.803954  0.091252  0.963958  0.115501
2289  151.735457  1365.909184  19.113229  0.176992  1.227259  0.097230
2290  115.597266  1322.037246  19.469262  0.133404  1.432814  0.098750
2293  1149.459026  420.940846  18.719270  0.104933  1.158928  0.067233
2294  798.218355  224.981850  19.603882  0.124966  1.643794  0.179250
2295  1954.927445  1233.122040  20.843904  0.135970  2.451530  0.211698
2296  743.183179  1915.031808  16.637231  0.063218  0.027389  0.049947
2297  1200.494389  1649.145956  18.607759  0.093832  1.224371  0.061328
2298  516.024130  1140.855438  19.732315  0.075952  1.372725  0.224229
2300  1615.598509  327.331389  19.348682  0.091255  1.147044  0.096006
2302  721.514252  646.136600  20.301711  0.142766  1.906158  0.123469
2303  505.221601  69.311002  19.856464  0.188031  1.519844  0.113218
2304  405.483597  292.572865  19.256937  0.114521  1.383768  0.103041
2305  884.038677  1155.558495  19.213610  0.071504  1.300015  0.086576
2306  1794.415739  195.837727  19.271204  0.089713  1.589739  0.092917
2307  169.793284  1621.400796  21.060770  0.192682  2.444389  0.117174
2308  709.261496  1446.321874  17.635898  0.089924  0.667155  0.089197
2309  1386.321977  1661.997961  18.567965  0.058995  0.895254  0.131394
2310  1716.759490  824.400674  20.152491  0.122581  1.943893  0.176512
2311  1440.057345  1631.366640  18.732366  0.103759  1.119639  0.053684
2312  1744.004320  100.789253  16.844065  0.032459  0.055953  0.032361
2313  287.318292  722.501033  18.784386  0.067884  1.008302  0.076087
2315  1371.517376  1279.436206  19.619515  0.083095  1.548860  0.071495
2316  432.029762  1271.700932  19.999206  0.128663  1.655104  0.087621
2317  1569.878382  797.988253  20.393834  0.169858  1.802989  0.082085
2318  61.258429  1686.527355  19.566657  0.096439  1.488256  0.097424
2319  532.828371  234.940145  19.735232  0.071122  1.606162  0.070435
2320  613.002428  935.343751  19.321922  0.194618  1.703543  0.111839
2321  1908.774617  1386.460710  19.427915  0.183614  2.508204  0.075638
2322  876.322257  561.849224  19.231459  0.074493  1.179378  0.154079
2323  1424.617426  1495.651919  19.210441  0.069495  1.405829  0.119064
2324  141.963820  120.178254  19.558849  0.095575  2.470275  0.104783
2325  391.128785  1993.963574  20.460566  0.107215  2.099213  0.185278
2326  604.437027  1728.693093  19.149806  0.111052  1.168380  0.107712
2327  1666.232113  1608.443955  19.990570  0.092191  1.613946  0.133656
2328  634.186079  1416.834072  17.855254  0.055257  0.491020  0.082002
2329  140.969383  1684.469696  17.552815  0.070100  0.334056  0.059715
2330  803.809196  35.136650  19.592095  0.107949  1.657347  0.151267
2331  1046.737488  678.811574  18.542195  0.089999  0.931503  0.066580
2332  871.786929  559.341183  18.957484  0.111698  1.789330  0.065331
2333  1984.319735  1586.185214  18.607260  0.130410  1.352100  0.071526
2334  1258.801068  955.154412  18.614674  0.054464  1.611784  0.129975
2335  2041.700975  1486.051540  20.432034  0.190610  1.939436  0.186670
2336  34.950317  983.922796  19.349771  0.145581  1.217741  0.100438
2338  1274.632466  1770.530075  18.969873  0.125667  1.409037  0.136772
2339  418.850417  2019.420309  20.960059  0.345032  2.515192  0.175749
2340  233.817605  200.938873  18.701222  0.113086  1.802892  0.123772
2341  1826.920904  1686.035362  19.737383  0.106628  2.254543  0.133961
2342  102.682625  836.223530  18.469378  0.052880  0.969263  0.073663
2343  527.965854  1442.003036  20.353933  0.175091  1.982298  0.124412
2344  752.644382  1099.939468  19.465763  0.096717  1.719845  0.110216
2345  510.916982  1452.488243  19.535608  0.096906  1.381055  0.118937
2346  691.739490  898.794485  18.727851  0.093423  1.301954  0.116506
2349  10.495723  1195.647980  19.342652  0.138081  1.452461  0.103589
2350  654.683364  963.867335  19.160729  0.072750  1.347364  0.106446
2351  637.132943  1301.281188  20.902296  0.263698  2.378781  0.200142
2352  1746.067854  993.490397  20.648234  0.117350  1.646384  0.127329
2353  812.375855  1228.233212  19.708471  0.087388  1.468192  0.160202
2355  209.562394  1585.642793  20.227666  0.140441  1.362373  0.142650
2356  656.768528  91.075261  20.167649  0.114079  1.413676  0.106190
2358  1453.697558  980.250307  20.517778  0.250873  1.961202  0.160366
2361  1548.189595  1791.219606  19.630728  0.113046  1.261955  0.104890
2363  1968.858971  219.912067  19.681941  0.134819  1.772052  0.154546
2364  798.137909  1691.399269  20.575223  0.155442  1.563767  0.125882
2365  688.004114  301.967021  18.904445  0.118335  0.633720  0.121932
2368  951.782845  1812.316033  19.884247  0.138881  1.613508  0.132423
2370  261.118232  588.012119  19.715408  0.080266  1.425380  0.110262
2372  854.481495  1038.577423  19.454772  0.127928  1.377768  0.120708
2374  441.799327  816.862072  20.074679  0.096806  1.213565  0.131138
2375  937.828789  749.459049  19.474365  0.111976  1.409750  0.149525
2377  1643.351239  1793.287886  20.057811  0.083386  1.260258  0.154816
2379  1617.619917  989.935830  19.754312  0.208414  1.032135  0.066676
2380  413.464174  213.673843  20.814477  0.216988  2.172052  0.142565
2381  1912.963560  1883.630777  20.503616  0.089025  2.344656  0.116791
2385  1988.826637  1743.107275  18.506853  0.101700  0.772023  0.070010
2386  1352.454994  739.787766  20.216951  0.078910  1.856047  0.183222
2387  397.197509  767.481409  20.910222  0.147691  2.012947  0.247418
2388  129.617850  700.908707  20.498361  0.159675  2.453041  0.102058
2390  1013.677974  1958.354601  20.216171  0.127807  1.405856  0.164148
2391  713.598226  1745.246922  20.107983  0.174384  1.562235  0.172351
2393  1095.635177  399.999380  19.227873  0.119343  0.935881  0.163037
2394  820.227781  853.732319  19.956651  0.106098  1.700211  0.115651
2395  449.793855  1823.032852  19.734169  0.071942  1.381774  0.076307
2398  779.153360  1812.730952  18.434530  0.097257  0.579043  0.070894
2399  947.778793  175.762737  18.215373  0.072804  0.497155  0.059673
2400  1081.520926  692.257023  19.506115  0.087522  0.914977  0.087952
2401  1213.245256  604.607516  20.724180  0.185081  1.451563  0.185083
2402  2012.264543  1601.946439  20.065244  0.104847  1.441297  0.167016
2403  1958.085014  703.248799  20.656675  0.095589  2.022818  0.204728
2404  661.619858  1450.620335  19.976780  0.111373  1.654603  0.130728
2405  218.022293  1567.232183  18.241930  0.062917  0.510652  0.047333
2406  990.652583  602.718292  20.190589  0.089594  1.516785  0.150826
2408  1724.289818  1766.770792  20.417272  0.121444  1.561338  0.104111
2409  1857.439155  736.480562  20.643764  0.157691  1.486963  0.091999
2410  1805.631413  1970.223717  19.837488  0.158544  1.222051  0.107695
2411  471.683869  311.308595  19.944587  0.091417  1.342471  0.121270
2412  1760.698124  90.236711  20.373937  0.092426  2.202615  0.107495
2413  703.934411  106.174893  20.123979  0.170944  1.880740  0.134756
2415  847.884799  2037.899073  19.889834  0.156866  1.158688  0.261336
2417  1531.399608  187.632494  18.619979  0.083737  0.481626  0.061423
2418  1604.462234  395.014466  20.019608  0.090942  1.423630  0.126739
2419  1536.092409  838.604394  20.171272  0.114135  1.769628  0.148395
2420  335.382155  1737.810478  19.716137  0.097959  1.785765  0.127944
2422  1167.878959  248.811243  18.701646  0.078135  0.581089  0.085877
2424  989.020492  1404.110655  19.863432  0.136987  1.309741  0.084198
2425  382.084477  1273.217634  19.115388  0.148623  1.130498  0.072630
2426  686.512424  1081.363502  20.426567  0.141879  1.689907  0.164805
2427  1929.145579  222.034516  17.673718  0.050394  0.132063  0.047483
2428  1872.311274  754.039042  19.461975  0.127785  1.406033  0.161283
2429  552.862936  701.002371  20.417843  0.168635  1.455376  0.157515
2430  1689.544815  1976.729692  19.920652  0.106176  1.415948  0.091950
2431  1066.421449  1660.625417  19.992771  0.086468  1.462491  0.079748
2432  828.301336  2014.258562  19.974161  0.084114  1.472494  0.136967
2433  109.148337  487.054807  20.066379  0.108880  2.495188  0.140202
2435  926.390837  141.529177  20.229715  0.111397  1.482557  0.247224
2438  334.869461  917.691351  20.225578  0.302407  1.926029  0.098754
2439  1425.935897  178.941673  20.441335  0.196329  1.587328  0.166653
2441  1592.397093  386.397765  19.173190  0.120380  1.087914  0.122303
2442  498.026751  1016.005520  18.597249  0.057504  0.514686  0.062831
2443  189.182362  1512.779284  19.728324  0.106175  2.199425  0.243797
2445  877.982656  1644.565052  20.590468  0.131992  2.204170  0.188979
2448  81.903789  1371.521828  19.845842  0.127493  1.537940  0.134888
2449  1763.598357  1414.879595  17.641838  0.039615  0.183216  0.078150
2450  807.518808  384.856602  20.150070  0.162312  1.734673  0.160515
2451  183.311720  1567.126865  17.478758  0.109250  0.109423  0.072130
2452  1326.353027  235.280350  20.003368  0.176073  1.295141  0.121612
2453  89.109062  1224.549653  19.697213  0.076200  1.540529  0.163917
2454  336.036497  1423.115310  20.252740  0.138781  1.609825  0.205994
2456  1160.026027  1779.037256  20.448453  0.153911  1.709652  0.134604
2458  461.315101  835.314631  20.494940  0.104894  1.948826  0.158213
2459  429.861277  1062.291769  18.877942  0.157652  0.856753  0.098472
2461  1427.253858  1482.658266  20.218462  0.134477  1.997263  0.255644
2462  1347.030948  1517.345469  21.024809  0.107751  1.785828  0.113504
2465  1785.222654  1189.480527  21.341429  0.273458  2.578238  0.164118
2468  652.696920  1962.707014  20.879192  0.105975  2.368372  0.135103
2469  880.039614  236.054884  18.128175  0.057429  0.043328  0.069329
2473  441.444523  2006.018441  20.602266  0.277154  1.839995  0.171585
2474  330.204978  729.118069  18.873816  0.056072  0.388102  0.107393
2475  312.384304  826.906541  20.497388  0.109249  1.338238  0.108496
2477  1457.392679  662.697886  20.683763  0.112752  1.416882  0.143221
2480  504.045986  534.361224  18.861380  0.065229  0.333726  0.064390
2483  465.106999  184.692238  20.753196  0.212868  2.171751  0.231622
2484  515.268148  1430.695719  20.255506  0.128504  1.310068  0.150867
2487  194.375597  1398.057096  19.926152  0.112688  0.671648  0.211643
2488  1888.398097  998.939173  19.208499  0.096496  0.828884  0.069380
2496  1666.005647  317.493467  21.374199  0.199168  1.738755  0.227399
2499  1064.872046  551.644113  20.842449  0.107652  2.090597  0.102430
2506  1140.730083  1354.482239  20.720409  0.118404  1.739371  0.123691
2508  312.501536  183.522885  20.967243  0.172690  1.622770  0.122863
2512  1956.638461  1028.638599  20.698352  0.113642  1.517218  0.114086
2513  1828.339419  1938.829650  20.926166  0.183048  1.863108  0.190899
2514  1039.647645  1809.444446  21.196847  0.173528  1.630701  0.106352
2516  10.853880  1701.682032  21.340481  0.220248  1.718651  0.253511
2517  2022.661260  1562.030609  20.828464  0.354852  1.861556  0.193802
2519  1894.378295  2018.281943  20.926631  0.148961  1.588077  0.364732
2524  1545.479953  907.019790  20.542032  0.157255  1.452725  0.108597
2526  1969.643371  1812.400999  20.278837  0.253007  1.558713  0.134514
2527  1191.538820  1871.351730  20.117164  0.292927  1.171856  0.091187
2528  494.540545  988.419954  20.968726  0.202170  1.646236  0.286868
2529  1793.293151  773.070811  18.372292  0.112926  0.065999  0.047080
2530  824.251255  1624.619694  18.659968  0.074432  0.297050  0.054403
2532  1765.107345  26.178383  20.657869  0.255775  1.407416  0.130149
2534  737.724343  1395.990641  20.761234  0.292613  1.277106  0.338358
2536  370.904106  789.866015  19.202113  0.164684  0.453640  0.055037
2542  1319.593441  1263.499231  20.547485  0.290466  1.795884  0.119823
2543  1576.684223  939.852011  20.481154  0.097953  1.067532  0.177355
2544  1286.864734  1687.001154  20.781399  0.178311  1.463085  0.114892
2545  1279.035060  1389.397826  20.566814  0.202829  1.773485  0.103621
2548  708.807930  1167.625799  21.249449  0.123959  1.989437  0.254995
2549  1182.220704  206.268168  21.160942  0.249274  1.791824  0.153294
2550  247.789370  383.264410  19.291848  0.150501  0.855846  0.063638
2552  56.472992  99.471533  21.229295  0.160631  1.941026  0.233617
2554  1062.642282  54.264248  20.527417  0.226262  2.344480  0.134247
2562  920.461296  1919.554990  20.391832  0.108797  1.000734  0.194619
2563  201.458109  544.091799  20.211808  0.259617  0.769289  0.339853
2564  1061.464522  106.080599  21.060483  0.118877  1.803407  0.327905
2566  1701.451590  760.483841  21.351451  0.216558  1.802770  0.231482
2570  1992.106815  1790.057148  21.087154  0.150403  1.733324  0.148132
2574  511.254841  337.452232  20.084784  0.197358  0.950266  0.171945
2575  1506.293371  1157.218735  21.222116  0.306193  1.450733  0.204658
2581  74.114067  664.079432  20.675801  0.258937  1.463287  0.155448
2584  1815.814442  487.037732  21.170737  0.207556  2.654603  0.151896
2585  747.041063  264.859014  21.660687  0.152974  2.153993  0.176884
2588  261.366651  983.592095  19.213044  0.092012  0.531447  0.122095
2596  289.285666  1368.079052  20.803113  0.138776  1.085176  0.198383
2602  1525.023271  1563.631872  20.555699  0.147547  0.999313  0.122840
2603  1414.826153  355.535377  21.168032  0.275975  1.255658  0.243896
2610  1430.387459  2044.218828  20.843974  0.119786  1.254195  0.134748
2613  321.304042  819.434917  20.275813  0.149993  0.728006  0.106740
2615  1354.256523  1096.114798  20.368912  0.180906  1.085665  0.189322
2618  1190.059919  130.685959  20.377033  0.138165  1.445192  0.167014
2621  263.286785  1226.624378  21.145163  0.244247  0.910833  0.217644
2622  1692.589355  178.000882  21.828373  0.146107  1.673927  0.149523
2626  1219.502188  935.922672  19.495564  0.087290  0.664575  0.136190
2630  1810.016096  1275.009810  20.891085  0.135633  1.100432  0.243556
2631  298.924793  1088.128550  19.595913  0.153564  0.821158  0.089173
2633  689.463674  1232.956840  20.952703  0.254724  1.372595  0.207849
2637  1352.566161  1367.822640  20.397912  0.107207  0.595706  0.234240
2638  375.226853  126.520108  20.623759  0.432389  1.439345  0.213696
2643  1355.415465  1134.992067  19.376326  0.091098  0.173113  0.069417
2646  813.128307  956.241635  20.071884  0.163804  0.607225  0.219555
2649  1453.937046  2042.164977  20.012190  0.218755  0.816680  0.117418
2654  468.973379  826.221964  20.328736  0.164783  0.382693  0.146638
2656  1810.302728  840.009924  20.394126  0.187132  0.795695  0.188531
2657  83.752021  253.737959  20.504826  0.179186  1.003201  0.151540
2660  1600.214511  266.876247  20.259097  0.149139  0.918160  0.109469
2665  1808.398711  1538.041101  19.381960  0.131565  0.487555  0.107169
2667  1433.757791  2043.965232  20.176537  0.106791  1.041024  0.098646
2669  1530.958689  1038.136201  19.910691  0.105310  0.586710  0.099160
2672  1144.473126  1055.159490  20.120134  0.108822  0.660067  0.182393
2675  924.686140  1635.908294  20.115780  0.131559  0.359055  0.143073
2677  497.909423  509.009442  20.958618  0.192527  0.843439  0.161867
2680  150.092541  903.729435  20.871339  0.284159  0.485825  0.246445
2681  1648.338034  1162.198821  20.289025  0.218099  0.550358  0.110092
2685  1678.297337  693.400558  21.447512  0.188998  0.968413  0.174034
2686  646.387535  1498.870289  20.814839  0.107352  0.409984  0.116004
2698  487.919642  1479.087564  21.053623  0.163934  0.836888  0.332183
2700  911.691120  276.206726  21.583309  0.462951  0.857883  0.144389
2709  494.460818  50.579762  20.711844  0.202522  0.434838  0.182655
