# id  x  y  V  eV  BV  eBV
17  1188.922040  1056.852562  21.490876  0.244446  1.700312  0.338847
117  965.426586  1058.676040  21.264431  0.274134  1.166034  0.285073
119  1076.364104  1019.986760  20.629250  0.249418  1.704250  0.197502
120  1177.755361  828.254802  21.032215  0.169549  1.676234  0.173366
121  1003.677901  1022.629007  20.903926  0.165964  1.645207  0.122380
122  1103.566623  1156.159672  20.713332  0.137076  1.658703  0.102602
123  981.825577  927.139820  20.724502  0.176955  1.517696  0.123083
124  1014.351688  996.308705  20.727805  0.330572  1.532696  0.140956
125  955.109233  921.758351  20.494460  0.244746  1.434755  0.127611
126  897.455104  906.582057  20.591742  0.195571  1.564796  0.101805
127  1112.195113  949.085553  20.774449  0.160823  1.761381  0.121203
128  1115.160699  1100.930253  20.424306  0.156946  1.443957  0.151202
129  980.755784  1039.397765  20.684222  0.136651  1.724604  0.169899
130  997.345505  999.224156  20.613153  0.125102  1.408486  0.095236
132  946.231603  1100.062269  20.764391  0.158445  1.440443  0.119346
133  1084.126290  1022.859325  20.283798  0.124037  1.413861  0.149506
134  1012.599644  891.788165  20.433850  0.124795  1.647168  0.155018
135  955.129528  1173.020897  20.181525  0.156267  1.257399  0.124504
136  1093.166100  1053.796680  20.294082  0.100849  1.592898  0.200338
137  912.864870  1244.817531  20.173901  0.156905  1.693834  0.211857
138  1087.553352  1062.399570  19.954094  0.141425  1.341912  0.182088
139  959.680655  1097.225585  20.068642  0.092884  1.480873  0.197023
140  886.474609  964.809748  20.273307  0.137277  1.558636  0.103395
141  955.334615  1015.171092  20.002394  0.122526  1.628462  0.150040
142  1183.301222  1110.961193  20.209177  0.079293  1.642421  0.140745
143  1044.057928  1096.704430  20.105146  0.119900  1.762045  0.106198
144  934.073385  936.591196  20.233753  0.196644  1.545159  0.145592
145  1195.619226  877.516022  20.012616  0.170586  1.546781  0.081133
146  1065.189765  1036.549222  20.065331  0.087860  1.616505  0.094862
147  1056.179814  1077.440635  19.983429  0.142736  1.661167  0.084313
148  1061.902459  1100.091249  19.702525  0.125815  1.496400  0.136401
149  1026.468864  1182.309315  19.622263  0.206776  1.574459  0.081599
150  1078.810665  1202.149212  19.628325  0.098820  1.476787  0.083404
151  1120.069980  1000.118948  19.755147  0.069813  1.643165  0.133272
152  1111.131238  996.656312  19.456382  0.108802  1.589187  0.137842
153  910.626734  1025.371525  19.635596  0.113116  1.468622  0.091048
154  843.918705  952.022876  19.487730  0.073745  1.158280  0.146027
155  1012.482621  977.499116  19.468501  0.149483  1.371150  0.177363
156  908.192809  964.455711  19.367254  0.110118  1.542644  0.120812
157  973.794468  1033.858314  19.321000  0.171139  1.478021  0.085897
158  1065.489736  1079.738778  19.445802  0.096514  1.478078  0.102905
159  974.606008  979.694715  19.292136  0.111217  1.491163  0.084257
160  957.589135  1110.704701  19.285055  0.080173  1.415368  0.104796
161  999.825736  986.319749  19.141855  0.093961  1.475082  0.125544
162  976.240435  1131.517686  19.320043  0.065515  1.512398  0.148090
163  1097.716756  978.201313  19.143792  0.079272  1.386018  0.074673
164  1019.822920  982.473871  19.087204  0.070343  1.168898  0.107407
165  1078.457610  1000.001884  19.127357  0.126006  1.494067  0.128869
166  926.497690  1036.318147  19.075442  0.089663  1.368153  0.056320
167  989.351014  1101.641626  19.065946  0.128476  1.483679  0.115324
168  1147.011543  1046.267044  18.985612  0.064260  1.326951  0.054045
169  875.583263  995.201024  18.910054  0.125369  1.384056  0.147244
170  944.206029  1120.614851  19.009787  0.102759  1.084596  0.113298
171  881.133670  1047.891005  18.759344  0.164048  1.343713  0.093427
172  1185.917215  968.105267  18.752302  0.067337  1.423079  0.085645
173  1100.466381  1009.502167  18.558624  0.109504  1.333262  0.076926
174  1004.153528  1045.030154  18.665673  0.179282  1.236197  0.134085
175  1115.258368  1018.852065  18.579026  0.070905  1.154760  0.154341
176  1038.920970  1127.271322  18.500654  0.061004  1.296947  0.102322
177  1024.465449  897.402839  18.247586  0.073637  1.227800  0.125564
178  968.212869  1210.153185  18.326255  0.091064  1.327942  0.096328
179  1008.101970  1005.859246  18.132552  0.086883  1.283231  0.124035
180  962.272276  898.152366  18.003086  0.099401  1.257520  0.048651
181  1069.757747  1158.383206  17.935378  0.089550  1.342523  0.074785
182  1002.127503  1160.998932  17.969007  0.044122  1.298345  0.070132
183  1042.878689  1127.599923  17.869095  0.146842  1.286814  0.085480
184  997.832929  898.197524  17.797635  0.061565  1.361008  0.061086
185  953.722204  1045.334323  17.659705  0.098583  1.327987  0.053613
186  1033.833226  1031.151247  17.549037  0.047742  1.173765  0.045749
187  1138.089902  919.081042  17.380587  0.042783  1.226945  0.069572
188  958.967603  1027.978220  17.233494  0.034696  1.278399  0.074558
189  1103.866122  1101.770056  17.091033  0.083322  1.312089  0.035566
190  1186.077245  896.981852  17.044305  0.064028  1.209344  0.055441
191  1060.650660  1016.875971  17.009034  0.034506  1.293125  0.077058
192  1081.444823  1006.816788  16.834917  0.048718  1.181728  0.038254
193  949.965332  905.842606  16.848600  0.049817  1.250186  0.047274
194  1074.059182  983.511839  16.311910  0.083781  1.192220  0.042466
195  1029.310177  1235.996836  16.299409  0.048503  1.150336  0.054879
196  925.393797  1131.900334  16.205695  0.057814  1.174842  0.040309
197  877.816791  944.274330  15.908614  0.044357  1.211312  0.045811
198  978.485801  903.062589  15.594010  0.049924  1.087273  0.040538
199  1190.127104  1094.413558  15.626606  0.069175  1.105519  0.056452
1100  966.977987  896.730972  15.139321  0.040482  1.007766  0.060812
1101  1045.998141  972.239360  14.899297  0.052435  0.964933  0.071831
1102  1027.385221  1151.990497  14.650383  0.043328  0.940235  0.037338
1103  1021.722685  1095.013437  14.441936  0.026247  0.960010  0.027264
1104  1170.957906  996.513444  14.012590  0.053307  0.803828  0.054262
1105  1050.789827  1024.676311  13.901074  0.053615  0.863397  0.024566
1106  1158.646907  1005.262275  13.733805  0.058073  0.796780  0.035342
1107  1018.862674  1028.634173  13.135788  0.021030  0.689962  0.024415
1108  1059.948626  975.614566  13.030664  0.023686  0.647828  0.054034
1109  941.955564  987.475292  12.531900  0.033318  0.654867  0.048019
1110  939.296952  1112.583946  12.232075  0.024207  0.592695  0.035956
1111  1162.172785  1035.990057  11.668893  0.024988  0.446811  0.021753
1112  1010.389484  1135.060541  11.445555  0.029246  0.378763  0.026925
1113  962.341519  1008.888873  10.797712  0.031768  0.275475  0.033344
1114  1163.759514  1046.430085  10.328412  0.037729  0.150346  0.028352
1115  911.462605  1016.229294  10.001530  0.017180  0.044685  0.024871
1116  1042.661478  1030.214492  9.665288  0.021542  -0.025319  0.026693
1117  1131.810161  1108.544143  9.318673  0.028020  -0.051200  0.025694
1118  1165.622845  1062.471987  8.530443  0.029134  -0.106158  0.016041
1119  1017.974026  1117.917430  7.414697  0.041940  -0.124960  0.022400
1120  1015.008338  1065.135165  1.222102  0.027696  1.365317  0.024354
20  1087.810796  409.436776  11.659016  0.026814  2.616968  0.027626
21  1943.468427  937.851619  9.173522  0.031518  0.905445  0.031276
22  1286.838298  712.644671  10.240872  0.017879  1.089883  0.034232
23  1700.174546  293.453567  10.033497  0.035526  0.719356  0.022352
24  1656.234228  1409.766050  11.928131  0.027684  1.899766  0.023674
25  308.249454  442.423269  9.306437  0.016417  0.260151  0.025986
26  670.616348  78.024433  11.745429  0.038839  1.556040  0.025156
27  26.071927  81.059669  11.432901  0.019921  1.273014  0.017863
28  631.754531  775.924627  10.253075  0.027998  0.507426  0.026418
29  399.560504  680.472890  8.900956  0.025293  -0.051901  0.021604
210  1843.279428  316.516671  15.403115  0.034427  3.414135  0.038469
211  2047.969753  868.105867  16.112445  0.044179  3.657298  0.031913
212  779.862501  1642.687341  10.495982  0.040502  0.161007  0.019609
213  888.212558  556.914208  10.549997  0.021814  -0.023707  0.041277
214  156.605622  1072.784204  11.086243  0.037322  0.309706  0.022075
215  1129.923810  471.837416  11.332290  0.020854  0.383943  0.028040
216  267.530179  1602.012488  10.423399  0.020357  -0.062750  0.034995
217  1502.071970  1135.683821  11.695548  0.037673  0.638116  0.017298
218  817.946194  64.544386  11.789359  0.042977  0.142363  0.018539
219  600.812660  296.902329  16.199643  0.034041  2.685398  0.070111
220  1517.651571  545.688843  11.036930  0.019531  -0.148898  0.047904
221  626.139709  1339.373969  11.605039  0.017851  0.183528  0.029044
222  1848.141358  1599.285260  13.950288  0.039284  1.323781  0.033096
223  755.617778  1178.231144  11.661943  0.043382  0.027194  0.031006
224  1476.688217  416.370346  13.087105  0.022920  0.496852  0.049023
225  1126.807281  437.290522  14.690276  0.085723  1.480595  0.053493
226  465.592092  706.666272  12.904832  0.018744  0.660942  0.024003
227  953.743050  1679.557314  17.750808  0.054763  3.205056  0.074165
228  1751.792019  560.736967  15.882688  0.062095  2.225262  0.027924
229  1407.901062  1566.636104  12.574053  0.049845  0.073418  0.039752
230  1552.242551  1383.789529  12.708917  0.024685  0.060216  0.020142
231  1387.184371  1428.804204  18.326893  0.054671  3.197256  0.087759
232  1161.301641  560.415590  14.737456  0.035139  1.202777  0.034600
233  977.997010  1868.954841  17.077631  0.094953  2.619585  0.035106
234  1853.750288  1205.831334  16.308893  0.090396  2.071097  0.041794
235  1323.194230  1110.615479  13.162298  0.046456  0.433150  0.020313
236  428.617614  1506.829788  13.588658  0.024804  0.606407  0.023472
237  290.331586  778.218689  17.287565  0.051389  2.717626  0.086722
238  994.759533  763.024337  15.990824  0.040486  1.755248  0.055410
239  1499.115529  1403.352076  14.482901  0.047842  0.976273  0.027413
240  1614.621323  385.878345  15.107750  0.052051  1.148113  0.030045
241  110.895974  986.255868  15.690093  0.036667  1.397429  0.027530
242  602.668266  1051.537673  17.581241  0.072278  2.491977  0.045458
243  643.161820  652.696904  12.670271  0.033965  -0.153039  0.047535
244  1160.810157  483.655511  18.179666  0.051976  2.892223  0.113724
245  427.891132  882.088399  18.787466  0.123537  3.244988  0.057064
246  1064.842829  235.008312  14.008425  0.028169  0.491618  0.028277
247  529.389377  614.899688  13.657951  0.039468  0.388248  0.054931
248  1606.817280  786.866667  13.418039  0.044038  0.370215  0.040342
249  439.856786  2024.492615  14.571017  0.023575  0.836154  0.072462
250  1181.345441  1699.961196  14.871855  0.036266  1.008331  0.043800
251  434.341348  1669.045915  13.986418  0.049458  0.632730  0.055307
252  1213.362997  491.869318  15.735477  0.029986  1.201993  0.034895
253  1040.359091  1895.437917  14.376351  0.051666  0.530810  0.031198
254  1897.847675  34.959767  14.658267  0.037102  0.534065  0.041957
255  1525.308771  279.358563  14.259976  0.065721  0.275754  0.055786
256  387.629526  523.954918  14.546501  0.045938  0.577788  0.022157
257  1250.151668  581.828407  20.179374  0.252957  3.679708  0.147054
258  168.196761  1839.773735  14.964665  0.027781  0.601430  0.031189
259  573.608063  703.444097  15.650083  0.031997  0.990959  0.051406
260  833.104072  1644.311353  14.790944  0.024373  0.799036  0.070948
261  1293.448262  994.805204  18.574030  0.067013  2.906871  0.074949
262  262.142013  1154.509900  15.375927  0.055132  0.824727  0.032968
263  1402.107455  1206.741047  14.778810  0.052478  0.689372  0.051214
264  166.528601  335.432000  19.726319  0.071518  3.421850  0.082417
265  1180.937120  1307.530759  14.891698  0.067934  0.655765  0.022926
266  907.734403  83.540449  14.358080  0.033174  0.530930  0.059041
267  1392.233936  1990.781275  14.516011  0.058109  0.738462  0.031795
268  912.667449  1906.074713  17.671587  0.042835  2.089789  0.081988
269  532.056714  970.627996  15.452194  0.044426  1.027730  0.032322
270  1162.944329  924.184101  16.598273  0.036550  1.753942  0.040646
271  394.406447  132.873358  15.032485  0.023437  0.756584  0.026819
272  258.416541  205.660730  15.869079  0.033171  1.006717  0.034795
273  2013.500449  1539.332807  16.718051  0.046464  1.504482  0.045287
274  255.264131  709.455706  15.860430  0.057948  1.049904  0.036545
275  169.628736  1076.768273  17.237773  0.057882  1.634845  0.071543
276  1803.889914  1872.027645  15.158519  0.033004  1.096603  0.048438
277  1863.209569  837.341311  16.004049  0.052754  0.769153  0.051925
278  302.162579  1497.991625  15.828166  0.030408  1.517303  0.080464
279  527.456597  1745.185173  15.297595  0.051937  1.393716  0.025501
280  1356.448888  1552.387795  16.653226  0.040217  1.464371  0.036558
281  325.929902  1829.328651  14.948221  0.027159  0.446832  0.026033
282  453.090378  1379.677857  18.085347  0.044624  2.113268  0.085132
283  1223.727201  1647.647207  15.109691  0.026758  0.799616  0.036055
284  1617.923519  1940.281145  17.347218  0.058177  1.619172  0.071550
285  1124.542815  1215.625414  15.137072  0.043910  0.630331  0.028448
286  864.022366  423.745690  18.204039  0.092641  2.306139  0.096092
287  382.278387  1219.873012  19.063643  0.056774  2.816033  0.079074
288  1792.349451  775.259685  18.592028  0.125756  2.367799  0.104947
289  868.251904  1384.272912  14.665886  0.029448  0.362374  0.033287
290  849.786199  37.266498  20.408054  0.174420  3.078438  0.165124
291  1239.744732  1193.855588  17.484235  0.052571  1.808347  0.125766
292  380.012025  696.111509  15.977114  0.071703  1.194603  0.079351
293  1707.474878  1887.650045  15.296937  0.065730  0.636506  0.038508
294  1698.647810  463.957967  17.368482  0.047697  1.709491  0.055931
295  1993.604753  1699.454119  17.613525  0.105773  1.882601  0.120728
296  1191.023803  640.371485  15.271228  0.033847  0.747161  0.055277
297  1146.936504  18.550471  18.294980  0.065043  2.363730  0.122714
298  1911.675179  316.269591  16.629936  0.063612  1.438188  0.055812
299  1860.166084  895.059612  15.628917  0.054564  0.999891  0.028246
2100  1167.254644  1174.464664  16.391797  0.046572  0.950380  0.038467
2101  1498.343898  507.412178  16.317915  0.042392  0.832630  0.035289
2102  1328.690386  451.532440  16.517406  0.049264  1.459135  0.037856
2103  464.443090  40.294370  16.584938  0.034297  1.613430  0.032910
2104  1031.303310  588.560059  19.274452  0.062506  2.089836  0.113117
2105  300.781346  552.409346  17.987109  0.056144  1.996270  0.057101
2106  344.107133  1659.035081  15.866335  0.042443  0.392906  0.028498
2107  970.243105  1599.949931  17.213200  0.052610  1.173735  0.075260
2108  1982.975626  1904.604175  16.459207  0.057235  1.311842  0.052833
2109  1060.194101  524.133496  19.632586  0.075142  2.717083  0.150326
2110  1935.688401  1947.678624  18.032504  0.081506  2.028392  0.057720
2112  1702.428051  1519.506665  16.574525  0.076048  0.873824  0.045973
2113  715.508491  1084.394677  16.343368  0.073147  0.757665  0.070773
2116  428.558103  951.455047  16.621843  0.053332  1.071918  0.064055
2117  1926.615242  9.473464  15.847217  0.053863  0.472204  0.069046
2118  1180.801531  247.788636  15.918536  0.036463  0.654657  0.028064
2119  174.292252  722.511097  15.321005  0.031743  0.173687  0.046428
2120  199.108543  585.290773  16.179216  0.046471  1.192211  0.051234
2121  1698.466541  1066.992853  16.417483  0.086820  0.946418  0.062984
2122  895.509865  1845.963635  19.983538  0.211164  3.125731  0.151250
2123  1306.723030  1723.563308  17.202171  0.091215  1.224977  0.060521
2124  156.574019  1328.755434  16.799660  0.031660  1.172974  0.035064
2126  2004.249349  1923.807439  15.603345  0.074268  0.406013  0.063638
2127  1298.925814  624.564956  15.748206  0.060178  0.439857  0.041651
2128  1433.143769  389.295363  15.574250  0.051278  0.284998  0.046764
2129  1367.323766  693.162466  16.743253  0.045785  0.996338  0.070886
2130  1691.853119  1903.724826  16.533741  0.057633  0.794320  0.042603
2131  1571.766133  850.388536  16.235179  0.031091  1.348475  0.076463
2132  1548.335447  1492.390849  14.787332  0.065785  -0.035149  0.038662
2133  525.480357  1395.105312  19.190039  0.107979  2.450381  0.173415
2134  123.823705  652.190661  18.923268  0.083317  2.337377  0.104166
2135  1447.946324  254.481829  17.526226  0.058788  1.514494  0.058875
2136  1515.111187  1317.104997  18.702429  0.060495  1.839358  0.105229
2137  1351.970433  1788.471185  17.604271  0.041412  1.557721  0.081810
2138  1295.213131  1190.227658  17.067754  0.076672  1.691354  0.051186
2139  241.948853  1949.477465  19.414214  0.094677  2.010158  0.086552
2140  1467.123678  449.536637  18.084485  0.046122  1.440452  0.146878
2141  257.672929  1403.209833  17.463030  0.060311  1.253558  0.082260
2142  288.325526  144.876142  16.708892  0.097008  0.462711  0.031814
2143  713.472292  1329.200347  18.013395  0.104063  2.189167  0.099010
2144  1635.456869  945.093174  17.033150  0.059478  1.083104  0.046646
2145  1258.049388  396.552685  19.556221  0.120161  2.483853  0.108585
2146  1007.570375  939.527278  19.908074  0.085616  2.204507  0.115508
2147  1272.435884  1051.001325  19.632891  0.133224  2.414220  0.207683
2148  413.311640  1042.760255  17.474012  0.084480  1.152022  0.054686
2149  298.401340  430.420664  16.118620  0.061023  0.442023  0.034908
2150  1931.257498  1609.753419  18.513093  0.050855  1.768915  0.052943
2151  86.467697  1644.854939  16.537958  0.057009  0.609368  0.040075
2152  719.476668  329.865561  19.630444  0.170111  1.984036  0.070563
2153  1775.828695  2012.628998  17.716665  0.048981  1.830415  0.057476
2154  1786.296557  455.446543  17.208346  0.038081  0.918549  0.038879
2155  679.764097  1914.440090  20.047625  0.167782  2.523799  0.197719
2156  260.482158  995.148943  16.992869  0.033168  0.755441  0.066480
2157  445.821712  82.843897  17.952387  0.098953  1.265295  0.071887
2158  1241.824018  788.638594  20.058574  0.134563  2.543993  0.140696
2160  1753.999810  1601.964539  17.057446  0.047530  1.022972  0.036369
2161  1260.237921  1488.089146  19.037181  0.058582  2.099788  0.154503
2162  1628.600573  1921.508826  19.308950  0.216869  2.273849  0.089113
2163  1530.641592  2012.827090  16.063076  0.051879  0.277605  0.037453
2164  895.641850  325.149737  17.095133  0.049172  1.028786  0.050337
2166  649.061880  1009.885300  20.334338  0.117888  2.607337  0.108705
2167  1974.119638  54.176372  20.301850  0.118658  2.425321  0.179094
2168  1005.895399  1008.139341  20.732514  0.149934  2.888221  0.099779
2169  1447.370498  1475.183739  20.010149  0.134020  2.228684  0.071780
2170  1163.627130  94.785215  20.954648  0.111161  3.120560  0.135326
2171  697.617455  386.498925  17.436111  0.059729  1.201371  0.120050
2172  1210.519392  282.829574  18.398242  0.048390  1.664088  0.047888
2173  1819.588550  1095.773218  15.273211  0.036543  -0.053253  0.024392
2174  958.818155  1889.263025  18.601268  0.103675  1.891346  0.084658
2175  1229.115455  1997.086600  17.063239  0.059627  1.545466  0.105606
2176  2031.606251  1475.510337  19.667611  0.172443  2.253632  0.073823
2177  874.832254  1945.273017  18.081759  0.115624  1.436239  0.091193
2178  165.715205  1508.977732  17.040077  0.039636  1.343584  0.036473
2180  1747.612703  1190.989708  16.903803  0.043248  1.335824  0.043310
2181  73.873211  1919.223632  18.552480  0.055654  1.790913  0.112396
2182  1073.398242  238.703436  16.987922  0.050254  0.941072  0.081342
2183  1050.554212  1072.062747  17.481577  0.084134  1.097114  0.053386
2184  251.682772  1398.479842  16.775910  0.054514  0.975221  0.057725
2185  973.673934  551.551478  17.333651  0.046550  0.982136  0.036471
2186  1160.008374  126.320340  16.702166  0.035920  0.820799  0.054991
2187  1118.536171  170.183149  18.496937  0.167692  1.232013  0.190760
2188  119.576780  1495.539922  18.910016  0.092224  1.657905  0.094698
2189  26.713680  1035.789845  18.027089  0.050885  1.650904  0.124895
2190  1412.312402  905.332491  18.590693  0.093373  1.701730  0.077039
2191  594.040449  1861.401421  19.386810  0.079093  1.823168  0.118733
2192  259.760183  669.965570  16.518150  0.051733  0.317334  0.041653
2193  642.996981  478.107863  19.015289  0.118171  1.698949  0.134422
2194  75.689498  944.231909  18.371115  0.049606  0.955209  0.120140
2195  657.314007  183.622407  19.217092  0.150950  1.552994  0.118344
2196  558.833507  1026.841098  19.299374  0.247251  1.664171  0.077809
2197  602.262931  1925.238249  18.372813  0.122100  1.288140  0.055252
2198  7.409029  468.959847  17.799466  0.082633  0.855744  0.078629
2199  1950.449953  613.505651  19.681478  0.110815  2.114839  0.109094
2200  1133.315046  1487.295606  20.556132  0.124425  2.315369  0.128941
2201  229.886812  1749.332730  19.860343  0.140975  1.898590  0.094452
2202  56.789056  2043.948024  18.246689  0.048353  1.065052  0.055523
2203  1365.772181  762.354780  17.718949  0.060701  1.031236  0.074165
2204  1135.250968  1856.653854  18.425282  0.077324  1.436634  0.079655
2205  1750.948555  1823.453103  17.875903  0.064285  1.518194  0.050131
2206  941.281753  1495.766230  20.586954  0.089081  2.831712  0.182909
2207  1051.659358  572.634896  17.877645  0.051231  0.998520  0.066107
2208  1577.007310  1646.364598  18.531569  0.128352  1.423133  0.086973
2209  1284.164831  64.994551  16.615302  0.033063  0.359726  0.060860
2210  1821.351331  112.689755  18.567836  0.063840  1.412764  0.100949
2211  134.536194  430.890488  18.536375  0.074897  1.140453  0.099178
2213  1965.613772  839.239629  20.243670  0.305596  2.624869  0.148924
2214  804.716944  1855.425776  19.925004  0.089395  1.881644  0.111607
2215  926.138235  579.757166  19.188470  0.121343  2.316878  0.217490
2216  1210.779103  698.937495  19.331092  0.078916  1.863230  0.125992
2217  813.482690  1015.401381  18.402613  0.060282  1.165309  0.069526
2218  387.915703  1195.237696  19.434770  0.182010  1.966112  0.079593
2219  90.330988  783.774597  17.572103  0.102488  1.078540  0.071464
2220  238.300097  1178.845048  18.751889  0.075227  1.467756  0.085166
2221  1051.317205  1779.521275  18.813305  0.069935  1.608426  0.055723
2222  1981.934825  567.019442  18.453635  0.054873  1.079538  0.105585
2223  1669.925156  1106.834091  18.523307  0.093481  1.102138  0.085392
2224  838.333179  596.974149  20.595515  0.091501  2.569822  0.171645
2227  1557.112992  94.224556  18.274250  0.089235  1.420214  0.070714
2228  523.926649  124.039067  17.462899  0.086916  0.619636  0.039118
2229  1117.171672  408.339569  18.908681  0.157422  1.847986  0.110363
2230  1175.821481  793.675573  19.748338  0.108431  1.812982  0.092216
2231  1803.342971  695.962258  17.241320  0.040328  0.389713  0.064582
2232  1739.952424  605.110905  17.710371  0.068898  1.019849  0.056686
2233  1168.443400  1006.629822  16.336857  0.029771  0.211950  0.044940
2234  44.621045  462.134123  18.921869  0.066841  1.413879  0.101065
2236  1791.835543  338.756474  17.961137  0.107134  0.625428  0.122414
2238  1955.419219  1637.380074  18.952548  0.091132  1.541029  0.061780
2239  737.321661  1652.935693  19.877468  0.077948  2.285967  0.124194
2240  1473.723874  801.447476  16.513224  0.038468  0.204628  0.036769
2241  1290.661286  792.247347  17.978200  0.061307  0.968272  0.069390
2242  843.494651  1163.592681  19.666782  0.084373  1.818417  0.123091
2243  1935.889242  1651.042178  18.275141  0.048208  1.759606  0.105693
2244  1830.151337  1009.202962  18.655437  0.065060  1.453677  0.068830
2245  1305.641672  196.301378  20.267857  0.129707  3.002232  0.215239
2246  819.600470  772.995221  19.342453  0.132333  1.731166  0.101572
2247  529.619565  1645.980372  19.636741  0.068887  1.869982  0.087097
2248  733.773863  543.374688  18.186692  0.119108  1.209956  0.102486
2249  1492.635089  1980.710363  18.418158  0.117160  1.176902  0.092974
2250  1489.459545  1425.175751  18.581477  0.096053  1.168152  0.115718
2251  2016.575857  1406.428269  20.575450  0.114511  2.814700  0.196052
2252  1914.908701  738.965039  18.744215  0.114403  1.260803  0.072951
2253  1257.229136  800.182935  18.487874  0.052029  1.453149  0.093152
2254  712.917976  1481.356554  17.712630  0.112041  1.347878  0.053203
2256  1637.005927  333.716616  18.267136  0.125192  1.301649  0.125760
2257  1739.111577  1538.516012  20.597616  0.297514  2.305685  0.197606
2258  87.296587  1112.117634  18.207846  0.046535  1.289190  0.069384
2259  604.011219  1929.849469  17.107999  0.094738  0.500989  0.075862
2260  1564.368271  812.967068  19.631439  0.094800  1.633055  0.161999
2261  935.213193  2046.016761  19.346321  0.115600  1.403574  0.068066
2262  1075.337995  1432.583363  20.280899  0.128559  2.240554  0.137966
2263  1548.921808  1621.158490  18.735490  0.062617  1.254341  0.051817
2264  49.425007  1989.430042  20.353538  0.129160  1.625181  0.247696
2265  1551.314153  583.510799  19.360611  0.129315  1.631870  0.120938
2268  1888.570272  161.941455  19.214107  0.086322  1.500946  0.074377
2269  174.749168  376.986883  19.293965  0.095757  1.473975  0.074351
2270  1754.989314  640.894829  19.916940  0.072711  1.621004  0.114421
2271  847.943074  458.437498  19.273788  0.099812  1.287686  0.090637
2272  310.008311  1050.968153  19.380454  0.126367  1.292552  0.094732
2273  1845.667503  553.949009  18.984198  0.060278  2.005670  0.097010
2274  711.119331  1071.381694  19.188074  0.109610  1.436004  0.098445
2275  1802.292670  852.841818  19.847941  0.106922  1.592311  0.199896
2276  1428.567708  99.842525  18.842486  0.101108  1.256557  0.081839
2277  21.337084  1109.364664  19.270937  0.060023  1.341047  0.081002
2278  1980.602744  973.687890  20.260894  0.309672  1.874735  0.097461
2279  1707.874800  324.407906  19.472902  0.137134  1.578711  0.095020
2280  150.675546  1593.096083  19.197177  0.165577  2.041409  0.070402
2281  804.801065  681.115685  20.696239  0.163224  2.289283  0.167032
2283  386.350045  456.883746  21.135886  0.170609  2.409201  0.215726
2284  650.625160  497.157657  18.907981  0.077388  0.992524  0.086444
2285  456.678041  236.265193  20.447797  0.091751  2.169468  0.148357
2286  1079.721046  69.245067  19.015275  0.101844  1.597522  0.089076
2287  490.523787  908.358212  19.047419  0.119049  1.277944  0.067236
2288  973.345165  1758.805382  19.017464  0.072305  1.189759  0.109228
2289  151.735457  1365.909184  18.943735  0.078441  1.046277  0.147925
2290  115.597266  1322.037246  19.080660  0.116099  1.716039  0.143465
2291  1288.822499  1247.871688  20.763533  0.147932  2.457592  0.163353
2293  1149.459026  420.940846  18.746419  0.136086  1.032375  0.129371
2294  798.218355  224.981850  19.498538  0.125404  1.580949  0.064117
2296  743.183179  1915.031808  16.591637  0.063845  -0.008225  0.053226
2297  1200.494389  1649.145956  18.629448  0.072619  1.176197  0.071846
2298  516.024130  1140.855438  19.565406  0.212310  1.640806  0.103871
2299  1612.058468  784.217400  21.056387  0.163739  2.103947  0.206829
2300  1615.598509  327.331389  19.335495  0.102754  1.169295  0.102342
2302  721.514252  646.136600  20.208191  0.101909  2.080854  0.096511
2303  505.221601  69.311002  19.630618  0.110405  1.507244  0.066651
2304  405.483597  292.572865  19.295719  0.144916  1.355563  0.103979
2305  884.038677  1155.558495  18.891389  0.089556  1.330226  0.067451
2306  1794.415739  195.837727  19.444490  0.080765  1.459819  0.089527
2307  169.793284  1621.400796  21.205812  0.123026  2.144258  0.325589
2308  709.261496  1446.321874  17.706324  0.069274  0.430392  0.098729
2309  1386.321977  1661.997961  18.533285  0.108743  0.839889  0.086347
2310  1716.759490  824.400674  20.197617  0.095994  1.786574  0.189219
2311  1440.057345  1631.366640  18.905490  0.117930  1.105401  0.081714
2312  1744.004320  100.789253  16.886856  0.078082  0.029090  0.031922
2313  287.318292  722.501033  18.790346  0.063825  1.130108  0.084937
2315  1371.517376  1279.436206  19.786520  0.111223  1.585576  0.218548
2316  432.029762  1271.700932  19.981074  0.155426  1.733718  0.161769
2317  1569.878382  797.988253  20.179133  0.170693  1.757147  0.122935
2318  61.258429  1686.527355  19.530010  0.135704  1.630532  0.171428
2319  532.828371  234.940145  19.647530  0.184023  1.408264  0.145499
2320  613.002428  935.343751  19.458881  0.091955  1.485885  0.080133
2321  1908.774617  1386.460710  19.446403  0.187692  2.554055  0.106028
2322  876.322257  561.849224  19.137704  0.107943  1.159595  0.064392
2323  1424.617426  1495.651919  19.222745  0.172876  1.648050  0.088909
2324  141.963820  120.178254  19.822292  0.166529  2.605283  0.138143
2325  391.128785  1993.963574  20.250878  0.174191  2.353314  0.252017
2326  604.437027  1728.693093  19.063608  0.109568  1.141916  0.108644
2327  1666.232113  1608.443955  19.786655  0.071539  1.603866  0.100620
2328  634.186079  1416.834072  17.739951  0.067733  0.539536  0.094513
2329  140.969383  1684.469696  17.559723  0.042227  0.390134  0.050887
2330  803.809196  35.136650  19.641746  0.078805  1.762234  0.173588
2331  1046.737488  678.811574  18.538672  0.094220  1.007350  0.065725
2332  871.786929  559.341183  18.796225  0.055575  1.864970  0.055965
2333  1984.319735  1586.185214  18.596442  0.094173  1.397652  0.059445
2334  1258.801068  955.154412  18.621058  0.091689  1.437226  0.097558
2335  2041.700975  1486.051540  20.320260  0.206435  2.166505  0.181851
2336  34.950317  983.922796  19.445103  0.079983  1.401865  0.108627
2338  1274.632466  1770.530075  18.823939  0.055086  1.283907  0.143809
2339  418.850417  2019.420309  21.126692  0.335001  2.155145  0.229139
2340  233.817605  200.938873  18.824910  0.053219  1.919634  0.061191
2341  1826.920904  1686.035362  19.872102  0.102594  2.118164  0.165080
2342  102.682625  836.223530  18.497003  0.063788  0.945638  0.066220
2343  527.965854  1442.003036  20.188615  0.104832  1.847303  0.086960
2344  752.644382  1099.939468  19.645893  0.125627  1.697190  0.127093
2345  510.916982  1452.488243  19.509519  0.074305  1.296367  0.119923
2346  691.739490  898.794485  18.699640  0.065884  1.127873  0.102673
2349  10.495723  1195.647980  19.308179  0.101498  1.253676  0.114805
2350  654.683364  963.867335  19.120340  0.074789  1.559029  0.092821
2351  637.132943  1301.281188  20.769464  0.194652  2.455965  0.161825
2352  1746.067854  993.490397  20.579185  0.188341  1.771332  0.123141
2353  812.375855  1228.233212  19.582700  0.126914  1.430510  0.074722
2355  209.562394  1585.642793  20.129475  0.108784  1.554987  0.111930
2356  656.768528  91.075261  19.702100  0.154578  1.538427  0.152460
2358  1453.697558  980.250307  20.906520  0.198782  1.783399  0.162473
2359  1694.728797  500.173663  21.043386  0.197609  2.010034  0.116971
2360  735.594068  678.934402  20.913710  0.138606  1.671104  0.281635
2361  1548.189595  1791.219606  19.763866  0.069731  1.436496  0.139756
2363  1968.858971  219.912067  19.862811  0.193305  1.537429  0.114698
2364  798.137909  1691.399269  20.470084  0.287496  1.703400  0.143844
2365  688.004114  301.967021  18.957201  0.082159  0.730273  0.092291
2367  1247.611275  778.733663  20.806275  0.133372  1.934977  0.145682
2368  951.782845  1812.316033  20.039437  0.151207  1.536256  0.138456
2370  261.118232  588.012119  19.650007  0.069759  1.642326  0.090843
2372  854.481495  1038.577423  19.631558  0.088260  1.475328  0.112502
2374  441.799327  816.862072  19.895291  0.241319  1.495159  0.084184
2375  937.828789  749.459049  19.647506  0.146011  1.613649  0.190056
2376  37.908894  6.655209  20.932170  0.153717  1.727689  0.115453
2377  1643.351239  1793.287886  19.910117  0.166032  1.181552  0.149333
2378  1838.880621  567.807366  20.533077  0.125292  2.303099  0.126099
2379  1617.619917  989.935830  19.634950  0.098643  0.883354  0.169846
2380  413.464174  213.673843  20.606135  0.124801  2.105304  0.112216
2381  1912.963560  1883.630777  20.581314  0.128596  2.544556  0.118319
2385  1988.826637  1743.107275  18.235363  0.115718  0.743801  0.123180
2386  1352.454994  739.787766  19.968511  0.117728  1.424732  0.201835
2387  397.197509  767.481409  20.533684  0.158405  1.561698  0.138963
2388  129.617850  700.908707  20.498474  0.099605  2.290819  0.114441
2389  1832.160934  912.225106  20.592305  0.146891  1.776629  0.130866
2390  1013.677974  1958.354601  20.472328  0.136518  1.446106  0.157991
2391  713.598226  1745.246922  20.159748  0.136362  1.692785  0.139201
2393  1095.635177  399.999380  19.312518  0.069304  1.071116  0.198054
2394  820.227781  853.732319  19.940900  0.088041  1.836079  0.175734
2395  449.793855  1823.032852  19.939037  0.124113  1.277391  0.156621
2396  188.110469  856.585057  21.182397  0.144561  2.226486  0.286065
2397  490.087532  304.968379  20.666512  0.245975  1.871721  0.299401
2398  779.153360  1812.730952  18.545366  0.050247  0.591148  0.056956
2399  947.778793  175.762737  18.267882  0.102493  0.620276  0.086425
2400  1081.520926  692.257023  19.249455  0.190321  0.889688  0.085461
2401  1213.245256  604.607516  20.776157  0.136837  1.599294  0.157551
2402  2012.264543  1601.946439  20.121642  0.144051  1.145938  0.237698
2403  1958.085014  703.248799  20.553752  0.147681  1.934362  0.237071
2404  661.619858  1450.620335  19.965826  0.074537  1.687677  0.214948
2405  218.022293  1567.232183  18.148865  0.080934  0.500021  0.121437
2406  990.652583  602.718292  20.317873  0.106327  1.373853  0.169801
2408  1724.289818  1766.770792  20.480693  0.185913  1.882933  0.211529
2409  1857.439155  736.480562  20.514824  0.123053  1.717113  0.105068
2410  1805.631413  1970.223717  19.817977  0.096134  1.360314  0.105073
2411  471.683869  311.308595  19.763301  0.209057  1.415574  0.075064
2412  1760.698124  90.236711  20.185735  0.108925  1.964037  0.197930
2413  703.934411  106.174893  20.156894  0.130416  1.645044  0.141718
2415  847.884799  2037.899073  20.118425  0.078936  1.355665  0.115302
2417  1531.399608  187.632494  18.620340  0.080135  0.396365  0.059905
2418  1604.462234  395.014466  19.742878  0.219015  1.553674  0.077870
2419  1536.092409  838.604394  20.181047  0.144294  1.869214  0.170841
2420  335.382155  1737.810478  19.871772  0.153335  1.633534  0.077743
2422  1167.878959  248.811243  18.838110  0.093507  1.162148  0.162990
2424  989.020492  1404.110655  20.093876  0.083925  1.420261  0.091563
2425  382.084477  1273.217634  19.335639  0.075233  1.181805  0.122116
2426  686.512424  1081.363502  20.482376  0.093733  1.809724  0.097677
2427  1929.145579  222.034516  17.983085  0.108421  0.129824  0.155479
2428  1872.311274  754.039042  19.525955  0.069438  1.302962  0.080121
2429  552.862936  701.002371  20.259950  0.124555  1.545991  0.141412
2430  1689.544815  1976.729692  19.793996  0.181265  1.527812  0.181944
2431  1066.421449  1660.625417  20.079279  0.120278  1.479209  0.184198
2432  828.301336  2014.258562  20.131578  0.123027  1.213302  0.230512
2433  109.148337  487.054807  20.097730  0.086174  2.311666  0.106277
2435  926.390837  141.529177  20.328743  0.129364  1.856749  0.324608
2438  334.869461  917.691351  20.719894  0.268752  2.025608  0.122839
2439  1425.935897  178.941673  20.326185  0.164892  1.877902  0.186667
2440  151.896294  1919.048581  20.489014  0.134897  1.616540  0.109618
2441  1592.397093  386.397765  19.358432  0.105263  0.882326  0.108486
2442  498.026751  1016.005520  18.616587  0.063613  0.437330  0.079809
2443  189.182362  1512.779284  19.685657  0.091449  1.985362  0.150764
2446  570.243323  1405.898427  21.024517  0.184169  2.177148  0.246827
2448  81.903789  1371.521828  19.911050  0.100713  1.550353  0.084215
2449  1763.598357  1414.879595  17.771064  0.081570  0.108304  0.059172
2450  807.518808  384.856602  20.312885  0.143850  1.651191  0.136202
2451  183.311720  1567.126865  17.417793  0.082447  0.175896  0.048405
2452  1326.353027  235.280350  19.927858  0.139587  1.513622  0.142357
2453  89.109062  1224.549653  19.715531  0.073266  1.742077  0.157510
2454  336.036497  1423.115310  20.065178  0.143703  1.262951  0.239511
2455  622.332596  1203.965172  20.536890  0.156346  1.542685  0.155251
2456  1160.026027  1779.037256  20.300289  0.184513  1.710105  0.094828
2458  461.315101  835.314631  20.523349  0.129055  1.827071  0.246531
2459  429.861277  1062.291769  18.989871  0.160469  0.714501  0.076234
2460  1274.383344  3.747368  20.277110  0.207326  1.595472  0.097495
2461  1427.253858  1482.658266  20.348806  0.089711  1.642866  0.095515
2464  1827.616235  1346.832957  20.411710  0.336435  1.361066  0.196162
2465  1785.222654  1189.480527  21.534873  0.157418  2.478490  0.255248
2469  880.039614  236.054884  17.842633  0.111951  0.213288  0.109756
2474  330.204978  729.118069  18.674513  0.109769  0.246395  0.092585
2475  312.384304  826.906541  20.435400  0.175772  1.292476  0.132199
2480  504.045986  534.361224  18.893206  0.120573  0.285432  0.131899
2484  515.268148  1430.695719  20.168189  0.221342  1.403962  0.222015
2487  194.375597  1398.057096  19.896093  0.088876  1.350570  0.144724
2488  1888.398097  998.939173  19.180835  0.129831  0.960990  0.094556
2494  619.293542  484.812436  20.322803  0.203977  1.202809  0.125930
2498  1707.387330  344.500068  20.886888  0.146210  1.726526  0.317732
2506  1140.730083  1354.482239  20.615301  0.125422  1.913844  0.148012
2512  1956.638461  1028.638599  20.596507  0.203144  1.492675  0.156620
2516  10.853880  1701.682032  20.725859  0.182792  1.639476  0.206684
2520  635.173462  1394.170984  21.256945  0.334786  2.390430  0.108350
2521  1511.733478  809.684449  20.881274  0.213110  1.943064  0.176899
2524  1545.479953  907.019790  20.535750  0.177771  1.413240  0.104252
2527  1191.538820  1871.351730  19.988276  0.166637  1.061148  0.119249
2528  494.540545  988.419954  20.441855  0.422988  1.591071  0.160383
2529  1793.293151  773.070811  18.256445  0.088022  0.145751  0.077853
2530  824.251255  1624.619694  18.371373  0.135226  0.226879  0.109290
2532  1765.107345  26.178383  20.744594  0.137824  1.371006  0.138421
2533  249.073024  753.943646  20.660446  0.183460  1.739528  0.121317
2536  370.904106  789.866015  18.936492  0.099221  0.323300  0.104401
2540  1249.556011  1817.927710  20.621597  0.178623  1.701046  0.144927
2542  1319.593441  1263.499231  20.836417  0.137180  1.812117  0.109137
2543  1576.684223  939.852011  20.403747  0.142220  1.153760  0.176724
2544  1286.864734  1687.001154  21.008499  0.199356  1.541400  0.175436
2548  708.807930  1167.625799  21.162761  0.137734  1.473650  0.277393
2550  247.789370  383.264410  19.186028  0.063988  0.789671  0.083306
2553  2002.151170  1629.838024  21.360557  0.243274  2.265660  0.184509
2557  154.131622  514.444268  20.990144  0.255384  1.748780  0.184724
2561  398.143140  1640.233233  20.453357  0.099041  1.266841  0.179215
2562  920.461296  1919.554990  19.974271  0.185620  1.211733  0.101563
2563  201.458109  544.091799  20.451443  0.179190  1.484745  0.143450
2570  1992.106815  1790.057148  21.048213  0.332242  1.603396  0.158203
2574  511.254841  337.452232  20.141879  0.089180  1.163973  0.132606
2576  1051.417835  44.934929  20.559710  0.242889  2.017830  0.128749
2579  1076.992589  586.266399  20.467045  0.101208  1.141967  0.228926
2581  74.114067  664.079432  20.701687  0.281749  1.647270  0.243058
2584  1815.814442  487.037732  20.769465  0.379088  2.356214  0.198419
2586  7.038614  475.849274  20.888381  0.113581  1.963513  0.272373
2588  261.366651  983.592095  19.177765  0.095749  0.415956  0.103927
2596  289.285666  1368.079052  20.850083  0.118150  0.502510  0.241656
2602  1525.023271  1563.631872  20.330965  0.096877  0.727020  0.356348
2609  1340.068070  2043.012559  20.982595  0.204735  0.424300  0.335185
2613  321.304042  819.434917  20.447406  0.155010  0.891347  0.114325
2615  1354.256523  1096.114798  20.367230  0.089910  0.791892  0.153003
2618  1190.059919  130.685959  20.418490  0.168453  1.108997  0.176593
2622  1692.589355  178.000882  21.661020  0.141048  1.520721  0.225383
2626  1219.502188  935.922672  19.363165  0.222982  0.428961  0.192522
2630  1810.016096  1275.009810  21.075657  0.150762  1.784390  0.169526
2631  298.924793  1088.128550  19.599358  0.147352  0.502554  0.098932
2632  1160.661659  1395.634378  20.301700  0.193795  0.801515  0.095673
2637  1352.566161  1367.822640  20.496994  0.128778  0.866603  0.112200
2638  375.226853  126.520108  20.893338  0.150312  0.873199  0.264224
2643  1355.415465  1134.992067  19.357357  0.112347  0.281736  0.068698
2646  813.128307  956.241635  20.463633  0.158903  0.517567  0.081554
2649  1453.937046  2042.164977  19.854550  0.072174  0.988852  0.171535
2654  468.973379  826.221964  20.279041  0.145641  0.614062  0.127071
2656  1810.302728  840.009924  20.644571  0.125357  0.633459  0.104467
2657  83.752021  253.737959  20.532755  0.104127  1.161594  0.185410
2665  1808.398711  1538.041101  19.393431  0.114222  0.435032  0.070175
2667  1433.757791  2043.965232  20.199010  0.222967  0.539785  0.234841
2669  1530.958689  1038.136201  19.916797  0.086550  0.483181  0.112165
2670  998.237888  1807.000132  20.802457  0.124317  1.425810  0.189659
2672  1144.473126  1055.159490  19.913981  0.167009  0.707494  0.139637
2681  1648.338034  1162.198821  19.976974  0.170222  0.408827  0.107080
2697  2003.244888  141.595541  20.628326  0.169648  0.957832  0.195122
2698  487.919642  1479.087564  21.154751  0.261811  0.396296  0.252298
2699  379.519074  1141.379966  20.823116  0.099743  0.650380  0.121532
2704  868.416935  371.385142  20.957759  0.244972  0.880353  0.282219
2709  494.460818  50.579762  20.551691  0.231930  -0.019332  0.326973
